/*--------------------------------*- C++ -*----------------------------------*\
  =========                 |
  \\      /  F ield         | OpenFOAM: The Open Source CFD Toolbox
   \\    /   O peration     | Website:  https://openfoam.org
    \\  /    A nd           | Version:  10
     \\/     M anipulation  |
\*---------------------------------------------------------------------------*/
FoamFile
{
    format      ascii;
    class       volScalarField;
    location    "0.02498436188";
    object      alphat;
}
// * * * * * * * * * * * * * * * * * * * * * * * * * * * * * * * * * * * * * //

dimensions      [1 -1 -1 0 0 0 0];

internalField   nonuniform List<scalar> 
5170
(
0.0008125229461
0.0008111307094
0.0007989728729
0.0006739222596
0.0002546193695
0.0008016173624
0.0008005272949
0.0007793946658
0.0005051793949
0.0002942843558
0.0008004633553
0.0007910907759
0.0007172855453
0.0004075141224
0.0003341166653
0.000788054101
0.0007698863312
0.000651405747
0.0003439091339
0.0003577437707
0.0007782904459
0.0007423217335
0.0005875126802
0.0002991746475
0.0003820611289
0.0007560849963
0.0007064748463
0.0005072402746
0.0002704379481
0.0003957818008
0.000752316629
0.0007048180964
0.000479903809
0.00025346881
0.0004020540173
0.0007258229402
0.0006565561338
0.0004347348657
0.0002433693058
0.0004056548098
0.0007038303975
0.0006178144729
0.0003904485714
0.0002379375739
0.0004073112692
0.0006735227029
0.0005768057991
0.0003608506399
0.0002387856757
0.0004075527416
0.0006568645351
0.0005546001257
0.0003368958096
0.0002446712817
0.0004068568726
0.0006259860113
0.0005192754517
0.0003186472747
0.0002523308817
0.0004056239519
0.0006050960308
0.0005007325229
0.0003028312283
0.000261337152
0.0004041091663
0.0005749704524
0.0004640048123
0.0002899401975
0.0002720318108
0.000402467235
0.0005542576828
0.0004539359247
0.0002793877125
0.0002870423767
0.0004007881455
0.0005325703684
0.0004151898982
0.0002749298459
0.0003230367046
0.0003991696174
0.0005084497646
0.0003984951912
0.0002725139822
0.0003338678285
0.0003977090985
0.0004906551613
0.0003848356311
0.0002768996569
0.0003765056857
0.0003964886017
0.0004683450351
0.0003711995758
0.0002816918581
0.0003827426737
0.0003952949021
0.0004549383292
0.0003516010163
0.0002803995088
0.000428882592
0.0003833079319
3.017033669e-06
2.894402047e-05
4.721220302e-05
2.200050877e-05
2.511149424e-06
1.403163648e-06
2.324586712e-05
3.616129962e-05
1.346509477e-05
9.403199448e-07
7.536426865e-07
1.825884385e-05
2.715590013e-05
1.057066469e-05
4.088598365e-07
4.921311757e-07
1.466703882e-05
2.227903434e-05
1.096240578e-05
2.710763927e-07
3.909053722e-07
1.357626542e-05
1.947100911e-05
1.175915395e-05
2.721963263e-07
3.302075389e-07
1.19267208e-05
1.60670447e-05
1.342473496e-05
3.270624057e-07
3.117503085e-07
1.199400184e-05
1.471672438e-05
1.76541042e-05
4.706874352e-07
3.128709169e-07
1.173399716e-05
1.377876446e-05
2.19521659e-05
7.04461687e-07
3.267002779e-07
1.176149031e-05
1.371055266e-05
2.620595756e-05
9.66776796e-07
3.453281986e-07
1.183607908e-05
1.431006322e-05
2.969937033e-05
1.213187859e-06
3.647578158e-07
1.19299925e-05
1.538578197e-05
3.326864574e-05
1.451301357e-06
3.855098821e-07
1.219425587e-05
1.653654734e-05
3.631355239e-05
1.663428656e-06
4.03323226e-07
1.239604772e-05
1.785880979e-05
3.948564441e-05
1.85707813e-06
4.22436368e-07
1.276349748e-05
1.928870734e-05
4.128775986e-05
2.006627897e-06
4.400362616e-07
1.306381766e-05
2.083388332e-05
4.382501859e-05
2.180897702e-06
4.618320924e-07
1.379201233e-05
2.27517039e-05
4.765828586e-05
2.359092954e-06
4.83166747e-07
1.405689988e-05
2.432711594e-05
4.909446918e-05
2.426451319e-06
5.283037579e-07
1.472010211e-05
2.569781002e-05
4.979807653e-05
2.518733251e-06
6.287615259e-07
1.51216062e-05
2.719052191e-05
5.0768964e-05
2.602340003e-06
5.545541716e-06
1.784549334e-05
3.146226327e-05
4.880553262e-05
2.69203397e-06
0.0004317493584
0.0003366006964
0.0002963237019
0.0004489875198
0.0003547691311
0.0004197320486
0.0003302024525
0.0003199779493
0.0004793532423
0.0004409756395
0.0003987793447
0.0003286538457
0.0003548790627
0.0005269334295
0.0005782613556
0.0003888909862
0.0003325656719
0.0004010119577
0.0005903111033
0.0007311229276
0.0003828339682
0.0003416258865
0.0004378625023
0.0006780338359
0.0008582301126
0.0003814861979
0.0003625096592
0.0005061172312
0.0007909671967
0.0009510820796
0.0003863310878
0.0003979246486
0.0006092064161
0.0009020895434
0.001050117914
0.0003933902199
0.0004472288896
0.0007203897542
0.001010273733
0.001149073431
0.000407039323
0.0005161463095
0.0008448298384
0.001117502565
0.001247048797
0.0004333890275
0.0006023624914
0.0009684517221
0.001221181927
0.001343993288
0.0004798714652
0.0007235047069
0.001112186065
0.001333586258
0.00144395922
0.0005770419306
0.0008842547417
0.001242296268
0.001443199083
0.001541714194
0.000829867518
0.001102557032
0.001393908705
0.001564284431
0.001643299493
0.001017087066
0.001254559839
0.00150519192
0.001660410741
0.00173322302
0.001306084596
0.001461577703
0.001648057633
0.001770723849
0.001833281385
0.001506738405
0.001599935221
0.001738254116
0.001848746981
0.001910731462
0.001670611189
0.001739171783
0.001858436654
0.001962213759
0.002027298814
0.001936102441
0.001971340398
0.002042516864
0.002109659102
0.002151574647
0.002068776308
0.00207813406
0.002107619384
0.002161752934
0.002206872181
0.002151878291
0.002174936708
0.002233130315
0.00230764909
0.002381870534
0.002456077017
0.002501216257
0.00261868575
0.002757819965
0.002916754279
0.003666222384
0.003681512027
0.003716793178
0.003782614698
0.003843249199
0.004762238421
0.004749119812
0.00472881545
0.004711306636
0.004693792805
0.005387708327
0.00537176143
0.005341360497
0.005302129819
0.005276531995
0.005888411537
0.005888485485
0.005903636046
0.005936373717
0.005982456756
0.006357402117
0.006359260113
0.006353384615
0.006343473668
0.006324355675
0.006402989025
0.00640642556
0.006414644007
0.006427902593
0.006446547284
0.006461518178
0.006467997222
0.006483082235
0.006506443658
0.006537586662
0.006559481636
0.00656726599
0.006585243237
0.006612771304
0.006648995079
0.006707836627
0.006716126358
0.00673494842
0.006763541503
0.006800916615
0.006890628016
0.0068985423
0.006916499668
0.006943713439
0.006979191021
0.007072653622
0.007079918342
0.007096195469
0.00712076412
0.007152721938
0.007237266322
0.007243567133
0.007257737556
0.007279120729
0.007306946535
0.007389121069
0.007394586731
0.00740674095
0.007425033273
0.00744880331
0.007539183699
0.007543677811
0.007553768879
0.007568986264
0.0075887906
0.007683094118
0.007686833364
0.007695107176
0.007707558428
0.007723744845
0.007809097876
0.007812086514
0.007818774081
0.007828846508
0.007841949602
0.007906866213
0.007909386069
0.00791492143
0.007923211563
0.007933986283
0.007976269357
0.007978384051
0.007983052143
0.007990048009
0.007999134675
0.008022622874
0.008024504748
0.008028605443
0.008034722571
0.008042664874
0.008053864479
0.008055535048
0.008059193076
0.008064652817
0.008071757121
0.008075750028
0.008077299113
0.008080644956
0.008085627905
0.008092109592
0.008092636219
0.008094040126
0.008097103295
0.008101672546
0.008107629322
0.008106298501
0.008107618662
0.008110464301
0.008114702316
0.008120225197
0.008118167195
0.008119371229
0.008122000922
0.008125928471
0.008131056118
0.008128619838
0.008129759747
0.008132217179
0.008135883325
0.00814066899
0.008138483768
0.00813953032
0.008141811005
0.008145221912
0.008149682012
0.008147788443
0.008148773637
0.008150908924
0.008154098033
0.008158272277
0.008156820272
0.008157727411
0.008159712428
0.008162685112
0.008166582406
0.00816530734
0.008166164027
0.008168024613
0.008170809091
0.008174456179
0.008173317869
0.008174109492
0.008175844082
0.008178442491
0.008181858304
0.008180507987
0.008181259027
0.008182888224
0.008185329397
0.008188531508
0.008187125153
0.008187819354
0.008189341557
0.008191624992
0.008194624585
0.008193205354
0.0081938632
0.00819529368
0.008197439601
0.008200257745
0.008199019726
0.008199633002
0.008200968133
0.008202975236
0.00820561816
0.008204499172
0.00820507638
0.008206334234
0.008208218988
0.008210701678
0.008209727563
0.00821026196
0.008211435708
0.008213201591
0.008215528562
0.008214415303
0.008214922594
0.008216026722
0.008217685911
0.008219872367
0.008218660994
0.008219131531
0.008220164032
0.008221718383
0.008223770268
0.008222299535
0.008222745281
0.008223717271
0.008225177642
0.008227106495
0.008225387517
0.008225800825
0.008226709676
0.008228079033
0.008229886521
0.00822803614
0.008228429522
0.008229285004
0.008230572001
0.008232269728
0.008229504783
0.008229869841
0.00823067117
0.00823188007
0.008233477364
0.008231951935
0.008232297899
0.008233051011
0.008234184138
0.008235681434
0.008230678185
0.008230999027
0.008231706419
0.008232773715
0.008234184842
0.008236257487
0.008236559338
0.008237217101
0.008238206571
0.008239516243
0.008227729209
0.008228012674
0.008228635791
0.00822957644
0.008230822104
0.008243236705
0.008243504153
0.008244085209
0.008244959902
0.008246115791
0.008223548994
0.008223782613
0.00822429578
0.008225070488
0.008226096586
0.008232187523
0.008232440854
0.0082330009
0.008233848024
0.00823497487
0.001310233909
0.0006981531043
0.0007229635264
0.0008133006226
0.000896895502
0.0009813420338
0.001076225101
0.001173844943
0.001269914701
0.001365969148
0.001462974824
0.00155666439
0.001653116133
0.001742687979
0.001840702508
0.001922510645
0.002043219518
0.002158358199
0.00221785623
0.002421425606
0.002989768646
0.003873671536
0.004670378664
0.005285034873
0.005986037774
0.006321854491
0.006461792589
0.006561224075
0.00667624259
0.006828864357
0.007005752815
0.007176744194
0.007327973776
0.007466810237
0.007603762205
0.007735966419
0.007851860848
0.007942190427
0.008006147883
0.008048849988
0.008077329458
0.008097211751
0.008112350435
0.008124611775
0.008135146849
0.008144485916
0.008153254911
0.008161602579
0.008169697188
0.008177381704
0.008184582726
0.008191105042
0.008197046044
0.008202527582
0.008207745448
0.008212696784
0.008217400202
0.008221630508
0.008225421838
0.008228655929
0.008231352839
0.008233649332
0.008234775768
0.008236896095
0.00823532911
0.008240576197
0.008231831206
0.008247053525
0.008226931611
0.008235896668
0.0006285390926
9.760920814e-05
5.473368869e-05
5.055735624e-05
1.250170678e-05
0.0006874397128
0.0003606493213
0.0001154239972
6.958000848e-05
2.785440842e-05
0.0007584741723
0.0005213596904
0.0002944109818
0.0001617849704
7.016959963e-05
0.0008297527692
0.000648803218
0.0004308121646
0.0003367591748
0.0002268074076
0.0008934137124
0.0007622649519
0.0005639092748
0.0004560099616
0.0003785089016
0.0009681876532
0.0008765956086
0.0006908406531
0.0005565061587
0.000497927663
0.001064926696
0.0009746074423
0.0008004648867
0.0006402811646
0.0005854037941
0.001163992608
0.001079169505
0.0009104510358
0.0007265441921
0.0006653010032
0.001260138006
0.001176751226
0.001024446373
0.0008362693386
0.0007539925147
0.001356965502
0.001277602117
0.001124318057
0.0009369908588
0.0008362393485
0.001452543131
0.001373342314
0.001222941242
0.001038162796
0.0009213423984
0.001543246417
0.001464663998
0.001321108019
0.001140133108
0.001001139349
0.001637443504
0.001563972664
0.001430824925
0.001259523133
0.001106172345
0.001728525765
0.001660471559
0.001534990423
0.001375160164
0.001218750331
0.001826524959
0.001762095954
0.001642204171
0.001487618759
0.001336219534
0.001915270426
0.00186558852
0.001764307584
0.001626209695
0.001475366253
0.002040338203
0.001997568967
0.001898072559
0.001756057875
0.001596712087
0.002149447915
0.002095379423
0.001981900005
0.001827546548
0.001664659666
0.002216899538
0.002174531196
0.002074285437
0.001922772199
0.001739591284
0.002456674427
0.002486681483
0.002414044913
0.002219068674
0.001887693347
0.003056191543
0.003092622006
0.003066877366
0.002963956797
0.002798835162
0.003889413974
0.003891863107
0.003845075795
0.00377800444
0.003739423085
0.004622564298
0.004557353988
0.004582079671
0.00461145234
0.004629069915
0.005288847592
0.005348122446
0.005355291668
0.005379189084
0.005412340077
0.005970641774
0.005955289978
0.005971634269
0.006005167763
0.006045332756
0.006316010167
0.006333827654
0.006372718161
0.006423127914
0.006476052986
0.00648039186
0.006527183127
0.006588156453
0.00665619576
0.006723708592
0.006591882624
0.006655828768
0.00673198589
0.006813549579
0.00689345169
0.006711537549
0.006783444552
0.006867667566
0.006957207387
0.007045090675
0.006864800778
0.00693807092
0.007023731582
0.00711470563
0.007204119582
0.00703987818
0.007109464074
0.007190628342
0.007276634323
0.007361054761
0.007207958112
0.007271095309
0.00734432591
0.007421683721
0.007497498697
0.007355599361
0.007411240509
0.00747550465
0.007543341135
0.007609887374
0.007490401015
0.007538172783
0.007593483445
0.007652032465
0.007709642027
0.007623168335
0.007662961811
0.00770941702
0.007758810092
0.007807541865
0.007751646424
0.007784101556
0.007822194765
0.007862773777
0.007902780157
0.00786468988
0.007891088991
0.007921985322
0.007954789106
0.007986970048
0.007953094317
0.007975033546
0.008000375773
0.008027060235
0.008053022899
0.00801576992
0.008034595849
0.008055977885
0.008078276245
0.008099804032
0.008057617157
0.008074318755
0.0080930089
0.008112352509
0.008130948368
0.008085423443
0.008100575613
0.008117377425
0.008134710821
0.00815138246
0.008104744603
0.008118704012
0.008134121433
0.008150035278
0.008165407612
0.008119351035
0.008132302048
0.008146606193
0.008161416765
0.008175815831
0.008131148801
0.008143233037
0.008156601458
0.008170503827
0.008184117714
0.008141244738
0.00815254527
0.008165084759
0.008178189659
0.008191119645
0.008150195422
0.008160790351
0.008172585063
0.00818497353
0.0081972875
0.008158583635
0.008168517683
0.008179619118
0.008191341223
0.008203075634
0.008166599406
0.008175921313
0.008186377885
0.008197472383
0.008208651516
0.008174367782
0.00818311266
0.008192960031
0.008203455444
0.008214098527
0.008181751123
0.00818996504
0.008199243241
0.008209172644
0.008219297256
0.008188691475
0.008196408524
0.008205152372
0.008214545862
0.00822417357
0.008194954615
0.008202221454
0.008210473248
0.0082193685
0.008228527296
0.008200655114
0.008207493922
0.008215279525
0.008223700627
0.008232409366
0.008205923722
0.008212362247
0.008219710656
0.008227683388
0.008235962408
0.008210933589
0.008216989659
0.008223920532
0.008231463902
0.008239327916
0.00821569365
0.008221392323
0.008227929741
0.008235065123
0.008242530499
0.008220213219
0.008225573092
0.008231736008
0.008238480855
0.008245561269
0.008224275274
0.008229319936
0.008235130543
0.008241504036
0.008248214243
0.008227907774
0.008232656537
0.008238135818
0.008244159066
0.008250518038
0.008230995909
0.008235464559
0.008240627729
0.008246313659
0.008252331273
0.008233545097
0.008237753383
0.008242621521
0.008247993016
0.008253691262
0.008235709587
0.008239668611
0.008244252079
0.008249316977
0.008254700628
0.008236717831
0.008240452344
0.008244782008
0.008249574142
0.008254679806
0.008238718835
0.008242222142
0.008246286437
0.008250790663
0.008255597484
0.008237049248
0.008240359371
0.008244206546
0.008248478627
0.008253048247
0.008242170847
0.008245241099
0.008248812275
0.008252781692
0.008257033386
0.008233348888
0.008236275769
0.008239686285
0.008243484001
0.008247560333
0.008248456636
0.008251163411
0.00825431521
0.0082578209
0.008261583142
0.008228187086
0.008230607937
0.008233426725
0.008236567081
0.008239939927
0.008237275509
0.00823996659
0.008243155393
0.008246782107
0.008250774144
2.374428763e-06
1.706617517e-06
3.596018481e-05
0.000204082491
0.0004606008795
0.0005878372131
0.0006383454798
0.0006583806623
0.000666909133
0.0006706614761
0.0006723970231
0.000672912538
0.0006729999092
0.0006730639456
0.0006737000139
0.0006745048028
0.0006752063
0.0006757503868
0.0006762167936
0.0006766626111
0.0006770246932
0.0006771670821
0.0006771725333
0.0006770737628
0.0006768615286
0.0006765666495
0.0006762297057
0.0006758289182
0.0006753895913
0.0006749543259
0.0006745269986
0.0006740921209
0.0006736188224
0.0006731011057
0.0006725968635
0.0006721358493
0.0006716848969
0.0006712374358
0.0006707975878
0.0006703925393
0.0006699873518
0.0006696150568
0.000669269255
0.0006689611176
0.0006686699661
0.0006684027756
0.0006681604107
0.0006679449163
0.0006677377623
0.00066756314
0.000667403267
0.0006672409539
0.000667117948
0.0006670546611
0.0006670151092
0.0006668631244
0.0006621788178
0.0006227055457
0.0003787042028
3.425915826e-05
7.136228592e-06
1.2303487e-06
1.386287364e-05
8.737666786e-05
0.0002685453635
0.0004539772657
0.0005757629306
0.0006392981989
0.0006706352231
0.0006854275238
0.0006928933587
0.0006944080502
0.0006935349113
0.0006922789804
0.0006906308962
0.0006890339898
0.0006876619484
0.0006864947718
0.000685418987
0.0006843335247
0.0006829528131
0.0006816869181
0.0006805119772
0.0006794082233
0.0006782914106
0.0006773090508
0.0006764079169
0.0006755780623
0.0006748045551
0.0006740903691
0.0006734262973
0.0006728010346
0.0006721992137
0.0006716275826
0.0006711113157
0.000670644367
0.000670214402
0.0006698227286
0.000669470023
0.0006691478315
0.000668841825
0.0006685672716
0.0006683071725
0.0006680368126
0.0006677994373
0.0006676283232
0.0006675031851
0.0006673885599
0.0006672995054
0.0006672191139
0.0006671596213
0.0006671347268
0.000667105782
0.0006670506597
0.0006668983947
0.0006650019849
0.000650049858
0.0005681158492
0.0002840514865
3.280448401e-05
2.430559889e-05
3.584990695e-06
7.303961634e-06
5.327892701e-05
0.0001636530716
0.0003462882492
0.0005248379702
0.000639753888
0.0007044316712
0.0007360988841
0.0007459838959
0.0007441557935
0.0007364459833
0.0007264419253
0.0007167362936
0.0007083342935
0.0007015487936
0.0006967812363
0.0006930845039
0.0006899882942
0.0006875771124
0.0006849460585
0.0006826581707
0.0006807059579
0.0006791246542
0.0006777310966
0.0006765105354
0.0006754358595
0.0006744880834
0.0006736517881
0.0006729099164
0.0006722420957
0.000671639441
0.0006710988223
0.0006706161822
0.0006701855825
0.0006698079769
0.0006694808962
0.0006691954734
0.0006689560116
0.000668754421
0.0006685555788
0.0006683583916
0.0006681786897
0.0006679600949
0.0006677042139
0.0006674948455
0.0006673692706
0.0006672818511
0.0006672050706
0.0006671308988
0.0006670636244
0.0006669960888
0.0006668743788
0.0006662138222
0.0006612036797
0.000634808105
0.0005206458962
0.0002376048505
3.144324523e-05
0.000122420991
3.935111643e-05
7.099916296e-06
2.604121569e-05
0.0001156299629
0.0002904983938
0.0005222811319
0.0006907058598
0.0007943413485
0.0008471593647
0.000862561538
0.0008554094468
0.0008358784158
0.0008103339849
0.0007840486004
0.0007606840712
0.0007420628911
0.000727717827
0.0007169370767
0.0007085798462
0.0007018956145
0.0006968499367
0.0006927294892
0.0006893135365
0.0006864457349
0.0006840026973
0.0006818928435
0.000680060757
0.0006784677476
0.0006770786215
0.000675864265
0.0006747989802
0.0006738593714
0.0006730309688
0.0006723000403
0.0006716527618
0.0006710811032
0.0006705762754
0.0006701336063
0.0006697803261
0.0006694814113
0.0006691796857
0.0006689009313
0.0006686959922
0.0006685227806
0.0006682923506
0.0006680862157
0.0006679357221
0.0006677563495
0.0006675872727
0.0006674470489
0.0006673221767
0.0006672007233
0.0006669362023
0.0006654156634
0.0006561611709
0.000617144062
0.0004792811681
0.0002076826795
3.016058795e-05
0.0002157835562
0.0001125087433
3.243503691e-05
1.934446005e-05
7.431963237e-05
0.0002509317206
0.0005328752959
0.0007681065609
0.0009267020466
0.001020380819
0.001063644981
0.001067444984
0.00104103252
0.0009941659616
0.0009360105403
0.0008793742659
0.000831773895
0.0007953355292
0.0007691586041
0.0007505677023
0.0007369298798
0.0007265079375
0.0007181221997
0.000711187516
0.0007053636244
0.0007004475873
0.0006962522577
0.0006926446406
0.0006895192977
0.0006867934431
0.0006844127942
0.0006823338269
0.0006805087796
0.0006789032609
0.0006774858464
0.0006762229257
0.000675094165
0.0006740803648
0.0006731623949
0.0006722990799
0.0006715344383
0.0006709553823
0.0006705013425
0.0006700843368
0.0006697129653
0.0006692989172
0.0006688775555
0.000668532928
0.0006682743626
0.0006680325771
0.0006677855742
0.0006675606878
0.0006673162791
0.0006666321738
0.0006633598223
0.0006493270652
0.0005969372989
0.0004420209367
0.0001860535691
2.895291844e-05
0.000417813802
0.00022883495
0.000111728902
3.707560485e-05
4.779224056e-05
0.0001673461635
0.0004401439085
0.0007284910305
0.0009359085758
0.001060803121
0.001127413582
0.001151947892
0.001144446997
0.001112533802
0.001063777575
0.001004256086
0.0009417603669
0.0008843115058
0.0008373959517
0.0008021957741
0.0007767490985
0.0007581784278
0.0007440977859
0.0007329387798
0.0007237971453
0.0007161767939
0.0007097403165
0.000704252067
0.000699547294
0.0006954876039
0.0006919647925
0.0006889020089
0.0006862258544
0.0006838780513
0.0006818124531
0.0006799889105
0.000678375703
0.0006769472677
0.0006756788942
0.0006745471145
0.0006735303351
0.0006726087066
0.000671755659
0.0006710521769
0.0006706047495
0.0006703082206
0.0006698445272
0.000669227999
0.0006687095004
0.0006683641921
0.0006681183651
0.0006678540111
0.0006674144694
0.0006660760019
0.0006603454715
0.0006404702431
0.0005744791797
0.0004080382857
0.0001684501555
2.774925028e-05
0.0005378554259
0.0004137796967
0.000225971192
0.0001114300311
4.622961674e-05
8.807373743e-05
0.0002777021833
0.0006015637184
0.0008629918362
0.001035742307
0.001139469427
0.001193038383
0.001209962161
0.001199308155
0.001167075391
0.001117800517
0.001056426066
0.0009899674526
0.0009266609975
0.0008727819525
0.0008307547506
0.0007995000667
0.0007764020206
0.0007588921107
0.0007451337188
0.0007339841496
0.0007247476207
0.0007169864722
0.0007104029412
0.0007047732465
0.0006999355388
0.0006957590737
0.0006921335597
0.0006889784023
0.0006862206932
0.0006838040611
0.0006816848189
0.0006798240515
0.0006781868173
0.0006767412834
0.0006754619199
0.000674315078
0.0006732241138
0.0006722476553
0.0006714800075
0.0006709675674
0.0006705914047
0.0006701488108
0.0006695789909
0.0006689793108
0.0006684811359
0.000668074079
0.0006673872104
0.0006649991949
0.0006565807432
0.0006294219992
0.000549049756
0.0003765969019
0.000153561448
2.666031834e-05
0.0006259737003
0.0005538868631
0.0003903273735
0.0002141475343
0.0001126956849
6.179608471e-05
0.0001666480768
0.0004424475899
0.0007679987516
0.001004169501
0.001152198852
0.001235606399
0.001272816883
0.001276990616
0.001256796377
0.001217681943
0.001163260893
0.001097800397
0.001027857177
0.0009606906856
0.0009022991563
0.0008555699596
0.0008200093863
0.0007932654696
0.0007728216776
0.0007567337495
0.0007437198382
0.0007329716325
0.00072396548
0.0007163432397
0.0007098434393
0.0007042695723
0.0006994646161
0.000695306296
0.0006916937602
0.0006885490711
0.0006858060668
0.0006834092916
0.000681311456
0.0006794689855
0.0006778500058
0.0006764354824
0.0006752514533
0.0006741116357
0.0006729165016
0.0006718782022
0.0006711938499
0.0006707675396
0.0006704122932
0.0006699692698
0.0006694036038
0.000668664564
0.0006673177867
0.0006632525735
0.0006515842054
0.0006152252113
0.000521831387
0.0003468009956
0.0001406556953
2.571729669e-05
0.0007116443051
0.0006669083281
0.0005992227286
0.000460335915
0.0002428099476
0.0001043336393
9.677977696e-05
0.000298425205
0.0006454179428
0.0009542045884
0.001157871956
0.00127767036
0.001337347885
0.001355144634
0.001343675287
0.001311201858
0.001262293895
0.001200275837
0.001129698214
0.001056082211
0.0009859272536
0.000924792687
0.0008753212465
0.0008370501201
0.0008078149192
0.0007852006537
0.0007672725154
0.0007527123768
0.0007406676815
0.0007305673567
0.000722016874
0.0007147285215
0.0007084791709
0.0007030986316
0.0006984459367
0.0006944105576
0.0006909015568
0.0006878442671
0.0006851770714
0.0006828435343
0.0006808000073
0.00067900854
0.0006774532382
0.0006761418502
0.0006749330844
0.0006737061951
0.0006725584608
0.0006716474107
0.0006710269467
0.0006705812294
0.0006701193845
0.0006691896349
0.0006669221896
0.0006612495414
0.0006451951015
0.000599569854
0.0004966508275
0.0003213511305
0.0001289293882
2.428746045e-05
0.0007895022924
0.0007577832226
0.000717528328
0.0006544850482
0.0005280264274
0.0002614927752
8.503446452e-05
0.0001803569702
0.000497950568
0.0008719888172
0.001143109749
0.001309741463
0.001398664101
0.00143347382
0.00143146659
0.001404274711
0.001358792306
0.001299120997
0.001229244079
0.001153055729
0.001075769591
0.001003331471
0.0009406422897
0.0008898039741
0.0008501205388
0.0008194437623
0.0007954323481
0.0007762172965
0.000760511631
0.0007474563385
0.000736476692
0.0007271651557
0.0007192173186
0.0007123959188
0.0007065152498
0.0007014306154
0.0006970190951
0.0006931808936
0.0006898385306
0.0006869225044
0.0006843749676
0.0006821450646
0.0006801941315
0.0006784885798
0.0006769986748
0.0006757225831
0.0006745521274
0.0006733960551
0.0006723364559
0.000671450723
0.0006706555185
0.0006693619923
0.0006663782386
0.0006587267859
0.0006372250773
0.0005836297098
0.0004735199024
0.0003000618017
0.000118914121
2.320091344e-05
0.0008739209669
0.0008460196662
0.0008240466644
0.0007852611183
0.0006989630332
0.0004666183512
0.0001534536034
0.0001042093959
0.0003474940456
0.0007553396899
0.001099981454
0.00132396159
0.001450574645
0.001508524005
0.001519747413
0.001499524497
0.001457405175
0.001399073562
0.001329301558
0.001251399299
0.001169412787
0.001088574552
0.001014464681
0.0009511215831
0.0008998726356
0.0008596783382
0.0008283190052
0.000803494462
0.0007834552348
0.0007669572356
0.0007531716622
0.0007415319192
0.0007316261933
0.0007231477811
0.0007158572625
0.000709565482
0.0007041198055
0.0006993974226
0.0006952885504
0.0006917134768
0.0006885891914
0.000685859621
0.000683468475
0.0006813734847
0.0006795407941
0.0006779369484
0.0006765417345
0.0006753450582
0.0006742341235
0.000673097116
0.0006718131818
0.0006698345797
0.0006656733411
0.0006556140028
0.0006284200325
0.0005674464348
0.000451904099
0.0002815302061
0.0001105106427
2.246240125e-05
0.0009564134369
0.0009319030778
0.0009182764521
0.0008958507393
0.0008314574223
0.0006689108184
0.0002868664266
9.14516507e-05
0.0002201986114
0.0006036398868
0.001020647301
0.001312479315
0.001486955315
0.001576145704
0.001606342606
0.001596598069
0.00155953751
0.001502927485
0.001432987906
0.001353309423
0.001267469534
0.001180035104
0.001096280238
0.001021092029
0.0009576842199
0.0009066627631
0.0008664947494
0.0008348953849
0.000809677482
0.0007891439154
0.000772127749
0.0007578316347
0.0007457080973
0.0007353562529
0.0007264746639
0.0007188220291
0.0007122103821
0.0007064849251
0.0007015153386
0.0006971913753
0.0006934208517
0.0006901253184
0.0006872424831
0.0006847189601
0.000682514768
0.0006805856803
0.0006788984816
0.0006774146916
0.0006760861727
0.0006748130129
0.0006732538409
0.000670551694
0.0006647546969
0.0006511422086
0.0006185941062
0.0005508464835
0.0004310882637
0.00026436364
0.0001027589128
2.166341647e-05
0.001047066643
0.001020669157
0.001008655381
0.0009924609147
0.0009449740507
0.0008072811766
0.0004309136617
0.0001265985493
0.0001381921988
0.0004401727264
0.0008917970725
0.001253954846
0.001488472806
0.00162054477
0.001678807993
0.001686179702
0.001658707383
0.001606567087
0.001537954194
0.001457486626
0.001368878863
0.001276270999
0.001184522599
0.001098801704
0.001023481363
0.0009608049056
0.0009105537453
0.0008708903271
0.0008394497171
0.0008141382256
0.0007933738541
0.0007760625678
0.0007614510022
0.0007490161909
0.0007383659499
0.0007292070119
0.0007213049415
0.000714465167
0.0007085360899
0.00070337514
0.0006988816071
0.0006949531233
0.0006915234958
0.0006885256622
0.00068590879
0.0006836202011
0.0006816144444
0.0006798336227
0.0006782186416
0.0006766038177
0.0006745109185
0.0006709062098
0.0006634325592
0.0006458505895
0.0006080290696
0.0005342196277
0.0004114750905
0.0002489256336
9.589047833e-05
2.083662179e-05
0.0011437509
0.00111608161
0.001104809768
0.001089601177
0.001050872859
0.0009307633343
0.0006086504518
0.0002171391169
0.0001104156898
0.00028666276
0.0007111684263
0.001145041505
0.001449615662
0.001633880608
0.00172789356
0.001758225212
0.001744708786
0.001700415135
0.001635745803
0.001556520882
0.001467023024
0.001371423742
0.001274178525
0.001180344319
0.001094779791
0.001020997365
0.0009602288641
0.0009115571505
0.0008729078609
0.0008419955069
0.000816880823
0.000796132506
0.0007787399023
0.0007640076727
0.0007514284537
0.0007406314585
0.0007313262483
0.0007232774638
0.0007162980868
0.0007102281302
0.0007049445895
0.0007003334726
0.0006963106635
0.0006927956744
0.000689722056
0.0006870264002
0.0006846584349
0.0006825445193
0.0006805978025
0.0006785749504
0.0006757637872
0.0006710391851
0.0006614193143
0.0006399182314
0.0005966918882
0.0005174395918
0.0003926517269
0.0002344779418
8.926630239e-05
2.000235762e-05
0.001251108995
0.001224139573
0.001209000593
0.001184765516
0.001144908535
0.00103785079
0.0007782909539
0.0003660157169
0.00014159726
0.000183568321
0.0005017120145
0.0009713678218
0.001353179518
0.00160215193
0.001740581618
0.00179962886
0.001804347994
0.001771560614
0.001713888632
0.001638733162
0.001551423763
0.001456149032
0.001357030855
0.001258736006
0.001166239762
0.001083681489
0.001013488663
0.0009559429876
0.0009096735805
0.0008725794517
0.0008425817965
0.0008179718665
0.0007974851801
0.0007802257447
0.0007655507625
0.0007529860531
0.0007421726093
0.0007328254764
0.0007247264483
0.0007176870146
0.0007115608293
0.0007062204074
0.0007015599455
0.0006974842648
0.0006939161878
0.0006907818971
0.0006880208386
0.0006855374831
0.0006831973596
0.0006806640278
0.0006769185339
0.0006707472574
0.0006584446121
0.0006330443583
0.0005845623398
0.0005004280644
0.0003743271185
0.0002206670106
8.291424931e-05
1.917693933e-05
0.001371349976
0.001334657297
0.001304944989
0.001262028273
0.001219793629
0.001137858665
0.0009580812739
0.0006214361892
0.0002600632585
0.0001490837569
0.0003157601717
0.0007210948532
0.001169637438
0.001499443439
0.001697631529
0.001795267732
0.001824502181
0.001807423745
0.001760161356
0.00169276952
0.001611437862
0.001520434332
0.001423821203
0.001325778647
0.001230861329
0.001143393899
0.001066529115
0.001001630032
0.0009483302599
0.0009051031276
0.0008700268441
0.0008413081094
0.000817501507
0.0007975260576
0.0007806034455
0.0007661507105
0.0007537304685
0.0007430112927
0.0007337290392
0.0007256687922
0.0007186586824
0.0007125490306
0.0007072136637
0.0007025454054
0.0006984581304
0.0006948600042
0.0006916790632
0.0006887796198
0.0006859812524
0.0006827840844
0.0006779665511
0.0006700840252
0.0006549137229
0.0006254892112
0.0005720443665
0.0004837699571
0.000357177984
0.0002082046345
7.735759344e-05
1.837420688e-05
0.001467960658
0.001422895073
0.001372891677
0.001314558405
0.001301191784
0.001274162597
0.00120064527
0.0009712287164
0.0004910696376
0.0001989268958
0.0001992997524
0.0004490519983
0.0008943656148
0.001305503521
0.001583658962
0.001736057012
0.001798437814
0.001801952079
0.001768912679
0.001712453302
0.001640291116
0.00155752127
0.001467870289
0.001374934438
0.001282591685
0.001194849675
0.00111514225
0.001045619114
0.0009868996206
0.0009383141568
0.0008984351857
0.0008656262947
0.0008384253379
0.0008156448249
0.0007963839755
0.0007799620235
0.0007658766149
0.0007537353458
0.0007432292269
0.0007341111408
0.0007261842497
0.0007192663281
0.0007132268202
0.000707938351
0.000703306116
0.0006992166976
0.000695576049
0.0006922085663
0.0006888717905
0.0006848418893
0.0006787973989
0.0006689579352
0.0006507361311
0.0006171732792
0.00055904654
0.0004673070708
0.0003409272663
0.0001967400217
7.231301242e-05
1.759028324e-05
0.001537234167
0.001481800672
0.001427994379
0.001415228071
0.001471000545
0.001565118681
0.00157864302
0.001370064174
0.0009007242053
0.0003564450326
0.0001772432509
0.0002541101875
0.0005436513196
0.001005601255
0.001384519259
0.001614476087
0.00172545015
0.001757449731
0.00174250333
0.001699396389
0.001638975619
0.001567256436
0.001487980823
0.001404078168
0.001318585518
0.001234846943
0.001156146068
0.001085105567
0.001023182906
0.0009706143495
0.0009266823177
0.0008901601151
0.0008597156311
0.0008341723944
0.0008125853478
0.0007941976214
0.0007784336167
0.0007648537676
0.0007531099568
0.0007429156827
0.0007340438973
0.0007263000946
0.0007195387913
0.0007136132047
0.0007084148109
0.0007038061285
0.0006996653567
0.0006957714253
0.0006917977094
0.0006867559454
0.0006793000728
0.0006672455848
0.0006457614293
0.0006079516079
0.0005453367145
0.0004505526698
0.0003246904645
0.000185163453
6.702955923e-05
1.6822547e-05
0.001617323191
0.001553834829
0.001502887206
0.001630907908
0.001870419015
0.002063969873
0.002077751635
0.001843725792
0.001388147694
0.0007277343723
0.0002779609856
0.0001768676894
0.0002823408868
0.0005883325777
0.001058608024
0.001413331604
0.001603757656
0.001680593723
0.001690930913
0.001664296352
0.001616847417
0.00155707302
0.001489306112
0.001416202628
0.00133999698
0.001263178664
0.001188537856
0.001118744011
0.001055843682
0.001000878452
0.00095389221
0.0009142191045
0.0008808507072
0.0008527350906
0.0008289197039
0.0008086212295
0.0007912196439
0.0007762246549
0.0007632479449
0.0007519762952
0.0007421584013
0.0007335878538
0.0007260964765
0.0007195228524
0.0007137414754
0.0007085877794
0.0007039134669
0.0006994290136
0.0006947209075
0.0006884970925
0.0006794697586
0.000665016959
0.0006401878405
0.0005982558936
0.0005315854949
0.000434430719
0.000309669735
0.0001749288728
6.265108251e-05
1.608138128e-05
0.001750621322
0.001708625179
0.001989363601
0.002286672179
0.002538853265
0.002669003716
0.002632145267
0.002360485698
0.001928647734
0.001362234142
0.0006430018063
0.0002555007985
0.0001818506338
0.0002982552604
0.0006094312069
0.001077096015
0.001410013655
0.001571223151
0.001624016237
0.001620473842
0.001587760191
0.00153943174
0.001482081311
0.001418903623
0.00135178524
0.00128251893
0.001213327664
0.001146627089
0.001084490062
0.00102851608
0.0009794664382
0.0009372932147
0.0009014106334
0.0008709739585
0.0008450954653
0.0008229924609
0.0008040261612
0.0007876649362
0.0007734921224
0.0007611705152
0.0007504327216
0.0007410488728
0.0007328323194
0.000725603382
0.0007192202324
0.0007134940023
0.0007082365588
0.0007030872078
0.0006975253476
0.0006899281833
0.0006791525317
0.0006620963111
0.0006338132266
0.0005878797812
0.0005176355614
0.0004187815664
0.000295616729
0.0001655671696
5.852367945e-05
1.535851181e-05
0.002679971778
0.0027460088
0.00294628551
0.003131570757
0.003301144022
0.003367725012
0.003223479037
0.002923620111
0.00250037175
0.001985254283
0.001371226715
0.0006369927212
0.0002575755029
0.0001876757438
0.0003081066758
0.0006198260211
0.001081698975
0.001394934562
0.001535265072
0.001573480417
0.001562143316
0.001526154512
0.001477371656
0.001421641361
0.001361647927
0.001298785362
0.001234698971
0.001171216493
0.001110394531
0.001054087548
0.001003568362
0.0009593339785
0.0009212499559
0.0008887026556
0.0008609113781
0.0008371239476
0.0008166864014
0.0007990317802
0.0007837214659
0.0007703959812
0.000758771471
0.0007485931079
0.0007396586869
0.000731776301
0.0007247787745
0.0007184472385
0.0007125446964
0.0007066353265
0.0007000734037
0.0006909021678
0.0006782041539
0.00065836384
0.0006265550098
0.0005766925283
0.000502940043
0.0004025180307
0.0002809351867
0.000155427162
5.389598512e-05
1.464574206e-05
0.003724522755
0.003794715134
0.003913218081
0.004046330234
0.004102422089
0.004034501969
0.003838874942
0.003526055822
0.003113386632
0.002617715462
0.002055991301
0.001420514657
0.0006661424909
0.0002688045133
0.0001960113435
0.0003203486752
0.0006333428894
0.001089613199
0.001387179478
0.001510176771
0.001538958171
0.00152275479
0.001484259907
0.001434552697
0.001378788971
0.001319383811
0.00125803389
0.001196387659
0.001136198227
0.001079301087
0.00102722613
0.0009809249379
0.0009406292611
0.0009059910039
0.0008763534945
0.0008509657387
0.0008291302861
0.000810253528
0.0007938653448
0.0007795810736
0.0007670985462
0.0007561489321
0.0007465177939
0.0007379844157
0.0007303676203
0.0007234040209
0.0007168078073
0.0007100517339
0.0007023781635
0.0006914060283
0.0006766486408
0.0006538669705
0.0006184743857
0.0005647888438
0.0004881758268
0.0003868106794
0.0002672329102
0.00014626849
4.98764196e-05
1.395674209e-05
0.004669259292
0.004734585294
0.004801276762
0.004847039043
0.004813014309
0.004685004496
0.004459148563
0.004140999984
0.00373942235
0.003263245701
0.002721386474
0.002125623395
0.001477153424
0.0007001980067
0.0002796276092
0.0002043831538
0.0003357560341
0.0006556773836
0.001105384058
0.001387802006
0.001497194384
0.001519878448
0.001500425595
0.001459663143
0.001407818166
0.00134991961
0.001288967861
0.001226979816
0.001165715222
0.00110699255
0.001052479086
0.001003436696
0.0009604421437
0.0009233749483
0.0008916918966
0.0008646118957
0.0008413577423
0.000821281581
0.0008038612745
0.0007886661149
0.0007753642537
0.00076366872
0.0007533499467
0.0007441682874
0.0007359169591
0.0007282844069
0.0007209352067
0.0007132419898
0.0007042610241
0.0006914520091
0.0006744774007
0.0006487274969
0.0006098633156
0.0005527177633
0.0004738227264
0.0003721808945
0.000255030767
0.0001385411437
4.659795424e-05
1.328963059e-05
0.005459320229
0.005501219725
0.00550402283
0.005526532106
0.005455737906
0.005292804259
0.005051439744
0.004734211199
0.004345215353
0.003888714913
0.003369431909
0.002793728941
0.002171848309
0.001513233036
0.0007240067282
0.0002869537454
0.0002116434947
0.0003560426507
0.0006893475036
0.001131501912
0.001397155574
0.001494876851
0.001512548366
0.001490096876
0.001446380231
0.001391223626
0.001330075131
0.001266264455
0.001202233662
0.00114006762
0.001081715525
0.001028752367
0.0009820532855
0.0009417913633
0.0009075057701
0.0008783772151
0.0008535352764
0.0008321974924
0.0008137342727
0.0007976387393
0.0007835352617
0.0007711083168
0.0007601092882
0.0007502714427
0.0007413530317
0.0007330027051
0.0007248121764
0.0007160557832
0.0007055167383
0.0006907914458
0.0006713726442
0.0006425466176
0.0006002885744
0.0005400955375
0.0004587105548
0.00035679468
0.0002419676778
0.0001298249799
4.267223724e-05
1.262755043e-05
0.006095172271
0.006138435589
0.006159098254
0.006038240646
0.005965205431
0.005823219467
0.005586418691
0.005281866773
0.004911072041
0.004476078601
0.00397984846
0.003426941899
0.002824125507
0.002182117407
0.0015146914
0.0007255086634
0.0002882521137
0.000220779047
0.0003827935529
0.0007357249561
0.001166294431
0.001414046911
0.001500956579
0.00151280172
0.001486269904
0.001438731725
0.001379609216
0.00131454305
0.001247201573
0.001180543638
0.001117063767
0.001058767851
0.001007055739
0.000962446086
0.0009246486258
0.0008928432157
0.0008660278142
0.0008432070202
0.000823585391
0.000806542877
0.0007916236123
0.0007784593275
0.0007667751605
0.0007562590877
0.0007466403178
0.0007375130913
0.0007283904797
0.0007184367338
0.0007061674301
0.0006894207621
0.0006674110969
0.000635493742
0.0005898918988
0.0005264652775
0.0004429986749
0.0003410411023
0.0002286089775
0.0001208717041
3.883067023e-05
1.198285405e-05
0.006534084562
0.00657496873
0.006580310978
0.006539995881
0.006374375843
0.0062147837
0.006033055808
0.005752901479
0.005407613053
0.004998762874
0.004529093206
0.004002735287
0.003425387856
0.002804502659
0.002151608743
0.001478718437
0.0006977900499
0.0002815251649
0.0002324025012
0.0004143895652
0.00078714844
0.001199828026
0.001427734825
0.001506356154
0.001513250132
0.001482686301
0.001431118709
0.00136788591
0.001298770519
0.001227996918
0.001158986244
0.001094510386
0.001036648107
0.0009864735604
0.0009440739908
0.0009087304929
0.0008793025629
0.0008545916769
0.0008335784424
0.000815464764
0.0007996744324
0.0007857492986
0.0007733546883
0.0007621442353
0.0007517932356
0.0007418311248
0.0007316937342
0.0007204421357
0.0007063397586
0.0006875199935
0.0006628498261
0.0006278146117
0.000578932526
0.0005130977485
0.0004284852343
0.0003273008028
0.0002178148159
0.0001142546368
3.594845697e-05
1.136612209e-05
0.006794427218
0.006846917264
0.006866223121
0.006842575772
0.006769521172
0.006595487039
0.00637275992
0.006152081648
0.005837430397
0.005457803879
0.005017554261
0.00452068436
0.003972444679
0.003378964156
0.002747679747
0.002090431147
0.001412024371
0.0006404315931
0.0002671432483
0.0002463622231
0.0004507315333
0.0008421025195
0.001232332277
0.001437310821
0.001507662185
0.001509595266
0.001474782581
0.001419081197
0.001351753087
0.001279024227
0.001205550948
0.00113515606
0.001070769437
0.001014268829
0.0009663552429
0.0009265791848
0.0008938128286
0.0008666888442
0.0008439399264
0.0008245435215
0.0008077507028
0.0007929858502
0.0007798332345
0.0007678710157
0.0007567165572
0.0007458267896
0.0007345421881
0.0007218368428
0.0007057407969
0.0006847397727
0.0006573548289
0.0006193296212
0.0005675499899
0.0004994542447
0.0004138782961
0.0003135495838
0.0002067970789
0.0001071886367
3.296091153e-05
1.075896103e-05
0.006976480367
0.007043345102
0.007078907975
0.007073507364
0.007019468791
0.006911240007
0.006727329928
0.00646508936
0.006199546741
0.005851355593
0.005440871571
0.004974662039
0.004457388241
0.003894209925
0.003290882407
0.002654729272
0.001998015695
0.00131403791
0.000561140733
0.0002522158773
0.0002673428926
0.0004949143411
0.0009020982461
0.001264807578
0.001444796237
0.001504429998
0.00149984783
0.001459745657
0.001399520133
0.001328457011
0.001253009113
0.001178218255
0.001108039152
0.001045302637
0.0009914794224
0.0009466577381
0.0009099277597
0.0008798630273
0.0008549847887
0.0008340338216
0.0008160547852
0.0008003100498
0.000786286601
0.000773470253
0.0007613940531
0.0007494469823
0.0007368741318
0.0007225497162
0.0007042795475
0.0006809900031
0.0006507894231
0.0006097563652
0.0005551335803
0.00048421331
0.0003974525948
0.0002978855113
0.0001939682144
9.872474495e-05
2.947363889e-05
1.015804091e-05
0.00713661554
0.00721462403
0.007263121501
0.007272413554
0.007234339067
0.007142789446
0.006993630705
0.006777035699
0.00648619207
0.006182019956
0.005804782157
0.005369602832
0.004884043767
0.004352583573
0.003780077123
0.003172155321
0.002536440383
0.001886261495
0.001201323363
0.0004837749356
0.0002471621614
0.0002998675715
0.0005514401431
0.0009681797752
0.001296603659
0.001448326505
0.001493618036
0.001481070603
0.001435066234
0.001370427459
0.001296482349
0.001219862792
0.00114569113
0.001077782785
0.001018482471
0.0009685907219
0.0009276167636
0.0008942425871
0.0008668938493
0.0008441102929
0.0008247399102
0.0008078708207
0.000792844798
0.0007790550992
0.000765944537
0.0007528055636
0.0007388056851
0.0007227224344
0.0007021517269
0.0006764995636
0.0006434196429
0.0005993450333
0.0005420702896
0.0004694118341
0.0003821542881
0.00028385801
0.0001830043302
9.185961031e-05
2.672025266e-05
9.584052725e-06
0.007297132807
0.007378484405
0.007432015373
0.00744859791
0.00742071522
0.007342475172
0.00720996312
0.007021033513
0.006765886801
0.006446115236
0.0061103994
0.005711803015
0.005259707549
0.004761546354
0.004221296293
0.003643608711
0.003034271554
0.002401426322
0.001759492916
0.001068646376
0.0004254258758
0.000244042164
0.0003394976026
0.0006219088066
0.00103953751
0.001327077616
0.001448071439
0.001474688085
0.001451950141
0.001399539771
0.001331253908
0.001256065523
0.001180460217
0.001109265597
0.001045730514
0.0009914283205
0.0009464107808
0.0009096526157
0.00087963227
0.0008547916453
0.0008338194997
0.0008156516188
0.0007994770246
0.0007845795981
0.0007703063312
0.0007558517413
0.000740311782
0.0007223845297
0.0006994716704
0.0006714717076
0.0006356217788
0.0005887539529
0.0005294949067
0.0004557268321
0.0003686499183
0.0002721206272
0.0001742938504
8.669151741e-05
2.435477333e-05
9.03404462e-06
0.007448477921
0.007525463965
0.007576719999
0.007594051467
0.007570738656
0.007501694433
0.00738334049
0.00721358676
0.006991673795
0.006706268856
0.006361876904
0.005998882164
0.005581168588
0.005115305791
0.004607381387
0.004061244603
0.003481544701
0.00287413406
0.002247290388
0.001616016432
0.0009133487186
0.0003628708777
0.0002398626689
0.0003803653706
0.0007063883734
0.00111069553
0.001348940107
0.001437694632
0.001444495629
0.001411223623
0.001353578928
0.001283507933
0.001209426323
0.001137340325
0.001071380194
0.001013877
0.0009654963878
0.0009256340004
0.0008929705469
0.000865969922
0.0008432316105
0.0008235779808
0.0008060717572
0.000789886343
0.0007742670127
0.0007583256753
0.0007411010439
0.0007210711816
0.000695739157
0.0006653382967
0.0006267515012
0.0005775858356
0.0005156420989
0.0004403507857
0.0003531427138
0.000258135883
0.0001632978186
7.924232084e-05
2.171541371e-05
8.523613216e-06
0.007575742833
0.007644839955
0.007690974173
0.007706858575
0.007686287955
0.007624484885
0.007517974915
0.007364625426
0.007163400093
0.006914127619
0.006607627409
0.006246588384
0.005862094473
0.00542703307
0.004950529125
0.004435976022
0.003886999778
0.003307794807
0.002703460007
0.002081070234
0.001453417874
0.0007685548139
0.0003104832643
0.0002458074251
0.000426474517
0.0007848843494
0.001155059204
0.001350959901
0.001412664556
0.001403102978
0.001360468506
0.001299619713
0.001230164886
0.001159757487
0.001093464495
0.001034342423
0.0009836848219
0.0009413755798
0.0009064001907
0.0008773531926
0.0008528377479
0.0008316088404
0.0008126421393
0.0007950149461
0.0007778876675
0.0007602996004
0.0007412251032
0.0007188497099
0.0006909602938
0.0006581088525
0.0006166921097
0.000564705654
0.0005003851721
0.0004236654882
0.0003363023444
0.0002426177506
0.00015055458
7.069983907e-05
1.914532571e-05
8.065179697e-06
0.007678549666
0.007739485805
0.007780352296
0.007794576344
0.007776538566
0.007721651662
0.007626372277
0.007488044205
0.007304961427
0.00707638718
0.006802354861
0.006477287253
0.006107113603
0.005709004068
0.005261489124
0.004776679963
0.004257201189
0.003706455576
0.003128185612
0.002526809454
0.001908545718
0.00128557215
0.0006053823545
0.0002648061219
0.0002626002414
0.0004802316353
0.000855697556
0.00118241098
0.001336116544
0.001374808931
0.001352666427
0.001302865955
0.001241158421
0.00117486246
0.00111029887
0.001051253414
0.0009996162416
0.0009557623781
0.0009190452635
0.0008882721641
0.0008621313251
0.0008393788547
0.0008189463109
0.0007998371117
0.0007811331162
0.0007618027206
0.0007407386173
0.0007158837481
0.0006855339556
0.0006501279516
0.0006061594823
0.0005518013053
0.0004859608754
0.0004086167741
0.0003220108499
0.0002306543157
0.0001420164814
6.498767149e-05
1.725984046e-05
7.436398276e-06
0.007769176202
0.007822339755
0.00785812202
0.007870524019
0.007854256598
0.007804819884
0.007718532392
0.00759256279
0.007424989403
0.007214657081
0.006961067296
0.006664416412
0.006318637418
0.005937391499
0.005527489492
0.005074856276
0.004587291743
0.004067512503
0.003518664327
0.002944451624
0.002350101752
0.0017453582
0.001128094987
0.0004698394621
0.0002387969519
0.0002959134551
0.0005480194849
0.0009257243731
0.001198471155
0.001309635597
0.001326589267
0.001295335832
0.001242191808
0.001182346471
0.001121268767
0.001063769086
0.001012358882
0.0009678845844
0.0009300707708
0.0008979935931
0.0008704844617
0.0008463519759
0.0008245199322
0.0008039515609
0.000783667483
0.0007625708426
0.0007395004915
0.0007122716883
0.0006796372074
0.0006415906669
0.0005956583328
0.0005395661994
0.0004726296099
0.0003952103424
0.000309714481
0.0002205381251
0.0001346738365
6.004534442e-05
1.575524547e-05
7.02450114e-06
0.007857889282
0.007902845024
0.007932688336
0.007941932893
0.007925641529
0.007879539293
0.007800087976
0.007684523867
0.007530793014
0.007337617565
0.007104545125
0.006831823169
0.00652034873
0.006163899524
0.005774105851
0.005350171519
0.004892026503
0.00440149018
0.003881155347
0.003334029702
0.002764022541
0.002177218088
0.001585522803
0.000959305955
0.0003852106772
0.0002326191547
0.0003435472184
0.0006279479454
0.0009901684276
0.001203438999
0.00127506265
0.001273371966
0.00123574566
0.001182686948
0.00112679652
0.001072160748
0.001022005065
0.0009776978296
0.00093935776
0.000906350574
0.0008776979595
0.0008523021337
0.0008291007131
0.0008070428843
0.0007851133522
0.0007621733257
0.0007370249764
0.0007073778277
0.0006723850563
0.0006324811089
0.0005838409475
0.0005253367586
0.0004568269814
0.0003788270129
0.0002939169233
0.0002065025083
0.0001230955504
5.231432516e-05
1.411663494e-05
6.64003171e-06
0.007943907016
0.007980191918
0.008003250892
0.008008145325
0.007990355014
0.007945894661
0.007871387248
0.007764100852
0.007621947863
0.007443457434
0.007227720633
0.006974322142
0.006683260067
0.006354941352
0.005991823625
0.005599748918
0.005168814317
0.004706449117
0.004214229966
0.003694367558
0.003149724392
0.002584339456
0.00200460335
0.001423171528
0.0007812516572
0.0003138027792
0.000230546981
0.0003934117212
0.0007143201257
0.001040174022
0.001196146033
0.00123465057
0.001219098228
0.001178144927
0.001127801823
0.001076967512
0.001028883846
0.0009853974517
0.0009470131538
0.0009133900559
0.0008837618178
0.0008571575495
0.0008325751703
0.0008089747481
0.0007853258853
0.0007604712575
0.0007331877527
0.0007010959025
0.0006640628869
0.0006214329481
0.0005701088427
0.0005094982192
0.0004394898609
0.0003609203213
0.0002765802878
0.0001910091869
0.000111134758
4.49305542e-05
1.256188204e-05
6.061378373e-06
0.008019727115
0.0080479344
0.0080645097
0.008065085694
0.008045595836
0.008002387285
0.007932297709
0.007832699292
0.007701513911
0.007537201973
0.007338743063
0.007105604611
0.006837697709
0.006535279154
0.006194768171
0.005822320621
0.005421010655
0.004986571385
0.004521832144
0.004028671633
0.00350927484
0.002966341386
0.00240343435
0.0018257114
0.001242804393
0.0006128365064
0.000261599139
0.0002476667249
0.0004524779759
0.00078946371
0.001063649143
0.001174365243
0.001190432847
0.001166730567
0.00112534319
0.001079138786
0.001033531668
0.0009911953085
0.0009530539115
0.0009190485131
0.0008886144811
0.0008609172796
0.0008350307466
0.0008099312361
0.0007845732028
0.0007577670994
0.0007282693386
0.0006937181137
0.0006549783803
0.0006101286445
0.0005571434084
0.0004952761347
0.0004247344046
0.0003466386428
0.0002639551004
0.0001811597413
0.0001039611097
4.014988638e-05
1.148840681e-05
5.623135811e-06
0.008079123736
0.008100900853
0.008112406768
0.008109813965
0.008089489785
0.00804810014
0.007982683232
0.007890693381
0.00777001892
0.007618975114
0.007436287191
0.007221055648
0.006972714309
0.006691018239
0.006376131505
0.006030070633
0.005655564349
0.005246779309
0.004807820247
0.004340160762
0.003845555494
0.003326063413
0.002784314483
0.002224110546
0.001652640266
0.001072350743
0.0004525913897
0.0002274421916
0.0002826325312
0.0005225992575
0.0008554571658
0.001074300464
0.001147236866
0.001147559043
0.001119023831
0.001078681569
0.001036620113
0.0009958225311
0.0009581023445
0.0009238495931
0.0008927237281
0.0008640100947
0.0008368399829
0.0008101908534
0.0007829790076
0.0007540035058
0.0007222629439
0.0006860191002
0.000645391558
0.0005986906374
0.0005442348162
0.0004815262858
0.0004109947492
0.0003339109192
0.0002531781464
0.0001727159297
9.732635114e-05
3.610641268e-05
1.060426449e-05
5.251436965e-06
0.008121228788
0.008138633183
0.008146959382
0.008142845389
0.008123033729
0.008084465156
0.008024350344
0.007940220345
0.007829960142
0.007691827317
0.007524453601
0.007326824377
0.007098267048
0.006838445758
0.006547306037
0.006221349481
0.00586597358
0.00548450819
0.005070811656
0.004628295933
0.004158379329
0.003662762297
0.003143616553
0.002604006638
0.002049089995
0.001490091648
0.0009025345314
0.0003639650236
0.0002241953956
0.0003388442447
0.0006099816868
0.0009181910653
0.001078469768
0.001119325186
0.001107825951
0.001076173924
0.001037778006
0.0009991566913
0.0009621101032
0.0009276593418
0.0008957984004
0.0008659505044
0.0008373075319
0.0008089017246
0.0007797315841
0.0007489647822
0.0007157870883
0.0006771095897
0.0006338180619
0.000584678725
0.0005283133229
0.0004643446573
0.0003933790847
0.0003167746574
0.0002372838055
0.0001584870018
8.686311143e-05
3.040838726e-05
9.529904807e-06
4.866506228e-06
0.008149379889
0.008164183238
0.008170949707
0.008166689876
0.008148452301
0.008113409545
0.008058930002
0.007982629295
0.00788240426
0.007756445244
0.007603232622
0.007421540907
0.007210432731
0.006969223655
0.006697478151
0.006395077777
0.006063945886
0.005704283562
0.005314367921
0.004895847207
0.00444979297
0.003977608851
0.003481074015
0.002962524178
0.00242549209
0.001875977855
0.001326030703
0.0007229637208
0.0002941326778
0.0002286088693
0.000399144192
0.000701233506
0.0009664325306
0.001073541832
0.001089376998
0.001069709242
0.001036468908
0.0009997559143
0.0009636364932
0.0009290125165
0.0008962968736
0.0008652433883
0.0008351879685
0.0008053408851
0.0007749950858
0.0007429504233
0.0007073303547
0.0006659883508
0.000620687541
0.0005693240483
0.0005109339318
0.0004453629237
0.000373450392
0.0002968440212
0.0002186030937
0.0001424605619
7.622078018e-05
2.512820941e-05
8.453060773e-06
4.471152282e-06
0.00816795268
0.008181350905
0.008187638858
0.008184128778
0.008168125754
0.008137004775
0.008088275378
0.008019630985
0.00792898547
0.007814499287
0.007674602943
0.007508023077
0.007313759541
0.007091070617
0.00683949615
0.00655885385
0.006245627257
0.005905560902
0.005541020785
0.005145044592
0.004721739507
0.004272181195
0.003797732312
0.003300077102
0.002781508016
0.002245219799
0.001695973589
0.001142579047
0.0005452007829
0.0002443793223
0.000255484224
0.0004679899405
0.0007758664065
0.0009870481572
0.001056207289
0.001057077474
0.001032385366
0.0009988069393
0.000963486656
0.000928885076
0.0008954903378
0.0008633006135
0.0008320934135
0.0008010565898
0.0007691908762
0.0007351126843
0.0006975612583
0.0006547217752
0.0006081825217
0.0005555425322
0.0004961986068
0.0004301667586
0.0003584572135
0.0002828260779
0.0002061081428
0.0001317906208
6.905964389e-05
2.123140014e-05
7.574492687e-06
4.117582523e-06
0.008180808798
0.008193515831
0.008199939616
0.008197636864
0.008184121652
0.008156936782
0.008113713359
0.008052221965
0.007970413818
0.00786645195
0.007738730779
0.007585877983
0.007406755069
0.007200458313
0.0069663016
0.006703808824
0.00641271629
0.006093922813
0.005747345901
0.005373712268
0.004972851573
0.004545619325
0.0040930716
0.003616548756
0.003117869581
0.002599465011
0.002065153129
0.001522948387
0.000971455548
0.0003971326896
0.0002202419715
0.000304963434
0.0005517789299
0.0008389618835
0.0009943164016
0.001033035619
0.001023773178
0.0009960913537
0.0009624386141
0.0009280855649
0.0008945071376
0.0008616563544
0.0008290488936
0.0007962826264
0.000762332119
0.0007261442058
0.0006864680023
0.0006420308334
0.0005944322777
0.0005409749117
0.0004814189369
0.0004158342768
0.0003451502477
0.0002708580219
0.0001954847372
0.000124169555
6.295515036e-05
1.829057437e-05
6.850009216e-06
3.823613675e-06
0.008190395111
0.008202735294
0.008209524631
0.008208525354
0.008197436636
0.008173957572
0.008135844219
0.008080958425
0.00800730834
0.007913078162
0.007796648588
0.007656594924
0.007491719091
0.007301072729
0.007083939311
0.006839842111
0.006568550006
0.006266810984
0.005940575001
0.005590938709
0.005210253317
0.004803540092
0.00437156596
0.003915374998
0.00343642368
0.002936674953
0.002419069065
0.001888956426
0.001358242554
0.0007914159743
0.0003225192235
0.0002257040659
0.0003706331718
0.0006422261946
0.0008884913505
0.0009899177859
0.001004503909
0.0009875335622
0.0009585973168
0.0009256731615
0.0008918362074
0.0008581377703
0.000824400996
0.0007897151555
0.0007533444617
0.0007147265907
0.0006724193123
0.0006260102188
0.0005764246036
0.0005214555119
0.0004610998442
0.0003955638243
0.0003258145821
0.0002533228697
0.0001805027777
0.0001142323008
5.554337358e-05
1.558961196e-05
6.1781248e-06
3.551243919e-06
0.00819806
0.008210183605
0.008217411561
0.008217689172
0.008208883047
0.008188836706
0.008155422029
0.008106584359
0.00804038037
0.007955009565
0.007848840347
0.007720431676
0.007568564433
0.007392213971
0.007190528285
0.006962847958
0.00670869226
0.006427741223
0.006119746106
0.005784966653
0.005426683142
0.005041156236
0.004630161878
0.00419460035
0.00373571008
0.003255055429
0.002754737222
0.002237899392
0.001709601259
0.001180081039
0.0006162902183
0.0002623879795
0.0002443532865
0.0004394417705
0.0007201074349
0.0009122850751
0.0009707316304
0.0009680953151
0.0009455781996
0.0009156351526
0.0008830208798
0.0008492054651
0.0008145174569
0.0007787513328
0.0007410859981
0.0007006323133
0.0006558754623
0.0006073835155
0.0005553310618
0.000498227977
0.0004363922157
0.0003703544035
0.0003013667196
0.0002309357659
0.0001621266938
0.0001008936901
4.637351423e-05
1.298887632e-05
5.504677068e-06
3.258146986e-06
0.008204514054
0.008216464579
0.008224101217
0.008225531033
0.008218771537
0.008201798751
0.008172595904
0.008129197672
0.008069728206
0.007992433601
0.007895707333
0.007778104298
0.007638331801
0.007475281462
0.0072880564
0.007075943529
0.00683841751
0.00657513938
0.006283170512
0.005968479469
0.005630221732
0.005263936467
0.004872456504
0.004456538108
0.004017087989
0.003555277272
0.003072670613
0.00257134273
0.002054218782
0.001526619308
0.0009945986843
0.0004290124442
0.0002215937574
0.0002870501229
0.0005170951676
0.0007743336245
0.0009080140901
0.0009352020571
0.000922546315
0.0008975054444
0.000867790774
0.0008356960055
0.0008017507092
0.0007656776682
0.0007271609089
0.0006855702036
0.0006394153594
0.0005895360807
0.0005358343733
0.0004772470634
0.0004144062999
0.0003481504097
0.0002799063765
0.0002112651872
0.0001469610069
8.768032668e-05
3.690473805e-05
1.061649677e-05
4.833308326e-06
2.950824263e-06
0.008210181715
0.008221963894
0.008229949741
0.008232395708
0.008227459869
0.008213247003
0.0081878515
0.008149398306
0.008096077064
0.008026172486
0.007938087555
0.007830363519
0.007701695913
0.007550964527
0.00737722127
0.007179671833
0.00695769562
0.006710843841
0.006438836724
0.006140421123
0.005816592892
0.00547148292
0.005099128349
0.004702370515
0.004281936871
0.003838774963
0.003374153575
0.002889742463
0.002387935676
0.001873251593
0.001356777321
0.0008186819867
0.0003353950678
0.000222841522
0.0003518257296
0.0005956218848
0.0008018746039
0.0008787175101
0.0008841348422
0.0008670208123
0.0008425114483
0.0008141631226
0.000782772155
0.0007483014825
0.0007106699864
0.0006694929153
0.0006234536823
0.0005736318057
0.0005199765006
0.0004614832348
0.0003988380304
0.0003329481381
0.0002652177083
0.0001972611802
0.0001347409396
7.668762444e-05
2.981625284e-05
8.872483057e-06
4.247298856e-06
2.673850909e-06
0.008215490552
0.00822708433
0.008235343864
0.008238659988
0.008235320178
0.008223547406
0.008201539653
0.008167506349
0.008119702943
0.008056460806
0.007976212361
0.007877511575
0.007759047023
0.007619647089
0.007458290642
0.007274114967
0.007066409149
0.006834610939
0.006578296261
0.006294927245
0.005990486787
0.005661617656
0.005307953134
0.00493007358
0.004528526341
0.004104062026
0.003657664641
0.003190705877
0.002704944053
0.002203291276
0.001691186012
0.001179839573
0.0006304994118
0.0002633389173
0.0002313660794
0.0004099708173
0.0006307131396
0.0007671525112
0.000800803414
0.000796501505
0.0007819929787
0.0007625436161
0.0007388720661
0.0007106580257
0.0006779395446
0.0006408894529
0.0005982983062
0.0005509927659
0.0004995489627
0.0004428575534
0.0003815627241
0.0003165130608
0.0002492441634
0.0001828412945
0.0001217699153
6.715703734e-05
2.433213934e-05
7.522139988e-06
3.79101456e-06
2.457764122e-06
0.008220589687
0.008231954562
0.008240392059
0.008244416724
0.00824243705
0.00823278945
0.00821377408
0.00818368854
0.00814086034
0.008083675249
0.00801060039
0.007920205124
0.007811176095
0.007682322722
0.007532606293
0.007361150096
0.007167226749
0.006950277294
0.006709928274
0.006445976234
0.006155915917
0.005842502516
0.005508385165
0.005147426227
0.004763127493
0.004356029433
0.003926875545
0.003476702656
0.003006718359
0.002518764449
0.002015649821
0.00150189437
0.0009859462737
0.0004301795375
0.0002130715037
0.0002588351731
0.000436829966
0.0005914810409
0.0006544303052
0.0006626531976
0.0006590144849
0.0006509293348
0.0006389021536
0.0006226358407
0.0006014732345
0.0005746253647
0.0005412785656
0.000501307781
0.0004559267181
0.0004043616946
0.0003474586151
0.0002865341996
0.0002237818002
0.0001638655379
0.0001084050964
5.848999667e-05
1.949883392e-05
6.432562993e-06
3.452175758e-06
2.28509482e-06
0.008225560873
0.008236663048
0.008245198956
0.008249797801
0.008248980631
0.008241190926
0.008224825435
0.008198265895
0.008159908384
0.00810819041
0.008041614271
0.007958768085
0.007858342133
0.007739142001
0.007600106094
0.00744029867
0.007258904767
0.007055241057
0.006828744107
0.006578902885
0.006303822273
0.006007551238
0.005687507558
0.005345193348
0.004979090514
0.00458997765
0.004178487517
0.003745432046
0.003291805976
0.002819044844
0.002329407001
0.001827008205
0.001322003707
0.0007968434462
0.0003184303801
0.0002004025221
0.0002896960586
0.0004185305931
0.000463321428
0.0004710564409
0.0004753947999
0.000477932645
0.0004781807252
0.000475173597
0.0004673833311
0.0004539634107
0.0004344747393
0.0004080476421
0.0003750339695
0.0003355149379
0.0002904007622
0.0002410265086
0.0001904826205
0.0001418776415
9.536753538e-05
5.031451095e-05
1.580392382e-05
5.607852241e-06
3.107878529e-06
2.107835847e-06
0.008230284936
0.008241088939
0.008249643181
0.008254682008
0.00825483169
0.008248636526
0.008234587003
0.008211148589
0.008176789418
0.008130006431
0.008069348697
0.00799343744
0.00790098234
0.007790794297
0.007661782055
0.007512978676
0.007343566066
0.0071528652
0.006940309609
0.006705474315
0.006448201795
0.006165426411
0.00586107642
0.005536314399
0.005185642432
0.00481245714
0.00441714013
0.004000246173
0.0035624994
0.003104961363
0.002629304844
0.002138023982
0.00163579572
0.00113235294
0.0005903695673
0.0002364134296
0.0001926212387
0.0002764703199
0.0003362191214
0.0003415622324
0.0003381012881
0.0003345235999
0.0003301093521
0.0003246576467
0.0003180483991
0.0003096818853
0.0002989972082
0.0002849440164
0.0002669132079
0.0002448346827
0.0002190099872
0.0001899534006
0.0001581650867
0.0001233751322
8.114313299e-05
4.078086443e-05
1.243057838e-05
4.807791389e-06
2.767067844e-06
1.892832726e-06
0.008234695416
0.008245183019
0.008253700738
0.008259080572
0.008260047398
0.008255241474
0.008243243909
0.00822260219
0.008191855598
0.008149558482
0.008094302272
0.008024733298
0.007939569089
0.007837613121
0.007717768034
0.007579057826
0.007420610181
0.007241639246
0.007041454853
0.00681946437
0.006575131678
0.006307628391
0.006018563146
0.005706408118
0.00537445373
0.005018363914
0.004639886623
0.004239535075
0.003817911513
0.003375841848
0.002914535134
0.002435515179
0.001941233193
0.001436050056
0.0009248310964
0.0003763776156
0.0001816047713
0.0001960785141
0.0002540292241
0.0002691426163
0.0002675192754
0.0002635189164
0.0002589265371
0.0002534906777
0.0002470155681
0.0002391885329
0.0002301053507
0.0002197069142
0.0002078367074
0.0001943739289
0.000178982511
0.0001603338769
0.0001364814668
0.0001040624219
6.592282014e-05
2.8479368e-05
9.142684867e-06
3.949129294e-06
2.379963887e-06
1.649073753e-06
0.008238601159
0.008248765386
0.008257206193
0.008262845401
0.008264499154
0.008260897662
0.008250707037
0.008232552577
0.008205042032
0.008166787738
0.008116428442
0.008052647605
0.007974190618
0.007879878714
0.00776861578
0.007639390403
0.007491293152
0.007323531176
0.00713542383
0.006926414877
0.006696089557
0.006444212458
0.006167953732
0.005871379092
0.005553655189
0.005212663778
0.004849692563
0.004465018107
0.004058968788
0.003632167354
0.003185500967
0.002720143559
0.002237963843
0.001742805505
0.001244674683
0.0007123025472
0.0002585435688
0.000141856633
0.0001657441242
0.0001979188116
0.0002043972344
0.0002048669361
0.0002037717598
0.0002015992676
0.0001985225664
0.0001944973463
0.0001891825803
0.0001824770442
0.0001743209897
0.0001643666681
0.0001514641694
0.000134037641
0.0001100310355
7.906569777e-05
4.742747351e-05
1.761399044e-05
6.294929101e-06
3.099158302e-06
1.988552621e-06
1.41935464e-06
0.0082420459
0.008251878136
0.008260205793
0.008266033122
0.008268261168
0.008265704487
0.008257110526
0.008241180484
0.008216590469
0.008182012721
0.008136134492
0.008077675547
0.008005403275
0.007918145408
0.007814802463
0.007694352951
0.007555875639
0.007398549003
0.007221633279
0.00702448154
0.006806533568
0.006567295994
0.006306299142
0.006023856764
0.005719363621
0.005395731897
0.005048044385
0.004678652129
0.004287810362
0.003876016668
0.003443956627
0.002992468887
0.002522711138
0.002036625283
0.001537478244
0.00103061446
0.0004701676733
0.0001665984222
0.0001078773829
0.0001306208193
0.0001334610052
0.0001383891602
0.0001410662464
0.0001424684258
0.0001430002198
0.0001427397342
0.0001412850278
0.000138213602
0.0001332526574
0.0001254774413
0.0001139817699
9.791919854e-05
7.691467835e-05
5.344160079e-05
2.839384875e-05
1.017142607e-05
4.200925634e-06
2.402844981e-06
1.670899133e-06
1.248896142e-06
0.008245174326
0.008254670174
0.008262855664
0.008268811016
0.008271516008
0.008269864112
0.008262679333
0.008248734778
0.008226771443
0.008195518305
0.008153709649
0.008100102556
0.008033492663
0.007952727579
0.007856718006
0.007744443775
0.007614968374
0.007467440773
0.00730109594
0.007115267503
0.006909390942
0.006683012003
0.006435807365
0.006165337697
0.005875462814
0.005564225243
0.005231632147
0.004877518857
0.004502006136
0.004105407297
0.003688262267
0.003251158967
0.002794876967
0.002320613492
0.001830468372
0.001329148701
0.0008081413846
0.0002762649293
9.494054184e-05
6.215430044e-05
7.762352059e-05
7.91105373e-05
8.313295361e-05
8.60929961e-05
8.798242946e-05
8.938339243e-05
9.011594117e-05
8.956436215e-05
8.673330716e-05
8.157383236e-05
7.343413213e-05
6.213068406e-05
4.802534799e-05
3.12127897e-05
1.427571389e-05
5.762777343e-06
2.919123354e-06
1.950056118e-06
1.477774979e-06
1.156810818e-06
0.008248123673
0.008257276073
0.00826528997
0.008271314943
0.008274403391
0.008273522326
0.00826756811
0.008255382468
0.008235770884
0.008207519503
0.008169412668
0.008120249048
0.008058856031
0.00798410222
0.007894908404
0.007790257609
0.007669195262
0.007530849747
0.007374442048
0.00719927197
0.007004724631
0.006790271299
0.006555463455
0.006299913825
0.006023314777
0.005725677773
0.005409257392
0.005068919206
0.004707472902
0.004325104609
0.00392223501
0.00349927812
0.003056814491
0.002595634933
0.002117146923
0.00162399908
0.001122276401
0.0005557069159
0.0001600152948
4.64793318e-05
3.488681766e-05
4.207782772e-05
4.447900661e-05
4.746665918e-05
4.954168003e-05
5.08832842e-05
5.208377955e-05
5.255388952e-05
5.153022855e-05
4.837440293e-05
4.300693881e-05
3.523572029e-05
2.533685792e-05
1.481310327e-05
6.678342213e-06
3.409807942e-06
2.200333126e-06
1.707254402e-06
1.393877004e-06
1.132185391e-06
0.008250919893
0.008259724105
0.00826754094
0.00827358406
0.008276973357
0.00827674476
0.008271862837
0.008261235041
0.008243728103
0.008218183481
0.00818343339
0.008138316027
0.008081688791
0.008012441352
0.007929506932
0.00783187175
0.007718582033
0.007588766556
0.007441625173
0.007276419994
0.007092498322
0.006889291259
0.006666314426
0.006423170463
0.006157610448
0.005873443273
0.005568211474
0.005243448187
0.004897234551
0.004530002599
0.004142130119
0.003733972249
0.003306001876
0.002858772606
0.002393164246
0.001910384244
0.001411912822
0.0008980279086
0.0003164311549
8.579197396e-05
2.002519026e-05
1.837317718e-05
2.071198728e-05
2.267838311e-05
2.450959982e-05
2.579369829e-05
2.693885575e-05
2.74868304e-05
2.674041577e-05
2.450499526e-05
2.088641265e-05
1.618450909e-05
1.100278575e-05
6.28531724e-06
3.336185899e-06
2.267657365e-06
1.813116986e-06
1.602386018e-06
1.380466693e-06
1.152476034e-06
0.008253552527
0.008262003398
0.008269598765
0.00827561109
0.00827922258
0.008279533279
0.008275571483
0.008266307416
0.008250666589
0.008227544823
0.008195823145
0.008154381998
0.008102114529
0.008037939378
0.007960811781
0.00786973298
0.007763759091
0.007641994614
0.007503613487
0.007347876706
0.007174119727
0.006981758274
0.006770292464
0.00653930735
0.006288475225
0.006016845783
0.005725063106
0.005414642265
0.00508126376
0.004727451182
0.004353341428
0.00395917247
0.003545235557
0.003111955828
0.002659896971
0.002190086392
0.001704540743
0.001209186909
0.0006714138644
0.0001855027762
3.132171721e-05
8.203601709e-06
9.007310666e-06
9.976460333e-06
1.086258939e-05
1.15854145e-05
1.224294184e-05
1.253620414e-05
1.208034823e-05
1.08126977e-05
8.931734767e-06
6.772674212e-06
4.694495749e-06
2.997640094e-06
2.075527429e-06
1.759994705e-06
1.620828972e-06
1.533109984e-06
1.4167622e-06
1.237032886e-06
0.008255816715
0.008263911092
0.008271264442
0.008277203626
0.008280968869
0.008281720148
0.008278546898
0.008270478811
0.008256498665
0.008235555868
0.008206580276
0.008168494493
0.008120226767
0.008060722054
0.007988952127
0.007903924603
0.007804693939
0.00769037099
0.007560138868
0.00741324108
0.007248973383
0.007066699729
0.006865852242
0.006645925376
0.006406469413
0.006145504312
0.005866543536
0.005566932191
0.005249366089
0.004910440085
0.004551085843
0.00417157395
0.003772186296
0.003353299019
0.002915337605
0.00245903103
0.001985470444
0.001496405894
0.0009938130143
0.0004179722295
9.857320656e-05
1.043656878e-05
4.670341171e-06
4.908397617e-06
5.135686089e-06
5.420072404e-06
5.698603278e-06
5.82883312e-06
5.64967457e-06
5.093603586e-06
4.304247204e-06
3.471287071e-06
2.726850058e-06
2.077750047e-06
1.737279015e-06
1.567084909e-06
1.461857687e-06
1.472916611e-06
1.572512047e-06
1.536335253e-06
0.008257748917
0.008265495845
0.008272602601
0.008278446054
0.008282319952
0.008283440575
0.008280954364
0.008273947544
0.008261457609
0.008242485498
0.008216008079
0.008180989663
0.008136394798
0.008081199608
0.008014402803
0.007935035323
0.007842168654
0.00773491731
0.007612443268
0.007473969587
0.007318790191
0.007146269501
0.006955845914
0.006747038071
0.00651945291
0.006272806323
0.006005927526
0.005719924924
0.005414926241
0.005088397381
0.004742081914
0.004376056563
0.003990447243
0.003585477226
0.003161426767
0.002718713277
0.002257939538
0.001779936253
0.001286490043
0.0007679745306
0.0002252343168
3.41545769e-05
4.106370423e-06
3.453475022e-06
3.326579265e-06
3.388843357e-06
3.50891725e-06
3.614392345e-06
3.61238912e-06
3.448116782e-06
3.156712229e-06
2.80620272e-06
2.347552809e-06
1.948953163e-06
1.639081331e-06
1.491714895e-06
1.493844096e-06
1.701085019e-06
2.178115615e-06
2.502498367e-06
0.008259195581
0.008266590335
0.008273431794
0.008279143004
0.008283067981
0.008284475543
0.008282565947
0.008276479453
0.008265306488
0.008248098815
0.008223880152
0.008191658094
0.008150435151
0.008099219209
0.008037033167
0.007962923551
0.007875969518
0.007775290478
0.007660051445
0.007529478017
0.007382855216
0.007219517973
0.007038864886
0.006840357355
0.006623516269
0.00638791205
0.006131748983
0.005857834145
0.005563913852
0.005252633337
0.004920471476
0.004568549447
0.004197094278
0.003806337965
0.003396589017
0.002968176604
0.002521642394
0.002057728244
0.001577727156
0.001084654738
0.000516233028
0.0001223566939
1.127075158e-05
3.817256618e-06
3.192646152e-06
3.11868025e-06
3.171567565e-06
3.276888358e-06
3.340673208e-06
3.266090742e-06
3.052874623e-06
2.76918616e-06
2.472958382e-06
2.186934879e-06
2.062166636e-06
2.197263717e-06
2.729477306e-06
3.737820981e-06
4.916642373e-06
5.300348171e-06
0.008260211975
0.008267273711
0.008273860349
0.008279437942
0.008283396795
0.008285055017
0.008283663709
0.008278414444
0.008268448439
0.008252865843
0.008230735728
0.008201107108
0.008163018846
0.008115509596
0.008057627587
0.007988440583
0.007907044023
0.007812567229
0.007704179068
0.007581101222
0.007442607663
0.007288022496
0.007116732816
0.006928189661
0.006721910146
0.006497483333
0.006254586027
0.005992323837
0.005711759271
0.005412607115
0.005092783041
0.004753799294
0.004395758031
0.004018805892
0.003623198689
0.003209221289
0.002777365932
0.002328235096
0.001862435785
0.001380095906
0.0008775749298
0.0002978596512
6.381412856e-05
8.83459493e-06
3.880587064e-06
3.52968101e-06
3.413393058e-06
3.459863755e-06
3.548361552e-06
3.607034802e-06
3.582395383e-06
3.647278074e-06
4.084350311e-06
4.999066587e-06
6.152226554e-06
7.191642126e-06
7.9195854e-06
8.481189323e-06
8.844861707e-06
8.427243384e-06
0.008260877736
0.008267597538
0.008273908328
0.008279315662
0.008283252999
0.008285084158
0.008284107904
0.008279564237
0.008270642216
0.008256488137
0.008236215506
0.008208914537
0.008173661751
0.008129529549
0.008075596049
0.008010954211
0.007934719566
0.007846035752
0.007744081074
0.00762806822
0.007497259724
0.00735097885
0.00718859891
0.007009551826
0.00681333058
0.006599492246
0.006367659576
0.006116140534
0.005846763727
0.005558117783
0.005253010409
0.00492748319
0.004583005205
0.004219784797
0.003838119214
0.003438384762
0.00302107876
0.00258691575
0.002136775928
0.001671839129
0.001194929545
0.0006836566547
0.0001906962171
3.65339149e-05
7.818954872e-06
5.598652249e-06
5.050139729e-06
5.116535457e-06
5.714900751e-06
7.203783914e-06
9.30680273e-06
1.12706428e-05
1.267106462e-05
1.340492507e-05
1.354517921e-05
1.335808622e-05
1.303355531e-05
1.261513041e-05
1.210129229e-05
1.103268422e-05
0.008260554504
0.008266976008
0.008273050256
0.008278318999
0.008282255377
0.008284265793
0.008283693644
0.008279824693
0.008271893685
0.008259092135
0.00824057739
0.008215481001
0.008182917283
0.008141990844
0.008091809105
0.008031487965
0.007960155474
0.00787695598
0.007781071372
0.007671716551
0.007548164517
0.007409732269
0.007255768714
0.00708567419
0.006898901567
0.006694957382
0.006473402822
0.006233855012
0.005975982531
0.005700716907
0.005407492514
0.00509421664
0.004762334413
0.004412036372
0.004043551694
0.003657244417
0.003253566019
0.00283327483
0.00239741323
0.001947416559
0.001485325895
0.00101277147
0.0004711022156
0.0001215681963
2.759705199e-05
2.087854185e-05
1.768761428e-05
1.753639519e-05
1.838140732e-05
2.021005221e-05
2.161467836e-05
2.20861878e-05
2.181385415e-05
2.095230899e-05
1.959942018e-05
1.813480588e-05
1.685629724e-05
1.561967496e-05
1.447127707e-05
1.300168333e-05
0.00826113995
0.008267219848
0.008273000948
0.0082780587
0.008281903368
0.008283981411
0.008283678216
0.008280322796
0.008273193539
0.008261525955
0.008244520086
0.008221348413
0.008191163351
0.008153101274
0.008106304175
0.008049903357
0.007983044722
0.007904902094
0.007814671871
0.007711581568
0.007594897139
0.007463921897
0.007318003894
0.007156542562
0.006978996963
0.006784887551
0.006573806638
0.006345429951
0.006098025597
0.005832469335
0.005548297591
0.005248559973
0.004928703352
0.004590633788
0.004234511444
0.003860645453
0.003469435689
0.003061613199
0.002638216036
0.002200711432
0.001751200425
0.001292903126
0.00082574058
0.0003166772952
8.789796802e-05
4.627371642e-05
4.092766703e-05
3.450779448e-05
3.282155091e-05
3.225549574e-05
3.206636424e-05
3.103438537e-05
2.93095802e-05
2.708145987e-05
2.451515341e-05
2.194413442e-05
1.998803068e-05
1.815587014e-05
1.642710099e-05
1.461057308e-05
0.008258332052
0.008264155457
0.008269730982
0.008274664651
0.008278500817
0.008280722828
0.008280755446
0.008277968561
0.008271682874
0.008261175754
0.008245688057
0.008224430354
0.008196590928
0.008161346555
0.008117861958
0.008065298244
0.008002814796
0.007929580198
0.007844798728
0.007747692246
0.007637515582
0.007513572731
0.007375197024
0.007221745888
0.007052618871
0.006867253334
0.006665120782
0.006445719731
0.006208521877
0.005954022427
0.005683328878
0.005395127336
0.005087801115
0.0047609768
0.004416066955
0.004053355736
0.003673229174
0.003276269031
0.002863413544
0.002436042371
0.001996276492
0.001547812916
0.001098397735
0.0006043986216
0.0002104057135
8.283903271e-05
5.723956703e-05
5.015656914e-05
4.466909148e-05
4.164457111e-05
3.99047242e-05
3.795918084e-05
3.528898373e-05
3.223598626e-05
2.87233109e-05
2.514385748e-05
2.234508658e-05
1.976456642e-05
1.758268305e-05
1.556466916e-05
0.008261957265
0.008267398012
0.008272625856
0.008277277268
0.008280930399
0.008283104882
0.008283263658
0.008280816155
0.008275122296
0.008265497654
0.008251218986
0.008231530483
0.008205650454
0.008172778391
0.008132100452
0.008082800639
0.008024064073
0.007955093099
0.007875104989
0.00778333864
0.007679051316
0.007561545874
0.007430162128
0.007284262014
0.007123257547
0.006946617845
0.006753879406
0.006544666681
0.006318681668
0.006074092576
0.005810230601
0.005527841343
0.005229680169
0.00491410591
0.004580484534
0.004228956965
0.003859843192
0.003473604064
0.003071094425
0.002653561633
0.002222814132
0.001781477074
0.001333461374
0.00088429907
0.0004167340207
0.0001500108126
7.713794608e-05
6.078056823e-05
5.204737556e-05
4.71146988e-05
4.37621182e-05
4.076853353e-05
3.778374717e-05
3.461554232e-05
3.080987085e-05
2.679050278e-05
2.367631717e-05
2.079788346e-05
1.835025201e-05
1.618512408e-05
0.008252294036
0.00825754935
0.008262634905
0.008267212872
0.008270890214
0.008273218101
0.008273693536
0.008271761233
0.008266817475
0.008258214359
0.008245264971
0.008227248946
0.00820341717
0.008173003131
0.008135225806
0.008089296311
0.008034419452
0.007969796797
0.007894646479
0.007808210598
0.007709767085
0.007598616941
0.007474064855
0.007335413763
0.007181995547
0.007013194511
0.006828409035
0.006627047167
0.00640847705
0.006172022361
0.005919227917
0.005651865878
0.005367576408
0.005063848026
0.004739073244
0.004396459954
0.004036245192
0.003658728608
0.00326454897
0.002854704739
0.002430738421
0.001995067721
0.00155169283
0.001108445866
0.000623185777
0.0002319097842
9.852113272e-05
6.444685596e-05
5.598873066e-05
4.970423171e-05
4.544763567e-05
4.138241926e-05
3.831935905e-05
3.517007167e-05
3.131404158e-05
2.718602728e-05
2.401524382e-05
2.110517423e-05
1.861622418e-05
1.642542839e-05
0.008265955046
0.008270818507
0.008275540016
0.008279810913
0.008283268522
0.008285496705
0.008286026344
0.008284336921
0.008279859513
0.008271980715
0.008260045292
0.008243359393
0.008221197069
0.00819280716
0.008157421926
0.008114264134
0.008062555553
0.008001527057
0.00793042344
0.00784849456
0.007754988006
0.007649171555
0.007530356398
0.00739789331
0.007251161786
0.007089571264
0.006912582351
0.006719730407
0.006510645327
0.006285098907
0.006041141542
0.005776895139
0.005494332515
0.005195535419
0.004881406207
0.004549254333
0.004199297216
0.003831851617
0.003447541798
0.003047302057
0.002632460665
0.002204923686
0.001767422364
0.001323718727
0.0008770440756
0.0004042677224
0.0001399639395
7.152964704e-05
5.56084525e-05
5.002760714e-05
4.578856316e-05
4.152903721e-05
3.790909403e-05
3.490709156e-05
3.118781763e-05
2.726980822e-05
2.434618658e-05
2.151233131e-05
1.90529908e-05
1.688147588e-05
0.008243858491
0.008248206495
0.008252411486
0.008256196395
0.008259236447
0.008261153725
0.008261508348
0.00825980244
0.008255491228
0.008247980161
0.008236654219
0.008220864852
0.008199929683
0.008173123695
0.008139695899
0.00809890524
0.008050036109
0.007992392191
0.007925279034
0.007847977248
0.007759745344
0.007659822243
0.007547446551
0.00742188044
0.007282382376
0.00712821471
0.00695870153
0.006773214987
0.006571151213
0.006352341734
0.006117431141
0.005867027169
0.00560189276
0.005318147184
0.005014392603
0.004688778644
0.00434549962
0.003984843068
0.003607152047
0.003213044583
0.002803384862
0.002379354918
0.001942493914
0.001494316789
0.001034742719
0.0005422400075
0.000191749396
7.986227898e-05
5.512440637e-05
4.943298624e-05
4.578286817e-05
4.261842179e-05
3.850034505e-05
3.474224462e-05
3.108167576e-05
2.73255319e-05
2.452862542e-05
2.182816662e-05
1.944233258e-05
1.723257204e-05
0.008255515327
0.008260828615
0.008265959094
0.008270636074
0.008274568595
0.00827742319
0.008278813347
0.008278298655
0.008275390414
0.00826955978
0.008260246821
0.008246792599
0.008228207065
0.008203869341
0.008173830695
0.008137461819
0.008093557515
0.008041355881
0.0079800383
0.007908746845
0.007826634501
0.007732916016
0.007626853134
0.007507754635
0.007374975856
0.007227916551
0.007066058017
0.006888972823
0.006696353412
0.006487536206
0.006261156836
0.006016065037
0.005751125876
0.005469324216
0.005171201135
0.004857885034
0.004526060851
0.004176489395
0.003809817678
0.003426866515
0.003028646609
0.002616399967
0.00219165846
0.001756521312
0.00131455728
0.0008492558124
0.0003616701324
0.0001038337829
5.223725848e-05
4.482259574e-05
4.237539165e-05
4.04259374e-05
3.824825646e-05
3.491246871e-05
3.149719661e-05
2.813525967e-05
2.551055448e-05
2.296960275e-05
2.060467978e-05
1.837700472e-05
)
;

boundaryField
{
    inletCH4
    {
        type            calculated;
        value           nonuniform List<scalar> 5(0.0008132865963 0.000813293129 0.0008133062554 0.0008133190068 0.0008133519725);
    }
    wallOutside
    {
        type            compressible::alphatWallFunction;
        Prt             0.85;
        value           uniform 0;
    }
    wallTube
    {
        type            compressible::alphatWallFunction;
        Prt             0.85;
        value           nonuniform List<scalar> 
61
(
2.997977046e-05
3.657028376e-05
4.307052001e-05
4.687609774e-05
5.075939732e-05
5.293415573e-05
5.392588579e-05
5.4494059e-05
5.47529078e-05
5.478971274e-05
5.468106012e-05
5.448748593e-05
5.424794402e-05
5.398775998e-05
5.372233486e-05
5.346710686e-05
5.323605709e-05
5.304284177e-05
5.28542567e-05
5.09499877e-05
0.0001860134152
0
0
0
0
0
0
0
0
0
0
0
0
0
0
0
0
0
0
0
0
0
0
0
0
0
0
0
0
0
0
0
0
0
0
0
0
0
0
0
0
)
;
    }
    inletPilot
    {
        type            calculated;
        value           nonuniform List<scalar> 5(6.263622035e-05 6.263498392e-05 6.26358674e-05 6.263547337e-05 6.263654741e-05);
    }
    inletAir
    {
        type            calculated;
        value           nonuniform List<scalar> 
60
(
0.0006669533191
0.0006669539384
0.0006669541334
0.0006669545066
0.0006669549004
0.0006669551284
0.0006669554398
0.0006669557726
0.0006669560804
0.0006669563837
0.0006669566809
0.0006669569728
0.0006669572442
0.0006669575145
0.0006669577877
0.0006669580425
0.0006669582687
0.0006669584782
0.0006669586644
0.0006669588276
0.0006669589627
0.0006669590652
0.0006669591286
0.0006669591502
0.0006669591301
0.0006669590677
0.0006669589612
0.0006669588078
0.0006669586073
0.0006669583578
0.0006669580608
0.0006669577166
0.0006669573264
0.0006669569002
0.0006669564418
0.0006669559496
0.0006669554344
0.0006669549219
0.0006669544156
0.0006669539173
0.000666953452
0.0006669530354
0.000666952673
0.0006669523874
0.0006669521896
0.0006669520895
0.0006669520903
0.0006669521933
0.0006669523971
0.0006669527036
0.000666953098
0.0006669535632
0.0006669540935
0.0006669546513
0.0006669552283
0.000666955772
0.0006669562858
0.0006669566876
0.0006669570856
0.0006669572481
)
;
    }
    outlet
    {
        type            calculated;
        value           nonuniform List<scalar> 
71
(
0.008232199925
0.008232454956
0.008233014068
0.008233860295
0.008234985875
0.008235905213
0.008237281536
0.008239970272
0.008243156656
0.008246780765
0.008250770248
0.008255509383
0.008260821757
0.008265952021
0.008270628938
0.008274561365
0.008277415807
0.008278805758
0.008278290804
0.008275382251
0.008269551252
0.008260237881
0.008246783189
0.008228197133
0.008203858806
0.00817381948
0.008137449849
0.008093544686
0.008041342124
0.007980023671
0.007908731369
0.007826618233
0.007732899041
0.007626835554
0.007507736593
0.007374957615
0.007227898334
0.007066039959
0.00688895504
0.006696336007
0.006487519272
0.006261140462
0.006016049275
0.005751110794
0.005469309974
0.005171187658
0.004857872456
0.004526049211
0.004176478737
0.003809808029
0.003426857908
0.003028639068
0.002616393512
0.0021916531
0.001756517057
0.001314554124
0.0008492537967
0.0003616692838
0.0001038335429
5.223713928e-05
4.482249482e-05
4.237529733e-05
4.042584849e-05
3.824817315e-05
3.491239348e-05
3.149712926e-05
2.813520009e-05
2.551050073e-05
2.296955482e-05
2.060463688e-05
1.837696684e-05
)
;
    }
    axis
    {
        type            empty;
    }
    frontAndBack_pos
    {
        type            wedge;
    }
    frontAndBack_neg
    {
        type            wedge;
    }
}


// ************************************************************************* //
