/*--------------------------------*- C++ -*----------------------------------*\
  =========                 |
  \\      /  F ield         | OpenFOAM: The Open Source CFD Toolbox
   \\    /   O peration     | Website:  https://openfoam.org
    \\  /    A nd           | Version:  10
     \\/     M anipulation  |
\*---------------------------------------------------------------------------*/
FoamFile
{
    format      ascii;
    class       volScalarField;
    location    "0.02498436188";
    object      C2H5;
}
// * * * * * * * * * * * * * * * * * * * * * * * * * * * * * * * * * * * * * //

dimensions      [0 0 0 0 0 0 0];

internalField   nonuniform List<scalar> 
5170
(
0
0
0
0
0
0
0
0
0
0
0
0
0
0
0
0
0
0
0
0
0
0
0
0
0
0
0
0
0
0
0
0
0
0
0
0
0
0
0
0
0
0
0
0
0
0
0
0
0
0
0
0
0
0
0
0
0
0
0
0
0
0
0
0
0
0
0
0
0
0
0
0
0
0
0
0
0
0
0
0
0
0
0
0
0
0
0
0
0
0
0
0
0
0
0
0
0
0
0
1.032354103e-10
5.276939584e-27
1.045292715e-28
0
1.117837365e-28
1.155311526e-28
5.28910599e-27
0
0
0
0
3.907748737e-28
5.690963238e-28
0
0
2.728582319e-27
2.361614708e-26
0
0
0
3.628385946e-25
0
1.192401701e-23
3.959275746e-24
5.633386066e-24
0
0
0
0
0
5.284864851e-19
4.778986602e-19
0
0
0
0
6.127610121e-16
6.961239938e-17
0
0
0
2.123205656e-16
0
0
0
0
0
0
0
0
0
0
0
0
0
0
0
0
0
0
0
0
0
0
0
0
0
0
0
0
0
0
0
0
0
0
0
0
0
0
0
0
0
0
0
0
0
0
0
0
0
4.478162334e-12
0
0
0
0
1.921072755e-09
1.566755695e-10
3.379534113e-11
9.725505842e-13
2.207950076e-14
0
0
3.084039769e-10
5.070066204e-09
8.216849137e-08
0
3.830749338e-11
9.123732429e-10
9.126202984e-09
9.981247011e-08
0
1.121062598e-10
1.414091951e-09
1.187699557e-08
9.06211635e-08
3.934696097e-12
2.178357347e-10
1.871373686e-09
1.293734121e-08
7.395284766e-08
2.078744282e-11
3.146231095e-10
1.834388075e-09
1.273115052e-08
5.929897945e-08
5.308343487e-11
4.46133456e-10
2.184559728e-09
1.24074144e-08
5.26248489e-08
1.096072323e-10
6.428258148e-10
2.747253025e-09
1.297471666e-08
5.627443859e-08
1.760950062e-10
7.903350197e-10
3.379873702e-09
1.379407307e-08
5.872186135e-08
2.203145333e-10
6.25618992e-10
3.965509921e-09
1.458378018e-08
6.003719107e-08
3.284376027e-10
9.890281208e-10
4.409508991e-09
1.455157198e-08
5.48280918e-08
5.271497686e-10
1.462608286e-09
4.868357419e-09
1.523306563e-08
5.58186797e-08
6.955805282e-10
1.888361619e-09
5.404241675e-09
1.663385059e-08
5.974980991e-08
9.898373084e-10
2.328888069e-09
5.987308052e-09
1.803920556e-08
6.177280389e-08
1.434067287e-09
2.758779184e-09
6.671632465e-09
1.983215488e-08
6.495507991e-08
1.92261826e-09
3.264954601e-09
7.648616611e-09
2.235451079e-08
6.953894815e-08
2.416098038e-09
3.867444582e-09
8.910590534e-09
2.524803394e-08
7.356443976e-08
3.127760669e-09
4.951911031e-09
1.131067019e-08
3.073500879e-08
8.436905571e-08
4.525874111e-09
7.113694559e-09
1.580649851e-08
3.871822079e-08
9.772478048e-08
7.028845047e-09
1.069791449e-08
2.338307894e-08
5.525059373e-08
1.402833047e-07
1.277716706e-08
1.866226172e-08
3.6417856e-08
7.965032101e-08
1.836226428e-07
2.184913475e-08
2.895966004e-08
4.816012169e-08
8.872482327e-08
1.701656711e-07
3.244828396e-08
3.825851233e-08
5.248242509e-08
7.823225417e-08
1.209878764e-07
3.227680405e-08
3.520164333e-08
4.229708304e-08
5.321809178e-08
6.896576109e-08
2.043133195e-08
2.138146568e-08
2.335440567e-08
2.606390827e-08
2.946149845e-08
8.833865424e-09
8.972636498e-09
9.254387168e-09
9.57470537e-09
9.860061883e-09
3.023120267e-09
3.025327784e-09
3.024609688e-09
2.995693504e-09
2.930934334e-09
1.050345416e-09
1.045106038e-09
1.028195616e-09
9.977043664e-10
9.540197732e-10
3.778170873e-10
3.745051843e-10
3.657614409e-10
3.518668697e-10
3.332918358e-10
1.388811789e-10
1.375439291e-10
1.342966366e-10
1.287222091e-10
1.211699281e-10
5.18605299e-11
5.147267936e-11
5.054146998e-11
4.845978277e-11
4.552622327e-11
1.797110139e-11
1.789909289e-11
1.776488607e-11
1.766413126e-11
1.688603151e-11
7.536532393e-12
7.478043609e-12
7.341595374e-12
7.140342932e-12
6.858487422e-12
3.319439505e-12
3.294808086e-12
3.231416123e-12
3.161231165e-12
3.081398018e-12
1.823322619e-12
1.82059241e-12
1.813773432e-12
1.805563124e-12
1.79873332e-12
1.312362275e-12
1.313860182e-12
1.317580676e-12
1.325399987e-12
1.338077e-12
1.07542804e-12
1.082552503e-12
1.098495017e-12
1.123554693e-12
1.158306299e-12
9.155683183e-13
9.2262584e-13
9.379719627e-13
9.605591565e-13
9.90048469e-13
6.587711475e-13
6.651727711e-13
6.790203771e-13
6.999559293e-13
7.276419731e-13
4.196603564e-13
4.235783139e-13
4.318740697e-13
4.442545481e-13
4.614363454e-13
2.231558574e-13
2.253916587e-13
2.284978101e-13
2.312015097e-13
2.307519699e-13
5.804694636e-14
5.707208582e-14
5.473100933e-14
5.090407879e-14
4.497903638e-14
0
0
0
0
0
5.736119573e-15
1.8958041e-14
2.082794225e-14
2.031613286e-14
1.875632838e-14
1.057040619e-14
1.027679829e-14
9.258323268e-15
7.760110878e-15
5.838201474e-15
5.139223499e-16
5.881428891e-16
4.417412789e-16
0
0
2.646677958e-15
2.090208672e-15
7.211766706e-16
0
0
0
0
0
0
0
2.501379298e-14
2.359709429e-14
1.953395393e-14
1.739769673e-14
1.567196712e-14
1.112322347e-14
1.081749893e-14
1.010700321e-14
9.075657103e-15
7.718109001e-15
2.679936825e-15
2.575352462e-15
2.321067508e-15
1.93967294e-15
1.43823173e-15
0
0
0
0
0
0
0
0
0
0
0
0
0
0
0
0
0
0
0
0
1.072751743e-14
1.052510702e-14
1.013507147e-14
9.636041858e-15
9.107920559e-15
1.402202024e-14
1.376511597e-14
1.323368607e-14
1.250047515e-14
1.157540651e-14
1.154598911e-14
1.123020219e-14
1.058942772e-14
9.717632146e-15
8.813298099e-15
1.343805965e-14
1.30903482e-14
1.23829793e-14
1.141169669e-14
1.037730733e-14
2.586715932e-14
2.551237248e-14
2.479146285e-14
2.379224968e-14
2.268596406e-14
6.182174835e-14
6.096949921e-14
5.91627893e-14
5.656271783e-14
5.33475124e-14
8.441573719e-14
8.367721358e-14
8.212627886e-14
7.98812719e-14
7.704249311e-14
1.077426706e-13
1.071815716e-13
1.060438511e-13
1.044808204e-13
1.026273583e-13
1.195179913e-13
1.191724045e-13
1.18497915e-13
1.174940805e-13
1.153362047e-13
1.291649707e-13
1.285096714e-13
1.271045515e-13
1.250216262e-13
1.222219853e-13
1.589788503e-13
1.578292807e-13
1.553551384e-13
1.516742742e-13
1.467842001e-13
2.21383115e-13
2.194466347e-13
2.152836648e-13
2.090850555e-13
2.008662114e-13
2.689133924e-13
2.662925965e-13
2.607884446e-13
2.528955698e-13
2.429326043e-13
3.007547685e-13
2.976367255e-13
2.909720545e-13
2.811480113e-13
2.684652095e-13
2.893513376e-13
2.868773334e-13
2.816599392e-13
2.741390195e-13
2.646878524e-13
3.565839678e-13
3.554265329e-13
3.531159703e-13
3.500060068e-13
3.463755144e-13
2.679594086e-07
4.259907063e-07
3.857515632e-07
2.766513159e-07
2.047858043e-07
1.808753378e-07
2.012965526e-07
1.969210323e-07
1.884941391e-07
1.533787747e-07
1.507684493e-07
1.561844614e-07
1.527557921e-07
1.539933972e-07
1.588749622e-07
1.598068693e-07
1.737406639e-07
2.080617802e-07
2.869693863e-07
3.458400795e-07
2.750785762e-07
1.658858739e-07
8.30690913e-08
3.215035094e-08
1.008591027e-08
2.889390867e-09
9.250642619e-10
3.209082857e-10
1.15361422e-10
4.339696794e-11
1.636616633e-11
6.66154626e-12
3.039436846e-12
1.800456276e-12
1.351091242e-12
1.187149986e-12
1.014106847e-12
7.509971292e-13
4.744194349e-13
2.296521409e-13
3.844191912e-14
0
1.613688298e-14
3.90485087e-15
0
0
0
1.467050681e-14
6.669704524e-15
8.609832384e-16
0
0
0
0
8.744280414e-15
1.049901927e-14
8.374855057e-15
9.83324047e-15
2.200400409e-14
5.08917767e-14
7.475245621e-14
1.011345341e-13
1.11410065e-13
1.197877045e-13
1.426368427e-13
1.938851233e-13
2.349143634e-13
2.580894688e-13
2.568521891e-13
3.431462228e-13
5.559102856e-07
7.402457568e-08
3.197747068e-09
1.042753073e-10
8.424069496e-12
1.324705327e-06
1.360404202e-05
7.810351232e-07
2.469352038e-08
1.182566074e-09
1.337768086e-06
6.180299611e-06
6.233806097e-07
3.342797359e-08
4.432586643e-09
8.550218004e-07
3.455960912e-06
8.837919033e-07
7.499127902e-08
3.878823087e-09
6.197385171e-07
3.149889268e-06
1.09200142e-05
1.061341401e-06
7.487078437e-08
5.596393948e-07
3.397716883e-06
1.585084161e-05
2.00089262e-06
1.827377633e-07
6.353807294e-07
4.187762649e-06
1.449385032e-05
2.186956572e-06
2.516100641e-07
5.788615917e-07
3.318453007e-06
1.07053428e-05
1.96101122e-06
2.629454124e-07
5.248763924e-07
2.670324981e-06
9.180579277e-06
5.496930538e-06
7.631478372e-07
3.979046179e-07
1.971517998e-06
6.573404407e-06
8.459600631e-06
1.404285475e-06
3.827298724e-07
1.808833848e-06
6.030235785e-06
1.182446169e-05
2.117150553e-06
3.891857093e-07
1.773024704e-06
6.275595252e-06
1.264449044e-05
2.499363636e-06
3.666766147e-07
1.619629189e-06
5.392042256e-06
1.243410432e-05
2.986768245e-06
3.596175201e-07
1.499379062e-06
4.783953242e-06
1.182925031e-05
5.850974051e-06
3.521418657e-07
1.379877527e-06
4.404218885e-06
1.110557452e-05
7.456719278e-06
3.50692771e-07
1.30592333e-06
4.164302544e-06
1.045852667e-05
9.124677877e-06
3.685257722e-07
1.29489561e-06
4.010327791e-06
9.897720546e-06
9.652185683e-06
4.355252152e-07
1.480160291e-06
4.328540861e-06
1.031737811e-05
9.33968829e-06
5.882312299e-07
1.930556771e-06
5.493781953e-06
1.192296804e-05
7.742317196e-06
6.756178675e-07
2.065406763e-06
5.556161926e-06
1.054502705e-05
4.597573214e-06
4.744846396e-07
1.167435885e-06
2.667483625e-06
5.395581092e-06
7.951602605e-06
2.444371173e-07
4.478689175e-07
7.619655028e-07
1.156661834e-06
1.39887291e-06
1.071177911e-07
1.506269882e-07
1.909815416e-07
2.126342634e-07
1.987884315e-07
3.714943901e-08
4.238260018e-08
4.313174529e-08
3.880284519e-08
3.057683493e-08
1.085137784e-08
1.081134081e-08
9.757652292e-09
7.943881537e-09
5.834841751e-09
2.926882179e-09
2.740254821e-09
2.349326101e-09
1.850848602e-09
1.344754579e-09
9.118390989e-10
8.292610445e-10
6.956860964e-10
5.489051479e-10
4.062805916e-10
3.120343919e-10
2.795284157e-10
2.374123134e-10
1.861014828e-10
1.411181707e-10
1.08121099e-10
1.009112667e-10
8.628232944e-11
6.783471971e-11
4.836901656e-11
4.119845774e-11
3.561751829e-11
3.08360671e-11
2.593821279e-11
1.999268543e-11
1.581357733e-11
1.406324314e-11
1.173625918e-11
1.026397099e-11
8.432358428e-12
6.482513803e-12
5.952067036e-12
5.110675498e-12
4.451876987e-12
3.841471668e-12
3.008436609e-12
2.857870265e-12
2.696631715e-12
2.475613084e-12
2.272478024e-12
1.8171648e-12
1.774992665e-12
1.718356261e-12
1.707326089e-12
1.754396656e-12
1.373293056e-12
1.416113011e-12
1.472901292e-12
1.553596475e-12
1.6476783e-12
1.228369751e-12
1.308208797e-12
1.384132427e-12
1.487735142e-12
1.644499607e-12
1.052598229e-12
1.122004161e-12
1.198888808e-12
1.294229297e-12
1.383935483e-12
7.893997158e-13
8.454864024e-13
8.902676321e-13
9.220517651e-13
9.64203295e-13
4.965753847e-13
5.189119445e-13
5.232341959e-13
5.218204553e-13
5.366792173e-13
2.289813847e-13
2.197538429e-13
2.028862983e-13
2.010484113e-13
2.214397446e-13
2.614930782e-14
1.851299385e-14
1.795103344e-14
5.561752544e-14
5.967045435e-14
0
1.066194001e-14
1.640640471e-14
1.303732806e-14
4.92337468e-15
1.243580122e-14
7.621211365e-15
4.70464407e-15
0
0
7.907060884e-16
0
0
0
0
0
0
0
0
0
0
0
0
0
3.694921605e-15
0
0
6.620043742e-15
9.142760994e-15
4.91967804e-15
1.307308593e-14
9.596757543e-15
7.263945778e-15
3.791295423e-15
2.535290881e-16
5.326588291e-15
2.995688392e-15
1.39260319e-15
6.169884037e-17
0
0
0
0
0
0
0
0
0
0
0
0
0
0
0
0
0
0
0
0
2.716378364e-15
0
2.367694537e-15
2.640136141e-15
3.196874665e-15
4.109953708e-15
8.109230479e-15
7.478640851e-15
6.9384011e-15
4.407974832e-15
4.519207691e-15
7.522097314e-15
6.151852493e-15
5.166021566e-15
4.503031838e-15
4.154391686e-15
6.915054286e-15
5.590956835e-15
4.710073254e-15
4.198886036e-15
3.917468015e-15
8.197137239e-15
6.544798502e-15
5.299843795e-15
4.381305695e-15
3.646740522e-15
1.999708813e-14
1.736808536e-14
1.451972786e-14
1.279531491e-14
8.67557587e-15
4.680242871e-14
4.041828127e-14
3.359631625e-14
2.79546594e-14
2.333174475e-14
7.065448664e-14
6.503348033e-14
6.033031099e-14
5.78675486e-14
5.795375722e-14
9.823788103e-14
9.473311754e-14
9.259378607e-14
9.319374453e-14
9.776927916e-14
1.064412983e-13
1.161876027e-13
1.09341883e-13
1.022338446e-13
9.724640145e-14
1.161632104e-13
1.098094293e-13
1.025919723e-13
9.544179855e-14
8.89267078e-14
1.361733199e-13
1.248026401e-13
1.127421526e-13
1.002514492e-13
8.763968761e-14
1.826153695e-13
1.628380351e-13
1.414605109e-13
1.179384064e-13
9.653502044e-14
2.215454395e-13
1.985038245e-13
1.7248989e-13
1.441075616e-13
1.153920808e-13
2.405995815e-13
2.104980901e-13
1.770766676e-13
1.461231328e-13
1.175585154e-13
2.435542062e-13
2.224537692e-13
2.018339077e-13
1.8344513e-13
1.696415002e-13
3.365006665e-13
3.288669709e-13
3.249926225e-13
3.242364834e-13
3.227172996e-13
1.146009912e-12
3.607074092e-12
0
0
0
0
0
0
0
0
0
0
0
0
0
0
0
0
0
0
0
0
0
0
0
0
0
0
0
0
0
0
0
0
0
0
0
0
0
0
0
0
0
0
0
0
0
0
0
0
0
0
0
0
0
0
0
0
0
0
2.350104547e-11
3.762589982e-11
0
0
0
0
0
0
0
0
0
0
0
0
0
0
0
0
0
0
0
0
0
0
0
0
0
0
0
0
0
0
0
0
0
0
0
0
0
0
0
0
0
0
0
0
0
0
0
0
0
0
0
0
0
0
0
0
0
0
1.249281977e-10
0
0
0
0
0
0
0
0
0
0
0
0
0
0
0
0
0
0
0
0
0
0
0
0
0
0
0
0
0
0
0
0
0
0
0
0
0
0
0
0
0
0
0
0
0
0
0
0
0
0
0
0
0
0
0
0
0
0
0
8.745487412e-10
5.728216739e-11
1.225261797e-11
0
0
0
0
0
0
0
0
0
0
0
0
0
0
0
0
0
0
0
0
0
0
0
0
0
0
0
0
0
0
0
0
0
0
0
0
0
0
0
0
0
0
0
0
0
0
0
0
0
0
0
0
0
0
0
0
0
5.616773066e-09
3.465194142e-10
7.8480243e-12
7.480290025e-12
0
0
0
0
0
0
0
0
0
0
0
0
0
0
0
0
0
0
0
0
0
0
0
0
0
0
0
0
0
0
0
0
0
0
0
0
0
0
0
0
0
0
0
0
0
0
0
0
0
0
0
0
0
0
0
0
1.224460314e-08
1.595214795e-09
1.998635758e-10
7.857321503e-11
7.05468449e-12
0
0
0
0
0
0
0
0
0
0
0
0
0
0
0
0
0
0
0
0
0
0
0
0
0
0
0
0
0
0
0
0
0
0
0
0
0
0
0
0
0
0
0
0
0
0
0
0
0
0
0
0
0
0
0
1.583839104e-08
4.153153874e-09
8.150420834e-10
8.688139681e-11
3.490614779e-11
2.369283447e-12
0
0
0
0
0
0
0
0
0
0
0
0
0
0
0
0
0
0
0
0
0
0
0
0
0
0
0
0
0
0
0
0
0
0
0
0
0
0
0
0
0
0
0
0
0
0
0
0
0
0
0
0
0
0
2.176625909e-08
4.937929025e-09
2.417004637e-09
3.490111187e-10
1.140667518e-10
2.547949531e-11
8.641098563e-13
0
0
0
0
0
0
0
0
0
0
0
0
0
0
0
0
0
0
0
0
0
0
0
0
0
0
0
0
0
0
0
0
0
0
0
0
0
0
0
0
0
0
0
0
0
0
0
0
0
0
0
0
0
6.491815e-08
5.192718417e-09
5.418575148e-09
1.332987341e-09
1.546622862e-10
9.86696779e-11
1.033757652e-11
0
0
0
0
0
0
0
0
0
0
0
0
0
0
0
0
0
0
0
0
0
0
0
0
0
0
0
0
0
0
0
0
0
0
0
0
0
0
0
0
0
0
0
0
0
0
0
0
0
0
0
0
0
1.551279607e-07
1.177229379e-08
7.421349318e-09
3.818374723e-09
5.973140218e-10
6.147887431e-11
3.044359828e-11
2.470169293e-12
0
0
0
0
0
0
0
0
0
0
0
0
0
0
0
0
0
0
0
0
0
0
0
0
0
0
0
0
0
0
0
0
0
0
0
0
0
0
0
0
0
0
0
0
0
0
0
0
0
0
0
0
2.627782143e-07
2.690491836e-08
5.787700722e-09
1.01659264e-08
1.974368464e-09
2.355023578e-10
1.08017619e-10
1.240581006e-11
2.337919595e-15
0
0
0
0
0
0
0
0
0
0
0
0
0
0
0
0
0
0
0
0
0
0
0
0
0
0
0
0
0
0
0
0
0
0
0
0
0
0
0
0
0
0
0
0
0
0
0
0
0
0
0
3.617209424e-07
3.629059267e-08
4.815543225e-09
2.115636641e-08
5.615432138e-09
7.41984934e-10
6.697663553e-11
3.126975241e-11
2.691050444e-12
0
0
0
0
0
0
0
0
0
0
0
0
0
0
0
0
0
0
0
0
0
0
0
0
0
0
0
0
0
0
0
0
0
0
0
0
0
0
0
0
0
0
0
0
0
0
0
0
0
0
0
4.471985644e-07
5.279879567e-08
6.982243248e-09
2.255555432e-08
1.411626496e-08
2.086162109e-09
2.182965197e-10
7.757492527e-11
8.299014563e-12
2.354896998e-14
0
0
0
0
0
0
0
0
0
0
0
0
0
0
0
0
0
0
0
0
0
0
0
0
0
0
0
0
0
0
0
0
0
0
0
0
0
0
0
0
0
0
0
0
0
0
0
0
0
0
9.250615802e-07
1.193632388e-07
1.060807859e-08
1.341760753e-08
3.632465571e-08
5.699375956e-09
6.657755697e-10
1.94444283e-10
1.900741951e-11
6.237950928e-13
0
0
0
0
0
0
0
0
0
0
0
0
0
0
0
0
0
0
0
0
0
0
0
0
0
0
0
0
0
0
0
0
0
0
0
0
0
0
0
0
0
0
0
0
0
0
0
0
0
0
1.305765013e-06
1.903964764e-07
2.40358421e-08
1.213928871e-08
8.434157452e-08
1.303112933e-08
1.626288503e-09
2.184585289e-10
4.157696774e-11
2.510438379e-12
0
0
0
0
0
0
0
0
0
0
0
0
0
0
0
0
0
0
0
0
0
0
0
0
0
0
0
0
0
0
0
0
0
0
0
0
0
0
0
0
0
0
0
0
0
0
0
0
0
0
1.743727787e-06
2.590709308e-07
3.868484336e-08
1.943019651e-08
1.529992427e-07
2.304097079e-08
3.037429207e-09
3.741511055e-10
6.228089923e-11
4.251811142e-12
0
0
0
0
0
0
0
0
0
0
0
0
0
0
0
0
0
0
0
0
0
0
0
0
0
0
0
0
0
0
0
0
0
0
0
0
0
0
0
0
0
0
0
0
0
0
0
0
0
0
2.056382169e-06
3.606555313e-07
5.733851805e-08
2.682716303e-08
1.772105345e-07
2.736937312e-08
3.754628171e-09
4.586535144e-10
8.363059199e-11
5.326866671e-12
0
0
0
0
0
0
0
0
0
0
0
0
0
0
0
0
0
0
0
0
0
0
0
0
0
0
0
0
0
0
0
0
0
0
0
0
0
0
0
0
0
0
0
0
0
0
0
0
0
0
2.0134682e-06
3.710237947e-07
1.164387072e-07
4.38960501e-07
1.320539067e-07
1.966232433e-08
2.745761843e-09
2.973325684e-10
5.728207132e-11
5.557593892e-12
0
0
0
0
0
0
0
0
0
0
0
0
0
0
0
0
0
0
0
0
0
0
0
0
0
0
0
0
0
0
0
0
0
0
0
0
0
0
0
0
0
0
0
0
0
0
0
0
0
0
1.570551846e-06
2.87573433e-07
1.277808823e-07
5.081718158e-07
7.421825368e-08
9.847190428e-09
1.274468547e-09
2.362276447e-10
3.619064114e-11
1.722263794e-11
1.078096173e-12
0
0
0
0
0
0
0
0
0
0
0
0
0
0
0
0
0
0
0
0
0
0
0
0
0
0
0
0
0
0
0
0
0
0
0
0
0
0
0
0
0
0
0
0
0
0
0
0
0
1.656908807e-06
8.970218037e-07
1.617322555e-06
2.522333843e-07
3.06858517e-08
3.958923404e-09
5.418390389e-10
1.195619074e-10
2.93713885e-11
1.690441069e-11
8.497123841e-12
7.275971106e-13
0
0
0
0
0
0
0
0
0
0
0
0
0
0
0
0
0
0
0
0
0
0
0
0
0
0
0
0
0
0
0
0
0
0
0
0
0
0
0
0
0
0
0
0
0
0
0
0
5.143741493e-06
2.261152472e-06
4.693738303e-07
6.772911554e-08
9.443568418e-09
1.429407192e-09
2.481456034e-10
5.380602694e-11
1.903841781e-11
1.133090648e-11
1.718983513e-11
9.625893502e-12
1.112472532e-12
0
0
0
0
0
0
0
0
0
0
0
0
0
0
0
0
0
0
0
0
0
0
0
0
0
0
0
0
0
0
0
0
0
0
0
0
0
0
0
0
0
0
0
0
0
0
0
1.07465595e-06
3.721595157e-07
8.1062758e-08
1.470193832e-08
2.642466594e-09
4.978669471e-10
7.753828485e-11
1.893496152e-11
1.389990667e-12
4.051254718e-12
2.921058167e-12
1.575628464e-11
8.494588207e-12
8.616469874e-13
0
0
0
0
0
0
0
0
0
0
0
0
0
0
0
0
0
0
0
0
0
0
0
0
0
0
0
0
0
0
0
0
0
0
0
0
0
0
0
0
0
0
0
0
0
0
1.369783131e-07
5.126610571e-08
1.385718634e-08
3.318645793e-09
7.910855516e-10
2.023772072e-10
5.542450012e-11
1.244762298e-11
4.663102038e-12
2.075905309e-13
1.492940322e-12
1.726916191e-12
1.416415335e-11
6.802853177e-12
7.293747783e-13
0
0
0
0
0
0
0
0
0
0
0
0
0
0
0
0
0
0
0
0
0
0
0
0
0
0
0
0
0
0
0
0
0
0
0
0
0
0
0
0
0
0
0
0
0
1.942144011e-08
8.260030925e-09
2.828883957e-09
8.846088779e-10
2.639755104e-10
6.704992747e-11
2.024073306e-11
8.913602576e-12
5.255307476e-12
3.042946518e-12
2.016276907e-12
1.404664955e-12
1.715946679e-12
1.582853961e-11
8.6691163e-12
1.808998622e-12
0
0
0
0
0
0
0
0
0
0
0
0
0
0
0
0
0
0
0
0
0
0
0
0
0
0
0
0
0
0
0
0
0
0
0
0
0
0
0
0
0
0
0
0
3.618445823e-09
1.737903503e-09
6.902710072e-10
2.698377003e-10
9.891463164e-11
3.763946695e-11
1.567974774e-11
5.976172116e-12
3.110947278e-12
2.539711734e-12
4.639618798e-13
1.803906229e-12
2.138824156e-12
2.252332207e-12
1.533945397e-11
6.160219688e-12
6.891830648e-13
0
0
0
0
0
0
0
0
0
0
0
0
0
0
0
0
0
0
0
0
0
0
0
0
0
0
0
0
0
0
0
0
0
0
0
0
0
0
0
0
0
0
0
8.534224181e-10
4.615188224e-10
2.276218494e-10
1.100983747e-10
4.545323731e-11
1.792727752e-11
8.175487707e-12
3.137798444e-12
1.435401084e-12
2.566749139e-12
1.899945051e-12
6.401781682e-13
1.729855817e-12
3.76627785e-12
1.137698664e-11
1.532450706e-11
4.070130667e-12
0
0
0
0
0
0
0
0
0
0
0
0
0
0
0
0
0
0
0
0
0
0
0
0
0
0
0
0
0
0
0
0
0
0
0
0
0
0
0
0
0
0
0
2.688950866e-10
1.572376946e-10
8.424214054e-11
3.522409293e-11
1.95808693e-11
6.20051713e-12
4.048493971e-12
1.391727972e-12
6.819604528e-13
2.396669452e-12
3.182669712e-12
2.308166853e-12
4.718969359e-13
9.395877774e-13
7.938686354e-13
2.014489886e-11
2.302091044e-11
6.548881847e-12
0
0
0
0
0
0
0
0
0
0
0
0
0
0
0
0
0
0
0
0
0
0
0
0
0
0
0
0
0
0
0
0
0
0
0
0
0
0
0
0
0
0
1.004263358e-10
6.273854712e-11
3.468718376e-11
1.897993704e-11
9.684916089e-12
5.000058575e-12
3.18552102e-12
2.125519756e-12
1.363359517e-12
2.683830324e-12
2.958388033e-12
2.7925977e-12
5.964173158e-13
1.124573465e-12
1.10611737e-12
1.273519482e-12
2.159048942e-11
2.431904824e-11
6.407806822e-12
0
0
0
0
0
0
0
0
0
0
0
0
0
0
0
0
0
0
0
0
0
0
0
0
0
0
0
0
0
0
0
0
0
0
0
0
0
0
0
0
0
3.560737818e-11
2.154688532e-11
1.421352203e-11
8.130667946e-12
4.121867832e-12
3.068628014e-12
2.475778536e-12
2.134822949e-12
5.769470077e-13
0
2.105012692e-12
2.535807922e-12
2.134175284e-12
5.163497074e-13
2.417957534e-12
5.304981625e-12
1.231127236e-11
2.004075523e-11
7.944205843e-12
9.807789447e-13
0
0
0
0
0
0
0
0
0
0
0
0
0
0
0
0
0
0
0
0
0
0
0
0
0
0
0
0
0
0
0
0
0
0
0
0
0
0
0
0
1.408899752e-11
9.999287832e-12
6.60287434e-12
3.6474239e-12
2.878828328e-12
2.361655673e-12
2.105487236e-12
1.900073e-12
1.375432241e-12
0
1.773169973e-12
2.634091995e-12
3.399527667e-12
2.466787354e-12
0
7.807060795e-13
5.174785481e-13
1.938167802e-11
2.350184359e-11
8.762856443e-12
6.07493183e-13
0
0
0
0
0
0
0
0
0
0
0
0
0
0
0
0
0
0
0
0
0
0
0
0
0
0
0
0
0
0
0
0
0
0
0
0
0
0
0
6.550439873e-12
4.778560038e-12
3.244731947e-12
2.1211614e-12
2.177876764e-12
2.014275671e-12
2.070221697e-12
2.203218277e-12
2.528729186e-12
2.494986617e-12
2.582742054e-12
2.709402223e-12
2.19112845e-12
1.801696636e-12
5.630341474e-13
1.811886783e-13
5.602486211e-13
3.578464157e-13
2.246256958e-11
2.635533261e-11
8.831213739e-12
2.421704613e-14
0
0
0
0
0
0
0
0
0
0
0
0
0
0
0
0
0
0
0
0
0
0
0
0
0
0
0
0
0
0
0
0
0
0
0
0
0
0
3.155156694e-12
2.673734662e-12
2.1377073e-12
2.099957157e-12
2.08529536e-12
2.155227475e-12
2.555414047e-12
2.342321755e-12
2.336394675e-12
2.556091847e-12
2.304465116e-12
1.972948817e-12
1.468403431e-12
1.336003398e-12
0
0
4.659507547e-13
4.930755113e-12
2.144761467e-11
2.712579561e-11
1.269187926e-11
3.090822427e-12
0
0
0
0
0
0
0
0
0
0
0
0
0
0
0
0
0
0
0
0
0
0
0
0
0
0
0
0
0
0
0
0
0
0
0
0
0
0
2.135550341e-12
2.007435589e-12
1.929436676e-12
1.961202465e-12
2.161231665e-12
2.285631227e-12
2.714776434e-12
2.619108647e-12
2.280689047e-12
2.272881669e-12
1.826597172e-12
1.500842323e-12
1.004897089e-12
8.053958027e-13
7.765418957e-13
4.344181564e-13
1.237176571e-13
7.199229456e-13
6.126227095e-13
2.274016986e-11
2.717655188e-11
1.138061332e-11
2.004158855e-12
0
0
0
0
0
0
0
0
0
0
0
0
0
0
0
0
0
0
0
0
0
0
0
0
0
0
0
0
0
0
0
0
0
0
0
0
0
1.79489832e-12
1.851803897e-12
1.975726702e-12
2.089550089e-12
2.312802275e-12
2.458019623e-12
2.612140449e-12
2.584863484e-12
2.020772442e-12
1.590603568e-12
1.384576738e-12
1.298646009e-12
1.09848385e-12
1.011270262e-12
1.288932828e-12
0
2.083487747e-12
4.722949939e-12
1.106190958e-11
2.647815854e-11
3.460036442e-11
3.213967111e-11
1.182425706e-11
1.189635253e-12
0
0
0
0
0
0
0
0
0
0
0
0
0
0
0
0
0
0
0
0
0
0
0
0
0
0
0
0
0
0
0
0
0
0
0
0
1.783553007e-12
1.973083632e-12
1.996754518e-12
2.01010609e-12
2.162574286e-12
2.237752355e-12
2.246482595e-12
2.345458085e-12
1.877153121e-12
1.386210072e-12
1.300001473e-12
1.171719393e-12
1.18259095e-12
1.153145973e-12
1.513213693e-12
1.805216259e-12
6.693601556e-14
2.276711891e-12
2.841779412e-12
1.660991716e-12
2.531876609e-11
3.165701852e-11
1.569041396e-11
4.602262439e-12
0
0
0
0
0
0
0
0
0
0
0
0
0
0
0
0
0
0
0
0
0
0
0
0
0
0
0
0
0
0
0
0
0
0
0
0
1.899272949e-12
1.9807832e-12
1.919751163e-12
1.724012624e-12
1.65778911e-12
1.677984097e-12
1.709620072e-12
1.907685203e-12
1.50281105e-12
1.13230574e-12
1.153361988e-12
9.973590648e-13
1.078037014e-12
9.978665649e-13
1.185158155e-12
1.564850342e-12
0
1.512291261e-12
2.483727776e-12
5.698320323e-12
1.818161365e-11
2.945720302e-11
3.036611394e-11
1.259977661e-11
2.580326153e-12
0
0
0
0
0
0
0
0
0
0
0
0
0
0
0
0
0
0
0
0
0
0
0
0
0
0
0
0
0
0
0
0
0
0
0
1.510195208e-12
1.570434132e-12
1.369148886e-12
1.162160154e-12
1.079633032e-12
1.067320456e-12
1.105212097e-12
1.338091999e-12
9.763031546e-13
7.108180486e-13
7.808453551e-13
6.752955077e-13
7.470595987e-13
6.519794058e-13
6.484496552e-13
8.318535495e-13
0
8.347049735e-13
1.506923639e-12
1.881499991e-12
1.14017761e-12
2.492375094e-11
3.254910941e-11
1.871137858e-11
7.273211882e-12
2.85693659e-14
0
0
0
0
0
0
0
0
0
0
0
0
0
0
0
0
0
0
0
0
0
0
0
0
0
0
0
0
0
0
0
0
0
0
1.032924947e-12
1.038606537e-12
7.949056632e-13
5.745010447e-13
4.918501136e-13
4.848560266e-13
5.423854496e-13
8.052395534e-13
4.873907437e-13
2.70980472e-13
3.733660652e-13
2.917353602e-13
3.83019121e-13
3.418556372e-13
3.883278642e-13
8.171127857e-13
1.431488602e-12
3.935610333e-13
1.250187482e-12
9.343501747e-13
1.766009481e-12
2.154773441e-12
2.688873001e-11
3.139979095e-11
1.495052253e-11
4.214334526e-12
0
0
0
0
0
0
0
0
0
0
0
0
0
0
0
0
0
0
0
0
0
0
0
0
0
0
0
0
0
0
0
0
0
0
5.925506668e-13
4.759475261e-13
3.110385879e-13
1.480686186e-13
1.599967911e-13
8.011293184e-14
7.365010022e-14
1.48631528e-13
9.144699584e-14
7.635932173e-15
1.319131435e-13
3.878376284e-14
6.082381902e-14
1.402533209e-13
1.825834813e-13
5.708290348e-13
1.010181741e-12
0
8.279494014e-13
1.31014678e-12
1.467682198e-12
6.452491964e-14
2.762619861e-11
4.025117749e-11
3.686242123e-11
1.513954198e-11
2.944840894e-12
0
0
0
0
0
0
0
0
0
0
0
0
0
0
0
0
0
0
0
0
0
0
0
0
0
0
0
0
0
0
0
0
0
2.099246087e-13
1.382276798e-13
5.524947357e-14
0
1.538048323e-14
0
0
1.65576501e-14
3.537229031e-15
3.779614801e-15
8.37955922e-14
0
0
4.303457138e-14
7.264108324e-14
2.093461962e-13
2.514855213e-13
0
5.970494467e-13
1.238887783e-12
1.504606211e-12
1.686422268e-12
1.385963138e-12
2.940984678e-11
3.587454405e-11
1.852177561e-11
6.232258552e-12
8.193988933e-15
0
0
0
0
0
0
0
0
0
0
0
0
0
0
0
0
0
0
0
0
0
0
0
0
0
0
0
0
0
0
0
0
4.338200238e-14
9.61724851e-15
7.357169891e-16
3.747857009e-14
1.35492556e-14
0
0
1.012180839e-14
0
3.203975706e-15
5.576693485e-14
0
0
4.072874274e-14
8.718161189e-14
2.379886165e-13
6.85367832e-13
1.484086086e-12
1.346689052e-12
1.681804422e-12
1.810848728e-12
1.76285744e-12
1.185001221e-13
2.831561163e-11
4.082920318e-11
3.761423498e-11
1.598875102e-11
3.963064385e-12
0
0
0
0
0
0
0
0
0
0
0
0
0
0
0
0
0
0
0
0
0
0
0
0
0
0
0
0
0
0
0
0
0
0
0
4.67632321e-15
0
0
0
9.529359154e-15
0
3.384895071e-15
3.13313179e-14
0
0
3.418617377e-14
6.999014121e-14
1.933733251e-13
6.940306775e-13
1.487274354e-12
1.937362455e-13
1.723975668e-12
2.339755699e-12
2.784362563e-12
3.357039048e-12
4.320968227e-12
3.00777346e-11
3.624192603e-11
1.943556979e-11
7.147385021e-12
1.191474522e-13
0
0
0
0
0
0
0
0
0
0
0
0
0
0
0
0
0
0
0
0
0
0
0
0
0
0
0
0
0
0
0
0
0
1.515365459e-14
4.932712327e-15
0
0
2.060877283e-14
1.703579385e-14
0
0
3.608901515e-15
0
0
1.564382388e-14
0
1.007701095e-14
2.281090103e-13
3.168987919e-13
0
7.544176586e-13
1.758819229e-12
2.101033039e-12
2.051002154e-12
3.783583024e-13
2.884928768e-11
4.143570177e-11
3.837646169e-11
1.703891271e-11
4.738052268e-12
0
0
0
0
0
0
0
0
0
0
0
0
0
0
0
0
0
0
0
0
0
0
0
0
0
0
0
0
0
0
0
0
2.032898467e-14
1.446776827e-14
4.913322077e-16
0
0
1.180196719e-14
2.341262303e-16
0
0
2.566301523e-16
0
0
1.239740593e-14
2.803180703e-14
1.209987463e-13
3.087821725e-13
7.252883633e-13
1.493423842e-12
1.298189133e-12
1.54553942e-12
1.548842251e-12
1.236743221e-12
0
1.955059619e-11
3.407016589e-11
3.759300911e-11
2.043018439e-11
8.029051192e-12
7.030402134e-13
0
0
0
0
0
0
0
0
0
0
0
0
0
0
0
0
0
0
0
0
0
0
0
0
0
0
0
0
0
0
1.787773217e-14
1.52778807e-14
4.031330005e-15
0
0
0
9.845070703e-15
0
0
3.191745258e-16
3.127042226e-16
0
0
3.873408029e-14
6.647511085e-14
1.939515856e-13
4.229998037e-13
8.774381284e-13
1.75114997e-12
1.326148325e-12
1.416746637e-12
1.486613826e-12
1.376142588e-12
1.673642263e-12
1.136028461e-12
2.974803625e-11
4.207995724e-11
3.879115262e-11
1.74571406e-11
5.06912325e-12
0
0
0
0
0
0
0
0
0
0
0
0
0
0
0
0
0
0
0
0
0
0
0
0
0
0
0
0
0
0
5.166335439e-15
9.453191775e-16
0
0
0
0
0
0
0
1.050402461e-16
3.031613934e-16
0
0
3.959214885e-14
9.617234825e-14
1.518156733e-13
2.716868298e-13
5.5422194e-13
1.095784055e-12
3.429317844e-13
8.349472528e-13
1.197278513e-12
1.287615427e-12
1.238396374e-12
0
2.409921622e-11
3.771347167e-11
3.921761335e-11
2.092805726e-11
8.181526252e-12
8.176166115e-13
0
0
0
0
0
0
0
0
0
0
0
0
0
0
0
0
0
0
0
0
0
0
0
0
0
0
0
0
0
8.560603787e-16
0
0
0
0
9.523626474e-15
0
0
0
7.831869753e-16
1.139136182e-15
0
0
3.657139243e-14
7.480847179e-14
7.455997297e-14
8.367023614e-14
1.371374608e-13
1.703269642e-13
2.233730193e-13
6.543844293e-13
1.234963311e-12
1.540752162e-12
1.681397355e-12
1.329344578e-12
1.370795832e-12
3.002010967e-11
4.109777079e-11
3.50778813e-11
1.526534032e-11
3.791969313e-12
0
0
0
0
0
0
0
0
0
0
0
0
0
0
0
0
0
0
0
0
0
0
0
0
0
0
0
0
0
0
0
0
0
6.011715532e-16
0
0
0
0
8.820283452e-16
3.874248426e-16
0
9.893399023e-15
8.798594679e-14
1.634508835e-13
2.151873714e-13
3.241913114e-13
4.255458714e-13
6.732753225e-13
1.264920751e-12
1.17515456e-12
1.524355106e-12
1.807723509e-12
1.900382475e-12
1.892242217e-12
7.967342127e-14
2.750724711e-11
4.080992365e-11
3.981927792e-11
1.971770585e-11
6.886596692e-12
3.09950242e-13
0
0
0
0
0
0
0
0
0
0
0
0
0
0
0
0
0
0
0
0
0
0
0
0
0
0
0
0
0
0
0
0
1.013182477e-14
0
0
0
0
2.190084412e-15
8.699226121e-16
0
6.121178597e-14
1.584331397e-13
2.686878333e-13
3.699770153e-13
5.514574224e-13
7.452630611e-13
1.146771972e-12
1.968650785e-12
1.565966277e-12
1.623681354e-12
1.963815283e-12
2.107591076e-12
2.034581282e-12
1.372358453e-12
1.331187466e-12
2.908550839e-11
3.65862184e-11
2.216843549e-11
1.025793333e-11
2.225554632e-12
0
0
0
0
0
0
0
0
0
0
0
0
0
0
0
0
0
0
0
0
0
0
0
0
0
0
0
0
0
0
0
1.057631153e-15
0
0
0
0
1.963527905e-16
8.562167637e-16
6.149686881e-16
0
7.165847409e-14
1.627551001e-13
2.57907671e-13
3.294482063e-13
4.567707186e-13
5.622314894e-13
8.243094591e-13
1.233617779e-12
1.076453773e-12
1.12234718e-12
1.403629133e-12
1.416425142e-12
8.786998834e-13
1.052429987e-12
3.80850946e-14
2.831369114e-11
4.083384858e-11
3.850098354e-11
1.879469764e-11
6.654343201e-12
4.169597013e-13
0
0
0
0
0
0
0
0
0
0
0
0
0
0
0
0
0
0
0
0
0
0
0
0
0
0
0
0
0
3.00520576e-15
0
1.055687948e-15
1.149453214e-15
0
0
9.926519149e-16
1.146918688e-15
5.791328866e-16
0
6.0762229e-14
1.21725779e-13
1.767572085e-13
1.962312057e-13
2.329079143e-13
2.015830525e-13
2.292015638e-13
2.876124141e-13
3.385540407e-13
4.886885594e-13
8.449494618e-13
1.101564398e-12
1.197690136e-12
1.269781515e-12
0
2.157980545e-11
3.50467231e-11
3.784081434e-11
2.16184085e-11
9.837558144e-12
2.220594663e-12
0
0
0
0
0
0
0
0
0
0
0
0
0
0
0
0
0
0
0
0
0
0
0
0
0
0
0
0
4.701266471e-15
1.517275589e-15
2.769107383e-15
3.334758796e-15
2.442590865e-15
0
1.409880461e-17
7.320800754e-16
3.905431678e-15
3.665664744e-15
4.078682758e-15
4.163645987e-14
7.334574236e-14
9.44377817e-14
8.081089511e-14
8.277585456e-14
8.200197698e-15
0
0
4.450799006e-14
2.074706804e-13
5.265492647e-13
1.020049061e-12
1.28394807e-12
1.364430849e-12
9.121531539e-13
1.125320297e-12
3.016841854e-11
4.229403918e-11
3.906483367e-11
1.87374235e-11
6.446564321e-12
2.830638188e-13
0
0
0
0
0
0
0
0
0
0
0
0
0
0
0
0
0
0
0
0
0
0
0
0
0
0
3.774598263e-15
2.683762405e-15
3.758563894e-15
3.617829537e-15
2.649006335e-15
8.073593751e-16
7.012885757e-16
1.662931724e-15
8.62485671e-15
1.503690368e-14
1.669425507e-14
1.155833323e-14
3.733000764e-14
4.988278232e-14
5.354956384e-14
3.558815103e-14
4.038498089e-14
2.200643996e-15
0
0
1.235116021e-13
1.215684126e-13
3.529594776e-13
7.680988884e-13
9.089552143e-13
6.517445094e-13
7.461296012e-13
0
2.833444866e-11
4.249107474e-11
4.252802123e-11
2.340048124e-11
1.005020015e-11
2.036083081e-12
0
0
0
0
0
0
0
0
0
0
0
0
0
0
0
0
0
0
0
0
0
0
0
0
0
0
3.382725238e-15
4.091830786e-15
4.199087072e-15
4.236258086e-15
4.403435299e-15
6.250307024e-15
5.166101223e-15
1.05129e-14
1.934659739e-14
2.75673932e-14
3.338763667e-14
3.52487046e-14
4.65091565e-14
4.884440075e-14
4.088949602e-14
3.288316704e-14
3.603230634e-14
1.434043421e-14
0
0
1.294036625e-13
1.163771908e-13
3.427106014e-13
8.446023081e-13
1.297183097e-12
1.709460137e-12
2.27465424e-12
2.018875439e-12
4.460296564e-12
3.225848246e-11
4.31298174e-11
3.753689409e-11
1.704322235e-11
5.086237704e-12
3.86770355e-14
0
0
0
0
0
0
0
0
0
0
0
0
0
0
0
0
0
0
0
0
0
0
0
0
0
4.295553827e-15
4.180463961e-15
4.253116692e-15
4.476891837e-15
4.605362866e-15
5.830699765e-15
9.124415369e-15
1.579011536e-14
2.180474695e-14
2.307769187e-14
1.839069016e-14
3.540735783e-14
4.536305181e-14
4.566884545e-14
3.660906652e-14
2.913108831e-14
3.375314902e-14
1.676303985e-14
0
0
5.13588829e-14
1.000486819e-13
3.118466744e-13
7.380729757e-13
1.274833342e-12
1.629093176e-12
1.798873919e-12
1.229217455e-12
3.585910336e-13
2.970673887e-11
4.33711534e-11
4.204811153e-11
2.171992439e-11
8.580037562e-12
1.371241846e-12
0
0
0
0
0
0
0
0
0
0
0
0
0
0
0
0
0
0
0
0
0
0
0
0
0
3.917519746e-15
3.727023431e-15
3.408540743e-15
4.404454896e-15
2.466465169e-15
1.595264884e-15
1.044786442e-14
1.546895881e-14
2.167746022e-14
2.541718514e-14
2.278091111e-14
3.626177025e-14
4.064121752e-14
3.797277972e-14
2.75286315e-14
2.600551161e-14
2.974204548e-14
1.76456475e-14
0
0
7.305904012e-15
7.814657444e-15
1.251816094e-13
4.010626196e-13
8.675291595e-13
1.139816865e-12
1.080174865e-12
7.690618367e-13
0
2.371950672e-11
3.758354699e-11
4.012573795e-11
2.382726608e-11
1.164669889e-11
3.339148227e-12
0
0
0
0
0
0
0
0
0
0
0
0
0
0
0
0
0
0
0
0
0
0
0
0
0
3.649667554e-15
3.207226005e-15
3.851912176e-15
6.980272659e-16
0
2.48092149e-15
7.948168145e-15
1.377203582e-14
1.877493453e-14
2.094279013e-14
2.445946735e-14
3.434665851e-14
3.473093922e-14
2.67553873e-14
9.312162234e-15
1.901301512e-14
2.50940908e-14
1.529241506e-14
0
0
5.131595796e-15
0
6.04252835e-14
2.98029634e-13
7.859254554e-13
1.206178022e-12
1.555122201e-12
1.931363672e-12
1.168787484e-12
1.424806404e-12
3.155305215e-11
4.446005445e-11
4.163895029e-11
2.144245094e-11
8.646255685e-12
1.521417851e-12
0
0
0
0
0
0
0
0
0
0
0
0
0
0
0
0
0
0
0
0
0
0
0
0
4.324168034e-15
2.102279421e-15
0
0
1.807483224e-15
5.975157718e-15
1.217902403e-14
1.903455585e-14
2.622846343e-14
3.28092533e-14
4.294387839e-14
5.025364874e-14
5.187380357e-14
4.506018641e-14
2.642285148e-14
4.098154333e-14
4.019832423e-14
2.384439468e-14
0
0
7.143588399e-15
0
1.432861797e-14
2.01536752e-13
6.490304771e-13
1.06821881e-12
1.394256044e-12
1.613483705e-12
9.327453782e-13
2.477761887e-13
3.022850636e-11
4.518560074e-11
4.538532354e-11
2.61337856e-11
1.228864216e-11
3.389037797e-12
0
0
0
0
0
0
0
0
0
0
0
0
0
0
0
0
0
0
0
0
0
0
0
0
3.952896727e-15
1.476461796e-15
2.695527089e-15
9.586547712e-15
2.238631397e-14
2.608188378e-14
3.196589174e-14
4.033012972e-14
4.953103444e-14
6.542471478e-14
9.082489402e-14
1.103283411e-13
1.231051609e-13
1.258137906e-13
1.141381819e-13
1.272178243e-13
1.121534181e-13
6.970870153e-14
0
0
6.791343817e-15
0
3.002330262e-15
8.073854591e-14
3.047098699e-13
6.278046905e-13
6.509550641e-13
2.475484552e-13
1.335668098e-13
0
2.260573169e-11
3.897883075e-11
4.629238691e-11
3.881339615e-11
1.874704196e-11
6.321682362e-12
3.349927533e-13
0
0
0
0
0
0
0
0
0
0
0
0
0
0
0
0
0
0
0
0
0
0
0
1.986187519e-14
1.975294072e-14
2.521462326e-14
3.416812151e-14
4.57429111e-14
5.910267447e-14
7.548931561e-14
9.471282388e-14
1.20458407e-13
1.543914544e-13
1.912707906e-13
2.277093173e-13
2.600673681e-13
2.8351418e-13
2.884315677e-13
2.982806345e-13
2.732835298e-13
2.127673908e-13
9.291187887e-14
3.605706088e-14
2.590563594e-14
5.178062833e-14
1.13411704e-14
8.382834864e-14
2.773151237e-13
6.564587554e-13
8.976990628e-13
1.00152655e-12
8.167257377e-13
7.885770081e-13
1.452548192e-12
3.255774906e-11
4.693184618e-11
4.546364278e-11
2.471002493e-11
1.078459613e-11
2.5525729e-12
0
0
0
0
0
0
0
0
0
0
0
0
0
0
0
0
0
0
0
0
0
0
0
6.151456812e-14
7.257547749e-14
7.269978507e-14
7.892216353e-14
9.199649115e-14
1.114975333e-13
1.375010243e-13
1.672343222e-13
1.992536233e-13
2.554673592e-13
3.120548061e-13
3.710944985e-13
4.318735615e-13
4.861772348e-13
4.901892877e-13
4.844256562e-13
4.511107932e-13
3.835626412e-13
2.576983799e-13
1.99726723e-13
2.010100402e-13
2.340915261e-13
1.468680876e-13
1.771189382e-13
3.533695567e-13
7.700543041e-13
1.13351909e-12
1.465420525e-12
1.84423987e-12
1.003227443e-12
3.904826428e-13
3.109312952e-11
4.66010902e-11
4.710979151e-11
2.800927194e-11
1.385953506e-11
4.354612673e-12
2.922341931e-14
0
0
0
0
0
0
0
0
0
0
0
0
0
0
0
0
0
0
0
0
0
0
9.38051759e-14
9.305122393e-14
9.66740033e-14
1.060816405e-13
1.22131638e-13
1.458369486e-13
1.768506257e-13
2.127674723e-13
2.619376899e-13
3.205707737e-13
3.856332907e-13
4.547106061e-13
5.235231857e-13
5.768661494e-13
5.921895929e-13
5.79804602e-13
5.40898653e-13
4.695423356e-13
3.431153949e-13
2.920925327e-13
3.117910258e-13
3.456414957e-13
2.032329394e-13
1.76449569e-13
2.976157271e-13
6.417246304e-13
8.820084318e-13
9.885845141e-13
1.078868697e-12
3.495486591e-13
0
2.422284688e-11
4.092131836e-11
4.874264076e-11
4.327845492e-11
2.108987163e-11
7.651396999e-12
8.908349958e-13
0
0
0
0
0
0
0
0
0
0
0
0
0
0
0
0
0
0
0
0
0
0
9.363083084e-14
9.303124513e-14
9.654130495e-14
1.050050836e-13
1.183373184e-13
1.407032306e-13
1.647439782e-13
1.963796278e-13
2.527862794e-13
3.09798405e-13
3.680968885e-13
4.248483864e-13
4.752551048e-13
5.110176251e-13
5.356604071e-13
5.305742738e-13
4.981835303e-13
4.329845221e-13
3.150898878e-13
2.7660925e-13
3.097839026e-13
3.375969621e-13
1.74766729e-13
1.143000804e-13
1.850045259e-13
4.679976807e-13
6.614401501e-13
7.463670713e-13
6.318245344e-13
2.422866942e-13
4.939662786e-13
1.556869416e-12
3.324383646e-11
4.797753256e-11
4.67528205e-11
2.596685168e-11
1.177848771e-11
3.146504455e-12
0
0
0
0
0
0
0
0
0
0
0
0
0
0
0
0
0
0
0
0
0
0
8.278887487e-14
7.803725093e-14
7.597031735e-14
7.715632352e-14
8.665933611e-14
9.8932907e-14
1.160073777e-13
1.566752647e-13
1.982232013e-13
2.405851023e-13
2.814247452e-13
3.183437507e-13
3.503567268e-13
3.766176499e-13
3.99066989e-13
3.984485542e-13
3.744422062e-13
3.216724175e-13
2.214581903e-13
2.063800178e-13
2.674246256e-13
3.101997792e-13
1.585332012e-13
9.307849195e-14
1.289443898e-13
3.041797897e-13
5.951206291e-13
7.537841839e-13
7.485432512e-13
4.053608372e-13
4.316944359e-13
3.838865711e-13
3.184107629e-11
4.760600059e-11
4.80400954e-11
2.889221488e-11
1.461139328e-11
4.858109208e-12
8.902581267e-14
0
0
0
0
0
0
0
0
0
0
0
0
0
0
0
0
0
0
0
0
0
7.387939481e-14
5.904501297e-14
4.951918447e-14
4.346141331e-14
4.020842752e-14
4.77211197e-14
7.416722346e-14
1.021618426e-13
1.31612377e-13
1.609971858e-13
1.881478075e-13
2.113325843e-13
2.295337584e-13
2.504062371e-13
2.622809259e-13
2.591734847e-13
2.395241366e-13
1.984953896e-13
1.257885301e-13
1.455747852e-13
2.428566463e-13
3.02668568e-13
1.638546636e-13
1.030498745e-13
1.282081453e-13
2.861574579e-13
6.595584297e-13
9.515272396e-13
1.197564453e-12
1.483925587e-12
6.305898473e-13
0
2.741253306e-11
4.418946274e-11
5.083309623e-11
4.460228141e-11
2.182027004e-11
8.165557865e-12
1.191905568e-12
0
0
0
0
0
0
0
0
0
0
0
0
0
0
0
0
0
0
0
0
0
7.55034e-14
5.420306577e-14
3.600566316e-14
1.939252805e-14
1.412613755e-14
2.7706881e-14
4.224089635e-14
5.767792118e-14
7.255877938e-14
8.503099764e-14
9.429766788e-14
1.016328548e-13
1.045590073e-13
1.322691616e-13
1.437611113e-13
1.447212017e-13
1.32409748e-13
1.025076575e-13
5.177384589e-14
9.890645087e-14
2.410159355e-13
2.960768074e-13
1.641067503e-13
1.0292387e-13
1.193400075e-13
2.623203045e-13
6.204072842e-13
8.859209526e-13
1.108221678e-12
1.474225422e-12
6.53668398e-13
1.318144173e-12
4.850411537e-12
3.481785525e-11
4.897079742e-11
4.736211426e-11
2.639316678e-11
1.211722642e-11
3.375741072e-12
0
0
0
0
0
0
0
0
0
0
0
0
0
0
0
0
0
0
0
0
0
8.408646136e-14
5.078892668e-14
2.708517747e-14
1.34206377e-14
1.786148929e-14
2.332604068e-14
2.99774306e-14
3.665612929e-14
4.172752194e-14
4.415231851e-14
4.465589893e-14
4.553666039e-14
5.387630514e-14
6.462954489e-14
7.115457583e-14
7.126365536e-14
6.019533584e-14
3.449564817e-14
0
6.063228287e-14
2.173808905e-13
2.786977962e-13
1.465580149e-13
7.506459853e-14
7.341762369e-14
1.890438336e-13
5.013279684e-13
6.899785549e-13
7.630005772e-13
6.362837088e-13
2.446273104e-13
3.890636453e-13
5.731674601e-13
3.258186716e-11
4.844515676e-11
4.858252927e-11
2.904766629e-11
1.471419998e-11
4.953020778e-12
1.30743879e-13
0
0
0
0
0
0
0
0
0
0
0
0
0
0
0
0
0
0
0
0
8.898243541e-14
6.441924019e-14
5.288904171e-14
5.348840641e-14
5.336541999e-14
5.429092897e-14
5.519289593e-14
5.421636146e-14
5.004113388e-14
4.305446964e-14
3.590865004e-14
2.483038995e-14
4.285717407e-14
5.13544633e-14
5.589473053e-14
5.244295481e-14
3.609596435e-14
2.728312887e-15
0
3.588888991e-14
1.867214644e-13
2.344397316e-13
9.276524495e-14
1.364988881e-14
5.70693777e-15
1.054874227e-13
3.97843402e-13
5.74087673e-13
6.279341017e-13
5.006953301e-13
1.683059524e-13
2.823367595e-13
4.286811566e-14
3.018731468e-11
4.653763643e-11
4.984440117e-11
3.502410047e-11
1.865163464e-11
6.911245302e-12
7.800346693e-13
0
0
0
0
0
0
0
0
0
0
0
0
0
0
0
0
0
0
0
0
1.609620965e-13
1.60331442e-13
1.578225484e-13
1.565692868e-13
1.558365281e-13
1.539152922e-13
1.486358012e-13
1.381974443e-13
1.227083234e-13
1.066004206e-13
9.736584121e-14
1.018955168e-13
1.077857495e-13
1.122387432e-13
1.106853521e-13
9.737859907e-14
6.430626378e-14
0
0
3.862556423e-14
1.777995861e-13
2.1118162e-13
6.311341958e-14
6.928877224e-16
1.59936883e-16
6.330795242e-14
3.50313128e-13
5.494036878e-13
6.842916573e-13
7.255531472e-13
4.555108653e-13
2.085380422e-13
0
2.396560637e-11
4.084597568e-11
4.939574293e-11
4.484331042e-11
2.349306466e-11
9.849465637e-12
2.172133168e-12
0
0
0
0
0
0
0
0
0
0
0
0
0
0
0
0
0
0
0
0
3.210561232e-13
3.206077705e-13
3.205789227e-13
3.194559139e-13
3.149611839e-13
3.042968287e-13
2.847459235e-13
2.552455177e-13
2.19831953e-13
1.893535811e-13
1.744994493e-13
1.94945496e-13
2.060720121e-13
2.109356307e-13
2.053743137e-13
1.837054986e-13
1.374155752e-13
4.536695381e-14
3.079864153e-14
9.591928065e-14
2.188359265e-13
2.269851602e-13
6.713237226e-14
7.354557455e-16
2.114703797e-16
6.329685505e-14
3.223781608e-13
6.406501644e-13
9.236401503e-13
1.215862517e-12
1.453129382e-12
7.16857823e-13
1.1483206e-12
4.217296836e-12
3.408606202e-11
4.871463688e-11
4.774603584e-11
2.74870062e-11
1.326825977e-11
4.11339383e-12
3.587457743e-14
0
0
0
0
0
0
0
0
0
0
0
0
0
0
0
0
0
0
0
)
;

boundaryField
{
    inletCH4
    {
        type            fixedValue;
        value           uniform 0;
    }
    wallOutside
    {
        type            zeroGradient;
    }
    wallTube
    {
        type            zeroGradient;
    }
    inletPilot
    {
        type            fixedValue;
        value           uniform 0;
    }
    inletAir
    {
        type            fixedValue;
        value           uniform 0;
    }
    outlet
    {
        type            zeroGradient;
    }
    axis
    {
        type            empty;
    }
    frontAndBack_pos
    {
        type            wedge;
    }
    frontAndBack_neg
    {
        type            wedge;
    }
}


// ************************************************************************* //
