/*--------------------------------*- C++ -*----------------------------------*\
  =========                 |
  \\      /  F ield         | OpenFOAM: The Open Source CFD Toolbox
   \\    /   O peration     | Website:  https://openfoam.org
    \\  /    A nd           | Version:  10
     \\/     M anipulation  |
\*---------------------------------------------------------------------------*/
FoamFile
{
    format      ascii;
    class       volScalarField;
    location    "0.02498436188";
    object      C3H8_0;
}
// * * * * * * * * * * * * * * * * * * * * * * * * * * * * * * * * * * * * * //

dimensions      [0 0 0 0 0 0 0];

internalField   nonuniform List<scalar> 
5170
(
1.027392873e-13
1.025571798e-13
1.013589763e-13
9.289413296e-14
7.255522767e-15
2.067672586e-13
2.062014749e-13
2.036630462e-13
1.906850378e-13
1.17207007e-13
3.099549873e-13
3.090237415e-13
3.053333407e-13
2.898996712e-13
2.289997671e-13
4.116784398e-13
4.104286007e-13
4.058919762e-13
3.895302151e-13
3.411952902e-13
5.119007287e-13
5.103901056e-13
5.05337304e-13
4.892565217e-13
4.532685905e-13
6.10696721e-13
6.090224718e-13
6.037866819e-13
5.890760889e-13
5.652341257e-13
7.082615195e-13
7.065082547e-13
7.014100166e-13
6.891208686e-13
6.772347711e-13
8.04853839e-13
8.031403107e-13
7.984839504e-13
7.894832541e-13
7.894478483e-13
9.006760024e-13
8.990977295e-13
8.952117641e-13
8.903424814e-13
9.020361475e-13
9.959127198e-13
9.945394234e-13
9.916427247e-13
9.918496477e-13
1.015137739e-12
1.09065648e-12
1.08956436e-12
1.087860804e-12
1.094062382e-12
1.1287646e-12
1.184916315e-12
1.184199038e-12
1.184103096e-12
1.196953884e-12
1.242799093e-12
1.278716739e-12
1.278468347e-12
1.280442565e-12
1.300518509e-12
1.357115677e-12
1.372072464e-12
1.372393349e-12
1.376854361e-12
1.404728792e-12
1.471581912e-12
1.464984842e-12
1.465997089e-12
1.473342713e-12
1.509507681e-12
1.586043558e-12
1.557434793e-12
1.559275529e-12
1.570048053e-12
1.614857118e-12
1.700218263e-12
1.649433066e-12
1.652254454e-12
1.666871377e-12
1.720574318e-12
1.814217749e-12
1.741026927e-12
1.74505185e-12
1.764495116e-12
1.829621539e-12
1.938463777e-12
1.839836707e-12
1.868221763e-12
2.069174213e-12
3.44136503e-12
8.155629122e-12
4.196341308e-12
1.461062764e-11
1.035336053e-10
7.214776854e-10
3.493974635e-09
1.523062659e-38
0
0
3.314759023e-37
6.810940747e-38
4.780065558e-36
3.813809276e-36
5.137701972e-35
0
2.450508757e-34
3.771389602e-34
0
1.392513666e-32
8.822263677e-33
0
0
0
1.586585804e-31
1.264015187e-29
0
3.855726301e-27
0
0
1.311800716e-26
0
0
0
0
5.061716481e-25
0
0
1.956782277e-23
0
3.937768679e-23
0
0
0
0
0
0
0
0
0
0
0
0
0
0
0
0
0
0
0
0
0
0
0
0
0
0
0
0
0
0
0
0
0
0
0
0
0
0
0
0
0
0
0
0
0
0
0
0
0
0
0
0
0
0
0
0
2.19317027e-10
0
0
0
0
5.906646237e-08
2.558952059e-09
4.787836959e-10
8.147484617e-12
1.36731497e-13
8.800981356e-11
6.720347978e-10
1.03381752e-08
1.541211885e-07
2.064421085e-06
4.824965729e-10
3.256835079e-09
3.994182937e-08
4.221338503e-07
3.260583109e-06
1.636762997e-09
9.983079779e-09
1.008194691e-07
8.108841834e-07
4.265201528e-06
4.347530453e-09
2.409317268e-08
2.053329943e-07
1.307286774e-06
5.079503259e-06
9.99889535e-09
5.047752107e-08
3.676268953e-07
1.873613305e-06
5.685942037e-06
2.122138256e-08
9.854958544e-08
6.056061652e-07
2.462674407e-06
6.16993965e-06
4.231373603e-08
1.803387523e-07
9.242484808e-07
3.05772881e-06
6.666856044e-06
7.971789531e-08
3.088415728e-07
1.317393821e-06
3.644777371e-06
7.138067184e-06
1.437429269e-07
5.000135695e-07
1.77193215e-06
4.197379176e-06
7.511314367e-06
2.498149146e-07
7.673918337e-07
2.268386079e-06
4.707731096e-06
7.805065651e-06
4.212634336e-07
1.124748778e-06
2.790459535e-06
5.176517895e-06
8.048346144e-06
7.023144357e-07
1.575545642e-06
3.31939396e-06
5.615115294e-06
8.271951129e-06
1.140271103e-06
2.107829789e-06
3.849631786e-06
6.023192633e-06
8.457878299e-06
1.710434792e-06
2.696662908e-06
4.372455791e-06
6.393517057e-06
8.593320388e-06
2.43573264e-06
3.350588871e-06
4.898749857e-06
6.741710458e-06
8.713931103e-06
3.246293409e-06
4.050706963e-06
5.442850172e-06
7.103328495e-06
8.871182322e-06
4.144688134e-06
4.830167808e-06
6.053479402e-06
7.534281324e-06
9.125899791e-06
5.167981219e-06
5.740210888e-06
6.81009068e-06
8.156936051e-06
9.654850063e-06
6.361481007e-06
6.877341817e-06
7.900944193e-06
9.278312217e-06
1.091454017e-05
7.939059426e-06
8.465638458e-06
9.554784628e-06
1.109860978e-05
1.303750501e-05
9.991663061e-06
1.049307996e-05
1.152763661e-05
1.296960666e-05
1.472028669e-05
1.197678772e-05
1.22943121e-05
1.29482275e-05
1.3836456e-05
1.485858747e-05
1.26067536e-05
1.273728683e-05
1.299903761e-05
1.333396869e-05
1.367919635e-05
1.178905754e-05
1.180909188e-05
1.183796594e-05
1.185018477e-05
1.181745109e-05
1.014896342e-05
1.012270567e-05
1.005563137e-05
9.940610557e-06
9.770735536e-06
8.289102271e-06
8.251905755e-06
8.165397676e-06
8.028944226e-06
7.842625789e-06
6.67024648e-06
6.63627864e-06
6.557818521e-06
6.43659465e-06
6.275195566e-06
5.311295587e-06
5.283527824e-06
5.219947978e-06
5.122643935e-06
4.994436821e-06
4.197059968e-06
4.175569531e-06
4.126588788e-06
4.051930416e-06
3.953963078e-06
3.284784442e-06
3.268687088e-06
3.232046883e-06
3.176258965e-06
3.103137629e-06
2.53443099e-06
2.522689109e-06
2.495929693e-06
2.455149526e-06
2.401674984e-06
1.916266421e-06
1.907928202e-06
1.888852776e-06
1.859713818e-06
1.821454054e-06
1.410160164e-06
1.40441556e-06
1.391194586e-06
1.370927011e-06
1.344268265e-06
1.003080023e-06
9.992664363e-07
9.904147275e-07
9.767830072e-07
9.588168895e-07
6.856140641e-07
6.831929071e-07
6.77511869e-07
6.687138588e-07
6.57093054e-07
4.483231096e-07
4.468640064e-07
4.433920906e-07
4.379787332e-07
4.308114409e-07
2.796472553e-07
2.78817128e-07
2.768070003e-07
2.736471225e-07
2.694522499e-07
1.660924015e-07
1.65649058e-07
1.645510084e-07
1.628075713e-07
1.604859666e-07
9.382913151e-08
9.360799981e-08
9.304421105e-08
9.213792743e-08
9.092671529e-08
5.039534286e-08
5.029313662e-08
5.002215793e-08
4.957970771e-08
4.898578687e-08
2.574632411e-08
2.570292639e-08
2.558153733e-08
2.537931507e-08
2.510637092e-08
1.253686744e-08
1.252018523e-08
1.246972865e-08
1.23834108e-08
1.226609165e-08
5.846994451e-09
5.841300779e-09
5.82189374e-09
5.787486607e-09
5.740299525e-09
2.639245777e-09
2.637568922e-09
2.630627512e-09
2.617721744e-09
2.599818508e-09
1.177568874e-09
1.177144401e-09
1.174756729e-09
1.170062026e-09
1.163463729e-09
5.399652388e-10
5.398442356e-10
5.389593089e-10
5.371573319e-10
5.346016285e-10
2.698625003e-10
2.697804749e-10
2.693476436e-10
2.685026209e-10
2.673110353e-10
1.557155368e-10
1.556259976e-10
1.55328543e-10
1.5480206e-10
1.540738013e-10
1.052541243e-10
1.051614114e-10
1.049172427e-10
1.04516758e-10
1.039723311e-10
8.039916242e-11
8.031191643e-11
8.01029328e-11
7.977327537e-11
7.932956168e-11
6.601829371e-11
6.593942864e-11
6.575963053e-11
6.54819216e-11
6.511031421e-11
5.660889359e-11
5.654144478e-11
5.638888157e-11
5.615407669e-11
5.584008603e-11
4.965805696e-11
4.959981271e-11
4.946902078e-11
4.926870075e-11
4.900109227e-11
4.421714731e-11
4.416667122e-11
4.4053839e-11
4.388140595e-11
4.365114486e-11
3.982430908e-11
3.978019238e-11
3.968189315e-11
3.953190061e-11
3.933165436e-11
3.621549042e-11
3.617652342e-11
3.608992473e-11
3.5957953e-11
3.578179876e-11
3.322403947e-11
3.318916639e-11
3.311185233e-11
3.299417008e-11
3.283712116e-11
3.073288526e-11
3.070117002e-11
3.063102381e-11
3.052438406e-11
3.03821119e-11
2.86411572e-11
2.861181868e-11
2.854708055e-11
2.844878709e-11
2.831769933e-11
2.683981881e-11
2.681231824e-11
2.675175494e-11
2.665990244e-11
2.653745294e-11
2.520538339e-11
2.51795094e-11
2.512259537e-11
2.503633623e-11
2.492137706e-11
2.361656534e-11
2.359242834e-11
2.353933755e-11
2.345887531e-11
2.33516481e-11
2.198624375e-11
2.196415655e-11
2.191551986e-11
2.18417588e-11
2.174344056e-11
2.028605821e-11
2.026633198e-11
2.022280367e-11
2.015670753e-11
2.006856223e-11
1.855282479e-11
1.853560848e-11
1.849752313e-11
1.84396046e-11
1.836231629e-11
1.68665228e-11
1.685170191e-11
1.681884211e-11
1.676880352e-11
1.670199103e-11
1.532046921e-11
1.530769657e-11
1.527934654e-11
1.52361444e-11
1.517843699e-11
1.397582257e-11
1.396460842e-11
1.393973176e-11
1.390183681e-11
1.385122632e-11
1.285889688e-11
1.284881927e-11
1.282650634e-11
1.279255376e-11
1.274722494e-11
1.200888129e-11
1.199958878e-11
1.197905463e-11
1.194784638e-11
1.190620213e-11
7.476449276e-06
8.306884947e-06
8.963964389e-06
9.267602388e-06
9.355691897e-06
9.460512431e-06
9.771334627e-06
1.001267892e-05
1.00799931e-05
1.009468308e-05
1.010488799e-05
1.014054865e-05
1.013029924e-05
1.006275622e-05
1.001253245e-05
1.003474364e-05
1.018644598e-05
1.068214041e-05
1.210447278e-05
1.452459289e-05
1.601156365e-05
1.556154422e-05
1.388502191e-05
1.176328931e-05
9.631939199e-06
7.698169142e-06
6.153061286e-06
4.898223903e-06
3.880725624e-06
3.048654152e-06
2.362014739e-06
1.793281052e-06
1.324843171e-06
9.459151942e-07
6.489064396e-07
4.258845662e-07
2.66656383e-07
1.589978975e-07
9.018820199e-08
4.864664157e-08
2.496379417e-08
1.221209702e-08
5.722348601e-09
2.594791936e-09
1.162320094e-09
5.343066847e-10
2.670671527e-10
1.537702002e-10
1.03645566e-10
7.9018095e-11
6.483062732e-11
5.55973327e-11
4.879115054e-11
4.346887454e-11
3.917210208e-11
3.564067549e-11
3.271067283e-11
3.026700768e-11
2.82111664e-11
2.643758207e-11
2.48274346e-11
2.326404133e-11
2.166329941e-11
1.999698966e-11
1.829984206e-11
1.664819024e-11
1.513204158e-11
1.381048676e-11
1.271060957e-11
1.187243975e-11
1.774179302e-05
1.296817306e-06
3.711656185e-08
8.911702602e-10
1.681474993e-11
1.735062237e-05
9.099724187e-06
5.300374292e-07
1.603098919e-08
3.781283866e-10
1.737276846e-05
2.249957866e-05
2.033347973e-06
1.049980579e-07
3.202707007e-09
1.656368931e-05
2.424096008e-05
2.932789978e-06
2.256995542e-07
1.072868263e-08
1.559700828e-05
2.252551874e-05
3.458465982e-06
3.569174331e-07
2.551602597e-08
1.498520599e-05
2.173728626e-05
5.930609746e-06
7.40484005e-07
6.730686504e-08
1.498715597e-05
2.254189424e-05
9.888811889e-06
1.40948865e-06
1.561057043e-07
1.472136016e-05
2.099956549e-05
1.251246641e-05
2.002524395e-06
2.603268001e-07
1.415498312e-05
1.898576951e-05
1.406064168e-05
2.465556407e-06
3.671967595e-07
1.367050013e-05
1.795771259e-05
1.522852451e-05
2.980087691e-06
4.876492635e-07
1.327841099e-05
1.720087172e-05
1.607260185e-05
3.624843109e-06
6.520870429e-07
1.300547928e-05
1.662380344e-05
1.624894588e-05
4.498270365e-06
8.681852225e-07
1.265680805e-05
1.562700573e-05
1.522263263e-05
5.265656494e-06
1.085662613e-06
1.22495461e-05
1.470614422e-05
1.441969043e-05
6.176137732e-06
1.342370045e-06
1.193346867e-05
1.412531097e-05
1.400241026e-05
7.074463025e-06
1.645875521e-06
1.175406414e-05
1.379005121e-05
1.380472073e-05
7.929298287e-06
2.041344343e-06
1.175420272e-05
1.369560491e-05
1.385709373e-05
8.686562795e-06
2.461341965e-06
1.219325141e-05
1.414539133e-05
1.43719868e-05
8.89041719e-06
2.553037782e-06
1.382528538e-05
1.617665452e-05
1.606184299e-05
8.457442995e-06
2.317124464e-06
1.669280499e-05
2.014920999e-05
2.224618625e-05
1.835600242e-05
5.28402128e-06
1.791608668e-05
2.08164049e-05
2.312130149e-05
2.4170286e-05
2.31101963e-05
1.661737663e-05
1.784361681e-05
1.826118737e-05
1.750405043e-05
1.54565901e-05
1.422885036e-05
1.432486556e-05
1.382035397e-05
1.267512511e-05
1.099867052e-05
1.173475391e-05
1.136199009e-05
1.063115289e-05
9.588026092e-06
8.335325399e-06
9.478427683e-06
9.010908376e-06
8.327301208e-06
7.48243895e-06
6.545595408e-06
7.528315408e-06
7.106217822e-06
6.54883382e-06
5.900683931e-06
5.207693602e-06
6.007403093e-06
5.666483547e-06
5.232995627e-06
4.740621628e-06
4.22087045e-06
4.782819724e-06
4.519163086e-06
4.188846135e-06
3.816679539e-06
3.424787124e-06
3.793045604e-06
3.593697345e-06
3.344612801e-06
3.063999226e-06
2.767732864e-06
2.98413713e-06
2.836105511e-06
2.65013515e-06
2.439621449e-06
2.216139555e-06
2.31608231e-06
2.208322599e-06
2.071300317e-06
1.914897238e-06
1.747631234e-06
1.761819466e-06
1.685242752e-06
1.586081e-06
1.471627305e-06
1.348170449e-06
1.30430771e-06
1.25151394e-06
1.181460516e-06
1.099509527e-06
1.010286763e-06
9.33315894e-07
8.982866311e-07
8.50339849e-07
7.933692651e-07
7.307315731e-07
6.417736363e-07
6.195958501e-07
5.880487254e-07
5.498923902e-07
5.075021765e-07
4.22257177e-07
4.089593928e-07
3.891313098e-07
3.646626751e-07
3.371757418e-07
2.650819397e-07
2.575776749e-07
2.457250188e-07
2.3076432e-07
2.13757244e-07
1.584944399e-07
1.545319024e-07
1.478131073e-07
1.391149254e-07
1.291001965e-07
9.015968014e-08
8.821517014e-08
8.461134007e-08
7.98111829e-08
7.420840983e-08
4.877444392e-08
4.789590398e-08
4.60700116e-08
4.35587399e-08
4.058413593e-08
2.510433614e-08
2.474402887e-08
2.387123337e-08
2.262647316e-08
2.112846702e-08
1.231737282e-08
1.218638036e-08
1.179274457e-08
1.120785553e-08
1.049185582e-08
5.78787851e-09
5.74752139e-09
5.579558813e-09
5.318342133e-09
4.992735246e-09
2.630655548e-09
2.621164681e-09
2.552760294e-09
2.441119684e-09
2.299384563e-09
1.17992973e-09
1.178717482e-09
1.151526374e-09
1.105162385e-09
1.045326801e-09
5.420679103e-10
5.420414724e-10
5.309609305e-10
5.116567581e-10
4.864962491e-10
2.700550647e-10
2.696611977e-10
2.646363057e-10
2.561127192e-10
2.450457736e-10
1.546601787e-10
1.538885437e-10
1.51123204e-10
1.468223846e-10
1.413709553e-10
1.037031103e-10
1.027885436e-10
1.009410102e-10
9.835312368e-11
9.518745652e-11
7.878886735e-11
7.789222499e-11
7.649232915e-11
7.467897879e-11
7.25272627e-11
6.452580499e-11
6.371330718e-11
6.258370667e-11
6.118399447e-11
5.955504695e-11
5.529870745e-11
5.458865706e-11
5.364846085e-11
5.250804358e-11
5.11940534e-11
4.851810719e-11
4.790207527e-11
4.710626428e-11
4.615162163e-11
4.505709283e-11
4.32241571e-11
4.268812856e-11
4.200569711e-11
4.119240782e-11
4.026251573e-11
3.895305838e-11
3.848301209e-11
3.789078413e-11
3.718825691e-11
3.638646919e-11
3.544340165e-11
3.502701017e-11
3.450686304e-11
3.389219813e-11
3.319171908e-11
3.253100451e-11
3.215741092e-11
3.169443422e-11
3.114932125e-11
3.052901826e-11
3.010087145e-11
2.976042584e-11
2.934191399e-11
2.885105448e-11
2.82934534e-11
2.805512758e-11
2.773980148e-11
2.735525292e-11
2.690604511e-11
2.639678242e-11
2.62895645e-11
2.599385398e-11
2.563568092e-11
2.521880306e-11
2.474713272e-11
2.468729894e-11
2.440915189e-11
2.407361378e-11
2.368397394e-11
2.324372907e-11
2.313342031e-11
2.287410128e-11
2.256128299e-11
2.219808038e-11
2.178779057e-11
2.154470608e-11
2.130754145e-11
2.102024363e-11
2.068590623e-11
2.030775848e-11
1.989246238e-11
1.968072925e-11
1.942225104e-11
1.912019892e-11
1.87777416e-11
1.821002925e-11
1.802523371e-11
1.779754808e-11
1.753011712e-11
1.722598195e-11
1.657190621e-11
1.641274315e-11
1.62150333e-11
1.598173902e-11
1.571565461e-11
1.506666662e-11
1.492934493e-11
1.475807826e-11
1.4555456e-11
1.432392869e-11
1.37528397e-11
1.363220637e-11
1.348205667e-11
1.330455599e-11
1.310179835e-11
1.2658167e-11
1.254974136e-11
1.241567712e-11
1.225778403e-11
1.207779024e-11
1.182346369e-11
1.172347777e-11
1.160076791e-11
1.14568379e-11
1.129318119e-11
1.829070894e-12
3.374114501e-15
0
0
0
0
0
0
0
0
0
0
0
0
0
0
0
0
0
0
0
0
0
0
0
0
0
0
0
0
0
0
0
0
0
0
0
0
0
0
0
0
0
0
0
0
0
0
0
0
0
0
0
0
0
0
0
0
0
0
5.443762012e-11
2.251992204e-11
5.709505947e-12
9.466986065e-13
1.212233902e-13
0
0
0
0
0
0
0
0
0
0
0
0
0
0
0
0
0
0
0
0
0
0
0
0
0
0
0
0
0
0
0
0
0
0
0
0
0
0
0
0
0
0
0
0
0
0
0
0
0
0
0
0
0
0
0
5.980735607e-10
4.641594385e-10
9.106833374e-11
1.49308628e-11
3.647822598e-12
1.169586403e-12
3.715746966e-13
6.177708223e-14
0
0
0
0
0
0
0
0
0
0
0
0
0
0
0
0
0
0
0
0
0
0
0
0
0
0
0
0
0
0
0
0
0
0
0
0
0
0
0
0
0
0
0
0
0
0
0
0
0
0
0
0
2.080531858e-09
3.06460832e-09
1.266568166e-09
1.808380111e-10
3.737800882e-11
1.205864615e-11
4.876606965e-12
2.024271168e-12
7.444048621e-13
1.863654969e-13
0
0
0
0
0
0
0
0
0
0
0
0
0
0
0
0
0
0
0
0
0
0
0
0
0
0
0
0
0
0
0
0
0
0
0
0
0
0
0
0
0
0
0
0
0
0
0
0
0
0
2.687816155e-09
6.457518357e-09
8.016994166e-09
1.773110477e-09
2.881549922e-10
7.496598108e-11
2.756107978e-11
1.155623036e-11
4.830623555e-12
1.837485799e-12
5.577164168e-13
8.602447295e-14
0
0
0
0
0
0
0
0
0
0
0
0
0
0
0
0
0
0
0
0
0
0
0
0
0
0
0
0
0
0
0
0
0
0
0
0
0
0
0
0
0
0
0
0
0
0
0
0
3.94650161e-09
6.752772067e-09
1.660023223e-08
9.71696419e-09
1.657660504e-09
3.230363288e-10
9.813333856e-11
3.776094741e-11
1.548239394e-11
6.143151044e-12
2.186453641e-12
6.135799512e-13
8.485808666e-14
0
0
0
0
0
0
0
0
0
0
0
0
0
0
0
0
0
0
0
0
0
0
0
0
0
0
0
0
0
0
0
0
0
0
0
0
0
0
0
0
0
0
0
0
0
0
0
9.748143304e-09
4.783879851e-09
1.972280918e-08
2.490721454e-08
8.340006618e-09
1.315440365e-09
3.004427863e-10
9.981355111e-11
3.86364431e-11
1.515917315e-11
5.599170077e-12
1.807735649e-12
4.336592381e-13
3.094380888e-14
0
0
0
0
0
0
0
0
0
0
0
0
0
0
0
0
0
0
0
0
0
0
0
0
0
0
0
0
0
0
0
0
0
0
0
0
0
0
0
0
0
0
0
0
0
0
1.968209829e-08
2.957728817e-09
1.68931312e-08
3.5522661e-08
2.707802705e-08
5.672150741e-09
9.554041047e-10
2.547482933e-10
8.858356806e-11
3.332163399e-11
1.224431937e-11
4.120162999e-12
1.161920658e-12
2.122633747e-13
8.687792537e-17
0
0
0
0
0
0
0
0
0
0
0
0
0
0
0
0
0
0
0
0
0
0
0
0
0
0
0
0
0
0
0
0
0
0
0
0
0
0
0
0
0
0
0
0
0
3.348142697e-08
2.940618619e-09
1.152563697e-08
3.841007624e-08
5.023110295e-08
2.190915084e-08
3.404424378e-09
6.736484565e-10
1.98890626e-10
6.911537736e-11
2.450003886e-11
8.219201597e-12
2.444451407e-12
5.626486329e-13
5.233029554e-14
0
0
0
0
0
0
0
0
0
0
0
0
0
0
0
0
0
0
0
0
0
0
0
0
0
0
0
0
0
0
0
0
0
0
0
0
0
0
0
0
0
0
0
0
0
5.308388992e-08
4.320933239e-09
6.240483738e-09
3.748428445e-08
6.52794465e-08
5.358369009e-08
1.218667476e-08
1.810075367e-09
4.311923846e-10
1.342197092e-10
4.499385624e-11
1.471783547e-11
4.41956164e-12
1.114682947e-12
1.772125614e-13
0
0
0
0
0
0
0
0
0
0
0
0
0
0
0
0
0
0
0
0
0
0
0
0
0
0
0
0
0
0
0
0
0
0
0
0
0
0
0
0
0
0
0
0
0
8.14267617e-08
8.560533004e-09
3.629201636e-09
3.18256578e-08
7.792069345e-08
9.174105575e-08
3.407669264e-08
5.032915725e-09
9.37852743e-10
2.50369276e-10
7.698155845e-11
2.398615816e-11
7.080796852e-12
1.847811684e-12
3.566132264e-13
1.399503032e-14
0
0
0
0
0
0
0
0
0
0
0
0
0
0
0
0
0
0
0
0
0
0
0
0
0
0
0
0
0
0
0
0
0
0
0
0
0
0
0
0
0
0
0
0
1.248876223e-07
1.252232249e-08
2.992829716e-09
2.325205486e-08
8.971152353e-08
1.314517725e-07
7.868728919e-08
1.401001565e-08
2.225724324e-09
4.783597189e-10
1.276076595e-10
3.652320203e-11
1.031406764e-11
2.695447468e-12
5.711236137e-13
5.286186753e-14
0
0
0
0
0
0
0
0
0
0
0
0
0
0
0
0
0
0
0
0
0
0
0
0
0
0
0
0
0
0
0
0
0
0
0
0
0
0
0
0
0
0
0
0
1.61177873e-07
1.901227568e-08
3.185220098e-09
1.474571891e-08
1.019107225e-07
1.793294146e-07
1.443829662e-07
3.655528174e-08
5.208353997e-09
9.198029565e-10
2.033807122e-10
5.16116624e-11
1.365752186e-11
3.518432691e-12
7.873496899e-13
1.02154244e-13
0
0
0
0
0
0
0
0
0
0
0
0
0
0
0
0
0
0
0
0
0
0
0
0
0
0
0
0
0
0
0
0
0
0
0
0
0
0
0
0
0
0
0
0
2.173231211e-07
2.859696841e-08
3.258678007e-09
1.204635044e-08
1.176548143e-07
2.392893232e-07
2.316885415e-07
8.482687014e-08
1.201575082e-08
1.834692052e-09
3.28574412e-10
7.130740355e-11
1.727589012e-11
4.330216241e-12
1.004745285e-12
1.573450916e-13
0
0
0
0
0
0
0
0
0
0
0
0
0
0
0
0
0
0
0
0
0
0
0
0
0
0
0
0
0
0
0
0
0
0
0
0
0
0
0
0
0
0
0
0
2.897031537e-07
4.275165076e-08
7.014481858e-09
1.539988958e-08
1.514473465e-07
3.220683944e-07
3.292493576e-07
1.644588196e-07
2.762211677e-08
3.8651457e-09
5.370634339e-10
9.438412036e-11
2.047273969e-11
4.983047788e-12
1.192882754e-12
2.110165313e-13
1.135703034e-15
0
0
0
0
0
0
0
0
0
0
0
0
0
0
0
0
0
0
0
0
0
0
0
0
0
0
0
0
0
0
0
0
0
0
0
0
0
0
0
0
0
0
0
3.908472635e-07
5.583722832e-08
1.158460654e-08
2.551403589e-08
2.348492277e-07
4.530565215e-07
4.40858869e-07
2.540503064e-07
5.797819108e-08
8.447536474e-09
9.296322675e-10
1.25082965e-10
2.355336335e-11
5.565305124e-12
1.371102539e-12
2.645462309e-13
5.653172129e-15
0
0
0
0
0
0
0
0
0
0
0
0
0
0
0
0
0
0
0
0
0
0
0
0
0
0
0
0
0
0
0
0
0
0
0
0
0
0
0
0
0
0
0
5.059702765e-07
8.87588229e-08
2.012023109e-08
4.938154414e-08
4.343130554e-07
6.64175798e-07
5.632132143e-07
3.226265046e-07
1.060338546e-07
1.769012239e-08
1.729791833e-09
1.814806746e-10
2.955456658e-11
6.715872031e-12
1.67019234e-12
3.432309942e-13
1.706498823e-14
0
0
0
0
0
0
0
0
0
0
0
0
0
0
0
0
0
0
0
0
0
0
0
0
0
0
0
0
0
0
0
0
0
0
0
0
0
0
0
0
0
0
0
5.458777431e-07
1.053949974e-07
6.112992745e-08
3.038696632e-07
9.191306437e-07
9.536499432e-07
6.772606414e-07
3.709651014e-07
1.493634155e-07
3.5841112e-08
4.140741544e-09
3.839657162e-10
5.142079115e-11
1.014378368e-11
2.377168336e-12
5.049292302e-13
4.589592228e-14
0
0
0
0
0
0
0
0
0
0
0
0
0
0
0
0
0
0
0
0
0
0
0
0
0
0
0
0
0
0
0
0
0
0
0
0
0
0
0
0
0
0
0
5.103399844e-07
1.525106274e-07
2.538456182e-07
1.516270941e-06
1.64096177e-06
1.22609644e-06
7.565072945e-07
4.051989995e-07
1.851859462e-07
6.494544536e-08
1.37178014e-08
1.575568351e-09
1.601598092e-10
2.220108173e-11
4.201668698e-12
8.544120783e-13
1.114010833e-13
0
0
0
0
0
0
0
0
0
0
0
0
0
0
0
0
0
0
0
0
0
0
0
0
0
0
0
0
0
0
0
0
0
0
0
0
0
0
0
0
0
0
0
1.77949293e-06
1.784385772e-06
5.053445412e-06
3.517920679e-06
2.24877592e-06
1.382825497e-06
8.091588019e-07
4.43262162e-07
2.228878409e-07
9.870716956e-08
3.377037491e-08
6.918642011e-09
7.810945314e-10
7.808139083e-11
1.031779897e-11
1.752198707e-12
2.655284472e-13
2.00030797e-15
0
0
0
0
0
0
0
0
0
0
0
0
0
0
0
0
0
0
0
0
0
0
0
0
0
0
0
0
0
0
0
0
0
0
0
0
0
0
0
0
0
0
1.87050934e-05
1.054641397e-05
6.368610912e-06
3.856853659e-06
2.349700713e-06
1.429077353e-06
8.505260238e-07
4.872987513e-07
2.643619865e-07
1.324756972e-07
5.841180423e-08
1.976865621e-08
3.953083075e-09
4.264798075e-10
4.023353535e-11
4.879264457e-12
6.877758424e-13
5.308423454e-14
0
0
0
0
0
0
0
0
0
0
0
0
0
0
0
0
0
0
0
0
0
0
0
0
0
0
0
0
0
0
0
0
0
0
0
0
0
0
0
0
0
0
1.216090287e-05
8.351200376e-06
5.490215025e-06
3.535784123e-06
2.25955412e-06
1.42882634e-06
8.865062763e-07
5.342732552e-07
3.088778238e-07
1.682760086e-07
8.404756619e-08
3.661747626e-08
1.21236949e-08
2.322040089e-09
2.329184869e-10
2.026154797e-11
2.168251451e-12
2.282488903e-13
0
0
0
0
0
0
0
0
0
0
0
0
0
0
0
0
0
0
0
0
0
0
0
0
0
0
0
0
0
0
0
0
0
0
0
0
0
0
0
0
0
0
8.82775308e-06
6.513239104e-06
4.596660653e-06
3.157985843e-06
2.130809063e-06
1.412615335e-06
9.168721632e-07
5.789886283e-07
3.524942105e-07
2.042389969e-07
1.105172728e-07
5.424579981e-08
2.296282937e-08
7.282798631e-09
1.300004808e-09
1.176778401e-10
9.166573315e-12
8.351637297e-13
3.648981388e-14
0
0
0
0
0
0
0
0
0
0
0
0
0
0
0
0
0
0
0
0
0
0
0
0
0
0
0
0
0
0
0
0
0
0
0
0
0
0
0
0
0
6.848622108e-06
5.27585551e-06
3.914228746e-06
2.824752242e-06
1.994711726e-06
1.379068518e-06
9.313138812e-07
6.11686252e-07
3.881084857e-07
2.356079127e-07
1.349887445e-07
7.153833287e-08
3.398980208e-08
1.373404165e-08
4.081057696e-09
6.614942833e-10
5.248134597e-11
3.642584255e-12
2.425284146e-13
0
0
0
0
0
0
0
0
0
0
0
0
0
0
0
0
0
0
0
0
0
0
0
0
0
0
0
0
0
0
0
0
0
0
0
0
0
0
0
0
0
5.472541536e-06
4.33601172e-06
3.329745407e-06
2.505543323e-06
1.835543415e-06
1.3139122e-06
9.175709938e-07
6.227567433e-07
4.086629328e-07
2.573671966e-07
1.539365382e-07
8.615171465e-08
4.413494044e-08
2.000180137e-08
7.572459803e-09
2.055869683e-09
2.942850782e-10
2.05676281e-11
1.210819994e-12
2.698790293e-14
0
0
0
0
0
0
0
0
0
0
0
0
0
0
0
0
0
0
0
0
0
0
0
0
0
0
0
0
0
0
0
0
0
0
0
0
0
0
0
0
4.42842812e-06
3.608885582e-06
2.866229919e-06
2.220844491e-06
1.678171148e-06
1.235305485e-06
8.84726738e-07
6.162440682e-07
4.153630808e-07
2.692861022e-07
1.665092795e-07
9.705063778e-08
5.24438583e-08
2.56424957e-08
1.092379621e-08
3.807104554e-09
9.209287167e-10
1.127753406e-10
6.770691843e-12
2.895280271e-13
0
0
0
0
0
0
0
0
0
0
0
0
0
0
0
0
0
0
0
0
0
0
0
0
0
0
0
0
0
0
0
0
0
0
0
0
0
0
0
0
3.638263499e-06
3.020734051e-06
2.44757989e-06
1.937119549e-06
1.497593672e-06
1.129466162e-06
8.286471157e-07
5.899481876e-07
4.061479096e-07
2.694299212e-07
1.709674094e-07
1.027636041e-07
5.77393657e-08
2.977124291e-08
1.371129514e-08
5.40805674e-09
1.701315059e-09
3.550732437e-10
3.531163569e-11
1.694647104e-12
1.525556028e-14
0
0
0
0
0
0
0
0
0
0
0
0
0
0
0
0
0
0
0
0
0
0
0
0
0
0
0
0
0
0
0
0
0
0
0
0
0
0
0
2.984243353e-06
2.512491097e-06
2.067254627e-06
1.662943249e-06
1.3074724e-06
1.00368073e-06
7.5068454e-07
5.450812455e-07
3.827807155e-07
2.586253901e-07
1.673966382e-07
1.02959784e-07
5.9522882e-08
3.187050934e-08
1.548287655e-08
6.62159461e-09
2.376633807e-09
6.57617122e-10
1.13762045e-10
8.654187965e-12
2.610178071e-13
0
0
0
0
0
0
0
0
0
0
0
0
0
0
0
0
0
0
0
0
0
0
0
0
0
0
0
0
0
0
0
0
0
0
0
0
0
0
0
2.43286077e-06
2.070470216e-06
1.72374618e-06
1.403974033e-06
1.118165367e-06
8.697828915e-07
6.595387009e-07
4.861089468e-07
3.467560873e-07
2.382622172e-07
1.567445136e-07
9.803061232e-08
5.784795665e-08
3.181814648e-08
1.604825329e-08
7.254514868e-09
2.84021308e-09
9.130477329e-10
2.209814857e-10
3.122768585e-11
1.771680518e-12
4.300845463e-15
0
0
0
0
0
0
0
0
0
0
0
0
0
0
0
0
0
0
0
0
0
0
0
0
0
0
0
0
0
0
0
0
0
0
0
0
0
0
1.961817113e-06
1.683669908e-06
1.414325347e-06
1.162693163e-06
9.347875359e-07
7.340990392e-07
5.620502591e-07
4.18446042e-07
3.018310273e-07
2.098752692e-07
1.399045494e-07
8.879077442e-08
5.315292244e-08
2.980164979e-08
1.544095993e-08
7.260908461e-09
3.020056445e-09
1.066282317e-09
2.994891905e-10
6.055252863e-11
6.487013355e-12
1.929844826e-13
0
0
0
0
0
0
0
0
0
0
0
0
0
0
0
0
0
0
0
0
0
0
0
0
0
0
0
0
0
0
0
0
0
0
0
0
0
0
1.555843832e-06
1.343853453e-06
1.136325235e-06
9.403276235e-07
7.609231385e-07
6.013473865e-07
4.632648377e-07
3.470368332e-07
2.519836928e-07
1.765904011e-07
1.18764767e-07
7.617034994e-08
4.622405865e-08
2.625600169e-08
1.386279408e-08
6.704666648e-09
2.911135053e-09
1.101071986e-09
3.425143315e-10
7.879771018e-11
1.225574638e-11
8.112068431e-13
0
0
0
0
0
0
0
0
0
0
0
0
0
0
0
0
0
0
0
0
0
0
0
0
0
0
0
0
0
0
0
0
0
0
0
0
0
0
1.205504893e-06
1.046153693e-06
8.886302928e-07
7.385226244e-07
6.000059276e-07
4.759134189e-07
3.678699037e-07
2.764575141e-07
2.01386116e-07
1.416699536e-07
9.578528755e-08
6.185871011e-08
3.788865279e-08
2.181533403e-08
1.167635793e-08
5.765598166e-09
2.584331667e-09
1.02662392e-09
3.451691516e-10
9.050419495e-11
1.789326052e-11
2.060508684e-12
4.137590562e-14
0
0
0
0
0
0
0
0
0
0
0
0
0
0
0
0
0
0
0
0
0
0
0
0
0
0
0
0
0
0
0
0
0
0
0
0
0
9.063827867e-07
7.891494459e-07
6.722712466e-07
5.600980195e-07
4.559746052e-07
3.622556705e-07
2.803705987e-07
2.109224001e-07
1.538060487e-07
1.083397026e-07
7.340661318e-08
4.759036336e-08
2.932806499e-08
1.704939308e-08
9.256451197e-09
4.645672954e-09
2.135320073e-09
8.820737711e-10
3.17032096e-10
9.049443253e-11
1.643085999e-11
2.172760513e-12
9.178232666e-14
0
0
0
0
0
0
0
0
0
0
0
0
0
0
0
0
0
0
0
0
0
0
0
0
0
0
0
0
0
0
0
0
0
0
0
0
0
6.572356392e-07
5.735004663e-07
4.893971737e-07
4.082240137e-07
3.325640531e-07
2.64273743e-07
2.045115282e-07
1.537989031e-07
1.121069311e-07
7.895476971e-08
5.352103086e-08
3.475830267e-08
2.150099677e-08
1.257994119e-08
6.905336451e-09
3.517604386e-09
1.649970198e-09
7.031201742e-10
2.649167051e-10
8.106583909e-11
1.613966707e-11
7.867828131e-14
0
0
0
0
0
0
0
0
0
0
0
0
0
0
0
0
0
0
0
0
0
0
0
0
0
0
0
0
0
0
0
0
0
0
0
0
0
0
4.573898884e-07
3.997466581e-07
3.414580259e-07
2.849371621e-07
2.320960584e-07
1.843247158e-07
1.425022142e-07
1.070356296e-07
7.792141736e-08
5.482020109e-08
3.714169006e-08
2.413302557e-08
1.496383461e-08
8.80048643e-09
4.873289632e-09
2.518091051e-09
1.202082147e-09
5.263600774e-10
2.071585832e-10
6.976040985e-11
1.539457643e-11
1.941637649e-13
1.919059663e-16
0
0
0
0
0
0
0
0
0
0
0
0
0
0
0
0
0
0
0
0
0
0
0
0
0
0
0
0
0
0
0
0
0
0
0
0
0
3.04432492e-07
2.664025663e-07
2.276972869e-07
1.9000878e-07
1.54688394e-07
1.22725168e-07
9.474847925e-08
7.105300101e-08
5.164140944e-08
3.627935176e-08
2.455786579e-08
1.595757683e-08
9.909870993e-09
5.850645035e-09
3.263324189e-09
1.707149012e-09
8.297572197e-10
3.722947913e-10
1.521650927e-10
5.440495345e-11
1.328239274e-11
2.295134066e-13
0
0
0
0
0
0
0
0
0
0
0
0
0
0
0
0
0
0
0
0
0
0
0
0
0
0
0
0
0
0
0
0
0
0
0
0
0
0
1.933367899e-07
1.693829652e-07
1.448461261e-07
1.208578422e-07
9.832737615e-08
7.79230553e-08
6.007146017e-08
4.497307808e-08
3.263141375e-08
2.28908494e-08
1.548067426e-08
1.005938421e-08
6.25640371e-09
3.707852882e-09
2.082881552e-09
1.102266401e-09
5.456273995e-10
2.508548202e-10
1.064194748e-10
4.061335799e-11
1.266860427e-11
4.44343555e-13
0
0
0
0
0
0
0
0
0
0
0
0
0
0
0
0
0
0
0
0
0
0
0
0
0
0
0
0
0
0
0
0
0
0
0
0
0
0
1.169756612e-07
1.026068664e-07
8.779148826e-08
7.324902123e-08
5.956047412e-08
4.715432067e-08
3.630456846e-08
2.714025643e-08
1.96644096e-08
1.377882004e-08
9.313313978e-09
6.054610615e-09
3.773188929e-09
2.245700146e-09
1.271045553e-09
6.810303617e-10
3.436951871e-10
1.625110012e-10
7.174106179e-11
2.917925263e-11
1.031684997e-11
2.174855908e-12
0
0
0
0
0
0
0
0
0
0
0
0
0
0
0
0
0
0
0
0
0
0
0
0
0
0
0
0
0
0
0
0
0
0
0
0
0
0
6.73662544e-08
5.917101653e-08
5.066370902e-08
4.227850323e-08
3.436743883e-08
2.719088579e-08
2.09156991e-08
1.562069488e-08
1.130822552e-08
7.919908295e-09
5.354550619e-09
3.48599298e-09
2.179445355e-09
1.304734452e-09
7.456771544e-10
4.056777764e-10
2.094379184e-10
1.02447794e-10
4.73888891e-11
2.060111348e-11
8.078138311e-12
2.583344254e-12
0
0
0
0
0
0
0
0
0
0
0
0
0
0
0
0
0
0
0
0
0
0
0
0
0
0
0
0
0
0
0
0
0
0
0
0
0
0
3.691820735e-08
3.247829161e-08
2.783674212e-08
2.324180884e-08
1.889558424e-08
1.494798864e-08
1.149537557e-08
8.583533211e-09
6.214410134e-09
4.355352786e-09
2.949582627e-09
1.926528831e-09
1.211202207e-09
7.316201362e-10
4.239860746e-10
2.355357738e-10
1.254437677e-10
6.416074605e-11
3.152807782e-11
1.482353995e-11
6.415159145e-12
2.36764242e-12
6.532306646e-13
0
0
0
0
0
0
0
0
0
0
0
0
0
0
0
0
0
0
0
0
0
0
0
0
0
0
0
0
0
0
0
0
0
0
0
0
0
1.926434108e-08
1.698018364e-08
1.457453634e-08
1.218183981e-08
9.91196841e-09
7.846747509e-09
6.038990416e-09
4.514053575e-09
3.273518796e-09
2.300278476e-09
1.564317967e-09
1.02833953e-09
6.528549716e-10
4.001286212e-10
2.368864102e-10
1.357132112e-10
7.548982901e-11
4.088507353e-11
2.174867781e-11
1.118197472e-11
5.41343216e-12
2.221829428e-12
7.529920557e-13
0
0
0
0
0
0
0
0
0
0
0
0
0
0
0
0
0
0
0
0
0
0
0
0
0
0
0
0
0
0
0
0
0
0
0
0
0
9.591668646e-09
8.475053492e-09
7.289768725e-09
6.104769939e-09
4.976656639e-09
3.947785853e-09
3.045670544e-09
2.283743483e-09
1.663206757e-09
1.175703344e-09
8.063206403e-10
5.364441297e-10
3.464028526e-10
2.174434783e-10
1.330834353e-10
7.9755694e-11
4.707483659e-11
2.742758108e-11
1.591481954e-11
8.988721067e-12
4.790540496e-12
2.180704831e-12
7.926393822e-13
4.544559142e-14
0
0
0
0
0
0
0
0
0
0
0
0
0
0
0
0
0
0
0
0
0
0
0
0
0
0
0
0
0
0
0
0
0
0
0
0
4.578927172e-09
4.059026201e-09
3.502528313e-09
2.942935327e-09
2.407910687e-09
1.918280988e-09
1.487700001e-09
1.123019775e-09
8.25075917e-10
5.900835302e-10
4.111008596e-10
2.793619727e-10
1.856065939e-10
1.210037843e-10
7.780265631e-11
4.961063681e-11
3.15580072e-11
2.003210892e-11
1.266303462e-11
7.883138542e-12
4.542685131e-12
2.291025466e-12
8.008658496e-13
1.623007006e-13
0
0
0
0
0
0
0
0
0
0
0
0
0
0
0
0
0
0
0
0
0
0
0
0
0
0
0
0
0
0
0
0
0
0
0
0
2.117261786e-09
1.885465563e-09
1.635144502e-09
1.381765855e-09
1.138185753e-09
9.141606715e-10
7.161629479e-10
5.475344723e-10
4.088649277e-10
2.985943324e-10
2.137119179e-10
1.503271089e-10
1.043257699e-10
7.177041065e-11
4.919531708e-11
3.373305745e-11
2.316968899e-11
1.587221955e-11
1.069729886e-11
7.13073312e-12
4.386783801e-12
2.381763133e-12
9.39659436e-13
2.665797367e-13
0
0
0
0
0
0
0
0
0
0
0
0
0
0
0
0
0
0
0
0
0
0
0
0
0
0
0
0
0
0
0
0
0
0
0
0
9.676443211e-10
8.675456984e-10
7.584548218e-10
6.471767205e-10
5.394186773e-10
4.395540915e-10
3.505383608e-10
2.73964702e-10
2.102198064e-10
1.587471429e-10
1.183485825e-10
8.74005567e-11
6.418766264e-11
4.705021304e-11
3.451384614e-11
2.534955676e-11
1.85942812e-11
1.352285368e-11
9.604856263e-12
6.744605507e-12
4.390446923e-12
2.579790694e-12
1.252720922e-12
3.635089081e-13
3.454097394e-14
0
0
0
0
0
0
0
0
0
0
0
0
0
0
0
0
0
0
0
0
0
0
0
0
0
0
0
0
0
0
0
0
0
0
0
4.535712005e-10
4.107359957e-10
3.636353e-10
3.151485209e-10
2.677127197e-10
2.232248847e-10
1.830055187e-10
1.47809305e-10
1.178828019e-10
9.308110593e-11
7.298475477e-11
5.696240776e-11
4.435241044e-11
3.449795415e-11
2.680026166e-11
2.07789031e-11
1.601127944e-11
1.217885374e-11
9.039460366e-12
6.596058693e-12
4.539800764e-12
2.755699622e-12
1.391938231e-12
3.988506015e-13
5.096888517e-14
0
0
0
0
0
0
0
0
0
0
0
0
0
0
0
0
0
0
0
0
0
0
0
0
0
0
0
0
0
0
0
0
0
0
0
2.305367464e-10
2.115966651e-10
1.906185663e-10
1.687865056e-10
1.471190559e-10
1.264316906e-10
1.073164145e-10
9.013640572e-11
7.505342976e-11
6.207527859e-11
5.108346767e-11
4.185972229e-11
3.417936572e-11
2.78012804e-11
2.249906809e-11
1.81010704e-11
1.442351532e-11
1.133003165e-11
8.713460735e-12
6.479571343e-12
4.597933989e-12
2.91514267e-12
1.590509636e-12
6.035883778e-13
2.524993046e-13
6.338952637e-15
0
0
0
0
0
0
0
0
0
0
0
0
0
0
0
0
0
0
0
0
0
0
0
0
0
0
0
0
0
0
0
0
0
0
1.342767613e-10
1.2507862e-10
1.148480186e-10
1.04072049e-10
9.318363949e-11
8.254229966e-11
7.242471011e-11
6.301574129e-11
5.44248651e-11
4.671451764e-11
3.986124252e-11
3.381232344e-11
2.851097981e-11
2.387928711e-11
1.983930457e-11
1.634214299e-11
1.330033579e-11
1.064798833e-11
8.325384527e-12
6.264126059e-12
4.59546573e-12
3.046395485e-12
1.789047242e-12
8.263594586e-13
1.718648749e-13
5.691092049e-15
0
0
0
0
0
0
0
0
0
0
0
0
0
0
0
0
0
0
0
0
0
0
0
0
0
0
0
0
0
0
0
0
0
0
9.112822219e-11
8.593984572e-11
8.016553444e-11
7.401812473e-11
6.76932906e-11
6.136384345e-11
5.516852023e-11
4.921366083e-11
4.357569956e-11
3.832756046e-11
3.347186036e-11
2.901775013e-11
2.496832077e-11
2.13043869e-11
1.800599613e-11
1.507190513e-11
1.245462342e-11
1.011890587e-11
8.026966713e-12
6.131673882e-12
4.647186262e-12
3.269007097e-12
1.984817807e-12
9.788682389e-13
2.543654659e-13
1.154099314e-13
0
0
0
0
0
0
0
0
0
0
0
0
0
0
0
0
0
0
0
0
0
0
0
0
0
0
0
0
0
0
0
0
0
0
6.980469075e-11
6.637515043e-11
6.256598363e-11
5.848083932e-11
5.421955989e-11
4.987493639e-11
4.552654409e-11
4.124454752e-11
3.70872165e-11
3.311122524e-11
2.933462671e-11
2.578344866e-11
2.248013969e-11
1.942555833e-11
1.66211434e-11
1.408461516e-11
1.178679472e-11
9.708868267e-12
7.838511838e-12
6.161665939e-12
4.747572178e-12
3.443338252e-12
2.204664742e-12
1.225125955e-12
5.244037971e-13
2.314396521e-13
9.320335944e-15
0
0
0
0
0
0
0
0
0
0
0
0
0
0
0
0
0
0
0
0
0
0
0
0
0
0
0
0
0
0
0
0
0
5.751315192e-11
5.496973899e-11
5.21508379e-11
4.91141127e-11
4.591965836e-11
4.262152749e-11
3.927326338e-11
3.592464674e-11
3.262583988e-11
2.941225216e-11
2.631123989e-11
2.334973192e-11
2.055495594e-11
1.793375016e-11
1.549639096e-11
1.326849466e-11
1.123131122e-11
9.378588645e-12
7.7042672e-12
6.195113679e-12
4.83794237e-12
3.582995845e-12
2.37811718e-12
1.391750617e-12
6.297324133e-13
1.114585756e-13
0
0
0
0
0
0
0
0
0
0
0
0
0
0
0
0
0
0
0
0
0
0
0
0
0
0
0
0
0
0
0
0
0
0
4.955462191e-11
4.75231514e-11
4.527326168e-11
4.284291331e-11
4.027097904e-11
3.759703441e-11
3.48600017e-11
3.20962698e-11
2.934800328e-11
2.664010963e-11
2.400181783e-11
2.145687229e-11
1.903057694e-11
1.673279373e-11
1.45761967e-11
1.25877595e-11
1.075388416e-11
9.072349318e-12
7.539661705e-12
6.14675449e-12
4.879081015e-12
3.712042016e-12
2.613213688e-12
1.558228554e-12
7.317497825e-13
1.335508041e-13
7.116496585e-14
0
0
0
0
0
0
0
0
0
0
0
0
0
0
0
0
0
0
0
0
0
0
0
0
0
0
0
0
0
0
0
0
0
4.369444968e-11
4.201016505e-11
4.014439389e-11
3.812414006e-11
3.597798106e-11
3.373548916e-11
3.142680653e-11
2.908236878e-11
2.673293634e-11
2.440111693e-11
2.21123083e-11
1.98879061e-11
1.774916979e-11
1.570832447e-11
1.37782194e-11
1.198468813e-11
1.031781422e-11
8.777573562e-12
7.362207164e-12
6.064084421e-12
4.857945218e-12
3.783356211e-12
2.751262928e-12
1.740763195e-12
9.529707578e-13
4.086479528e-13
1.937201083e-13
2.352974671e-14
0
0
0
0
0
0
0
0
0
0
0
0
0
0
0
0
0
0
0
0
0
0
0
0
0
0
0
0
0
0
0
0
3.910599979e-11
3.767802465e-11
3.60952003e-11
3.437789685e-11
3.254810232e-11
3.062900441e-11
2.864452694e-11
2.661881921e-11
2.457532705e-11
2.253637013e-11
2.052298402e-11
1.855411328e-11
1.664759809e-11
1.481662455e-11
1.307467385e-11
1.144370184e-11
9.918740194e-12
8.500559122e-12
7.189173143e-12
5.979340597e-12
4.856760803e-12
3.835639646e-12
2.851738452e-12
1.869634074e-12
1.076828339e-12
4.8541873e-13
1.19676354e-13
6.01591623e-14
0
0
0
0
0
0
0
0
0
0
0
0
0
0
0
0
0
0
0
0
0
0
0
0
0
0
0
0
0
0
0
0
3.538979606e-11
3.415980573e-11
3.279537543e-11
3.131227042e-11
2.972777186e-11
2.806036925e-11
2.632937311e-11
2.455451628e-11
2.275538769e-11
2.095106603e-11
1.915976486e-11
1.73996125e-11
1.568467999e-11
1.402850915e-11
1.244403438e-11
1.095300993e-11
9.551276051e-12
8.241151547e-12
7.024479015e-12
5.89954747e-12
4.859155993e-12
3.889940084e-12
2.962422018e-12
2.038670386e-12
1.199603168e-12
5.340518295e-13
4.913141177e-14
4.56052864e-14
0
0
0
0
0
0
0
0
0
0
0
0
0
0
0
0
0
0
0
0
0
0
0
0
0
0
0
0
0
0
0
0
3.232128939e-11
3.124742858e-11
3.005526075e-11
2.875718009e-11
2.736697822e-11
2.589962828e-11
2.437100557e-11
2.279760657e-11
2.11960984e-11
1.958307062e-11
1.797460053e-11
1.638672563e-11
1.483301687e-11
1.332684767e-11
1.188050572e-11
1.050556571e-11
9.208179175e-12
7.991789841e-12
6.858386119e-12
5.807341492e-12
4.832974228e-12
3.923877461e-12
3.061358568e-12
2.219541986e-12
1.374844512e-12
7.258939417e-13
2.960789179e-13
1.499313391e-13
0
0
0
0
0
0
0
0
0
0
0
0
0
0
0
0
0
0
0
0
0
0
0
0
0
0
0
0
0
0
0
0
2.975855091e-11
2.880840122e-11
2.775293497e-11
2.660202238e-11
2.536682964e-11
2.405968986e-11
2.269390644e-11
2.128342984e-11
1.984269147e-11
1.838623463e-11
1.692819043e-11
1.548339686e-11
1.406417003e-11
1.268320826e-11
1.13519314e-11
1.008085034e-11
8.876795078e-12
7.744137058e-12
6.685456848e-12
5.700821695e-12
4.785420981e-12
3.928898573e-12
3.112871124e-12
2.30956162e-12
1.483609645e-12
8.312704645e-13
3.647596265e-13
1.127376885e-13
5.834478745e-14
0
0
0
0
0
0
0
0
0
0
0
0
0
0
0
0
0
0
0
0
0
0
0
0
0
0
0
0
0
0
0
2.760135737e-11
2.674849011e-11
2.580086982e-11
2.476648814e-11
2.365456805e-11
2.247547543e-11
2.12404944e-11
1.99617209e-11
1.865179875e-11
1.732369615e-11
1.599031869e-11
1.466440757e-11
1.335831393e-11
1.208369292e-11
1.08512795e-11
9.671439156e-12
8.550481547e-12
7.493248386e-12
6.50263374e-12
5.579209686e-12
4.718842256e-12
3.911971574e-12
3.13993607e-12
2.372452906e-12
1.566722195e-12
9.011932157e-13
3.784515395e-13
4.958678659e-15
3.276382606e-14
0
0
0
0
0
0
0
0
0
0
0
0
0
0
0
0
0
0
0
0
0
0
0
0
0
0
0
0
0
0
0
2.576534291e-11
2.49881393e-11
2.412483639e-11
2.318207687e-11
2.216767521e-11
2.109054563e-11
1.996052548e-11
1.878831206e-11
1.758519746e-11
1.636283194e-11
1.513294282e-11
1.390744147e-11
1.269786872e-11
1.151517416e-11
1.036947713e-11
9.270849462e-12
8.224930655e-12
7.23686108e-12
6.309656625e-12
5.444356156e-12
4.637710397e-12
3.881760897e-12
3.162274035e-12
2.454597188e-12
1.724500439e-12
1.043896449e-12
5.209982558e-13
1.839785581e-13
1.096303442e-13
0
0
0
0
0
0
0
0
0
0
0
0
0
0
0
0
0
0
0
0
0
0
0
0
0
0
0
0
0
0
0
2.416301493e-11
2.34450718e-11
2.264815678e-11
2.1778019e-11
2.084147671e-11
1.984643985e-11
1.880176222e-11
1.771710489e-11
1.660275765e-11
1.546927852e-11
1.432769614e-11
1.318909972e-11
1.206429094e-11
1.096357993e-11
9.896509388e-12
8.87216262e-12
7.896023217e-12
6.973016888e-12
6.106065217e-12
5.296313443e-12
4.540924467e-12
3.832885038e-12
3.160030782e-12
2.504870037e-12
1.841767182e-12
1.145637559e-12
6.148581429e-13
2.64337453e-13
1.563499885e-13
6.829449829e-14
0
0
0
0
0
0
0
0
0
0
0
0
0
0
0
0
0
0
0
0
0
0
0
0
0
0
0
0
0
0
2.269904835e-11
2.203033405e-11
2.128861894e-11
2.047907029e-11
1.960794414e-11
1.86824897e-11
1.771085638e-11
1.670195897e-11
1.566521007e-11
1.461043667e-11
1.354798071e-11
1.248793824e-11
1.144004899e-11
1.041414493e-11
9.423506953e-12
8.471410706e-12
7.563167205e-12
6.703608423e-12
5.895510311e-12
5.139932209e-12
4.434083473e-12
3.771012373e-12
3.138478084e-12
2.518613974e-12
1.883282273e-12
1.196473296e-12
6.546084992e-13
2.674147014e-13
6.167269089e-14
4.601324594e-14
0
0
0
0
0
0
0
0
0
0
0
0
0
0
0
0
0
0
0
0
0
0
0
0
0
0
0
0
0
0
2.128029803e-11
2.065737841e-11
1.996665711e-11
1.921303978e-11
1.840241324e-11
1.754158852e-11
1.663819094e-11
1.570049059e-11
1.473731325e-11
1.37580941e-11
1.277244101e-11
1.178988852e-11
1.081971252e-11
9.870868694e-12
8.951918717e-12
8.069075456e-12
7.227279433e-12
6.430455963e-12
5.680798553e-12
4.979082737e-12
4.322514979e-12
3.704181392e-12
3.11199376e-12
2.527876352e-12
1.921973679e-12
1.254769213e-12
7.141205977e-13
3.004221164e-13
9.453917638e-15
4.43169556e-14
0
0
0
0
0
0
0
0
0
0
0
0
0
0
0
0
0
0
0
0
0
0
0
0
0
0
0
0
0
0
1.98396719e-11
1.926460349e-11
1.862665496e-11
1.793054961e-11
1.718189783e-11
1.638712506e-11
1.55533423e-11
1.468829982e-11
1.380033906e-11
1.289830559e-11
1.199102771e-11
1.108726327e-11
1.019545694e-11
9.323544762e-12
8.478932533e-12
7.666987464e-12
6.892410003e-12
6.15852205e-12
5.467135778e-12
4.818883231e-12
4.211107711e-12
3.637368262e-12
3.086817077e-12
2.543035609e-12
1.977545842e-12
1.349566308e-12
8.228876343e-13
4.208538273e-13
1.757492746e-13
1.428122679e-13
7.494563417e-14
0
0
0
0
0
0
0
0
0
0
0
0
0
0
0
0
0
0
0
0
0
0
0
0
0
0
0
0
0
1.835315274e-11
1.783045691e-11
1.724986206e-11
1.661587205e-11
1.593376721e-11
1.520946923e-11
1.444963376e-11
1.366148475e-11
1.285285943e-11
1.203170354e-11
1.120603888e-11
1.038374546e-11
9.572357103e-12
8.778808708e-12
8.009515797e-12
7.269113002e-12
6.56168938e-12
5.890043211e-12
5.255683296e-12
4.659197142e-12
4.098216922e-12
3.566904198e-12
3.055930574e-12
2.551548937e-12
2.030386987e-12
1.457021806e-12
9.101782762e-13
4.919100048e-13
2.273523437e-13
1.731183587e-13
9.215352403e-14
0
0
0
0
0
0
0
0
0
0
0
0
0
0
0
0
0
0
0
0
0
0
0
0
0
0
0
0
0
1.684809119e-11
1.638160484e-11
1.586242754e-11
1.529469816e-11
1.468320732e-11
1.403339318e-11
1.335138379e-11
1.264383626e-11
1.191767346e-11
1.117999179e-11
1.043789243e-11
9.698296577e-12
8.967817293e-12
8.252450896e-12
7.557550549e-12
6.887196886e-12
6.244857066e-12
5.632912494e-12
5.052821875e-12
4.505013126e-12
3.987359823e-12
3.494506197e-12
3.018236372e-12
2.547192573e-12
2.065263933e-12
1.547342737e-12
9.690090221e-13
5.278052388e-13
2.327654194e-13
1.072535388e-13
7.553447735e-14
0
0
0
0
0
0
0
0
0
0
0
0
0
0
0
0
0
0
0
0
0
0
0
0
0
0
0
0
0
1.538431107e-11
1.497411934e-11
1.451654098e-11
1.401531225e-11
1.347470227e-11
1.289962029e-11
1.229552965e-11
1.166821244e-11
1.102371791e-11
1.036822974e-11
9.707912198e-12
9.048752218e-12
8.39639617e-12
7.755897304e-12
7.131621826e-12
6.527364811e-12
5.946065647e-12
5.389815277e-12
4.860107823e-12
4.357354386e-12
3.879804869e-12
3.422444527e-12
2.978025967e-12
2.535924198e-12
2.080597315e-12
1.5861449e-12
1.019566412e-12
5.797516798e-13
2.713122151e-13
1.01573702e-13
1.092812843e-13
4.850179693e-14
0
0
0
0
0
0
0
0
0
0
0
0
0
0
0
0
0
0
0
0
0
0
0
0
0
0
0
0
1.403520402e-11
1.367711119e-11
1.327701431e-11
1.283814181e-11
1.236420264e-11
1.185946431e-11
1.132854131e-11
1.077637255e-11
1.020811982e-11
9.629042367e-12
9.044375e-12
8.459246664e-12
7.878279232e-12
7.30601178e-12
6.745989581e-12
6.201540069e-12
5.675275932e-12
5.169153893e-12
4.684761588e-12
4.222666039e-12
3.781513704e-12
3.35688563e-12
2.942419376e-12
2.528338658e-12
2.0995482e-12
1.629679401e-12
1.084144876e-12
6.576917604e-13
3.510631126e-13
1.931316837e-13
1.686926354e-13
9.589584997e-14
0
0
0
0
0
0
0
0
0
0
0
0
0
0
0
0
0
0
0
0
0
0
0
0
0
0
0
0
1.28489451e-11
1.253529003e-11
1.218475141e-11
1.180000383e-11
1.138423337e-11
1.094094439e-11
1.047401434e-11
9.987601814e-12
9.486056794e-12
8.973821314e-12
8.455324999e-12
7.934875264e-12
7.416324031e-12
6.903363019e-12
6.399334237e-12
5.907097985e-12
5.428991212e-12
4.96685803e-12
4.522393734e-12
4.09627599e-12
3.687486337e-12
3.291993817e-12
2.90421588e-12
2.51498017e-12
2.109365914e-12
1.660032259e-12
1.12942651e-12
7.047938591e-13
3.856162052e-13
1.987206349e-13
1.743078252e-13
9.920455931e-14
0
0
0
0
0
0
0
0
0
0
0
0
0
0
0
0
0
0
0
0
0
0
0
0
0
0
0
0
1.185360529e-11
1.157592426e-11
1.126586953e-11
1.092563237e-11
1.05578018e-11
1.016531733e-11
9.751422192e-12
9.319600766e-12
8.87350172e-12
8.416855333e-12
7.953420052e-12
7.48669444e-12
7.020044034e-12
6.556658015e-12
6.099434387e-12
5.650916041e-12
5.213239749e-12
4.788162451e-12
4.377554543e-12
3.982058011e-12
3.600791525e-12
3.230223722e-12
2.86537289e-12
2.497736003e-12
2.113106612e-12
1.684294773e-12
1.171071148e-12
7.367716841e-13
3.963327585e-13
1.777622205e-13
1.460737961e-13
8.494299766e-14
0
0
0
0
0
0
0
0
0
0
0
0
0
0
0
0
0
0
0
0
0
0
0
0
0
0
0
0
1.108970693e-11
1.083817804e-11
1.055763856e-11
1.02499668e-11
9.917373157e-12
9.562375661e-12
9.187759716e-12
8.796524172e-12
8.391814794e-12
7.976852023e-12
7.55460706e-12
7.128274134e-12
6.700800892e-12
6.275004071e-12
5.853459118e-12
5.438469012e-12
5.032010281e-12
4.635776529e-12
4.251702065e-12
3.880386644e-12
3.521052647e-12
3.170396092e-12
2.824006683e-12
2.473981031e-12
2.106942171e-12
1.69683238e-12
1.206594595e-12
7.62051669e-13
4.114233852e-13
1.797019844e-13
1.160624853e-13
1.00547732e-13
4.291813886e-14
0
0
0
0
0
0
0
0
0
0
0
0
0
0
0
0
0
0
0
0
0
0
0
0
0
0
0
)
;

boundaryField
{
    inletCH4
    {
        type            fixedValue;
        value           uniform 0;
    }
    wallOutside
    {
        type            zeroGradient;
    }
    wallTube
    {
        type            zeroGradient;
    }
    inletPilot
    {
        type            fixedValue;
        value           uniform 0;
    }
    inletAir
    {
        type            fixedValue;
        value           uniform 0;
    }
    outlet
    {
        type            zeroGradient;
    }
    axis
    {
        type            empty;
    }
    frontAndBack_pos
    {
        type            wedge;
    }
    frontAndBack_neg
    {
        type            wedge;
    }
}


// ************************************************************************* //
