/*--------------------------------*- C++ -*----------------------------------*\
  =========                 |
  \\      /  F ield         | OpenFOAM: The Open Source CFD Toolbox
   \\    /   O peration     | Website:  https://openfoam.org
    \\  /    A nd           | Version:  10
     \\/     M anipulation  |
\*---------------------------------------------------------------------------*/
FoamFile
{
    format      ascii;
    class       volScalarField;
    location    "0.02498436188";
    object      CH2O;
}
// * * * * * * * * * * * * * * * * * * * * * * * * * * * * * * * * * * * * * //

dimensions      [0 0 0 0 0 0 0];

internalField   nonuniform List<scalar> 
5170
(
7.409523418e-09
7.397162452e-09
7.314153441e-09
6.722972297e-09
5.07226576e-10
1.467636704e-08
1.463788421e-08
1.44618176e-08
1.356036117e-08
8.423774444e-09
2.186986301e-08
2.180590555e-08
2.154922944e-08
2.047420272e-08
1.623602764e-08
2.897492132e-08
2.8888484e-08
2.85721299e-08
2.742974365e-08
2.406116449e-08
3.598745143e-08
3.588249744e-08
3.552929008e-08
3.440458466e-08
3.189256149e-08
4.290939078e-08
4.279297079e-08
4.242652778e-08
4.139545133e-08
3.972966464e-08
4.975043284e-08
4.962835222e-08
4.927142166e-08
4.840893807e-08
4.757852138e-08
5.652584627e-08
5.640630695e-08
5.60799712e-08
5.544849928e-08
5.544751273e-08
6.324715203e-08
6.313727351e-08
6.286502709e-08
6.252314186e-08
6.334423153e-08
6.992612405e-08
6.983082055e-08
6.962887337e-08
6.964205825e-08
7.127601159e-08
7.656930448e-08
7.649354933e-08
7.63750523e-08
7.680929172e-08
7.92433461e-08
8.317737875e-08
8.312776327e-08
8.312070771e-08
8.40226427e-08
8.72379683e-08
8.975197904e-08
8.973542533e-08
8.987345741e-08
9.128197707e-08
9.525150462e-08
9.62953603e-08
9.631891143e-08
9.663201585e-08
9.858664705e-08
1.032760421e-07
1.028086655e-07
1.028806491e-07
1.033965832e-07
1.059324487e-07
1.113019338e-07
1.092912893e-07
1.094211282e-07
1.101774734e-07
1.133202745e-07
1.1930974e-07
1.157441692e-07
1.159425371e-07
1.169681461e-07
1.207357064e-07
1.273060343e-07
1.221690062e-07
1.224485105e-07
1.237893805e-07
1.281878108e-07
1.352642331e-07
1.285678123e-07
1.289442216e-07
1.306553841e-07
1.357244814e-07
1.43361976e-07
1.350272327e-07
1.358814226e-07
1.405284507e-07
1.622776051e-07
2.392533599e-07
7.092588789e-13
6.852491427e-13
7.106305462e-13
7.195607023e-13
7.348837989e-13
3.512251836e-13
3.895078228e-13
4.048851215e-13
3.977368114e-13
3.396405535e-13
1.787155748e-13
2.0470199e-13
2.267170294e-13
2.092764814e-13
1.557400294e-13
1.012107663e-13
1.203520854e-13
1.385489988e-13
1.182096257e-13
8.360828559e-14
7.315251384e-14
9.765191176e-14
8.716544316e-14
5.771075223e-14
4.290992859e-15
0
8.398706161e-14
2.918625687e-14
8.002624533e-14
0
0
0
0
2.409171363e-12
0
0
3.586246811e-12
4.045209821e-12
0
0
1.414777939e-10
0
0
0
3.156220511e-10
1.684090135e-10
8.129623539e-09
0
0
0
4.905390624e-11
3.623495869e-09
0
1.133534373e-12
1.005677529e-11
0
2.192782105e-10
0
0
2.319837976e-10
5.772919834e-11
0
0
0
1.978389702e-09
3.514185313e-10
0
0
7.607618519e-10
4.33472896e-09
2.058753369e-09
3.06906801e-10
3.188601928e-10
2.097560878e-09
3.089167979e-09
2.220856963e-09
1.768713181e-09
1.736761902e-09
2.582461242e-09
3.408708542e-09
1.753856618e-09
3.607347588e-09
3.577636572e-09
2.574150249e-09
5.115613191e-09
2.463209958e-09
2.869024251e-09
2.948574249e-09
3.057290638e-09
2.537333616e-09
1.330330206e-08
4.160813673e-09
2.543188426e-09
4.572598131e-09
2.107632547e-09
1.054946699e-06
1.704201643e-07
3.006005428e-08
5.778825406e-09
2.973399551e-10
1.43319319e-07
1.598168048e-07
4.251422566e-07
4.346813526e-06
5.235536469e-05
1.612147887e-07
2.448943322e-07
1.36848185e-06
1.347670069e-05
0.000100217044
2.052582657e-07
4.801591416e-07
3.57655055e-06
2.807824705e-05
0.0001447384296
3.062089405e-07
9.97424081e-07
7.5510906e-06
4.749523265e-05
0.0001805119097
5.186146505e-07
1.997276111e-06
1.392318507e-05
6.985580506e-05
0.0002061121902
9.454948504e-07
3.843587415e-06
2.326128143e-05
9.297481155e-05
0.0002253668588
1.756421853e-06
7.013034979e-06
3.572834045e-05
0.000115809008
0.0002429485895
3.209971609e-06
1.204325387e-05
5.099983362e-05
0.0001378802812
0.0002595234335
5.715076969e-06
1.960436804e-05
6.8526997e-05
0.0001586019077
0.0002737646423
9.858804149e-06
3.005710504e-05
8.756508341e-05
0.0001778651162
0.0002858479432
1.653355454e-05
4.391621835e-05
0.0001075284203
0.0001956632384
0.0002959408422
2.752342296e-05
6.137969746e-05
0.0001277664439
0.0002123743993
0.000305062338
4.474088209e-05
8.209586746e-05
0.0001482489875
0.0002283547191
0.0003137309029
6.716553761e-05
0.0001051830523
0.0001688690829
0.0002436965366
0.0003217880364
9.579358767e-05
0.0001310913006
0.0001901281749
0.0002589240877
0.0003299898333
0.0001280958029
0.0001591981418
0.0002125460068
0.000275072807
0.0003395651503
0.0001640182751
0.0001906002556
0.0002376490407
0.0002936396961
0.0003517826628
0.0002046935151
0.0002267334605
0.0002674675511
0.0003176237443
0.0003710172068
0.0002506222895
0.0002697885909
0.0003069516352
0.0003548646445
0.0004075315968
0.0003104870602
0.0003293274193
0.0003673007047
0.0004185751919
0.0004784866392
0.0003963932373
0.0004153893589
0.0004542529665
0.0005076097675
0.0005712211565
0.0005003746406
0.0005146082009
0.0005442511288
0.0005853491451
0.0006342573153
0.0005615790245
0.0005691632911
0.0005848350741
0.0006062468426
0.0006307077409
0.000551682458
0.0005540819577
0.0005587111094
0.0005642928221
0.0005693256404
0.0004892307889
0.0004888577117
0.0004875629735
0.0004848476987
0.0004801928609
0.0004055494446
0.0004041813759
0.0004009160191
0.0003956297655
0.0003882248607
0.0003288902672
0.0003274535889
0.000324090933
0.0003188368484
0.000311771571
0.0002639197698
0.0002626831292
0.0002598307089
0.0002554406953
0.0002496284634
0.000211463733
0.000210487033
0.0002082519507
0.0002048361987
0.0002003429384
0.0001698550907
0.0001691153935
0.0001674299548
0.0001648619917
0.0001614916398
0.0001369898018
0.0001364422208
0.0001351969398
0.0001332998816
0.0001308101258
0.0001109880039
0.0001105870365
0.0001096755167
0.0001082859956
0.0001064596324
9.035461469e-05
9.006176877e-05
8.939576845e-05
8.83791249e-05
8.704032288e-05
7.395727539e-05
7.374285546e-05
7.325484133e-05
7.250875687e-05
7.152423953e-05
6.096631067e-05
6.080820392e-05
6.044822945e-05
5.989713383e-05
5.916846335e-05
5.075035783e-05
5.063239732e-05
5.036389733e-05
4.995245299e-05
4.940745714e-05
4.278770248e-05
4.269815176e-05
4.249460792e-05
4.218258885e-05
4.176865453e-05
3.662241371e-05
3.655293847e-05
3.63954023e-05
3.615398443e-05
3.583332302e-05
3.185729094e-05
3.180207715e-05
3.167729115e-05
3.14862181e-05
3.123219912e-05
2.815985294e-05
2.811492426e-05
2.801375737e-05
2.78590351e-05
2.765321645e-05
2.52635921e-05
2.522621688e-05
2.514237526e-05
2.501431689e-05
2.484389006e-05
2.296286501e-05
2.293116315e-05
2.286029393e-05
2.275218762e-05
2.260826605e-05
2.110242636e-05
2.107507172e-05
2.101418923e-05
2.092144032e-05
2.079794094e-05
1.956947741e-05
1.954562747e-05
1.949261214e-05
1.941191778e-05
1.930444718e-05
1.828068869e-05
1.825964245e-05
1.821295506e-05
1.814194749e-05
1.804736088e-05
1.717564174e-05
1.715691816e-05
1.711544928e-05
1.70524172e-05
1.69684386e-05
1.62112467e-05
1.619447752e-05
1.615738258e-05
1.610102182e-05
1.602591579e-05
1.535542155e-05
1.534033776e-05
1.53069987e-05
1.525637379e-05
1.518890552e-05
1.458798367e-05
1.457438656e-05
1.454435763e-05
1.449875899e-05
1.443797763e-05
1.389381836e-05
1.388152967e-05
1.385440182e-05
1.381320997e-05
1.375828504e-05
1.32605123e-05
1.324935845e-05
1.32247605e-05
1.318740861e-05
1.313759213e-05
1.268402044e-05
1.267389586e-05
1.265156601e-05
1.261767283e-05
1.257246814e-05
1.215608532e-05
1.214688027e-05
1.212658263e-05
1.209576772e-05
1.205465588e-05
1.16714693e-05
1.166307572e-05
1.164457243e-05
1.161648177e-05
1.157899653e-05
1.122577555e-05
1.121810002e-05
1.120118427e-05
1.117550371e-05
1.114122686e-05
1.081534824e-05
1.080829951e-05
1.079276968e-05
1.076919399e-05
1.073772009e-05
1.043685878e-05
1.043035109e-05
1.041601817e-05
1.039426074e-05
1.036520924e-05
1.008691583e-05
1.008087245e-05
1.00675677e-05
1.004737433e-05
1.002040962e-05
9.761488357e-06
9.755845995e-06
9.743429621e-06
9.724588417e-06
9.699429112e-06
9.455520509e-06
9.45023487e-06
9.43860679e-06
9.420962283e-06
9.397394983e-06
9.162632797e-06
9.157647742e-06
9.146682039e-06
9.130043607e-06
9.107821904e-06
8.875143948e-06
8.870447556e-06
8.86011424e-06
8.844431406e-06
8.823482169e-06
8.588196942e-06
8.583812315e-06
8.574161661e-06
8.559516765e-06
8.539966729e-06
8.301114989e-06
8.297029594e-06
8.288029789e-06
8.274360711e-06
8.256095369e-06
8.012886832e-06
8.009119459e-06
8.000812748e-06
7.988189527e-06
7.971318331e-06
7.728202352e-06
7.724767579e-06
7.717187508e-06
7.70566302e-06
7.690258075e-06
7.45548194e-06
7.452378322e-06
7.44552002e-06
7.435078758e-06
7.421101682e-06
7.200102606e-06
7.197224918e-06
7.190866481e-06
7.181190452e-06
7.168245575e-06
6.964880955e-06
6.962178873e-06
6.95620725e-06
6.947113111e-06
6.934934682e-06
6.766375064e-06
6.763805884e-06
6.758129963e-06
6.749489006e-06
6.737920094e-06
0.0001622898866
0.0002320804839
0.0002804000616
0.0003058304125
0.0003172605653
0.000325465363
0.0003358313924
0.0003459071777
0.0003525797447
0.0003577059042
0.0003607858886
0.0003639672556
0.000367490384
0.0003702830355
0.0003738712003
0.00037960182
0.0003882758505
0.0004047193396
0.0004417729232
0.0005204025751
0.0006172201785
0.0006693821573
0.0006474789218
0.0005719157401
0.0004761715696
0.0003824437563
0.0003064281262
0.0002452746636
0.0001969866734
0.0001589744642
0.0001289491029
0.0001050930583
8.60376422e-05
7.078615631e-05
5.862127619e-05
4.899695222e-05
4.145534365e-05
3.558897779e-05
3.103709142e-05
2.749374852e-05
2.471071337e-05
2.249491119e-05
2.070000479e-05
1.921872861e-05
1.797155483e-05
1.69008829e-05
1.596531511e-05
1.513433954e-05
1.438872768e-05
1.371370371e-05
1.309709442e-05
1.253568292e-05
1.202116072e-05
1.154842175e-05
1.111323708e-05
1.071198927e-05
1.034143136e-05
9.998315228e-06
9.678793131e-06
9.378041478e-06
9.089571605e-06
8.8062834e-06
8.523949006e-06
8.241132022e-06
7.957520867e-06
7.677681295e-06
7.409684345e-06
7.157680227e-06
6.924987113e-06
6.728469995e-06
0.0002978277347
2.283753621e-05
6.968493617e-07
1.097890339e-07
1.304460278e-08
0.000428164274
0.0005755589786
3.318788562e-05
1.007016365e-06
2.701610521e-07
0.0004897461205
0.0006791144801
6.389729046e-05
3.386010214e-06
1.268211022e-06
0.0004987957815
0.000625896285
0.0001364812891
1.060158285e-05
1.866798426e-06
0.0004870173155
0.0005857486168
0.0002722678528
2.741035296e-05
2.134230936e-06
0.0004781143772
0.0005815389589
0.0003872584897
4.849420932e-05
4.608022199e-06
0.0004774526449
0.0005888250691
0.0004707625218
6.827012365e-05
7.805366505e-06
0.0004765620828
0.00058646498
0.0005002530835
9.820598253e-05
1.284213786e-05
0.0004698595405
0.0005684639015
0.0005022501787
0.0001811284603
2.639719462e-05
0.0004638828938
0.000554250518
0.0005085623751
0.0002340365924
3.847243938e-05
0.0004553333662
0.0005397553475
0.0005074689009
0.0002671670108
4.835753021e-05
0.0004494532691
0.0005261239387
0.0004995732445
0.0003022788201
6.19588026e-05
0.0004453094977
0.0005138074468
0.0004990200969
0.0003446493041
0.0001158811559
0.0004399000314
0.0005036846063
0.0004980657238
0.0003684152703
0.0001476445689
0.0004370870207
0.0004982154134
0.0004975729048
0.0003844274013
0.0001774828816
0.0004371280957
0.0004954655219
0.0004970392231
0.0003954695226
0.0002007559202
0.0004407372545
0.0004955366312
0.0004982782613
0.0004057228183
0.0002234385578
0.0004529166954
0.0005035172959
0.0005041976765
0.000410468407
0.0002252528949
0.0004893970067
0.0005391226329
0.0005298113669
0.000419008059
0.000202871156
0.0005789209948
0.0006598740599
0.0006999943885
0.0006300874477
0.0002654486791
0.0006832747654
0.0007903844793
0.0008939099166
0.0009747306427
0.0009903218414
0.0007210873771
0.0007974022636
0.00085796545
0.0008844948081
0.0008537203969
0.0006737706557
0.0007013697042
0.0007057249625
0.0006785712441
0.0006166564876
0.000578193843
0.0005736480409
0.0005511554385
0.0005101814309
0.0004536463018
0.0004728543754
0.0004565004353
0.0004284673087
0.000390562566
0.0003457996218
0.0003761602989
0.0003584052415
0.0003333671083
0.0003029941764
0.0002695117045
0.0003003234046
0.0002850893904
0.0002650349626
0.0002417340786
0.0002167478913
0.0002401858388
0.0002281380496
0.0002127424131
0.0001951895902
0.000176549527
0.0001930180567
0.0001838283545
0.0001722338427
0.0001590918009
0.0001451548592
0.0001559817837
0.0001491085452
0.0001404550303
0.0001306350288
0.0001201822401
0.0001267361534
0.0001216443268
0.000115213136
0.0001078776453
0.0001000162709
0.0001034741561
9.971812068e-05
9.494072385e-05
8.945159942e-05
8.351995419e-05
8.485738415e-05
8.208585118e-05
7.852892462e-05
7.440801554e-05
6.991607006e-05
6.992318726e-05
6.787011996e-05
6.521112146e-05
6.210481947e-05
5.869029009e-05
5.798393341e-05
5.645175727e-05
5.445203014e-05
5.209865135e-05
4.949192685e-05
4.851760173e-05
4.736042527e-05
4.584289744e-05
4.4046693e-05
4.204413798e-05
4.108540651e-05
4.019635765e-05
3.902958577e-05
3.764348885e-05
3.609002252e-05
3.529480174e-05
3.459704977e-05
3.368443523e-05
3.259887484e-05
3.137779781e-05
3.079615548e-05
3.02357887e-05
2.95079036e-05
2.864250468e-05
2.766664567e-05
2.729124776e-05
2.683086739e-05
2.623815946e-05
2.553480588e-05
2.474046089e-05
2.453689306e-05
2.415062259e-05
2.365809164e-05
2.307508848e-05
2.241640988e-05
2.234321649e-05
2.201308098e-05
2.159626774e-05
2.110451085e-05
2.054873227e-05
2.056612813e-05
2.028005481e-05
1.992177011e-05
1.950019934e-05
1.902369091e-05
1.909947655e-05
1.884841634e-05
1.853620412e-05
1.816969352e-05
1.775541748e-05
1.786459496e-05
1.764206478e-05
1.736693468e-05
1.704461942e-05
1.668018877e-05
1.680451259e-05
1.660580572e-05
1.63611637e-05
1.60749262e-05
1.575123381e-05
1.587812355e-05
1.56995386e-05
1.548036484e-05
1.522437059e-05
1.493498769e-05
1.505533059e-05
1.489439277e-05
1.469748565e-05
1.446755387e-05
1.42074824e-05
1.431706285e-05
1.417163719e-05
1.399399438e-05
1.378657657e-05
1.355174755e-05
1.36485599e-05
1.35167414e-05
1.33558624e-05
1.316796065e-05
1.295518253e-05
1.303771779e-05
1.291790386e-05
1.277189269e-05
1.260144692e-05
1.24083404e-05
1.248159472e-05
1.237262514e-05
1.22399284e-05
1.20849977e-05
1.190934031e-05
1.197177392e-05
1.187244715e-05
1.175156978e-05
1.161041159e-05
1.145025375e-05
1.15032231e-05
1.141246884e-05
1.130209179e-05
1.117316353e-05
1.102677756e-05
1.107175037e-05
1.098858319e-05
1.088747875e-05
1.076935421e-05
1.063513759e-05
1.067374912e-05
1.059721728e-05
1.050423891e-05
1.039558679e-05
1.027206202e-05
1.03059917e-05
1.023521303e-05
1.014931053e-05
1.004894221e-05
9.934795406e-06
9.96528592e-06
9.899481559e-06
9.81971703e-06
9.726556408e-06
9.620595551e-06
9.647856219e-06
9.586366227e-06
9.511923e-06
9.425020673e-06
9.326126546e-06
9.348961951e-06
9.291234136e-06
9.22140052e-06
9.139803783e-06
9.046898708e-06
9.062134092e-06
9.007676769e-06
8.9417851e-06
8.864797902e-06
8.777138981e-06
8.780456109e-06
8.729161109e-06
8.667073715e-06
8.59455783e-06
8.512004049e-06
8.499957663e-06
8.451987872e-06
8.393943931e-06
8.325910846e-06
8.248288344e-06
8.218827809e-06
8.174172963e-06
8.119842218e-06
8.056174353e-06
7.983532605e-06
7.937069696e-06
7.895908697e-06
7.845672192e-06
7.78671526e-06
7.71939525e-06
7.659143832e-06
7.621621742e-06
7.575667835e-06
7.521668912e-06
7.459820103e-06
7.392920348e-06
7.358770277e-06
7.316810539e-06
7.267135467e-06
7.210032437e-06
7.142184843e-06
7.110523398e-06
7.071510971e-06
7.025275249e-06
6.972073233e-06
6.910372868e-06
6.880572837e-06
6.843863276e-06
6.800497495e-06
6.750707784e-06
6.714576094e-06
6.686315104e-06
6.651571063e-06
6.610632495e-06
6.56377242e-06
2.543680323e-09
3.819914478e-08
9.828130021e-09
3.422289966e-09
2.060871439e-09
1.641771947e-09
1.485781409e-09
1.427909436e-09
1.408025358e-09
1.401420072e-09
1.39853876e-09
1.395986399e-09
1.39337401e-09
1.391284828e-09
1.390668741e-09
1.392711325e-09
1.390880607e-09
1.385135344e-09
1.381954728e-09
1.380150995e-09
1.378885924e-09
1.377811696e-09
1.376818159e-09
1.375886368e-09
1.375020017e-09
1.374223709e-09
1.373490072e-09
1.372808921e-09
1.372179388e-09
1.371602194e-09
1.371065671e-09
1.370560232e-09
1.370085528e-09
1.369641792e-09
1.369234411e-09
1.36886047e-09
1.368516468e-09
1.36819522e-09
1.367897248e-09
1.367619881e-09
1.36736143e-09
1.367118677e-09
1.366885759e-09
1.366656636e-09
1.366443294e-09
1.366262331e-09
1.366104512e-09
1.365964234e-09
1.365833605e-09
1.365716937e-09
1.36560939e-09
1.365513301e-09
1.365420409e-09
1.365323537e-09
1.365017945e-09
1.363100114e-09
1.351749967e-09
1.301324075e-09
1.13153257e-09
9.056067866e-10
5.07440206e-08
1.797015103e-07
4.091485315e-08
1.24422455e-08
7.455531283e-09
6.161594991e-09
5.716201264e-09
5.540029285e-09
5.468187704e-09
5.43743666e-09
5.421951954e-09
5.411084588e-09
5.401647207e-09
5.393683518e-09
5.389372302e-09
5.391920272e-09
5.386242006e-09
5.370717714e-09
5.361818352e-09
5.356586465e-09
5.352867284e-09
5.349658164e-09
5.346682247e-09
5.343918068e-09
5.341429659e-09
5.339183496e-09
5.337102635e-09
5.335198167e-09
5.333529964e-09
5.332051233e-09
5.330682679e-09
5.329393415e-09
5.328222119e-09
5.32721938e-09
5.326368196e-09
5.325602889e-09
5.324917052e-09
5.324251369e-09
5.323676684e-09
5.323104065e-09
5.322667969e-09
5.322312728e-09
5.32192318e-09
5.321567302e-09
5.321188469e-09
5.32090567e-09
5.320640049e-09
5.320482269e-09
5.320339514e-09
5.320226984e-09
5.32011414e-09
5.32005806e-09
5.319949415e-09
5.319915101e-09
5.319344602e-09
5.3161519e-09
5.301053861e-09
5.249651537e-09
5.139367167e-09
5.053559027e-09
2.341500453e-07
2.547004162e-07
7.120250041e-08
2.20025881e-08
1.360559014e-08
1.153882594e-08
1.083762815e-08
1.054418668e-08
1.040745774e-08
1.033955911e-08
1.030263485e-08
1.027880772e-08
1.026028515e-08
1.02447092e-08
1.02337425e-08
1.023169366e-08
1.022126602e-08
1.019958342e-08
1.018687047e-08
1.017906771e-08
1.017305329e-08
1.016746703e-08
1.016209748e-08
1.015708161e-08
1.01525334e-08
1.014842558e-08
1.014474168e-08
1.014143924e-08
1.013846972e-08
1.013583794e-08
1.013350285e-08
1.013142335e-08
1.012965829e-08
1.012816581e-08
1.012685743e-08
1.012576453e-08
1.012488352e-08
1.012406215e-08
1.01233168e-08
1.0122603e-08
1.012209105e-08
1.012168003e-08
1.012134471e-08
1.012115657e-08
1.012098843e-08
1.012094269e-08
1.012088523e-08
1.012099456e-08
1.012106994e-08
1.012127286e-08
1.012146427e-08
1.012181644e-08
1.012202032e-08
1.012246613e-08
1.012239413e-08
1.012136509e-08
1.01171954e-08
1.011483057e-08
1.015936526e-08
1.024919808e-08
8.343619854e-07
3.776846732e-07
1.581817231e-07
3.735336206e-08
1.980147306e-08
1.625253189e-08
1.512885747e-08
1.464591211e-08
1.440690834e-08
1.428276189e-08
1.421654895e-08
1.417890607e-08
1.415461426e-08
1.413667107e-08
1.412400771e-08
1.4119765e-08
1.410996221e-08
1.40923585e-08
1.408302549e-08
1.407767716e-08
1.407313841e-08
1.406831007e-08
1.406328243e-08
1.405843005e-08
1.405401013e-08
1.405003362e-08
1.404649868e-08
1.40433873e-08
1.404064009e-08
1.403825148e-08
1.403618619e-08
1.403440464e-08
1.403294484e-08
1.403176631e-08
1.403080148e-08
1.403009522e-08
1.402961211e-08
1.402919782e-08
1.402884521e-08
1.40285605e-08
1.402842818e-08
1.402837605e-08
1.402843758e-08
1.402864411e-08
1.402891597e-08
1.402930237e-08
1.402969306e-08
1.403020156e-08
1.403066608e-08
1.403129854e-08
1.403192869e-08
1.40327271e-08
1.403337388e-08
1.403436104e-08
1.403526337e-08
1.403766527e-08
1.404578166e-08
1.408191265e-08
1.420092726e-08
1.434252053e-08
2.167118983e-06
8.954289201e-07
6.48044078e-07
1.557027802e-07
3.973555806e-08
2.288019114e-08
1.899428631e-08
1.761932323e-08
1.700775558e-08
1.671366624e-08
1.657100334e-08
1.650273788e-08
1.647017409e-08
1.64541365e-08
1.644699645e-08
1.644769176e-08
1.644605106e-08
1.644056051e-08
1.644057923e-08
1.644218619e-08
1.644283164e-08
1.644197691e-08
1.644015327e-08
1.64380209e-08
1.643597143e-08
1.64341303e-08
1.643253401e-08
1.643118266e-08
1.643005547e-08
1.642914906e-08
1.642843659e-08
1.642789996e-08
1.64275581e-08
1.642739284e-08
1.642736344e-08
1.642749744e-08
1.642776367e-08
1.642806881e-08
1.64283988e-08
1.642877968e-08
1.642924031e-08
1.642973022e-08
1.643028805e-08
1.643092736e-08
1.643161095e-08
1.643236327e-08
1.643312911e-08
1.643394123e-08
1.643472411e-08
1.643562699e-08
1.643653535e-08
1.643756263e-08
1.643850221e-08
1.643975619e-08
1.644133806e-08
1.644547581e-08
1.645801062e-08
1.649969648e-08
1.660398149e-08
1.671015936e-08
2.444330958e-06
2.019956293e-06
1.469889491e-06
7.749040929e-07
1.419094928e-07
4.177724842e-08
2.507984243e-08
2.05573169e-08
1.885156623e-08
1.811155341e-08
1.778104945e-08
1.763712513e-08
1.757786307e-08
1.755597087e-08
1.755112987e-08
1.75562304e-08
1.756278408e-08
1.756892494e-08
1.757842646e-08
1.758753167e-08
1.759403336e-08
1.759780091e-08
1.759973626e-08
1.760077064e-08
1.760144366e-08
1.760200775e-08
1.7602566e-08
1.760314833e-08
1.760376234e-08
1.760442424e-08
1.760512203e-08
1.760585497e-08
1.760663653e-08
1.760746464e-08
1.760831935e-08
1.760921756e-08
1.761014565e-08
1.761106915e-08
1.761198236e-08
1.76129031e-08
1.76138409e-08
1.761476563e-08
1.761570085e-08
1.761664715e-08
1.761758879e-08
1.761854674e-08
1.761950981e-08
1.762048174e-08
1.762142444e-08
1.762240458e-08
1.762337348e-08
1.762440401e-08
1.762540247e-08
1.762664433e-08
1.762836741e-08
1.76323561e-08
1.764302139e-08
1.767273478e-08
1.773498633e-08
1.77923239e-08
1.618499996e-06
3.066357123e-06
2.611314129e-06
2.246153599e-06
6.927035436e-07
1.188474922e-07
4.064985567e-08
2.558134547e-08
2.099944231e-08
1.921790903e-08
1.847195483e-08
1.816163551e-08
1.803903921e-08
1.799572341e-08
1.798566931e-08
1.799117045e-08
1.800201586e-08
1.801503125e-08
1.803071541e-08
1.804530423e-08
1.805651292e-08
1.806414086e-08
1.806919203e-08
1.807276518e-08
1.807556903e-08
1.807796969e-08
1.808013097e-08
1.808212517e-08
1.808399324e-08
1.80857611e-08
1.808744098e-08
1.808904776e-08
1.809059423e-08
1.80920889e-08
1.80935308e-08
1.809493056e-08
1.809628897e-08
1.809759982e-08
1.80988651e-08
1.810009488e-08
1.810129408e-08
1.810245263e-08
1.810358235e-08
1.81046831e-08
1.810574954e-08
1.810679244e-08
1.810781279e-08
1.810881781e-08
1.81097925e-08
1.811075738e-08
1.811169734e-08
1.811265621e-08
1.811361139e-08
1.811475066e-08
1.811634878e-08
1.811956444e-08
1.812693842e-08
1.814411474e-08
1.817487049e-08
1.820090154e-08
1.225027354e-06
2.759033072e-06
4.351627145e-06
4.221518261e-06
2.489189508e-06
4.827646415e-07
9.182961818e-08
3.745720147e-08
2.491474652e-08
2.075097043e-08
1.913606161e-08
1.849168619e-08
1.82429308e-08
1.815473851e-08
1.81305316e-08
1.81327489e-08
1.814475431e-08
1.81608086e-08
1.817957643e-08
1.819733121e-08
1.821166669e-08
1.822209038e-08
1.822943734e-08
1.823483424e-08
1.823910834e-08
1.824272392e-08
1.82459123e-08
1.824878874e-08
1.825142139e-08
1.825385404e-08
1.825611649e-08
1.825823336e-08
1.826022318e-08
1.826210181e-08
1.826387897e-08
1.826556626e-08
1.826717135e-08
1.826869888e-08
1.827015522e-08
1.827154787e-08
1.827288205e-08
1.827415795e-08
1.827538245e-08
1.827655863e-08
1.827768751e-08
1.827877389e-08
1.82798187e-08
1.828082871e-08
1.828180249e-08
1.828274768e-08
1.828366395e-08
1.828457778e-08
1.828550478e-08
1.82865881e-08
1.82880819e-08
1.829072402e-08
1.829583792e-08
1.830565439e-08
1.832067094e-08
1.833223107e-08
2.570326383e-06
1.994133383e-06
6.269088531e-06
6.827077656e-06
5.810002168e-06
2.044927958e-06
2.96843289e-07
7.040386684e-08
3.347368118e-08
2.358255883e-08
2.015985536e-08
1.887532187e-08
1.839567965e-08
1.822628428e-08
1.81751041e-08
1.816933935e-08
1.818000117e-08
1.819695491e-08
1.821711855e-08
1.823659927e-08
1.825293146e-08
1.826536045e-08
1.827445381e-08
1.828124704e-08
1.828661174e-08
1.829108943e-08
1.829497497e-08
1.829842912e-08
1.830154795e-08
1.830439406e-08
1.830701242e-08
1.830943654e-08
1.831169197e-08
1.83138002e-08
1.831577688e-08
1.831763666e-08
1.831939074e-08
1.832104855e-08
1.832261852e-08
1.832410857e-08
1.83255252e-08
1.832687282e-08
1.832815741e-08
1.832938328e-08
1.833055382e-08
1.833167298e-08
1.833274309e-08
1.833376864e-08
1.83347522e-08
1.833569902e-08
1.83366154e-08
1.833752365e-08
1.833846239e-08
1.833955903e-08
1.834105994e-08
1.834348383e-08
1.834757788e-08
1.835423442e-08
1.836304754e-08
1.836903028e-08
4.224004413e-06
1.357058904e-06
6.664031133e-06
1.018592908e-05
9.72755321e-06
5.792565889e-06
1.111557291e-06
1.64040805e-07
5.184715462e-08
2.875571638e-08
2.184934905e-08
1.944993308e-08
1.859094788e-08
1.829149627e-08
1.819638981e-08
1.817636613e-08
1.81829548e-08
1.81992728e-08
1.821986942e-08
1.824031417e-08
1.825799783e-08
1.827195583e-08
1.828250001e-08
1.829051081e-08
1.829683694e-08
1.830206226e-08
1.830653405e-08
1.831045631e-08
1.831395609e-08
1.831711802e-08
1.832000224e-08
1.832265258e-08
1.832510235e-08
1.832737788e-08
1.832949989e-08
1.83314858e-08
1.833334986e-08
1.833510401e-08
1.833675855e-08
1.833832246e-08
1.833980349e-08
1.834120805e-08
1.834254237e-08
1.834381158e-08
1.834502009e-08
1.834617209e-08
1.8347271e-08
1.834832084e-08
1.834932548e-08
1.835029044e-08
1.835122575e-08
1.835215635e-08
1.835313667e-08
1.835429848e-08
1.835589163e-08
1.83583363e-08
1.836214305e-08
1.836771671e-08
1.837436663e-08
1.837825611e-08
6.6104777e-06
6.551629104e-07
4.81084379e-06
1.437737407e-05
1.525139295e-05
1.137571466e-05
3.342117565e-06
4.424955175e-07
9.249526503e-08
3.800912338e-08
2.449770703e-08
2.028244526e-08
1.886186638e-08
1.837895161e-08
1.82216745e-08
1.818011215e-08
1.817935242e-08
1.819342899e-08
1.821360515e-08
1.823445325e-08
1.825304816e-08
1.826820879e-08
1.82800135e-08
1.828916368e-08
1.829643359e-08
1.830240888e-08
1.830746851e-08
1.831185215e-08
1.831571849e-08
1.831917715e-08
1.832230602e-08
1.832516154e-08
1.832778569e-08
1.833021073e-08
1.833246207e-08
1.833456033e-08
1.833652252e-08
1.833836283e-08
1.834009334e-08
1.834172437e-08
1.834326486e-08
1.834472245e-08
1.834610398e-08
1.834741535e-08
1.834866172e-08
1.834984777e-08
1.835097767e-08
1.835205568e-08
1.835308661e-08
1.835407733e-08
1.835504133e-08
1.835600942e-08
1.835704977e-08
1.835830627e-08
1.836003433e-08
1.836260791e-08
1.836642579e-08
1.83716802e-08
1.837752217e-08
1.838043365e-08
9.13866678e-06
1.220023873e-06
3.207779445e-06
1.823978476e-05
2.341352895e-05
1.883690278e-05
8.16253279e-06
1.23907419e-06
1.960105257e-07
5.603801711e-08
2.870583881e-08
2.145524481e-08
1.922769125e-08
1.850142704e-08
1.826205754e-08
1.819022543e-08
1.817783202e-08
1.81875434e-08
1.820621184e-08
1.822682855e-08
1.824589277e-08
1.826193556e-08
1.827479951e-08
1.828499969e-08
1.829320194e-08
1.829995466e-08
1.830563977e-08
1.831051768e-08
1.831477343e-08
1.83185419e-08
1.832192157e-08
1.832498402e-08
1.832778189e-08
1.833035472e-08
1.833273312e-08
1.833494145e-08
1.833699961e-08
1.833892405e-08
1.834072869e-08
1.834242531e-08
1.834402406e-08
1.834553363e-08
1.834696163e-08
1.83483147e-08
1.834959871e-08
1.835081894e-08
1.835198017e-08
1.835308723e-08
1.835414607e-08
1.835516556e-08
1.835616336e-08
1.835717776e-08
1.835828981e-08
1.83596563e-08
1.836153517e-08
1.836426837e-08
1.836817953e-08
1.837332854e-08
1.837874413e-08
1.838097967e-08
1.689718627e-05
2.184750646e-06
2.379767742e-06
1.793973377e-05
3.427333322e-05
2.900718785e-05
1.540519295e-05
3.255153249e-06
4.311980787e-07
9.038524535e-08
3.501895685e-08
2.295002282e-08
1.966877413e-08
1.865541332e-08
1.831939479e-08
1.820964621e-08
1.81813466e-08
1.818440876e-08
1.820031087e-08
1.821994291e-08
1.82389445e-08
1.825546556e-08
1.826910057e-08
1.828017711e-08
1.828923437e-08
1.829675262e-08
1.830308581e-08
1.830849178e-08
1.831316828e-08
1.831727018e-08
1.832091634e-08
1.832419533e-08
1.832717241e-08
1.832989605e-08
1.833240304e-08
1.833472216e-08
1.833687651e-08
1.833888502e-08
1.834076351e-08
1.834252533e-08
1.834418186e-08
1.834574287e-08
1.834721682e-08
1.834861111e-08
1.834993229e-08
1.835118626e-08
1.835237845e-08
1.835351448e-08
1.835460165e-08
1.835565156e-08
1.835668685e-08
1.835775418e-08
1.835894649e-08
1.836043099e-08
1.836246301e-08
1.836535351e-08
1.83693611e-08
1.837444003e-08
1.837952199e-08
1.838114766e-08
2.387199834e-05
3.47495191e-06
2.381059692e-06
1.452872951e-05
4.783410924e-05
4.19553675e-05
2.488338147e-05
7.390743522e-06
9.557644169e-07
1.597189752e-07
4.53547937e-08
2.498606033e-08
2.021720726e-08
1.884717981e-08
1.839565994e-08
1.823967161e-08
1.819114162e-08
1.818527496e-08
1.819713085e-08
1.821495913e-08
1.823328951e-08
1.824979016e-08
1.826380004e-08
1.82754644e-08
1.828519318e-08
1.829338133e-08
1.830032959e-08
1.830626667e-08
1.831138203e-08
1.831583759e-08
1.831976682e-08
1.832327401e-08
1.832643781e-08
1.832931677e-08
1.833195496e-08
1.833438627e-08
1.833663748e-08
1.833873027e-08
1.834068252e-08
1.834250921e-08
1.834422308e-08
1.834583498e-08
1.834735431e-08
1.834878925e-08
1.835014703e-08
1.835143418e-08
1.835265688e-08
1.835382176e-08
1.835493783e-08
1.835602001e-08
1.835709663e-08
1.835822292e-08
1.835950239e-08
1.836110908e-08
1.836329062e-08
1.836632527e-08
1.837041061e-08
1.837541017e-08
1.838017912e-08
1.838120966e-08
3.130899983e-05
5.237249611e-06
2.220672879e-06
1.273840572e-05
6.544414978e-05
5.717843654e-05
3.470676494e-05
1.369857642e-05
2.112656237e-06
3.126385943e-07
6.323055321e-08
2.777571727e-08
2.091092822e-08
1.909661838e-08
1.850072154e-08
1.828488883e-08
1.820949924e-08
1.819148694e-08
1.819765122e-08
1.821271155e-08
1.822967797e-08
1.824559559e-08
1.825950465e-08
1.8271371e-08
1.82814827e-08
1.829014619e-08
1.829759544e-08
1.830400949e-08
1.830954698e-08
1.831435805e-08
1.831857857e-08
1.832232242e-08
1.832567944e-08
1.832871805e-08
1.833149002e-08
1.83340349e-08
1.833638357e-08
1.833856074e-08
1.834058653e-08
1.834247769e-08
1.834424836e-08
1.834591055e-08
1.834747464e-08
1.834894959e-08
1.835034334e-08
1.83516631e-08
1.835291595e-08
1.835410981e-08
1.83552558e-08
1.835637269e-08
1.835749487e-08
1.835868585e-08
1.836005804e-08
1.836178865e-08
1.836411313e-08
1.836727565e-08
1.837141606e-08
1.837632043e-08
1.838078509e-08
1.838124169e-08
3.864865289e-05
5.925903277e-06
2.692189268e-06
1.404066568e-05
8.889624928e-05
7.242066559e-05
4.333615169e-05
1.992762333e-05
4.250839944e-06
6.527190585e-07
9.849607616e-08
3.220387896e-08
2.188916284e-08
1.943956679e-08
1.864555931e-08
1.834906009e-08
1.823792823e-08
1.820376851e-08
1.820233337e-08
1.821357484e-08
1.822849756e-08
1.824329e-08
1.82566215e-08
1.826827564e-08
1.827842811e-08
1.828730346e-08
1.829506844e-08
1.830184374e-08
1.830774114e-08
1.831288041e-08
1.831738384e-08
1.832136433e-08
1.832491711e-08
1.832811798e-08
1.83310256e-08
1.833368513e-08
1.833613174e-08
1.833839331e-08
1.834049239e-08
1.83424476e-08
1.834427454e-08
1.834598643e-08
1.834759463e-08
1.834910896e-08
1.83505381e-08
1.835189005e-08
1.835317294e-08
1.835439628e-08
1.835557375e-08
1.835672838e-08
1.83579008e-08
1.835916217e-08
1.836063178e-08
1.836248649e-08
1.836494628e-08
1.836822046e-08
1.837239464e-08
1.837718956e-08
1.83813584e-08
1.838127782e-08
4.648874243e-05
8.559322113e-06
4.281852246e-06
2.161111573e-05
0.0001180981727
8.478606861e-05
4.931712195e-05
2.367260994e-05
7.404391205e-06
1.336334612e-06
1.758146318e-07
4.120133235e-08
2.366298184e-08
1.998939348e-08
1.885896724e-08
1.8440554e-08
1.827923459e-08
1.822303493e-08
1.821132173e-08
1.821749366e-08
1.822968384e-08
1.824286499e-08
1.825520896e-08
1.826628337e-08
1.827615137e-08
1.828496473e-08
1.829283168e-08
1.829981716e-08
1.830597992e-08
1.831139594e-08
1.831615885e-08
1.832036798e-08
1.832411573e-08
1.832748073e-08
1.83305264e-08
1.83333027e-08
1.833584887e-08
1.833819603e-08
1.834036923e-08
1.834238905e-08
1.83442726e-08
1.834603438e-08
1.834768678e-08
1.83492405e-08
1.835070509e-08
1.835208946e-08
1.835340303e-08
1.835465718e-08
1.835586868e-08
1.835706521e-08
1.835829371e-08
1.835963229e-08
1.836120525e-08
1.836318623e-08
1.836577735e-08
1.836915249e-08
1.837334594e-08
1.837802348e-08
1.838190874e-08
1.838132819e-08
4.886370559e-05
1.138222624e-05
1.769997004e-05
0.0001177386957
0.0001510141165
9.313280689e-05
5.194212013e-05
2.541495072e-05
9.99491306e-06
2.635383118e-06
4.093920779e-07
7.115020586e-08
2.86785698e-08
2.122295693e-08
1.9268683e-08
1.860169575e-08
1.834806247e-08
1.825405846e-08
1.822582797e-08
1.822435648e-08
1.823268342e-08
1.824367017e-08
1.82546336e-08
1.826479968e-08
1.827409119e-08
1.828259508e-08
1.829037445e-08
1.829744131e-08
1.830379647e-08
1.830945706e-08
1.83144723e-08
1.831891643e-08
1.832287183e-08
1.832641572e-08
1.832961398e-08
1.833252035e-08
1.833517783e-08
1.833762079e-08
1.833987696e-08
1.834196904e-08
1.834391585e-08
1.83457333e-08
1.834743493e-08
1.834903251e-08
1.83505366e-08
1.835195735e-08
1.835330578e-08
1.835459579e-08
1.835584806e-08
1.835709598e-08
1.835839367e-08
1.835982704e-08
1.836152602e-08
1.836366144e-08
1.836641804e-08
1.836993398e-08
1.837418998e-08
1.837879293e-08
1.838243278e-08
1.838138638e-08
4.482435064e-05
1.664025257e-05
3.671003507e-05
0.0002328883997
0.0001639839618
9.575217351e-05
5.197183436e-05
2.627873639e-05
1.208160371e-05
4.62202904e-06
1.219542081e-06
2.178807418e-07
4.970079737e-08
2.498827703e-08
2.02235728e-08
1.892326484e-08
1.847406963e-08
1.830713075e-08
1.824870676e-08
1.823396213e-08
1.823600352e-08
1.824362691e-08
1.825250378e-08
1.826123977e-08
1.826956385e-08
1.827753131e-08
1.828517364e-08
1.829230636e-08
1.829890929e-08
1.83048909e-08
1.831022259e-08
1.831494927e-08
1.831915035e-08
1.832290708e-08
1.832628963e-08
1.832935558e-08
1.833215147e-08
1.833471484e-08
1.833707617e-08
1.833926047e-08
1.834128848e-08
1.834317768e-08
1.8344943e-08
1.834659751e-08
1.834815314e-08
1.834962172e-08
1.835101664e-08
1.835235544e-08
1.835366463e-08
1.835498582e-08
1.835638373e-08
1.835795717e-08
1.835984975e-08
1.836224052e-08
1.836531381e-08
1.836919308e-08
1.837382613e-08
1.837875512e-08
1.838255662e-08
1.838126218e-08
0.0001050521431
0.0001258288132
0.0004270704905
0.0002965098372
0.0001692644372
9.424046787e-05
5.178726383e-05
2.777473354e-05
1.434451603e-05
6.914164281e-06
2.798048389e-06
7.833341677e-07
1.535807042e-07
4.068299085e-08
2.317870016e-08
1.970117706e-08
1.874015494e-08
1.840975864e-08
1.828838618e-08
1.82470223e-08
1.823698951e-08
1.823856056e-08
1.824400371e-08
1.82506841e-08
1.825796963e-08
1.826627614e-08
1.827405418e-08
1.828100066e-08
1.828811992e-08
1.829468375e-08
1.830044465e-08
1.830544463e-08
1.830982364e-08
1.831371057e-08
1.831719865e-08
1.832035423e-08
1.832322738e-08
1.832585772e-08
1.832827731e-08
1.833051265e-08
1.833258562e-08
1.833451453e-08
1.833631525e-08
1.833800159e-08
1.833958655e-08
1.834108315e-08
1.834250677e-08
1.834387756e-08
1.834522612e-08
1.834659777e-08
1.834806214e-08
1.834971974e-08
1.835171147e-08
1.83542009e-08
1.835734879e-08
1.836123962e-08
1.836579112e-08
1.83705187e-08
1.837401906e-08
1.837225586e-08
0.0009343500833
0.0007009280701
0.0004581072953
0.0002693611605
0.0001552008958
8.974823545e-05
5.192496682e-05
2.983689103e-05
1.687599155e-05
9.23551559e-06
4.705914903e-06
2.004275195e-06
5.899079412e-07
1.224192319e-07
3.580147756e-08
2.212199256e-08
1.93802107e-08
1.862276478e-08
1.83630729e-08
1.826844741e-08
1.823640322e-08
1.822899772e-08
1.823170357e-08
1.823726875e-08
1.824389898e-08
1.825226286e-08
1.826092592e-08
1.826988346e-08
1.827836187e-08
1.828578797e-08
1.829203825e-08
1.829729777e-08
1.830181996e-08
1.830579788e-08
1.830935228e-08
1.831255921e-08
1.831547249e-08
1.831813409e-08
1.832057787e-08
1.832283175e-08
1.832491881e-08
1.832685838e-08
1.832866724e-08
1.833036016e-08
1.833195116e-08
1.833345457e-08
1.833488757e-08
1.833627291e-08
1.833764401e-08
1.833904874e-08
1.834055872e-08
1.834227271e-08
1.834432312e-08
1.834685666e-08
1.83500067e-08
1.835382709e-08
1.835820658e-08
1.836265959e-08
1.836580062e-08
1.836358052e-08
0.0007407022856
0.0005374657167
0.0003538351783
0.000222324203
0.000137596717
8.493919835e-05
5.24059391e-05
3.222757834e-05
1.963343273e-05
1.171355589e-05
6.709881548e-06
3.551056352e-06
1.563282624e-06
4.721551764e-07
1.002697378e-07
3.182535291e-08
2.118615241e-08
1.907953363e-08
1.85045313e-08
1.831046881e-08
1.824197941e-08
1.822137838e-08
1.822051633e-08
1.822620871e-08
1.823507689e-08
1.824629893e-08
1.825794367e-08
1.82689265e-08
1.827855339e-08
1.828657727e-08
1.8293152e-08
1.829861845e-08
1.830329582e-08
1.830739915e-08
1.831105573e-08
1.831434503e-08
1.831732417e-08
1.832003824e-08
1.832252403e-08
1.832481169e-08
1.832692608e-08
1.832888802e-08
1.833071547e-08
1.833242449e-08
1.833403049e-08
1.833554961e-08
1.83370012e-08
1.833841127e-08
1.833981668e-08
1.834126958e-08
1.834284337e-08
1.834463791e-08
1.834678046e-08
1.834940809e-08
1.835263282e-08
1.835648663e-08
1.836082489e-08
1.836515303e-08
1.836806161e-08
1.836544957e-08
0.0005157530226
0.000387264185
0.0002724021614
0.0001845429999
0.0001227757746
8.098066322e-05
5.314276187e-05
3.468123804e-05
2.242194716e-05
1.425870017e-05
8.811609136e-06
5.187463601e-06
2.802659556e-06
1.253621565e-06
3.819291554e-07
8.245428517e-08
2.874000526e-08
2.04986758e-08
1.886515019e-08
1.842019796e-08
1.827346134e-08
1.822621115e-08
1.821758216e-08
1.822259383e-08
1.82337074e-08
1.824763508e-08
1.826142859e-08
1.827365263e-08
1.828383268e-08
1.829209178e-08
1.829883046e-08
1.830447259e-08
1.830933383e-08
1.831360839e-08
1.831741186e-08
1.83208222e-08
1.832390011e-08
1.832669543e-08
1.832924914e-08
1.833159468e-08
1.833375925e-08
1.833576548e-08
1.833763267e-08
1.83393782e-08
1.834101901e-08
1.834257317e-08
1.834406249e-08
1.834551625e-08
1.834697472e-08
1.834849359e-08
1.835014655e-08
1.835203291e-08
1.83542728e-08
1.835698957e-08
1.836027168e-08
1.836412509e-08
1.836837632e-08
1.837252275e-08
1.837515382e-08
1.837211866e-08
0.0003797745395
0.0002949917991
0.0002187505726
0.0001573183045
0.0001110810063
7.749661315e-05
5.357325347e-05
3.671731677e-05
2.489934556e-05
1.663242541e-05
1.086493993e-05
6.857968187e-06
4.099928038e-06
2.237742728e-06
1.007245516e-06
3.077335798e-07
6.826804725e-08
2.642904653e-08
2.002055771e-08
1.872429363e-08
1.836919623e-08
1.825651969e-08
1.822611683e-08
1.822514437e-08
1.823552439e-08
1.825019647e-08
1.826479653e-08
1.827749563e-08
1.828789501e-08
1.829630482e-08
1.830323422e-08
1.830911472e-08
1.831422517e-08
1.831872684e-08
1.83227209e-08
1.832628483e-08
1.83294852e-08
1.833237934e-08
1.833501483e-08
1.833743002e-08
1.833965556e-08
1.834171641e-08
1.834363358e-08
1.834542595e-08
1.834711201e-08
1.834871186e-08
1.83502498e-08
1.835175805e-08
1.835327954e-08
1.835487148e-08
1.835660641e-08
1.835857941e-08
1.836090006e-08
1.836367262e-08
1.836696098e-08
1.837074339e-08
1.837482768e-08
1.837871258e-08
1.838100716e-08
1.837751852e-08
0.00029208053
0.0002327639042
0.0001792921404
0.000135677629
0.000100488162
7.340152595e-05
5.30106369e-05
3.786463176e-05
2.672638439e-05
1.85930675e-05
1.268898677e-05
8.431598519e-06
5.389918879e-06
3.247494909e-06
1.776619712e-06
7.961804453e-07
2.407743867e-07
5.547296689e-08
2.432733251e-08
1.957281676e-08
1.859644778e-08
1.833040854e-08
1.825147668e-08
1.823375029e-08
1.823849131e-08
1.825138556e-08
1.826551343e-08
1.82781706e-08
1.828870119e-08
1.8297353e-08
1.830460186e-08
1.831083454e-08
1.831628468e-08
1.832108345e-08
1.832532041e-08
1.832907471e-08
1.833242153e-08
1.833542881e-08
1.833815381e-08
1.834064232e-08
1.834293024e-08
1.834504606e-08
1.834701328e-08
1.834885271e-08
1.835058476e-08
1.835223173e-08
1.835382048e-08
1.835538588e-08
1.835697303e-08
1.835863937e-08
1.836045569e-08
1.836251115e-08
1.836490371e-08
1.83677188e-08
1.837099809e-08
1.837469564e-08
1.837860741e-08
1.838223907e-08
1.838421358e-08
1.838028716e-08
0.0002310080039
0.0001897232454
0.0001520356729
0.0001192637437
9.182177819e-05
6.953592893e-05
5.191836293e-05
3.833222065e-05
2.795472028e-05
2.010432314e-05
1.421392375e-05
9.829365381e-06
6.596212472e-06
4.242545112e-06
2.559889424e-06
1.394997347e-06
6.158570609e-07
1.816787046e-07
4.447964702e-08
2.253588317e-08
1.918721777e-08
1.849048334e-08
1.830368552e-08
1.825128806e-08
1.824367322e-08
1.825196471e-08
1.826440648e-08
1.827656067e-08
1.828711778e-08
1.829605085e-08
1.830369809e-08
1.831036408e-08
1.831622923e-08
1.832139266e-08
1.832592936e-08
1.832991783e-08
1.833344166e-08
1.83365812e-08
1.833940602e-08
1.834197219e-08
1.834432316e-08
1.834649262e-08
1.834850769e-08
1.835039194e-08
1.835216814e-08
1.83538611e-08
1.835550041e-08
1.835712347e-08
1.835877709e-08
1.836051856e-08
1.836241661e-08
1.836455453e-08
1.836701932e-08
1.836987963e-08
1.837315761e-08
1.837678832e-08
1.838055911e-08
1.83839842e-08
1.838568985e-08
1.838136479e-08
0.000188425695
0.0001581154426
0.0001298734696
0.0001047145509
8.306673997e-05
6.492360369e-05
5.000954652e-05
3.800057854e-05
2.849045642e-05
2.107905107e-05
1.535374243e-05
1.097067176e-05
7.649348577e-06
5.163641119e-06
3.33336842e-06
2.008967546e-06
1.087688887e-06
4.695343982e-07
1.338545463e-07
3.622268482e-08
2.12530553e-08
1.891818203e-08
1.842168542e-08
1.828901976e-08
1.825554133e-08
1.825449713e-08
1.826343819e-08
1.82743438e-08
1.828460646e-08
1.829368247e-08
1.830167584e-08
1.83087697e-08
1.831507334e-08
1.832064136e-08
1.832552308e-08
1.832978769e-08
1.833352225e-08
1.833681802e-08
1.833975796e-08
1.834241044e-08
1.834482865e-08
1.834705328e-08
1.83491164e-08
1.835104522e-08
1.835286554e-08
1.835460497e-08
1.835629595e-08
1.835797825e-08
1.835970007e-08
1.836151825e-08
1.836349916e-08
1.836572045e-08
1.836825877e-08
1.837116793e-08
1.837445316e-08
1.83780338e-08
1.838169051e-08
1.838494552e-08
1.838641915e-08
1.838172331e-08
0.0001554729178
0.0001327905857
0.0001113276406
9.180016595e-05
7.458297804e-05
5.977438544e-05
4.728279632e-05
3.690040093e-05
2.840400255e-05
2.154244244e-05
1.609788201e-05
1.182320281e-05
8.504825653e-06
5.960620104e-06
4.039265695e-06
2.613403038e-06
1.572746638e-06
8.435479705e-07
3.514528382e-07
9.559533463e-08
2.982031624e-08
2.021723219e-08
1.869284971e-08
1.836386538e-08
1.827934915e-08
1.826160708e-08
1.826439481e-08
1.827291632e-08
1.828231289e-08
1.829120887e-08
1.829935894e-08
1.830677534e-08
1.831346978e-08
1.831943377e-08
1.832467562e-08
1.832924228e-08
1.833321478e-08
1.833669e-08
1.833976245e-08
1.834251313e-08
1.834500619e-08
1.834729079e-08
1.834940515e-08
1.835138105e-08
1.835324789e-08
1.835503642e-08
1.835678193e-08
1.835852638e-08
1.836031894e-08
1.836221555e-08
1.836427986e-08
1.836658376e-08
1.836919386e-08
1.837215075e-08
1.837544461e-08
1.837898118e-08
1.838253575e-08
1.838563796e-08
1.838689899e-08
1.838184361e-08
0.0001293424714
0.0001121705211
9.568268601e-05
8.040706873e-05
6.66510899e-05
5.454452379e-05
4.40890399e-05
3.519641751e-05
2.772545266e-05
2.153432273e-05
1.6467635e-05
1.238289038e-05
9.14352803e-06
6.607509911e-06
4.648435078e-06
3.157741097e-06
2.040142187e-06
1.222197495e-06
6.418485357e-07
2.542068245e-07
6.707028726e-08
2.538649597e-08
1.949404533e-08
1.85355779e-08
1.832841008e-08
1.827753694e-08
1.826914239e-08
1.827337719e-08
1.828103055e-08
1.828926451e-08
1.829727462e-08
1.830482392e-08
1.831179172e-08
1.831808684e-08
1.832366168e-08
1.83285276e-08
1.833274817e-08
1.833641757e-08
1.833963689e-08
1.834249762e-08
1.834507456e-08
1.834742584e-08
1.834959661e-08
1.835162391e-08
1.835354123e-08
1.835538271e-08
1.835718649e-08
1.835899641e-08
1.836086213e-08
1.836283813e-08
1.836498477e-08
1.836736792e-08
1.837004429e-08
1.837304197e-08
1.837633766e-08
1.83798261e-08
1.838327959e-08
1.838623614e-08
1.838729454e-08
1.838188706e-08
0.0001082488554
9.514406743e-05
8.23816746e-05
7.035553971e-05
5.931858007e-05
4.94082905e-05
4.0669756e-05
3.308246926e-05
2.65804205e-05
2.107144895e-05
1.646347654e-05
1.266150108e-05
9.564379705e-06
7.094421717e-06
5.150192822e-06
3.639000701e-06
2.480365328e-06
1.598389087e-06
9.487409807e-07
4.844325112e-07
1.810425999e-07
4.857738632e-08
2.265217741e-08
1.904939416e-08
1.844486771e-08
1.831193496e-08
1.828045661e-08
1.827675282e-08
1.828131664e-08
1.828826533e-08
1.829577338e-08
1.830321332e-08
1.831028558e-08
1.831679783e-08
1.832263544e-08
1.832776384e-08
1.833221876e-08
1.833608218e-08
1.833945461e-08
1.834243358e-08
1.834510235e-08
1.834752728e-08
1.834976046e-08
1.835184445e-08
1.835381709e-08
1.835571601e-08
1.835758211e-08
1.835946074e-08
1.836140158e-08
1.836345714e-08
1.836568404e-08
1.83681419e-08
1.837087758e-08
1.837390728e-08
1.837719599e-08
1.838062952e-08
1.838397999e-08
1.838679377e-08
1.838765064e-08
1.83818871e-08
9.096643093e-05
8.090691227e-05
7.09693631e-05
6.145438494e-05
5.257183575e-05
4.445259678e-05
3.716213793e-05
3.071645875e-05
2.509613186e-05
2.025494694e-05
1.613096266e-05
1.26630781e-05
9.78615313e-06
7.427998481e-06
5.538828412e-06
4.041801076e-06
2.869539992e-06
1.96122483e-06
1.258489213e-06
7.37082585e-07
3.616625006e-07
1.253776127e-07
3.580457969e-08
2.074968485e-08
1.872907944e-08
1.837880906e-08
1.83008422e-08
1.828366614e-08
1.828345036e-08
1.82884444e-08
1.829508253e-08
1.830215649e-08
1.830913839e-08
1.831572112e-08
1.832171715e-08
1.832704022e-08
1.833169065e-08
1.833572972e-08
1.833924952e-08
1.834234778e-08
1.83451125e-08
1.834761631e-08
1.834991734e-08
1.835206332e-08
1.835409637e-08
1.835605756e-08
1.835799024e-08
1.83599409e-08
1.836195879e-08
1.836409393e-08
1.836639913e-08
1.836892754e-08
1.837171682e-08
1.837477248e-08
1.837804835e-08
1.838142278e-08
1.838466855e-08
1.838733738e-08
1.838797544e-08
1.838183991e-08
7.662837297e-05
6.887011269e-05
6.109916469e-05
5.354790425e-05
4.638975905e-05
3.974302921e-05
3.367989782e-05
2.823423055e-05
2.341187336e-05
1.91967153e-05
1.555584305e-05
1.244478165e-05
9.819266365e-06
7.629737285e-06
5.827184673e-06
4.371396368e-06
3.207464284e-06
2.283550174e-06
1.552302135e-06
9.869762245e-07
5.618925009e-07
2.600729673e-07
8.348536248e-08
2.768616544e-08
1.960643096e-08
1.853025309e-08
1.833809463e-08
1.829562112e-08
1.828781871e-08
1.828996805e-08
1.829533873e-08
1.830179028e-08
1.83084823e-08
1.831497625e-08
1.83210081e-08
1.832643735e-08
1.833122446e-08
1.833540376e-08
1.833905217e-08
1.834226163e-08
1.834512041e-08
1.834770448e-08
1.83500764e-08
1.83522882e-08
1.835438579e-08
1.835641337e-08
1.835841632e-08
1.836044185e-08
1.836253812e-08
1.836475205e-08
1.836713238e-08
1.836972618e-08
1.837256252e-08
1.837563658e-08
1.837889239e-08
1.838220254e-08
1.838534186e-08
1.838786576e-08
1.838827798e-08
1.838176821e-08
6.464852897e-05
5.864471717e-05
5.255263319e-05
4.655302593e-05
4.078719059e-05
3.53586707e-05
3.033784181e-05
2.576596703e-05
2.16613581e-05
1.80239644e-05
1.483903896e-05
1.20810924e-05
9.717013853e-06
7.71263641e-06
6.030062171e-06
4.636737836e-06
3.500183283e-06
2.580347233e-06
1.840516108e-06
1.242579652e-06
7.774119821e-07
4.279665327e-07
1.843375093e-07
5.562411499e-08
2.320833087e-08
1.899707628e-08
1.842353456e-08
1.831800156e-08
1.829555262e-08
1.82931281e-08
1.82966538e-08
1.830219472e-08
1.830839657e-08
1.831464247e-08
1.832058352e-08
1.832602212e-08
1.833087599e-08
1.833514845e-08
1.833889622e-08
1.834220028e-08
1.834514479e-08
1.834780586e-08
1.835024828e-08
1.835252711e-08
1.835469129e-08
1.835678754e-08
1.835886281e-08
1.836096435e-08
1.836313842e-08
1.836542832e-08
1.836787847e-08
1.83705298e-08
1.837340319e-08
1.83764845e-08
1.837970982e-08
1.83829481e-08
1.838597857e-08
1.838836322e-08
1.838856282e-08
1.838169201e-08
5.465102356e-05
4.999338205e-05
4.521120945e-05
4.044431739e-05
3.580657563e-05
3.138586515e-05
2.724594771e-05
2.342872793e-05
1.995780214e-05
1.684177421e-05
1.407681824e-05
1.164954948e-05
9.538220898e-06
7.718791877e-06
6.165329722e-06
4.850698835e-06
3.753153234e-06
2.846756697e-06
2.101309636e-06
1.48999596e-06
9.988140967e-07
6.13433613e-07
3.243671067e-07
1.28969196e-07
3.881008611e-08
2.086444543e-08
1.867833838e-08
1.836809013e-08
1.830977699e-08
1.829856693e-08
1.82991732e-08
1.830341317e-08
1.830890702e-08
1.831474914e-08
1.832047754e-08
1.832583103e-08
1.833068085e-08
1.833499591e-08
1.833880907e-08
1.834218639e-08
1.834520416e-08
1.834793557e-08
1.835044548e-08
1.835279047e-08
1.835502149e-08
1.835718707e-08
1.835933496e-08
1.836151182e-08
1.83637613e-08
1.836612323e-08
1.836863781e-08
1.837133973e-08
1.837424186e-08
1.83773215e-08
1.838050851e-08
1.838367053e-08
1.838659267e-08
1.838884204e-08
1.838883584e-08
1.838161967e-08
4.638351265e-05
4.276107742e-05
3.900152529e-05
3.521247059e-05
3.148474221e-05
2.789048406e-05
2.448482212e-05
2.130744888e-05
1.838256638e-05
1.572300334e-05
1.333172103e-05
1.12028679e-05
9.32513824e-06
7.682301286e-06
6.255656119e-06
5.025709681e-06
3.976181689e-06
3.092560224e-06
2.353746757e-06
1.739266452e-06
1.223285744e-06
8.065715166e-07
4.797198235e-07
2.405869818e-07
8.84705873e-08
2.932775172e-08
1.965951388e-08
1.851039332e-08
1.833997292e-08
1.830798859e-08
1.83031993e-08
1.830548216e-08
1.831000573e-08
1.831528405e-08
1.832068519e-08
1.832586662e-08
1.833064731e-08
1.833495773e-08
1.833880341e-08
1.834223231e-08
1.834530993e-08
1.834810402e-08
1.835067753e-08
1.835308712e-08
1.835538469e-08
1.835761965e-08
1.835983985e-08
1.836209071e-08
1.836441334e-08
1.836684395e-08
1.836941894e-08
1.837216749e-08
1.837509403e-08
1.837816781e-08
1.838131361e-08
1.838439831e-08
1.838721195e-08
1.838932257e-08
1.838910572e-08
1.838155471e-08
3.963919768e-05
3.680988705e-05
3.384488063e-05
3.082596299e-05
2.782446779e-05
2.489886412e-05
2.209572221e-05
1.944993578e-05
1.698453063e-05
1.47147353e-05
1.264684337e-05
1.077998281e-05
9.109476354e-06
7.62571273e-06
6.316930679e-06
5.170389165e-06
4.173705922e-06
3.31659596e-06
2.587359296e-06
1.969011388e-06
1.445014377e-06
1.007770089e-06
6.514544636e-07
3.738399124e-07
1.7531816e-07
5.964420313e-08
2.375213671e-08
1.896208074e-08
1.840885594e-08
1.832427943e-08
1.830915431e-08
1.83084325e-08
1.831166493e-08
1.831621612e-08
1.832117813e-08
1.832610854e-08
1.833076333e-08
1.833502861e-08
1.833887849e-08
1.834233988e-08
1.834546518e-08
1.834831475e-08
1.835094806e-08
1.835342061e-08
1.835578423e-08
1.83580884e-08
1.836038012e-08
1.836270298e-08
1.836509495e-08
1.836758928e-08
1.837021924e-08
1.837300765e-08
1.837595108e-08
1.837901193e-08
1.838211078e-08
1.83851149e-08
1.838781914e-08
1.838979236e-08
1.83893754e-08
1.838150272e-08
3.421314583e-05
3.198712982e-05
2.96337142e-05
2.72153756e-05
2.478678225e-05
2.239461465e-05
2.007732754e-05
1.786495082e-05
1.577850857e-05
1.383368991e-05
1.203867808e-05
1.039622366e-05
8.905969759e-06
7.56321545e-06
6.361582246e-06
5.292582769e-06
4.348690798e-06
3.520479172e-06
2.804578448e-06
2.189111401e-06
1.662826548e-06
1.204659504e-06
8.233329163e-07
5.143893528e-07
2.807716769e-07
1.206138606e-07
3.985616668e-08
2.078842749e-08
1.861248806e-08
1.83581769e-08
1.83185275e-08
1.831249114e-08
1.83138947e-08
1.831752021e-08
1.832192818e-08
1.832652978e-08
1.833100714e-08
1.833519334e-08
1.833902496e-08
1.8342504e-08
1.834566738e-08
1.834856657e-08
1.835125637e-08
1.835379025e-08
1.835621913e-08
1.835859155e-08
1.836095287e-08
1.836334419e-08
1.836580015e-08
1.836835119e-08
1.837102695e-08
1.837384379e-08
1.837679149e-08
1.837982717e-08
1.838286892e-08
1.838578668e-08
1.838838343e-08
1.839023125e-08
1.838963765e-08
1.838146088e-08
2.98950463e-05
2.812448657e-05
2.623804519e-05
2.428286095e-05
2.230086896e-05
2.032890424e-05
1.83983118e-05
1.653452785e-05
1.475620521e-05
1.307849571e-05
1.151052349e-05
1.005736929e-05
8.721339068e-06
7.500988784e-06
6.393923774e-06
5.395557885e-06
4.500597037e-06
3.704094591e-06
3.003682553e-06
2.392709768e-06
1.862212891e-06
1.403554708e-06
1.001535539e-06
6.679477261e-07
4.014817001e-07
2.062002811e-07
8.078231908e-08
2.843270258e-08
1.938529707e-08
1.844951063e-08
1.833589273e-08
1.831829841e-08
1.831679489e-08
1.831920589e-08
1.832292779e-08
1.832711876e-08
1.833136639e-08
1.833544104e-08
1.833923485e-08
1.83427199e-08
1.834591456e-08
1.834885957e-08
1.835160394e-08
1.835419808e-08
1.835669114e-08
1.835913017e-08
1.836155865e-08
1.836401509e-08
1.836653124e-08
1.836913457e-08
1.837184976e-08
1.837468676e-08
1.837762947e-08
1.838063111e-08
1.838360907e-08
1.838643783e-08
1.838892828e-08
1.839065369e-08
1.838989694e-08
1.838143444e-08
2.647689504e-05
2.504822142e-05
2.351639819e-05
2.191617316e-05
2.027967239e-05
1.863621612e-05
1.701082704e-05
1.542486351e-05
1.389529916e-05
1.243555945e-05
1.105505351e-05
9.760107283e-06
8.554781849e-06
7.440497391e-06
6.417273904e-06
5.482982079e-06
4.634512914e-06
3.870419031e-06
3.186268318e-06
2.58219678e-06
2.051753837e-06
1.588491927e-06
1.173007292e-06
8.205421725e-07
5.294602113e-07
3.03899134e-07
1.45291805e-07
5.332155544e-08
2.291278331e-08
1.879472402e-08
1.838106377e-08
1.832841128e-08
1.832078563e-08
1.832137211e-08
1.832421518e-08
1.832789489e-08
1.833185158e-08
1.833577911e-08
1.833951485e-08
1.834299492e-08
1.834621526e-08
1.834920341e-08
1.835200085e-08
1.835465375e-08
1.83572089e-08
1.835971176e-08
1.836220408e-08
1.83647228e-08
1.836729742e-08
1.836995138e-08
1.83727038e-08
1.837555844e-08
1.837849402e-08
1.838146019e-08
1.838437366e-08
1.838711198e-08
1.838948844e-08
1.839107695e-08
1.839014761e-08
1.83814143e-08
2.376886469e-05
2.259765826e-05
2.133469708e-05
2.000610703e-05
1.863651085e-05
1.724917164e-05
1.586419674e-05
1.44995241e-05
1.316990962e-05
1.188759016e-05
1.066167404e-05
9.499002429e-06
8.404740829e-06
7.382038289e-06
6.432350187e-06
5.55594815e-06
4.751413021e-06
4.018556885e-06
3.353070995e-06
2.758135786e-06
2.22968639e-06
1.762346934e-06
1.351098885e-06
9.805943195e-07
6.690649245e-07
4.155331654e-07
2.260704506e-07
1.000092473e-07
3.626631565e-08
2.026417348e-08
1.852251744e-08
1.834955846e-08
1.832676479e-08
1.832421541e-08
1.832587494e-08
1.832890898e-08
1.83324938e-08
1.8336227e-08
1.833987975e-08
1.834334168e-08
1.834658054e-08
1.834960748e-08
1.835245461e-08
1.835516288e-08
1.835777611e-08
1.836033801e-08
1.836288945e-08
1.836546583e-08
1.836809309e-08
1.837079079e-08
1.837357378e-08
1.837644056e-08
1.837936529e-08
1.838229431e-08
1.83851429e-08
1.838778863e-08
1.839004389e-08
1.839148849e-08
1.839038286e-08
1.838139317e-08
2.160911555e-05
2.063267722e-05
1.957462431e-05
1.845460605e-05
1.729195961e-05
1.610495775e-05
1.490988533e-05
1.372195805e-05
1.255377498e-05
1.141644994e-05
1.031853816e-05
9.266999734e-06
8.267549458e-06
7.324287422e-06
6.439824934e-06
5.61581091e-06
4.851992131e-06
4.148172402e-06
3.504732575e-06
2.921058976e-06
2.397226091e-06
1.929974323e-06
1.515216495e-06
1.136011253e-06
8.10163102e-07
5.371008591e-07
3.189926468e-07
1.627282566e-07
6.64438877e-08
2.64208819e-08
1.90992941e-08
1.840906926e-08
1.833763314e-08
1.832816969e-08
1.83280235e-08
1.833021236e-08
1.833331267e-08
1.833678213e-08
1.834031348e-08
1.834373799e-08
1.834698541e-08
1.835004572e-08
1.835293975e-08
1.835570214e-08
1.835837318e-08
1.836099427e-08
1.836360367e-08
1.8366233e-08
1.836890417e-08
1.837163405e-08
1.837443444e-08
1.837729981e-08
1.838020114e-08
1.838308336e-08
1.838586215e-08
1.838841563e-08
1.839055614e-08
1.839187373e-08
1.839061692e-08
1.838138388e-08
1.986632115e-05
1.903871286e-05
1.813828533e-05
1.718000501e-05
1.617923174e-05
1.515020669e-05
1.410647115e-05
1.306074421e-05
1.202389405e-05
1.100606253e-05
1.001503847e-05
9.057655104e-06
8.139815233e-06
7.266102335e-06
6.43980655e-06
5.663349705e-06
4.937635421e-06
4.263327058e-06
3.641710055e-06
3.071078087e-06
2.553825635e-06
2.088243785e-06
1.671087757e-06
1.295657538e-06
9.550964915e-07
6.63468701e-07
4.220172695e-07
2.380881126e-07
1.136352802e-07
4.441623335e-08
2.16312822e-08
1.862973002e-08
1.836376656e-08
1.833422056e-08
1.833062074e-08
1.8331614e-08
1.833407329e-08
1.833718433e-08
1.834054183e-08
1.834390658e-08
1.834715859e-08
1.835025818e-08
1.835321097e-08
1.835604413e-08
1.835879345e-08
1.836149618e-08
1.836418568e-08
1.836688807e-08
1.836962058e-08
1.837239739e-08
1.837522687e-08
1.837809915e-08
1.838098262e-08
1.838382173e-08
1.838653343e-08
1.838899548e-08
1.83910281e-08
1.839223213e-08
1.839083774e-08
1.838137589e-08
1.84377394e-05
1.772562477e-05
1.694800001e-05
1.611685183e-05
1.524419216e-05
1.434137638e-05
1.341974458e-05
1.248979868e-05
1.156108276e-05
1.064282775e-05
9.742054427e-06
8.865294114e-06
8.018386001e-06
7.20610036e-06
6.432094116e-06
5.699318308e-06
5.009530388e-06
4.363788153e-06
3.763885745e-06
3.207997689e-06
2.698693287e-06
2.236168166e-06
1.818966851e-06
1.444112664e-06
1.09507145e-06
7.910169605e-07
5.329886464e-07
3.241555813e-07
1.724714416e-07
7.696019101e-08
3.107240203e-08
1.964356415e-08
1.845107328e-08
1.834498731e-08
1.833229177e-08
1.833122426e-08
1.833278381e-08
1.833540999e-08
1.833853206e-08
1.834181946e-08
1.834508865e-08
1.834826101e-08
1.835132089e-08
1.835428508e-08
1.835718427e-08
1.836005181e-08
1.836291727e-08
1.836580186e-08
1.836871928e-08
1.837168216e-08
1.83746949e-08
1.837774267e-08
1.838078922e-08
1.83837744e-08
1.838660796e-08
1.838915461e-08
1.839124016e-08
1.839243322e-08
1.839093479e-08
1.838126252e-08
1.724539704e-05
1.662426733e-05
1.594421338e-05
1.521459098e-05
1.444469821e-05
1.364405489e-05
1.282231522e-05
1.198808124e-05
1.11498943e-05
1.031587714e-05
9.492383037e-06
8.685529969e-06
7.900977753e-06
7.14353478e-06
6.416645481e-06
5.723876993e-06
5.067621744e-06
4.449063968e-06
3.869555315e-06
3.330677613e-06
2.831712987e-06
2.374864658e-06
1.960313224e-06
1.585705483e-06
1.233775299e-06
9.199998498e-07
6.467726591e-07
4.178365607e-07
2.41738692e-07
1.210905173e-07
5.141681384e-08
2.380197328e-08
1.880056155e-08
1.836877677e-08
1.832927764e-08
1.832469561e-08
1.832520522e-08
1.832722175e-08
1.832994737e-08
1.833298733e-08
1.833610776e-08
1.833919342e-08
1.834220626e-08
1.834514885e-08
1.834804173e-08
1.83509102e-08
1.835377664e-08
1.835665627e-08
1.835955758e-08
1.836248654e-08
1.836544106e-08
1.836840003e-08
1.837132371e-08
1.837415156e-08
1.837679705e-08
1.837913901e-08
1.838102125e-08
1.838203333e-08
1.838040493e-08
1.837051168e-08
1.623096576e-05
1.568323552e-05
1.508207046e-05
1.443485578e-05
1.374901566e-05
1.303272706e-05
1.229403228e-05
1.154019899e-05
1.077887441e-05
1.001702575e-05
9.260497222e-06
8.51493284e-06
7.785752026e-06
7.077581568e-06
6.39368727e-06
5.737939393e-06
5.113114151e-06
4.520523114e-06
3.961745124e-06
3.438805227e-06
2.951328357e-06
2.500825349e-06
2.089187225e-06
1.713603528e-06
1.369716619e-06
1.045671866e-06
7.612010401e-07
5.179930808e-07
3.201306202e-07
1.752146724e-07
8.264009776e-08
3.493905365e-08
2.030908499e-08
1.848492364e-08
1.834074606e-08
1.832640147e-08
1.83251509e-08
1.832638099e-08
1.832858061e-08
1.833125719e-08
1.833412609e-08
1.833703468e-08
1.833992126e-08
1.834277393e-08
1.834560281e-08
1.834842442e-08
1.835125383e-08
1.835409999e-08
1.835696613e-08
1.835985364e-08
1.836275396e-08
1.836564066e-08
1.836846996e-08
1.837117966e-08
1.837368386e-08
1.837587275e-08
1.837759963e-08
1.837845716e-08
1.837669328e-08
1.836659917e-08
1.535203745e-05
1.486467233e-05
1.432857472e-05
1.374942777e-05
1.313372918e-05
1.248831454e-05
1.181980991e-05
1.113453095e-05
1.04392794e-05
9.740067808e-06
9.042350885e-06
8.351163739e-06
7.67165131e-06
7.008109541e-06
6.363617539e-06
5.742397919e-06
5.147246037e-06
4.579623319e-06
4.041450659e-06
3.53480241e-06
3.059618791e-06
2.617399291e-06
2.209969278e-06
1.836217505e-06
1.493883255e-06
1.167625006e-06
8.756624642e-07
6.199905327e-07
4.047025363e-07
2.383967967e-07
1.231902524e-07
5.554150131e-08
2.583381444e-08
1.9034165e-08
1.839099232e-08
1.834047239e-08
1.833524861e-08
1.833542164e-08
1.833698614e-08
1.833919025e-08
1.834169642e-08
1.834432115e-08
1.834698428e-08
1.834966216e-08
1.835235538e-08
1.835507183e-08
1.835781913e-08
1.836059847e-08
1.836340708e-08
1.836624121e-08
1.836908673e-08
1.837191226e-08
1.837466892e-08
1.837728949e-08
1.837968315e-08
1.838175161e-08
1.838334464e-08
1.83840599e-08
1.838217136e-08
1.837186695e-08
1.457777796e-05
1.414105243e-05
1.365937879e-05
1.313776929e-05
1.258172587e-05
1.199687075e-05
1.138857168e-05
1.076274016e-05
1.012518032e-05
9.481041811e-06
8.835521566e-06
8.193094028e-06
7.558515431e-06
6.935643219e-06
6.327623339e-06
5.738682781e-06
5.171620664e-06
4.627992729e-06
4.10993097e-06
3.619088072e-06
3.15704302e-06
2.725285001e-06
2.323157442e-06
1.952341966e-06
1.61125311e-06
1.293088733e-06
9.902088743e-07
7.226001817e-07
4.923870445e-07
3.074991958e-07
1.712548606e-07
8.358718001e-08
3.747759184e-08
2.118203116e-08
1.856016879e-08
1.836372068e-08
1.834798812e-08
1.834666254e-08
1.83475364e-08
1.834917298e-08
1.835117415e-08
1.835334786e-08
1.835561114e-08
1.835793811e-08
1.836032603e-08
1.836277861e-08
1.836529834e-08
1.836788083e-08
1.837051707e-08
1.837319614e-08
1.837589799e-08
1.83785853e-08
1.838120206e-08
1.838367227e-08
1.838590526e-08
1.838781379e-08
1.838924649e-08
1.838981753e-08
1.83878046e-08
1.837729366e-08
1.388610173e-05
1.349233259e-05
1.305733051e-05
1.258532607e-05
1.208077088e-05
1.154834921e-05
1.09926815e-05
1.041907877e-05
9.832548027e-06
9.237392215e-06
8.638737241e-06
8.040378663e-06
7.446743992e-06
6.861300872e-06
6.287166924e-06
5.728486838e-06
5.188046929e-06
4.667174449e-06
4.168273612e-06
3.693966595e-06
3.246550132e-06
2.825079135e-06
2.429987512e-06
2.062448181e-06
1.722439199e-06
1.40685528e-06
1.102203136e-06
8.283955903e-07
5.881908308e-07
3.858979132e-07
2.293255345e-07
1.206054087e-07
5.653890773e-08
2.710977389e-08
1.92612785e-08
1.841718874e-08
1.836151125e-08
1.835715847e-08
1.835736834e-08
1.835847828e-08
1.83599337e-08
1.836155262e-08
1.836327203e-08
1.836507877e-08
1.836697729e-08
1.836897621e-08
1.837108052e-08
1.837328652e-08
1.837558327e-08
1.837795386e-08
1.838037172e-08
1.838279267e-08
1.838515328e-08
1.838737525e-08
1.838938269e-08
1.839110135e-08
1.839237221e-08
1.839281415e-08
1.839068717e-08
1.837995792e-08
1.32611435e-05
1.290473181e-05
1.251046066e-05
1.20817288e-05
1.16222852e-05
1.113582937e-05
1.062677179e-05
1.00995633e-05
9.558581175e-06
9.007685698e-06
8.451397305e-06
7.893204531e-06
7.337217682e-06
6.786395422e-06
6.243942785e-06
5.713872447e-06
5.198931465e-06
4.700369173e-06
4.220823755e-06
3.763042259e-06
3.329369367e-06
2.918840847e-06
2.532169835e-06
2.169489672e-06
1.832441536e-06
1.519457806e-06
1.224071381e-06
9.396278896e-07
6.87532921e-07
4.701146129e-07
2.950803163e-07
1.661647064e-07
8.297299194e-08
3.882877528e-08
2.191786401e-08
1.863812599e-08
1.838214894e-08
1.836656188e-08
1.83658289e-08
1.836658381e-08
1.836766758e-08
1.836887116e-08
1.837014635e-08
1.837148985e-08
1.83729115e-08
1.837442472e-08
1.837603977e-08
1.837775949e-08
1.837957903e-08
1.83814839e-08
1.838344975e-08
1.838543762e-08
1.838739694e-08
1.838927342e-08
1.839101634e-08
1.839254079e-08
1.839365722e-08
1.8393983e-08
1.839173902e-08
1.83807884e-08
1.269172274e-05
1.236831683e-05
1.200993326e-05
1.161937021e-05
1.119973682e-05
1.075433738e-05
1.028697834e-05
9.801457449e-06
9.301605716e-06
8.791010332e-06
8.273094071e-06
7.751531182e-06
7.230095219e-06
6.711384736e-06
6.198521011e-06
5.695365263e-06
5.204577033e-06
4.727350042e-06
4.267195628e-06
3.826511553e-06
3.406146985e-06
3.006629097e-06
2.628632762e-06
2.272482677e-06
1.939098419e-06
1.628439762e-06
1.33426103e-06
1.047152867e-06
7.885489041e-07
5.610339318e-07
3.688868939e-07
2.203318281e-07
1.173361473e-07
5.651924938e-08
2.810049769e-08
1.956241698e-08
1.844153866e-08
1.837570773e-08
1.83724742e-08
1.837293121e-08
1.837380018e-08
1.837476616e-08
1.837577411e-08
1.837681979e-08
1.837791024e-08
1.837905669e-08
1.838026869e-08
1.838155253e-08
1.838290925e-08
1.838433223e-08
1.838581107e-08
1.838732944e-08
1.838887143e-08
1.839041707e-08
1.839192412e-08
1.839326762e-08
1.839422377e-08
1.839443491e-08
1.83920627e-08
1.83808812e-08
1.216904255e-05
1.187489595e-05
1.154838271e-05
1.119186274e-05
1.080774679e-05
1.039918249e-05
9.969300617e-06
9.521392981e-06
9.058630986e-06
8.58457838e-06
8.101935173e-06
7.614118174e-06
7.124642984e-06
6.635823845e-06
6.150757911e-06
5.673226229e-06
5.205794834e-06
4.749906984e-06
4.30840466e-06
3.883150264e-06
3.475714547e-06
3.086988788e-06
2.717747994e-06
2.368287625e-06
2.038652775e-06
1.729917419e-06
1.438752015e-06
1.1517063e-06
8.877351253e-07
6.501432709e-07
4.43874252e-07
2.781862983e-07
1.569453247e-07
7.923474913e-08
3.825784081e-08
2.21198447e-08
1.867040991e-08
1.839076789e-08
1.837780566e-08
1.837767187e-08
1.837833978e-08
1.837912081e-08
1.837993746e-08
1.83807775e-08
1.838164095e-08
1.83825327e-08
1.838345859e-08
1.838442449e-08
1.838543427e-08
1.838649032e-08
1.838759964e-08
1.838877077e-08
1.839001413e-08
1.83913216e-08
1.839263428e-08
1.83937942e-08
1.839457405e-08
1.839466715e-08
1.839215493e-08
1.838070396e-08
1.16914535e-05
1.142325319e-05
1.11250229e-05
1.079865459e-05
1.044638403e-05
1.007071938e-05
9.674374037e-06
9.260216861e-06
8.830948415e-06
8.389894005e-06
7.939322937e-06
7.482370482e-06
7.022079006e-06
6.560792434e-06
6.10147527e-06
5.647690887e-06
5.201956189e-06
4.765618425e-06
4.341333474e-06
3.931060256e-06
3.536421987e-06
3.158436577e-06
2.797888572e-06
2.455179205e-06
2.130321228e-06
1.823638813e-06
1.534653773e-06
1.256921884e-06
9.84260087e-07
7.382276928e-07
5.218360599e-07
3.402398121e-07
2.016997978e-07
1.073354644e-07
5.264739982e-08
2.746821785e-08
1.958990753e-08
1.844422863e-08
1.838341797e-08
1.838157138e-08
1.838198438e-08
1.838256063e-08
1.838317854e-08
1.838382047e-08
1.838448179e-08
1.83851625e-08
1.838586634e-08
1.838659949e-08
1.838736893e-08
1.838818446e-08
1.838906233e-08
1.839001932e-08
1.83910677e-08
1.83921886e-08
1.839330437e-08
1.839425257e-08
1.839484697e-08
1.839482298e-08
1.839213328e-08
1.838036342e-08
1.125140781e-05
1.100629936e-05
1.073328184e-05
1.043393208e-05
1.011013837e-05
9.764030012e-06
9.397935699e-06
9.014201515e-06
8.615541292e-06
8.204027754e-06
7.782454522e-06
7.353627473e-06
6.920025534e-06
6.484120749e-06
6.048723461e-06
5.617148668e-06
5.191807867e-06
4.774077368e-06
4.366386952e-06
3.9708421e-06
3.589034688e-06
3.221879691e-06
2.870382056e-06
2.535058484e-06
2.215955206e-06
1.913030955e-06
1.62677851e-06
1.351181399e-06
1.077625073e-06
8.270169802e-07
6.0234551e-07
4.084186566e-07
2.544040542e-07
1.433352175e-07
7.321144865e-08
3.662332323e-08
2.209004914e-08
1.869960695e-08
1.83954616e-08
1.838509209e-08
1.83851477e-08
1.838554523e-08
1.838598383e-08
1.838644577e-08
1.838692719e-08
1.838742647e-08
1.838794595e-08
1.838849446e-08
1.838908329e-08
1.838972572e-08
1.839043697e-08
1.839122921e-08
1.839210549e-08
1.839303283e-08
1.839392536e-08
1.839464143e-08
1.839506286e-08
1.839492444e-08
1.839199303e-08
1.837985301e-08
1.08448339e-05
1.06202415e-05
1.036965979e-05
1.009440227e-05
9.796034116e-06
9.476365095e-06
9.137343405e-06
8.780867619e-06
8.409578547e-06
8.025108e-06
7.630029054e-06
7.226903628e-06
6.817860707e-06
6.405454226e-06
5.992390598e-06
5.581744163e-06
5.175755056e-06
4.775875013e-06
4.384373958e-06
4.003396588e-06
3.634522963e-06
3.278650117e-06
2.936858181e-06
2.609657858e-06
2.297137451e-06
1.999272521e-06
1.716022089e-06
1.444160037e-06
1.17981734e-06
9.226096304e-07
6.890895828e-07
4.833582998e-07
3.144174804e-07
1.865601871e-07
1.000971154e-07
5.015722971e-08
2.713878577e-08
1.963998632e-08
1.844751877e-08
1.838872007e-08
1.838780254e-08
1.838807279e-08
1.838838545e-08
1.838871518e-08
1.838906163e-08
1.83894247e-08
1.838980475e-08
1.839021154e-08
1.839066009e-08
1.839116422e-08
1.839173384e-08
1.839237258e-08
1.839307185e-08
1.839379067e-08
1.83944508e-08
1.83949529e-08
1.839523906e-08
1.839500764e-08
1.839184829e-08
1.837936011e-08
1.046814636e-05
1.026175336e-05
1.003113946e-05
9.777373999e-06
9.501757182e-06
9.205814858e-06
8.890969495e-06
8.55937612e-06
8.212444992e-06
7.852376237e-06
7.481463005e-06
7.101729274e-06
6.715345984e-06
6.324812093e-06
5.932677561e-06
5.541859886e-06
5.154420729e-06
4.771800275e-06
4.396154884e-06
4.02962977e-06
3.673748585e-06
3.329483747e-06
2.997803614e-06
2.679281403e-06
2.374125048e-06
2.082157092e-06
1.803175833e-06
1.536722123e-06
1.277575567e-06
1.017784767e-06
7.793084915e-07
5.656691691e-07
3.821757172e-07
2.37418281e-07
1.338255025e-07
6.896280031e-08
3.537191331e-08
2.200987166e-08
1.87174524e-08
1.839818168e-08
1.838986352e-08
1.839002196e-08
1.839027212e-08
1.839052931e-08
1.839079563e-08
1.839107327e-08
1.839136309e-08
1.839167431e-08
1.839202241e-08
1.839241824e-08
1.839286507e-08
1.839335843e-08
1.839388299e-08
1.839440119e-08
1.839485755e-08
1.839519908e-08
1.839539601e-08
1.839509899e-08
1.839176609e-08
1.837900255e-08
1.01182582e-05
9.927955034e-06
9.715026403e-06
9.480346988e-06
9.224922469e-06
8.94996439e-06
8.656717879e-06
8.347138749e-06
8.022452765e-06
7.684648165e-06
7.335894842e-06
6.977596611e-06
6.612228387e-06
6.242104189e-06
5.86970952e-06
5.497620864e-06
5.127786802e-06
4.761768797e-06
4.401515942e-06
4.04916168e-06
3.706180324e-06
3.373566395e-06
3.052221399e-06
2.742747434e-06
2.445372653e-06
2.160006035e-06
1.886547868e-06
1.624678783e-06
1.368954951e-06
1.110141672e-06
8.68128384e-07
6.466450288e-07
4.512537596e-07
2.915902956e-07
1.719642606e-07
9.217801101e-08
4.685057371e-08
2.630900377e-08
1.958198387e-08
1.845010438e-08
1.839192665e-08
1.839137512e-08
1.839161204e-08
1.839184591e-08
1.839207911e-08
1.839231535e-08
1.839255713e-08
1.839281228e-08
1.839309342e-08
1.839340737e-08
1.839375253e-08
1.839412057e-08
1.839449679e-08
1.839485591e-08
1.839516827e-08
1.839541164e-08
1.839555806e-08
1.839522104e-08
1.83917771e-08
1.837878201e-08
9.792580552e-06
9.616457632e-06
9.419171123e-06
9.201361822e-06
8.963733473e-06
8.707277439e-06
8.433659202e-06
8.143647131e-06
7.83890967e-06
7.521256491e-06
7.192307673e-06
6.853737559e-06
6.507734518e-06
6.156544259e-06
5.802459364e-06
5.448099128e-06
5.094989771e-06
4.74479352e-06
4.399364266e-06
4.060752415e-06
3.730372221e-06
3.409228426e-06
3.098140702e-06
2.797696021e-06
2.508170783e-06
2.229476336e-06
1.961469286e-06
1.703919354e-06
1.45252985e-06
1.205484182e-06
9.566688451e-07
7.285254249e-07
5.247611913e-07
3.509609467e-07
2.156932393e-07
1.207079071e-07
6.256885566e-08
3.312808755e-08
2.165660759e-08
1.87239885e-08
1.840085131e-08
1.83923157e-08
1.8392515e-08
1.839274899e-08
1.839297495e-08
1.839319599e-08
1.839341487e-08
1.839363835e-08
1.839387535e-08
1.839412985e-08
1.839439869e-08
1.839467448e-08
1.839494779e-08
1.839520597e-08
1.839543644e-08
1.839562951e-08
1.83957492e-08
1.839538474e-08
1.839185934e-08
1.837867151e-08
9.488539922e-06
9.324842423e-06
9.141208121e-06
8.938035842e-06
8.715970261e-06
8.476239274e-06
8.219449204e-06
7.946919279e-06
7.660117908e-06
7.360693845e-06
7.049509221e-06
6.728787306e-06
6.400526862e-06
6.066820968e-06
5.729791626e-06
5.392066016e-06
5.054783579e-06
4.719679971e-06
4.38850649e-06
4.06322691e-06
3.74518656e-06
3.43537503e-06
3.134518287e-06
2.843197522e-06
2.561703036e-06
2.289925323e-06
2.027666474e-06
1.774590971e-06
1.528641765e-06
1.28588523e-06
1.037708559e-06
8.066148699e-07
5.962828751e-07
4.120161277e-07
2.633982005e-07
1.539922833e-07
8.255779957e-08
4.288046709e-08
2.525259861e-08
1.950617626e-08
1.84587217e-08
1.839381715e-08
1.839317868e-08
1.839341149e-08
1.839363382e-08
1.839384612e-08
1.839405093e-08
1.839425407e-08
1.83944615e-08
1.83946759e-08
1.839489497e-08
1.839511433e-08
1.839532939e-08
1.839553482e-08
1.839572535e-08
1.83958941e-08
1.839599866e-08
1.839561695e-08
1.839203898e-08
1.837868441e-08
9.202773336e-06
9.04963246e-06
8.87755568e-06
8.686947902e-06
8.47854695e-06
8.253265091e-06
8.011609593e-06
7.754799985e-06
7.484185317e-06
7.20090351e-06
6.905874254e-06
6.601494868e-06
6.289614147e-06
5.972182184e-06
5.651189133e-06
5.329133552e-06
5.00691506e-06
4.686312976e-06
4.368967776e-06
4.056760229e-06
3.75097706e-06
3.452581232e-06
3.161837373e-06
2.879714937e-06
2.606472794e-06
2.342137141e-06
2.086441976e-06
1.839123609e-06
1.599508033e-06
1.361547852e-06
1.116139172e-06
8.828510921e-07
6.663291124e-07
4.727342501e-07
3.122474821e-07
1.89559127e-07
1.053147557e-07
5.51171117e-08
3.041379503e-08
2.107206276e-08
1.868332057e-08
1.840197536e-08
1.839382816e-08
1.839401582e-08
1.839422982e-08
1.839443142e-08
1.839462286e-08
1.839480968e-08
1.839499606e-08
1.83951839e-08
1.839537233e-08
1.839555916e-08
1.83957423e-08
1.839591942e-08
1.839608738e-08
1.839623914e-08
1.839632857e-08
1.839592539e-08
1.839228714e-08
1.837881635e-08
8.930919719e-06
8.78686383e-06
8.624941535e-06
8.445766407e-06
8.249394636e-06
8.036612431e-06
7.808302819e-06
7.565568538e-06
7.309418131e-06
7.040367086e-06
6.760313428e-06
6.471115336e-06
6.174577841e-06
5.872559859e-06
5.56691103e-06
5.259751562e-06
4.952087882e-06
4.64561252e-06
4.341843912e-06
4.042549759e-06
3.74891842e-06
3.461825338e-06
3.181462731e-06
2.908779449e-06
2.644033897e-06
2.387256605e-06
2.138161865e-06
1.896489654e-06
1.662220168e-06
1.428811051e-06
1.195951267e-06
9.576358491e-07
7.367443966e-07
5.373896851e-07
3.654713168e-07
2.297595177e-07
1.324891671e-07
7.096649589e-08
3.797774132e-08
2.382111433e-08
1.931334235e-08
1.84564336e-08
1.839539403e-08
1.839469864e-08
1.839491124e-08
1.839510383e-08
1.839528182e-08
1.839545254e-08
1.839561967e-08
1.839578426e-08
1.839594674e-08
1.839610615e-08
1.83962619e-08
1.839641433e-08
1.839656301e-08
1.839670218e-08
1.839678358e-08
1.839636897e-08
1.839269074e-08
1.837915032e-08
8.667735596e-06
8.531895146e-06
8.37934091e-06
8.210020436e-06
8.024432762e-06
7.823250554e-06
7.607297353e-06
7.377584042e-06
7.134493178e-06
6.878827697e-06
6.612886695e-06
6.338168657e-06
6.056348276e-06
5.769201566e-06
5.478649829e-06
5.186075033e-06
4.892776664e-06
4.600293717e-06
4.31001495e-06
4.023589471e-06
3.742099819e-06
3.466307015e-06
3.19637329e-06
2.933175902e-06
2.676954066e-06
2.427736316e-06
2.185283084e-06
1.949371397e-06
1.719957148e-06
1.492285927e-06
1.263924805e-06
1.027144659e-06
8.047437672e-07
6.006222541e-07
4.202964776e-07
2.733945483e-07
1.637414548e-07
9.053498887e-08
4.825493364e-08
2.806608724e-08
2.059900562e-08
1.866044697e-08
1.840534758e-08
1.839555422e-08
1.83957439e-08
1.839595594e-08
1.83961315e-08
1.839628427e-08
1.839642382e-08
1.83965539e-08
1.83966814e-08
1.839681219e-08
1.839694922e-08
1.839709231e-08
1.83972391e-08
1.839738166e-08
1.839746819e-08
1.839704857e-08
1.839332762e-08
1.837976206e-08
8.409047097e-06
8.280926274e-06
8.136711526e-06
7.976699573e-06
7.801351064e-06
7.611269722e-06
7.407161034e-06
7.189433785e-06
6.958512337e-06
6.716223585e-06
6.464093955e-06
6.203608983e-06
5.936340862e-06
5.66404073e-06
5.388106503e-06
5.11000416e-06
4.830941498e-06
4.552318268e-06
4.275395629e-06
4.001700782e-06
3.732203539e-06
3.467528798e-06
3.207863023e-06
2.954000371e-06
2.706174331e-06
2.46443941e-06
2.228604661e-06
1.998477676e-06
1.773983646e-06
1.552679499e-06
1.329348312e-06
1.095695099e-06
8.722031492e-07
6.634388119e-07
4.756642659e-07
3.183587228e-07
1.970243672e-07
1.124489309e-07
6.063796334e-08
3.378711992e-08
2.2618668e-08
1.91542767e-08
1.845942156e-08
1.839775603e-08
1.839665633e-08
1.839694822e-08
1.83971724e-08
1.839733696e-08
1.839746523e-08
1.83975766e-08
1.839768915e-08
1.83978149e-08
1.839795782e-08
1.839811461e-08
1.839827934e-08
1.839844027e-08
1.839854347e-08
1.839813149e-08
1.839438277e-08
1.838076019e-08
8.151257211e-06
8.030552654e-06
7.894697953e-06
7.743988534e-06
7.578898167e-06
7.399752165e-06
7.206975768e-06
7.000847832e-06
6.782301313e-06
6.553282767e-06
6.314975208e-06
6.068762688e-06
5.816095628e-06
5.55843964e-06
5.297220808e-06
5.033441702e-06
4.768448291e-06
4.50347427e-06
4.23964232e-06
3.978360145e-06
3.720493845e-06
3.466570963e-06
3.216768267e-06
2.971865427e-06
2.732107359e-06
2.497583993e-06
2.26817699e-06
2.043657585e-06
1.823895433e-06
1.608466225e-06
1.390571444e-06
1.169970453e-06
9.417162015e-07
7.289801528e-07
5.359548462e-07
3.684863348e-07
2.353287726e-07
1.38779971e-07
7.645203951e-08
4.17658411e-08
2.581578238e-08
2.010346562e-08
1.863080351e-08
1.84105039e-08
1.839805841e-08
1.839826008e-08
1.839856061e-08
1.839877938e-08
1.839894022e-08
1.839907045e-08
1.839919955e-08
1.839934676e-08
1.839951672e-08
1.839970294e-08
1.839989651e-08
1.840008213e-08
1.840020354e-08
1.839979039e-08
1.839597633e-08
1.838229127e-08
7.892718113e-06
7.779712508e-06
7.652496675e-06
7.511369266e-06
7.356527072e-06
7.187986518e-06
7.00612696e-06
6.811537665e-06
6.605932744e-06
6.39033057e-06
6.165935595e-06
5.934030057e-06
5.695893599e-06
5.452782741e-06
5.205872211e-06
4.956179316e-06
4.704913754e-06
4.453171446e-06
4.201956877e-06
3.952577106e-06
3.705822997e-06
3.462148361e-06
3.221749554e-06
2.9854212e-06
2.753449944e-06
2.525987172e-06
2.303066598e-06
2.08449826e-06
1.870306944e-06
1.660378988e-06
1.447903715e-06
1.232218485e-06
1.005926596e-06
7.922790644e-07
5.952036543e-07
4.20181278e-07
2.767372821e-07
1.687035061e-07
9.549656453e-08
5.209900824e-08
3.038630484e-08
2.164773583e-08
1.900330605e-08
1.845987504e-08
1.840204994e-08
1.840025933e-08
1.840063738e-08
1.840094749e-08
1.840117721e-08
1.840135554e-08
1.840152139e-08
1.840170089e-08
1.840190155e-08
1.840211627e-08
1.840233553e-08
1.840254237e-08
1.84026809e-08
1.840227832e-08
1.839843974e-08
1.838464965e-08
7.635184654e-06
7.530338628e-06
7.412053916e-06
7.28046003e-06
7.135447179e-06
6.977166059e-06
6.806255326e-06
6.624002086e-06
6.431317487e-06
6.229190563e-06
6.018719697e-06
5.801050893e-06
5.577401307e-06
5.348408922e-06
5.115443644e-06
4.879414257e-06
4.641373369e-06
4.402303304e-06
4.163181552e-06
3.925174749e-06
3.689019087e-06
3.455134598e-06
3.223758648e-06
2.995726147e-06
2.771379839e-06
2.550941748e-06
2.334513216e-06
2.121988669e-06
1.913500301e-06
1.708954916e-06
1.502658578e-06
1.2924442e-06
1.069443025e-06
8.555130848e-07
6.546460271e-07
4.727647078e-07
3.196437631e-07
2.005800898e-07
1.166149991e-07
6.421463712e-08
3.618122451e-08
2.384281291e-08
1.962020621e-08
1.857486149e-08
1.841475137e-08
1.840371077e-08
1.840383578e-08
1.84042163e-08
1.840451837e-08
1.840475506e-08
1.840496182e-08
1.84051699e-08
1.840539145e-08
1.840562253e-08
1.840585598e-08
1.84060754e-08
1.84062248e-08
1.840582e-08
1.840192179e-08
1.83880561e-08
7.382243056e-06
7.285276392e-06
7.175294318e-06
7.052417179e-06
6.916710091e-06
6.768598734e-06
6.609167564e-06
6.439114678e-06
6.259230586e-06
6.070421428e-06
5.873648234e-06
5.669874352e-06
5.460123916e-06
5.244824893e-06
5.025240323e-06
4.80229089e-06
4.576894764e-06
4.349937006e-06
4.122369039e-06
3.895254934e-06
3.669323166e-06
3.444891925e-06
3.222326622e-06
3.002479694e-06
2.78574268e-06
2.572388316e-06
2.362560957e-06
2.156188977e-06
1.953446359e-06
1.754255391e-06
1.554289104e-06
1.349650027e-06
1.138683488e-06
9.223068091e-07
7.180615235e-07
5.310905965e-07
3.67812982e-07
2.371835682e-07
1.417262451e-07
7.936539642e-08
4.395697306e-08
2.709096714e-08
2.065689657e-08
1.881253386e-08
1.84500857e-08
1.841021126e-08
1.840863212e-08
1.840901164e-08
1.840936146e-08
1.84096372e-08
1.840986964e-08
1.841009e-08
1.841031199e-08
1.841053687e-08
1.841076391e-08
1.841098031e-08
1.841113297e-08
1.841073647e-08
1.840682543e-08
1.839284091e-08
7.138209025e-06
7.048072757e-06
6.945638004e-06
6.831071263e-06
6.704575226e-06
6.567006636e-06
6.418866695e-06
6.260750177e-06
6.093371239e-06
5.917520286e-06
5.734036834e-06
5.543804735e-06
5.346881861e-06
5.144651652e-06
4.937842166e-06
4.727330417e-06
4.513952992e-06
4.298533549e-06
4.08199141e-06
3.865332292e-06
3.649253641e-06
3.434056031e-06
3.220149444e-06
3.008424618e-06
2.7993101e-06
2.59311222e-06
2.389994709e-06
2.189861426e-06
1.992705909e-06
1.79820049e-06
1.605093522e-06
1.406977244e-06
1.203222786e-06
9.862607312e-07
7.799098022e-07
5.882706403e-07
4.171206985e-07
2.762631893e-07
1.697211054e-07
9.709651296e-08
5.360545818e-08
3.143479409e-08
2.219559092e-08
1.921655455e-08
1.852330428e-08
1.842246739e-08
1.841549558e-08
1.841563612e-08
1.84159836e-08
1.841626565e-08
1.841650152e-08
1.841671819e-08
1.841692491e-08
1.841712771e-08
1.841733298e-08
1.841753465e-08
1.841768098e-08
1.84172738e-08
1.841330168e-08
1.839923957e-08
6.905066979e-06
6.820921255e-06
6.725420647e-06
6.618735996e-06
6.501471204e-06
6.373865943e-06
6.236351024e-06
6.089466614e-06
5.933827902e-06
5.770090982e-06
5.598968578e-06
5.421000914e-06
5.236362784e-06
5.046268027e-06
4.851427657e-06
4.652616675e-06
4.450591284e-06
4.246106536e-06
4.04010605e-06
3.833488955e-06
3.626939743e-06
3.42069012e-06
3.215213848e-06
3.01140233e-06
2.809698705e-06
2.610428971e-06
2.413774125e-06
2.219652672e-06
2.028054917e-06
1.838708183e-06
1.650877027e-06
1.457668664e-06
1.257900722e-06
1.042727454e-06
8.353268595e-07
6.397814963e-07
4.620893624e-07
3.127194568e-07
1.966143618e-07
1.148043204e-07
6.375305033e-08
3.633374888e-08
2.410548231e-08
1.978429164e-08
1.864861062e-08
1.844561429e-08
1.842519532e-08
1.842446246e-08
1.842473946e-08
1.842498268e-08
1.842518281e-08
1.84253641e-08
1.842553171e-08
1.842569366e-08
1.842586067e-08
1.842603518e-08
1.842617058e-08
1.842576996e-08
1.842181169e-08
1.840767104e-08
6.688060041e-06
6.609518133e-06
6.520843452e-06
6.422033408e-06
6.313281438e-06
6.19488237e-06
6.067221029e-06
5.930758199e-06
5.786005082e-06
5.633484001e-06
5.473726486e-06
5.306526158e-06
5.133044672e-06
4.953988763e-06
4.770044267e-06
4.581899822e-06
4.390242296e-06
4.195758707e-06
3.999461022e-06
3.802104932e-06
3.604342739e-06
3.406405109e-06
3.208770335e-06
3.012321161e-06
2.817492297e-06
2.62459834e-06
2.433809295e-06
2.24507336e-06
2.058351715e-06
1.873445284e-06
1.689942789e-06
1.501148576e-06
1.305466848e-06
1.093154193e-06
8.853188088e-07
6.869812388e-07
5.050638465e-07
3.46982257e-07
2.218651589e-07
1.317518088e-07
7.383627331e-08
4.147759244e-08
2.626464119e-08
2.049266705e-08
1.882179818e-08
1.848036523e-08
1.843831321e-08
1.84356773e-08
1.843576359e-08
1.843592855e-08
1.84360635e-08
1.843618346e-08
1.843629511e-08
1.843640767e-08
1.843653359e-08
1.843668147e-08
1.843680648e-08
1.843639975e-08
1.843241919e-08
1.841823956e-08
6.505034811e-06
6.431598991e-06
6.34855997e-06
6.256017399e-06
6.154153188e-06
6.043232378e-06
5.923601729e-06
5.795676662e-06
5.659894374e-06
5.51660829e-06
5.365266643e-06
5.206734188e-06
5.042121187e-06
4.871939136e-06
4.696788753e-06
4.517296248e-06
4.334097104e-06
4.147833839e-06
3.959538397e-06
3.769894062e-06
3.579476298e-06
3.388505306e-06
3.197483413e-06
3.007260657e-06
2.818248451e-06
2.630736814e-06
2.444864276e-06
2.260615414e-06
2.077900442e-06
1.896578e-06
1.71630724e-06
1.531164341e-06
1.338711429e-06
1.13709271e-06
9.267135973e-07
7.260279213e-07
5.408305597e-07
3.776587824e-07
2.46126916e-07
1.49179675e-07
8.498380757e-08
4.766564522e-08
2.91480647e-08
2.157417153e-08
1.913449906e-08
1.855163941e-08
1.845780239e-08
1.84495405e-08
1.844933495e-08
1.84493867e-08
1.844939757e-08
1.844940401e-08
1.844941841e-08
1.844945055e-08
1.844951795e-08
1.844963086e-08
1.844974438e-08
1.844935084e-08
1.844541497e-08
1.843118867e-08
)
;

boundaryField
{
    inletCH4
    {
        type            fixedValue;
        value           uniform 0;
    }
    wallOutside
    {
        type            zeroGradient;
    }
    wallTube
    {
        type            zeroGradient;
    }
    inletPilot
    {
        type            fixedValue;
        value           uniform 0;
    }
    inletAir
    {
        type            fixedValue;
        value           uniform 0;
    }
    outlet
    {
        type            zeroGradient;
    }
    axis
    {
        type            empty;
    }
    frontAndBack_pos
    {
        type            wedge;
    }
    frontAndBack_neg
    {
        type            wedge;
    }
}


// ************************************************************************* //
