/*--------------------------------*- C++ -*----------------------------------*\
  =========                 |
  \\      /  F ield         | OpenFOAM: The Open Source CFD Toolbox
   \\    /   O peration     | Website:  https://openfoam.org
    \\  /    A nd           | Version:  10
     \\/     M anipulation  |
\*---------------------------------------------------------------------------*/
FoamFile
{
    format      ascii;
    class       volScalarField;
    location    "0.02498436188";
    object      CH3_0;
}
// * * * * * * * * * * * * * * * * * * * * * * * * * * * * * * * * * * * * * //

dimensions      [0 0 0 0 0 0 0];

internalField   nonuniform List<scalar> 
5170
(
1.18313246e-09
1.180927235e-09
1.166676085e-09
1.066506073e-09
8.578616488e-11
2.414130699e-09
2.407248375e-09
2.376944855e-09
2.222822542e-09
1.353995334e-09
3.639669104e-09
3.628324523e-09
3.584014845e-09
3.400160157e-09
2.677664196e-09
4.853139531e-09
4.837835029e-09
4.783055813e-09
4.587116548e-09
4.011439365e-09
6.053757471e-09
6.035175207e-09
5.97390689e-09
5.78044865e-09
5.349512622e-09
7.240440133e-09
7.219783211e-09
7.15614022e-09
6.978618611e-09
6.691494695e-09
8.413648178e-09
8.391993887e-09
8.329944118e-09
8.181330923e-09
8.036945857e-09
9.575218364e-09
9.554020638e-09
9.497300124e-09
9.388254137e-09
9.386022672e-09
1.072712051e-08
1.070754529e-08
1.066013241e-08
1.060085473e-08
1.073956166e-08
1.187159712e-08
1.185448814e-08
1.181901544e-08
1.182083729e-08
1.209892787e-08
1.301005595e-08
1.299632001e-08
1.297520393e-08
1.304912323e-08
1.346447125e-08
1.414287829e-08
1.413363537e-08
1.413183718e-08
1.428571483e-08
1.483511241e-08
1.527056536e-08
1.526694246e-08
1.529000969e-08
1.553076235e-08
1.620953383e-08
1.639329343e-08
1.639649894e-08
1.644944937e-08
1.67839517e-08
1.758607435e-08
1.751096105e-08
1.752246937e-08
1.76100762e-08
1.804416311e-08
1.896256097e-08
1.862305862e-08
1.86445203e-08
1.877329207e-08
1.931107277e-08
2.03351223e-08
1.97293975e-08
1.976264601e-08
1.993753328e-08
2.058170809e-08
2.170430639e-08
2.082996165e-08
2.087711508e-08
2.110593023e-08
2.185731218e-08
2.306517846e-08
2.192484306e-08
2.198856395e-08
2.228034303e-08
2.314410984e-08
2.444104514e-08
2.302669335e-08
2.316155053e-08
2.386305476e-08
2.692528675e-08
3.687933505e-08
1.055230291e-18
0
0
0
0
1.277474727e-18
0
0
0
0
3.002338302e-19
1.546250391e-19
0
0
0
0
9.791933299e-19
2.440162548e-19
3.877098936e-19
1.972479904e-17
0
0
0
0
0
0
5.279486154e-14
0
0
1.283273169e-13
1.622004603e-13
0
0
1.354560094e-12
6.026988794e-10
2.802975487e-10
1.173366332e-11
1.055288185e-11
2.436105742e-10
0
0
2.560189031e-10
1.844646525e-10
1.337820072e-10
0
0
1.515552808e-08
0
0
0
3.03646205e-11
8.162658237e-09
0
9.018151451e-11
1.587558103e-11
4.320414806e-11
0
0
0
3.492422828e-10
0
0
0
3.773471498e-11
2.433658873e-09
5.952665485e-10
3.84021137e-11
5.067630351e-12
9.827561432e-10
5.126055795e-09
2.585575129e-09
4.760304755e-10
4.895963954e-10
2.591800862e-09
3.613403378e-09
2.678284162e-09
2.227946674e-09
2.191647198e-09
3.068887159e-09
3.943353239e-09
2.149437745e-09
4.373962245e-09
4.350761217e-09
3.019560033e-09
6.422287301e-09
2.895321077e-09
3.367235206e-09
3.478527331e-09
3.63487386e-09
4.454247882e-09
8.131088829e-09
3.455217875e-09
2.73297763e-09
5.893000737e-09
4.126716071e-09
2.67257024e-07
1.168812689e-07
2.08060947e-08
4.408450423e-09
3.520564823e-10
2.43684684e-08
2.667189884e-08
6.350104411e-08
6.082463058e-07
6.646144172e-06
2.658499139e-08
3.497471436e-08
1.386923962e-07
1.104663689e-06
7.964855697e-06
3.026599738e-08
4.938525811e-08
2.307956415e-07
1.382772081e-06
7.774736395e-06
3.600764285e-08
7.023210441e-08
3.302059204e-07
1.555682714e-06
7.262011977e-06
4.570138471e-08
1.077427885e-07
5.506779662e-07
1.717462048e-06
6.964717166e-06
5.949190287e-08
1.475015814e-07
5.697128424e-07
1.908011411e-06
7.020479638e-06
7.851621031e-08
1.960700455e-07
6.450826501e-07
2.161518268e-06
7.381476765e-06
1.035933627e-07
2.520947151e-07
7.589273293e-07
2.442916126e-06
7.686573476e-06
1.372927684e-07
3.217363863e-07
9.06246517e-07
2.739955856e-06
7.991405165e-06
1.79659576e-07
3.824590557e-07
1.078519257e-06
3.026613123e-06
8.171224144e-06
2.409140155e-07
4.882734896e-07
1.289802237e-06
3.376365499e-06
8.632786281e-06
3.021987432e-07
6.168711664e-07
1.536499759e-06
3.772279321e-06
9.150770149e-06
4.001391655e-07
7.847172146e-07
1.813453088e-06
4.177890548e-06
9.605004597e-06
5.514546873e-07
9.888457643e-07
2.12269585e-06
4.632292856e-06
1.020120487e-05
7.693455752e-07
1.252144976e-06
2.492054948e-06
5.167321928e-06
1.093236033e-05
1.042331906e-06
1.566750978e-06
2.911153783e-06
5.737184686e-06
1.160731984e-05
1.41790677e-06
2.003806759e-06
3.521154702e-06
6.570416673e-06
1.282902489e-05
1.968967859e-06
2.633962267e-06
4.36339201e-06
7.678975396e-06
1.43399695e-05
2.653970729e-06
3.41799784e-06
5.503118606e-06
9.557976632e-06
1.778019457e-05
3.700302005e-06
4.632381498e-06
7.002258216e-06
1.157889091e-05
1.997657886e-05
4.896601566e-06
5.826348309e-06
8.022259115e-06
1.180629279e-05
1.775349506e-05
5.668220404e-06
6.273660168e-06
7.622710204e-06
9.720257035e-06
1.259108749e-05
4.742474375e-06
4.992772814e-06
5.520450951e-06
6.268923997e-06
7.168623432e-06
2.887879608e-06
2.952334206e-06
3.074285551e-06
3.217226329e-06
3.357300475e-06
1.406419529e-06
1.412232557e-06
1.41694411e-06
1.414176594e-06
1.394873066e-06
5.928679803e-07
5.894671425e-07
5.799927503e-07
5.631702113e-07
5.386514224e-07
2.45899409e-07
2.434858929e-07
2.374209473e-07
2.278655475e-07
2.146668185e-07
1.011025123e-07
9.996864174e-08
9.711135869e-08
9.279898413e-08
8.709775705e-08
4.176488542e-08
4.128268199e-08
4.017108734e-08
3.840817288e-08
3.616765806e-08
1.768148471e-08
1.753550565e-08
1.721877217e-08
1.65174504e-08
1.556249315e-08
7.40386319e-09
7.347818733e-09
7.218909976e-09
7.066511822e-09
6.814829294e-09
3.62048569e-09
3.591650902e-09
3.525202976e-09
3.426137154e-09
3.300034046e-09
1.971793764e-09
1.961942621e-09
1.937954002e-09
1.905920535e-09
1.865983049e-09
1.39037332e-09
1.38994897e-09
1.388796365e-09
1.387556009e-09
1.387041682e-09
1.303271009e-09
1.308495986e-09
1.320076081e-09
1.338523179e-09
1.363752708e-09
1.442223919e-09
1.452061925e-09
1.473959384e-09
1.507204372e-09
1.551170144e-09
1.613883241e-09
1.627084682e-09
1.656118941e-09
1.700801026e-09
1.760165756e-09
1.644747906e-09
1.66136846e-09
1.69791723e-09
1.753068411e-09
1.827112902e-09
1.49615941e-09
1.513422786e-09
1.551104063e-09
1.607974088e-09
1.684139952e-09
1.137679553e-09
1.152514223e-09
1.184312811e-09
1.231225803e-09
1.292398293e-09
6.732042466e-10
6.843686255e-10
7.08310548e-10
7.439839426e-10
7.910876036e-10
2.463879795e-10
2.548650445e-10
2.732044e-10
3.010493105e-10
3.387236653e-10
5.935489604e-11
6.809074463e-11
7.70867495e-11
8.955560394e-11
1.054929076e-10
0
0
0
0
0
0
0
0
0
0
0
0
0
0
0
0
0
0
0
0
0
0
0
0
0
0
0
0
0
0
4.393912253e-15
0
0
4.463658682e-14
0
9.920731858e-12
8.246429774e-12
5.251193105e-12
2.585100634e-12
5.814966597e-13
1.371922255e-10
1.347516564e-10
1.304255657e-10
1.218421617e-10
1.105430681e-10
2.74500534e-10
2.697212208e-10
2.596390491e-10
2.449461526e-10
2.261896537e-10
3.873663986e-10
3.811227561e-10
3.678606806e-10
3.484690222e-10
3.235667602e-10
4.685545157e-10
4.607343084e-10
4.440795046e-10
4.19703542e-10
3.883635042e-10
5.449029762e-10
5.356682351e-10
5.159983092e-10
4.871874679e-10
4.500695723e-10
6.890616645e-10
6.780873289e-10
6.54775857e-10
6.20773094e-10
5.773262784e-10
9.934813968e-10
9.793695734e-10
9.493510503e-10
9.054016654e-10
8.489009879e-10
1.534718278e-09
1.515259149e-09
1.47372898e-09
1.412529054e-09
1.333109577e-09
2.304567464e-09
2.278426489e-09
2.222526527e-09
2.139999397e-09
2.033073806e-09
3.188438151e-09
3.161182736e-09
3.103175031e-09
3.017773428e-09
2.906630039e-09
4.141327637e-09
4.115601678e-09
4.061227995e-09
3.981855058e-09
3.879687666e-09
5.000539432e-09
4.975100932e-09
4.921392869e-09
4.842867615e-09
4.738865522e-09
5.690836176e-09
5.667991627e-09
5.619539643e-09
5.548423293e-09
5.456213953e-09
7.060454395e-09
7.035301017e-09
6.98195181e-09
6.903366375e-09
6.800737793e-09
9.13103472e-09
9.095940093e-09
9.021162387e-09
8.910218665e-09
8.764031058e-09
1.113745221e-08
1.108693274e-08
1.097987302e-08
1.082328689e-08
1.062046797e-08
1.237888207e-08
1.233429337e-08
1.223963431e-08
1.209979073e-08
1.191562283e-08
1.32966279e-08
1.326795268e-08
1.320916426e-08
1.312627126e-08
1.302442726e-08
1.467378236e-08
1.466214695e-08
1.464007702e-08
1.461140541e-08
1.458041735e-08
2.760945517e-05
3.162463905e-05
2.658416764e-05
2.165033917e-05
1.927804068e-05
1.847992851e-05
1.851774972e-05
1.799397716e-05
1.768824285e-05
1.699112122e-05
1.736059648e-05
1.772947402e-05
1.790643485e-05
1.845424229e-05
1.915200584e-05
1.965088028e-05
2.085679746e-05
2.350705783e-05
2.866260955e-05
2.997421934e-05
2.367937952e-05
1.502559521e-05
7.832406603e-06
3.442808824e-06
1.377452789e-06
5.205041282e-07
2.056005319e-07
8.320768986e-08
3.461896925e-08
1.489037529e-08
6.584582718e-09
3.213743795e-09
1.840691392e-09
1.388272582e-09
1.383948757e-09
1.585237982e-09
1.807423769e-09
1.887366809e-09
1.744072451e-09
1.34307568e-09
8.312040496e-10
3.712806901e-10
1.203090109e-10
9.786390905e-13
0
0
0
0
0
0
4.834170235e-14
1.012803536e-10
2.109005907e-10
3.032408517e-10
3.629513434e-10
4.203685394e-10
5.421790816e-10
8.027120623e-10
1.267357404e-09
1.944991086e-09
2.813697672e-09
3.794209456e-09
4.641340238e-09
5.378488412e-09
6.712812158e-09
8.637991782e-09
1.045041839e-08
1.175942736e-08
1.293946179e-08
1.455277194e-08
7.097433007e-05
6.767102026e-06
2.512741835e-07
7.074904917e-08
8.486069585e-09
9.656129821e-05
0.0006667019464
3.832058198e-05
1.148699633e-06
1.173612563e-07
7.715529823e-05
0.0003343712003
3.374726315e-05
1.853274246e-06
3.851076558e-07
5.88836667e-05
0.0002352354949
0.0002707680856
2.066466027e-05
1.375023218e-06
5.148068087e-05
0.0002328704323
0.0009310536299
9.153297709e-05
6.453674689e-06
4.794913079e-05
0.0002195859944
0.0009195463199
0.0001176086417
1.084149701e-05
4.634174961e-05
0.0002036280867
0.000735076579
0.0001110358145
1.270764287e-05
4.242341542e-05
0.0001659523378
0.0005313918658
0.0001405819207
1.865016416e-05
4.002699012e-05
0.0001472800905
0.0004804574819
0.0006560326149
9.088678764e-05
3.648841981e-05
0.0001305328342
0.0004256235738
0.0008649116973
0.000142774424
3.637791901e-05
0.0001235337272
0.0003944052705
0.0009106206102
0.0001656605867
3.600125054e-05
0.0001178807859
0.0003692693702
0.0008586263842
0.0001773602846
3.521660636e-05
0.000111847899
0.0003325465267
0.0007937277632
0.000385686597
3.539096247e-05
0.0001075160365
0.000307264254
0.0007531242664
0.0006925272995
3.540074866e-05
0.0001022525886
0.0002870815841
0.00070081632
0.0007904839611
3.552939194e-05
9.819831949e-05
0.0002718070357
0.0006509006688
0.0008392460632
3.65378667e-05
9.623271195e-05
0.0002593769043
0.0006101213908
0.0008471172514
4.072199665e-05
0.0001057809461
0.0002725466235
0.0006221436346
0.0008183214838
4.902513156e-05
0.0001255931087
0.0003158780403
0.0006821228756
0.0007296808614
4.830719492e-05
0.0001099715349
0.0002446677553
0.0004861177898
0.0006064337658
3.382406126e-05
5.936606437e-05
9.825595228e-05
0.0001449308865
0.0001634272652
1.902223781e-05
2.607446719e-05
3.258703745e-05
3.568460162e-05
3.177690859e-05
8.96882103e-06
1.01276058e-05
1.017554894e-05
8.908401169e-06
6.650866547e-06
3.646524007e-06
3.615344888e-06
3.207312107e-06
2.527947761e-06
1.765408134e-06
1.389170146e-06
1.283607923e-06
1.078041264e-06
8.227124374e-07
5.725041268e-07
5.07587886e-07
4.522736523e-07
3.71844583e-07
2.832387335e-07
2.011494703e-07
1.975674027e-07
1.737761537e-07
1.421554393e-07
1.09932875e-07
8.054664943e-08
7.960237851e-08
6.996061216e-08
5.808968784e-08
4.539564708e-08
3.447415065e-08
3.302998601e-08
2.953943926e-08
2.508266067e-08
1.984542338e-08
1.495436006e-08
1.421637887e-08
1.233907283e-08
1.075721889e-08
8.985855993e-09
7.129179614e-09
6.345721779e-09
5.717437967e-09
4.945768446e-09
4.282550148e-09
3.600742012e-09
3.129429636e-09
2.896754269e-09
2.597104525e-09
2.314815813e-09
2.057595879e-09
1.815383573e-09
1.746061739e-09
1.67153705e-09
1.594331952e-09
1.531411732e-09
1.391891192e-09
1.398710358e-09
1.412767659e-09
1.451060068e-09
1.516256602e-09
1.409159282e-09
1.470835131e-09
1.555954577e-09
1.668540061e-09
1.817943291e-09
1.628778123e-09
1.729946906e-09
1.870731389e-09
2.047001514e-09
2.259604739e-09
1.872459715e-09
2.011948323e-09
2.192820816e-09
2.418973274e-09
2.68846162e-09
1.976120406e-09
2.149123859e-09
2.362977205e-09
2.586582577e-09
2.815212869e-09
1.836282544e-09
2.003045748e-09
2.187116391e-09
2.379586272e-09
2.57597156e-09
1.426139286e-09
1.567178639e-09
1.71786181e-09
1.875324603e-09
2.044686324e-09
8.999742898e-10
1.018870481e-09
1.148811579e-09
1.299561617e-09
1.440415609e-09
4.289352535e-10
5.391091322e-10
6.353213976e-10
7.278387825e-10
8.178571512e-10
1.464699534e-10
1.911624259e-10
2.366491768e-10
2.82320212e-10
3.285510744e-10
3.395935201e-12
1.047616263e-11
1.986003375e-11
3.262743383e-11
4.784028073e-11
0
0
0
0
0
0
0
0
0
0
0
0
0
0
0
0
0
0
0
0
0
0
0
0
0
0
0
0
0
0
1.889104568e-13
2.245052156e-13
0
0
0
8.527787251e-11
6.170072522e-11
4.0741847e-11
2.320482314e-11
9.846435292e-12
1.85208397e-10
1.449787432e-10
1.065862209e-10
7.14728547e-11
4.118283615e-11
2.696161557e-10
2.148356924e-10
1.600526366e-10
1.083420127e-10
6.302724733e-11
3.2172508e-10
2.539960443e-10
1.878081544e-10
1.261512847e-10
7.165235005e-11
3.72334165e-10
2.93629537e-10
2.1797569e-10
1.490691359e-10
9.016274215e-11
4.844898606e-10
3.915925616e-10
3.006989293e-10
2.158931614e-10
1.411521632e-10
7.262266062e-10
6.013429396e-10
4.760568776e-10
3.545590026e-10
2.415288757e-10
1.157680452e-09
9.753182642e-10
7.875734441e-10
5.993036807e-10
4.183254439e-10
1.798678949e-09
1.558443561e-09
1.310538424e-09
1.069452346e-09
8.42628389e-10
2.656133475e-09
2.40293696e-09
2.147500207e-09
1.908166845e-09
1.686964608e-09
3.644767059e-09
3.405390239e-09
3.164750452e-09
2.92965008e-09
2.712681066e-09
4.475455654e-09
4.278403214e-09
3.986255469e-09
3.730709535e-09
3.504997732e-09
5.243387159e-09
5.025837856e-09
4.806451118e-09
4.592102492e-09
4.387212395e-09
6.556687266e-09
6.303872751e-09
6.045095035e-09
5.779845126e-09
5.509563985e-09
8.41540497e-09
8.046870049e-09
7.660058606e-09
7.254028311e-09
6.838740599e-09
1.016097548e-08
9.690845886e-09
9.199245171e-09
8.730579163e-09
8.306026169e-09
1.148787293e-08
1.106872639e-08
1.063906231e-08
1.028940214e-08
1.000790851e-08
1.276835522e-08
1.254753607e-08
1.237695936e-08
1.225147656e-08
1.217592827e-08
1.446719777e-08
1.437595651e-08
1.434683635e-08
1.437662305e-08
1.44055355e-08
6.24108671e-11
3.595999578e-09
4.546406221e-10
0
0
0
0
0
0
0
0
0
0
0
0
0
0
0
0
0
0
0
0
0
0
0
0
0
0
0
0
0
0
0
0
0
0
0
0
0
0
0
0
0
0
0
0
0
0
0
0
0
0
0
0
0
0
0
0
0
2.407403534e-09
2.126920576e-08
1.703008359e-09
1.272281872e-10
1.508333824e-12
0
0
0
0
0
0
0
0
0
0
0
0
0
0
0
0
0
0
0
0
0
0
0
0
0
0
0
0
0
0
0
0
0
0
0
0
0
0
0
0
0
0
0
0
0
0
0
0
0
0
0
0
0
0
0
1.359834294e-08
6.687576564e-10
1.222328895e-09
4.162022771e-10
2.765750512e-10
2.433890822e-10
2.329711951e-10
2.28451844e-10
2.25810686e-10
2.237385331e-10
2.21802854e-10
2.199115008e-10
2.181454894e-10
2.166760685e-10
2.157290617e-10
2.154779258e-10
2.141455184e-10
2.114042793e-10
2.092685545e-10
2.077290777e-10
2.06628718e-10
2.057953089e-10
2.051155892e-10
2.045330279e-10
2.040215396e-10
2.035640772e-10
2.031532769e-10
2.027824165e-10
2.024443222e-10
2.021382715e-10
2.01861036e-10
2.016089096e-10
2.01385553e-10
2.0118646e-10
2.010043841e-10
2.008434707e-10
2.007018552e-10
2.00566187e-10
2.004357162e-10
2.003116587e-10
2.002024913e-10
2.001023104e-10
2.000125102e-10
1.999357787e-10
1.998642253e-10
1.998002659e-10
1.997395647e-10
1.996902823e-10
1.996401998e-10
1.996024764e-10
1.995678064e-10
1.995441079e-10
1.99511312e-10
1.99492201e-10
1.994174953e-10
1.991804429e-10
1.984270324e-10
1.970357875e-10
1.980670257e-10
2.047923686e-10
9.50275394e-08
3.879220769e-09
1.99205464e-09
8.775980081e-10
6.60438121e-10
6.025764924e-10
5.806011057e-10
5.694660577e-10
5.626774406e-10
5.579411345e-10
5.542862717e-10
5.512417044e-10
5.486543277e-10
5.465599835e-10
5.4512854e-10
5.445450806e-10
5.425280648e-10
5.387019381e-10
5.356803748e-10
5.334699814e-10
5.318648992e-10
5.30635238e-10
5.296224339e-10
5.287477788e-10
5.279782408e-10
5.272897956e-10
5.266712763e-10
5.261155754e-10
5.256132264e-10
5.251612316e-10
5.247539365e-10
5.243859713e-10
5.240601766e-10
5.237719389e-10
5.235129959e-10
5.232881095e-10
5.230927727e-10
5.229088063e-10
5.227341465e-10
5.225720263e-10
5.224290356e-10
5.222983355e-10
5.221852072e-10
5.220913801e-10
5.220092345e-10
5.219400359e-10
5.21876419e-10
5.218265462e-10
5.217760288e-10
5.217463292e-10
5.217214572e-10
5.217147409e-10
5.216949563e-10
5.217056222e-10
5.216842767e-10
5.217070618e-10
5.219811284e-10
5.242925142e-10
5.342126367e-10
5.484751378e-10
5.107794662e-07
3.087387586e-08
0
1.791080593e-09
1.052916085e-09
8.973681159e-10
8.553869458e-10
8.381062145e-10
8.287123709e-10
8.227444994e-10
8.186060035e-10
8.155802604e-10
8.133553014e-10
8.118019032e-10
8.109131301e-10
8.106847629e-10
8.089639498e-10
8.054985873e-10
8.026911233e-10
8.006126309e-10
7.991072919e-10
7.979623435e-10
7.970230747e-10
7.962127928e-10
7.954985905e-10
7.948609441e-10
7.942894901e-10
7.937771102e-10
7.933166741e-10
7.929043206e-10
7.925339303e-10
7.922011041e-10
7.919066228e-10
7.916471986e-10
7.914161505e-10
7.912162804e-10
7.910428059e-10
7.908823493e-10
7.907321401e-10
7.905962421e-10
7.904773634e-10
7.903687584e-10
7.902759835e-10
7.901998068e-10
7.901356121e-10
7.900844251e-10
7.900410136e-10
7.900072723e-10
7.899750478e-10
7.899624537e-10
7.899560114e-10
7.899671938e-10
7.899697941e-10
7.900071565e-10
7.900602738e-10
7.903403213e-10
7.914201218e-10
7.956354125e-10
8.073056181e-10
8.203329052e-10
1.020353886e-06
1.663049109e-07
1.367545253e-08
5.142529258e-09
1.588003463e-09
1.098279488e-09
1.016456325e-09
9.922382792e-10
9.815266612e-10
9.756296669e-10
9.719789418e-10
9.695915129e-10
9.680528992e-10
9.671817632e-10
9.668918501e-10
9.670730445e-10
9.659237399e-10
9.633091154e-10
9.611392559e-10
9.595258748e-10
9.583765522e-10
9.575245212e-10
9.568370785e-10
9.562478345e-10
9.557267622e-10
9.552618437e-10
9.548469381e-10
9.544760426e-10
9.541437738e-10
9.538475606e-10
9.535819668e-10
9.533438302e-10
9.531326723e-10
9.52946293e-10
9.527798903e-10
9.52634594e-10
9.525071803e-10
9.523912694e-10
9.522850058e-10
9.52190666e-10
9.521089111e-10
9.520345203e-10
9.519707981e-10
9.519169948e-10
9.518705487e-10
9.518335739e-10
9.518047596e-10
9.517832394e-10
9.517636988e-10
9.517552001e-10
9.517508454e-10
9.517595014e-10
9.51765202e-10
9.517991073e-10
9.51870507e-10
9.521753443e-10
9.532337005e-10
9.567044488e-10
9.646594275e-10
9.724882612e-10
1.086810308e-06
4.529656322e-07
8.323122753e-08
6.991368048e-09
3.00822101e-09
1.381273132e-09
1.126039658e-09
1.072536053e-09
1.055174033e-09
1.047747285e-09
1.044054592e-09
1.042049234e-09
1.040949348e-09
1.040444169e-09
1.040391826e-09
1.040661521e-09
1.039789479e-09
1.037723481e-09
1.035995862e-09
1.034724862e-09
1.033851122e-09
1.033235924e-09
1.032760277e-09
1.032359816e-09
1.032007479e-09
1.031694227e-09
1.031415104e-09
1.031165789e-09
1.030943004e-09
1.030743875e-09
1.030565032e-09
1.030404536e-09
1.030260989e-09
1.030132895e-09
1.030017584e-09
1.029914803e-09
1.029822918e-09
1.029739336e-09
1.029663067e-09
1.0295948e-09
1.029534373e-09
1.02947912e-09
1.029430334e-09
1.029387169e-09
1.029348204e-09
1.029314546e-09
1.029286047e-09
1.029262952e-09
1.029242382e-09
1.029227007e-09
1.029213852e-09
1.029208318e-09
1.02920229e-09
1.029213568e-09
1.029253425e-09
1.029439142e-09
1.03007087e-09
1.031962828e-09
1.035813846e-09
1.039333799e-09
1.475923121e-06
6.148671618e-07
3.119570347e-07
4.028850227e-08
9.622143506e-09
3.101457722e-09
1.367884376e-09
1.139891924e-09
1.093274414e-09
1.079046116e-09
1.073574612e-09
1.071210331e-09
1.070163638e-09
1.069783795e-09
1.069802378e-09
1.070041944e-09
1.0692238e-09
1.067355967e-09
1.065770813e-09
1.064593369e-09
1.063794183e-09
1.063256713e-09
1.062864912e-09
1.062548425e-09
1.062276758e-09
1.06203846e-09
1.061827904e-09
1.061640653e-09
1.061473575e-09
1.06132396e-09
1.061189287e-09
1.06106784e-09
1.060958065e-09
1.06085879e-09
1.060768426e-09
1.060686287e-09
1.06061138e-09
1.060542491e-09
1.060479035e-09
1.06042092e-09
1.060367796e-09
1.060318483e-09
1.060273213e-09
1.060231601e-09
1.060193089e-09
1.060157841e-09
1.060125445e-09
1.060096295e-09
1.06006943e-09
1.060045473e-09
1.060023153e-09
1.06000462e-09
1.059985796e-09
1.059974004e-09
1.059971159e-09
1.060025737e-09
1.060256449e-09
1.060964008e-09
1.062339439e-09
1.063578707e-09
8.065143197e-06
9.121037818e-07
7.85237777e-07
1.938435682e-07
1.972742266e-08
1.348390365e-08
2.113534496e-09
1.242298463e-09
1.127072693e-09
1.097547238e-09
1.087075469e-09
1.082860816e-09
1.081133606e-09
1.080513779e-09
1.080430886e-09
1.080579989e-09
1.079723688e-09
1.077879489e-09
1.07628765e-09
1.075074965e-09
1.074229968e-09
1.073657561e-09
1.073248934e-09
1.072929893e-09
1.072664214e-09
1.072436408e-09
1.072238418e-09
1.072064599e-09
1.071910699e-09
1.071773318e-09
1.07164993e-09
1.071538537e-09
1.071437432e-09
1.071345426e-09
1.071261173e-09
1.071183876e-09
1.071112637e-09
1.071046675e-09
1.070985407e-09
1.070928477e-09
1.070875489e-09
1.070825825e-09
1.070779337e-09
1.07073573e-09
1.070694727e-09
1.070656239e-09
1.070619979e-09
1.07058596e-09
1.070553837e-09
1.070523705e-09
1.070494925e-09
1.070467835e-09
1.070439986e-09
1.07041138e-09
1.070376423e-09
1.070342147e-09
1.070334433e-09
1.070441746e-09
1.070735638e-09
1.071067514e-09
1.591035081e-05
1.403166043e-06
1.25764709e-06
5.789574238e-07
8.833084805e-08
7.890911287e-09
3.550619337e-09
1.52851867e-09
1.199411902e-09
1.124024676e-09
1.099681991e-09
1.090298833e-09
1.08645406e-09
1.084930899e-09
1.084444195e-09
1.08438576e-09
1.083426908e-09
1.081533299e-09
1.079886621e-09
1.078604482e-09
1.077680537e-09
1.077033912e-09
1.076565344e-09
1.076201315e-09
1.075902616e-09
1.075650823e-09
1.075435539e-09
1.075249276e-09
1.075086194e-09
1.07494179e-09
1.074812849e-09
1.074696853e-09
1.074591854e-09
1.074496322e-09
1.074408927e-09
1.074328649e-09
1.074254585e-09
1.074185956e-09
1.074122125e-09
1.074062589e-09
1.074006889e-09
1.073954572e-09
1.073905337e-09
1.073858882e-09
1.073814961e-09
1.073773398e-09
1.073733996e-09
1.073696621e-09
1.073661038e-09
1.073627146e-09
1.073594481e-09
1.07356246e-09
1.073528794e-09
1.073489441e-09
1.073434417e-09
1.073352198e-09
1.073235987e-09
1.073109051e-09
1.073031417e-09
1.073081426e-09
2.165983261e-05
2.026268511e-06
1.184338793e-06
1.425849125e-06
3.078192634e-07
3.048004787e-08
1.339045575e-08
2.288637107e-09
1.295481224e-09
1.147845811e-09
1.108790266e-09
1.094998086e-09
1.089483012e-09
1.087214411e-09
1.086348528e-09
1.086072751e-09
1.084993363e-09
1.083026026e-09
1.081314795e-09
1.079964074e-09
1.078964308e-09
1.07824146e-09
1.077704091e-09
1.077281757e-09
1.076935042e-09
1.076644662e-09
1.076399092e-09
1.07618924e-09
1.076007604e-09
1.075848343e-09
1.07570717e-09
1.075580903e-09
1.075467148e-09
1.075364029e-09
1.075270034e-09
1.075183931e-09
1.075104695e-09
1.075031452e-09
1.074963471e-09
1.074900143e-09
1.074840935e-09
1.0747854e-09
1.074733164e-09
1.0746839e-09
1.074637339e-09
1.074593233e-09
1.074551396e-09
1.07451164e-09
1.074473718e-09
1.074437404e-09
1.074402205e-09
1.074367001e-09
1.074329101e-09
1.074282355e-09
1.074214555e-09
1.074108623e-09
1.073950797e-09
1.073751015e-09
1.07357286e-09
1.073564525e-09
2.421184335e-05
2.586757573e-06
9.197826253e-07
2.797575342e-06
8.42506751e-07
9.798770251e-08
8.531161982e-09
3.520138383e-09
1.504118285e-09
1.188500736e-09
1.121863764e-09
1.101146277e-09
1.093019261e-09
1.08948693e-09
1.087938627e-09
1.087278146e-09
1.085991988e-09
1.083911682e-09
1.082126422e-09
1.080713243e-09
1.079648816e-09
1.078858843e-09
1.078256805e-09
1.077775433e-09
1.077376588e-09
1.077041813e-09
1.07675995e-09
1.076521272e-09
1.076316897e-09
1.076139504e-09
1.075983558e-09
1.075845007e-09
1.075720861e-09
1.075608848e-09
1.07550718e-09
1.075414407e-09
1.075329335e-09
1.075250955e-09
1.075178427e-09
1.075111039e-09
1.075048191e-09
1.074989388e-09
1.074934208e-09
1.074882282e-09
1.074833302e-09
1.074786964e-09
1.074743061e-09
1.074701367e-09
1.074661612e-09
1.074623458e-09
1.074586268e-09
1.074548489e-09
1.074506799e-09
1.074453878e-09
1.074376795e-09
1.07425819e-09
1.074085507e-09
1.073869435e-09
1.073675193e-09
1.07367841e-09
5.593624738e-05
6.560219041e-06
1.097468459e-06
3.698232007e-06
1.913652247e-06
2.624549093e-07
2.094643846e-08
7.122554679e-09
1.934295158e-09
1.278731776e-09
1.149842838e-09
1.11303752e-09
1.098983035e-09
1.09276223e-09
1.089869947e-09
1.088509731e-09
1.086866366e-09
1.084615501e-09
1.082745712e-09
1.081279036e-09
1.080165533e-09
1.079323003e-09
1.078666681e-09
1.078132033e-09
1.077682795e-09
1.07730235e-09
1.076981284e-09
1.076710556e-09
1.076480698e-09
1.076283126e-09
1.076110989e-09
1.075959183e-09
1.075823973e-09
1.075702582e-09
1.075592875e-09
1.075493153e-09
1.075402034e-09
1.075318365e-09
1.075241188e-09
1.075169697e-09
1.075103219e-09
1.075041194e-09
1.074983148e-09
1.074928661e-09
1.074877374e-09
1.074828946e-09
1.074783142e-09
1.0747397e-09
1.074698316e-09
1.074658512e-09
1.074619439e-09
1.074579164e-09
1.07453368e-09
1.074474912e-09
1.074390088e-09
1.074263304e-09
1.074085191e-09
1.073869757e-09
1.073682259e-09
1.07372241e-09
0.0001096444698
1.452710956e-05
1.854921803e-06
3.323253037e-06
3.871063056e-06
6.210925428e-07
5.437066235e-08
1.491728925e-08
2.700929522e-09
1.365540698e-09
1.164847425e-09
1.118095078e-09
1.101760358e-09
1.094587541e-09
1.091128343e-09
1.089393229e-09
1.087514213e-09
1.085144351e-09
1.083222394e-09
1.081730229e-09
1.080593116e-09
1.079719971e-09
1.079026359e-09
1.078450599e-09
1.077958641e-09
1.077536184e-09
1.077176485e-09
1.076872525e-09
1.076615459e-09
1.076396149e-09
1.076206681e-09
1.076040878e-09
1.075894158e-09
1.07576313e-09
1.075645235e-09
1.075538473e-09
1.075441249e-09
1.07535226e-09
1.075270431e-09
1.075194858e-09
1.075124794e-09
1.075059601e-09
1.074998741e-09
1.074941743e-09
1.074888204e-09
1.074837764e-09
1.074790144e-09
1.07474504e-09
1.07470209e-09
1.074660645e-09
1.074619604e-09
1.074576672e-09
1.074527218e-09
1.074462697e-09
1.074370898e-09
1.074237912e-09
1.074057791e-09
1.073847646e-09
1.073672846e-09
1.07376209e-09
0.0001393394918
2.102841268e-05
2.862620233e-06
2.82521104e-06
6.706812196e-06
1.134841248e-06
1.075979415e-07
1.701404981e-08
3.887678539e-09
1.550912752e-09
1.200098225e-09
1.129680262e-09
1.107169423e-09
1.097511279e-09
1.092796627e-09
1.090360038e-09
1.088084804e-09
1.085535115e-09
1.083554224e-09
1.082053555e-09
1.080918241e-09
1.080039896e-09
1.079331361e-09
1.078732715e-09
1.078211928e-09
1.077756993e-09
1.077364101e-09
1.077029153e-09
1.076745196e-09
1.076503646e-09
1.076296189e-09
1.076115863e-09
1.075957292e-09
1.075816441e-09
1.075690274e-09
1.075576454e-09
1.075473148e-09
1.075378886e-09
1.075292465e-09
1.075212881e-09
1.0751393e-09
1.075071003e-09
1.075007387e-09
1.074947935e-09
1.074892209e-09
1.074839826e-09
1.074790448e-09
1.074743709e-09
1.074699173e-09
1.074655999e-09
1.074612806e-09
1.074566937e-09
1.074513272e-09
1.07444308e-09
1.074344869e-09
1.074206833e-09
1.074026255e-09
1.0738226e-09
1.073661502e-09
1.073799538e-09
0.0001621304444
2.64445844e-05
3.961064273e-06
2.849193866e-06
9.417863417e-06
1.511287044e-06
1.519235225e-07
2.135369079e-08
6.284332051e-09
2.187357782e-09
1.335160644e-09
1.166739208e-09
1.12092623e-09
1.103625713e-09
1.095717008e-09
1.091748811e-09
1.088697159e-09
1.085818458e-09
1.083736126e-09
1.082230307e-09
1.081115742e-09
1.080256763e-09
1.079557686e-09
1.078957821e-09
1.078426484e-09
1.077953534e-09
1.077537762e-09
1.077178187e-09
1.07687063e-09
1.076608206e-09
1.076383154e-09
1.076188326e-09
1.07601784e-09
1.075867128e-09
1.075732703e-09
1.075611886e-09
1.075502595e-09
1.075403174e-09
1.075312276e-09
1.075228793e-09
1.075151795e-09
1.075080486e-09
1.075014205e-09
1.07495239e-09
1.074894565e-09
1.07484031e-09
1.074789221e-09
1.074740864e-09
1.074694698e-09
1.074649687e-09
1.074604161e-09
1.074555106e-09
1.074497051e-09
1.074421299e-09
1.074317211e-09
1.074175071e-09
1.073995057e-09
1.07379821e-09
1.073650141e-09
1.073830801e-09
0.0001767747505
3.092327828e-05
5.252573732e-06
4.338427156e-06
9.036413922e-06
1.285946069e-06
1.371838374e-07
1.879704711e-08
8.013798567e-09
2.666598716e-09
1.454129185e-09
1.188947934e-09
1.126132875e-09
1.105556242e-09
1.096678665e-09
1.092207741e-09
1.088811567e-09
1.085800754e-09
1.083703882e-09
1.082234883e-09
1.081170929e-09
1.080356838e-09
1.079690403e-09
1.079110589e-09
1.078587971e-09
1.078113731e-09
1.077688409e-09
1.077313633e-09
1.076988358e-09
1.076708307e-09
1.076467266e-09
1.076258662e-09
1.076076589e-09
1.075916192e-09
1.075773645e-09
1.075645966e-09
1.075530829e-09
1.075426386e-09
1.075331145e-09
1.075243882e-09
1.075163574e-09
1.075089357e-09
1.075020513e-09
1.074956432e-09
1.074896591e-09
1.074840523e-09
1.074787762e-09
1.074737795e-09
1.074689945e-09
1.074642964e-09
1.074594902e-09
1.074542411e-09
1.074479771e-09
1.074398475e-09
1.07428888e-09
1.07414331e-09
1.073964471e-09
1.073774357e-09
1.073637971e-09
1.07385303e-09
0.0001760942349
3.206677736e-05
8.192384385e-06
2.760850047e-05
5.803632862e-06
6.906781242e-07
8.539525602e-08
1.277484086e-08
9.197906523e-09
4.233042423e-09
2.009548563e-09
1.319989583e-09
1.1593035e-09
1.116499895e-09
1.101123673e-09
1.094093256e-09
1.089456535e-09
1.08592616e-09
1.083651648e-09
1.082158094e-09
1.081128991e-09
1.080364996e-09
1.079746081e-09
1.079205721e-09
1.078712957e-09
1.078257804e-09
1.077839378e-09
1.077458931e-09
1.077120871e-09
1.076825546e-09
1.076569427e-09
1.076347148e-09
1.076153179e-09
1.075982638e-09
1.075831495e-09
1.075696525e-09
1.07557517e-09
1.075465387e-09
1.075365532e-09
1.075274257e-09
1.075190445e-09
1.075113162e-09
1.075041625e-09
1.074975163e-09
1.0749132e-09
1.074855206e-09
1.074800654e-09
1.074748922e-09
1.074699149e-09
1.074649821e-09
1.074598681e-09
1.074541992e-09
1.074473735e-09
1.074385545e-09
1.074268772e-09
1.074117749e-09
1.073937755e-09
1.073752021e-09
1.073625068e-09
1.073868495e-09
0.0001446290718
2.698597265e-05
7.170952781e-06
1.409484656e-05
2.010639725e-06
2.510762597e-07
3.837339894e-08
8.842971541e-09
3.772114833e-09
8.495936698e-09
3.87694411e-09
1.964812279e-09
1.33580615e-09
1.168245574e-09
1.119840271e-09
1.101855489e-09
1.092634478e-09
1.087126151e-09
1.084020926e-09
1.082223571e-09
1.081127647e-09
1.080397092e-09
1.079851916e-09
1.079401594e-09
1.079004613e-09
1.078643994e-09
1.078297312e-09
1.077907369e-09
1.077541477e-09
1.077218846e-09
1.076939485e-09
1.07669744e-09
1.076486347e-09
1.076300919e-09
1.076136893e-09
1.075990809e-09
1.075859856e-09
1.075741758e-09
1.07563467e-09
1.075537081e-09
1.075447744e-09
1.075365612e-09
1.075289804e-09
1.075219561e-09
1.075154221e-09
1.075093156e-09
1.075035715e-09
1.07498107e-09
1.074927995e-09
1.074874388e-09
1.074817334e-09
1.074752016e-09
1.074670952e-09
1.074564386e-09
1.074422664e-09
1.074240112e-09
1.074023659e-09
1.073800683e-09
1.073644475e-09
1.073894855e-09
0.0001373473594
0.0001022590795
3.33544107e-05
4.89354767e-06
6.415219691e-07
9.809630511e-08
1.950034178e-08
5.120421231e-09
2.540128982e-09
7.764441364e-09
7.604265499e-09
4.112227078e-09
2.103345885e-09
1.383906127e-09
1.183697933e-09
1.124618103e-09
1.101749107e-09
1.090893477e-09
1.085550587e-09
1.082875026e-09
1.081533988e-09
1.08086061e-09
1.080528983e-09
1.080388445e-09
1.080372986e-09
1.080596728e-09
1.08028127e-09
1.079456886e-09
1.078900263e-09
1.078501875e-09
1.078196126e-09
1.077946314e-09
1.077732992e-09
1.077546557e-09
1.077381818e-09
1.077235238e-09
1.07710401e-09
1.076985835e-09
1.076878824e-09
1.076781432e-09
1.076692377e-09
1.076610577e-09
1.076535128e-09
1.076465244e-09
1.076400241e-09
1.076339463e-09
1.07628222e-09
1.076227624e-09
1.076174353e-09
1.076120327e-09
1.076062705e-09
1.07599698e-09
1.075916514e-09
1.075813167e-09
1.075679643e-09
1.07551287e-09
1.075320941e-09
1.075128432e-09
1.075001743e-09
1.075282571e-09
9.926504641e-05
3.590533937e-05
7.432674943e-06
1.239524512e-06
2.135341249e-07
4.524405145e-08
1.163660423e-08
3.093677611e-09
9.99269606e-10
3.444992054e-09
9.387534025e-09
8.291302095e-09
4.728105662e-09
2.280643109e-09
1.41121372e-09
1.185798747e-09
1.121747246e-09
1.098663786e-09
1.088944198e-09
1.084659241e-09
1.08289959e-09
1.082393761e-09
1.082568011e-09
1.08227964e-09
1.081480192e-09
1.080813675e-09
1.079897608e-09
1.079111679e-09
1.078528042e-09
1.078105954e-09
1.07778877e-09
1.077533349e-09
1.077315754e-09
1.077125229e-09
1.076956721e-09
1.076806886e-09
1.076672955e-09
1.076552576e-09
1.076443771e-09
1.076344924e-09
1.07625469e-09
1.076171925e-09
1.076095678e-09
1.076025111e-09
1.07595949e-09
1.075898097e-09
1.075840172e-09
1.0757847e-09
1.075730191e-09
1.07567439e-09
1.075614458e-09
1.075545803e-09
1.075462131e-09
1.075355998e-09
1.075221552e-09
1.075057091e-09
1.074872068e-09
1.074689677e-09
1.07457502e-09
1.074876948e-09
1.947456152e-05
6.646773598e-06
1.640368338e-06
3.672492457e-07
8.920005906e-08
2.466971256e-08
7.227587841e-09
2.322733399e-09
5.391415238e-10
1.241799716e-09
4.701109659e-09
1.078344226e-08
9.073979947e-09
4.931889424e-09
2.179538869e-09
1.351303181e-09
1.161523705e-09
1.111203464e-09
1.094156907e-09
1.087342047e-09
1.08459945e-09
1.083659845e-09
1.08345589e-09
1.082451524e-09
1.081043323e-09
1.079982071e-09
1.079096242e-09
1.078396027e-09
1.07787135e-09
1.077479826e-09
1.077173477e-09
1.076917827e-09
1.076695269e-09
1.076498544e-09
1.07632407e-09
1.07616892e-09
1.076030339e-09
1.075905891e-09
1.075793502e-09
1.075691464e-09
1.07559837e-09
1.075513029e-09
1.075434443e-09
1.07536173e-09
1.075294094e-09
1.075230751e-09
1.075170845e-09
1.075113215e-09
1.075056169e-09
1.074997283e-09
1.074933747e-09
1.074860872e-09
1.074772697e-09
1.074662631e-09
1.074526229e-09
1.07436331e-09
1.07418437e-09
1.074011888e-09
1.073908593e-09
1.074230626e-09
3.857858306e-06
1.49299523e-06
4.73353679e-07
1.441814169e-07
4.603277013e-08
1.630970737e-08
6.008578657e-09
2.179874368e-09
1.008849802e-09
8.556378739e-10
2.268780594e-09
6.162481635e-09
1.231530224e-08
9.939378389e-09
5.330424353e-09
2.226817718e-09
1.348060448e-09
1.157976803e-09
1.109763281e-09
1.093974028e-09
1.087888623e-09
1.085449596e-09
1.08436374e-09
1.08259473e-09
1.080742486e-09
1.07947132e-09
1.078579567e-09
1.077945636e-09
1.077483809e-09
1.077127752e-09
1.076832714e-09
1.076575263e-09
1.076346263e-09
1.076142508e-09
1.075961724e-09
1.075801192e-09
1.075658027e-09
1.075529604e-09
1.075413701e-09
1.075308496e-09
1.075212507e-09
1.0751245e-09
1.075043436e-09
1.074968402e-09
1.074898552e-09
1.074833035e-09
1.074770897e-09
1.074710848e-09
1.074651047e-09
1.074589043e-09
1.074522098e-09
1.074445687e-09
1.07435443e-09
1.074242999e-09
1.07410844e-09
1.073952227e-09
1.07378503e-09
1.073628128e-09
1.073539898e-09
1.073883634e-09
1.01699724e-06
4.555451063e-07
1.804410069e-07
6.842229932e-08
2.581595314e-08
9.444336776e-09
4.212703003e-09
1.863426634e-09
9.93171239e-10
1.466938457e-09
2.500559272e-09
4.348380084e-09
8.691896992e-09
1.480927456e-08
1.162063895e-08
6.169286061e-09
2.394730581e-09
1.370592438e-09
1.161196378e-09
1.1096905e-09
1.093379237e-09
1.087316862e-09
1.084872817e-09
1.082704377e-09
1.080677735e-09
1.07934563e-09
1.07846486e-09
1.077867247e-09
1.077434887e-09
1.077090477e-09
1.076792877e-09
1.076526325e-09
1.076287126e-09
1.076074394e-09
1.075886368e-09
1.075720181e-09
1.075572602e-09
1.075440654e-09
1.07532183e-09
1.075214118e-09
1.075115907e-09
1.075025886e-09
1.074942958e-09
1.074866172e-09
1.074794624e-09
1.074727381e-09
1.074663387e-09
1.074601214e-09
1.074538902e-09
1.074474028e-09
1.074403884e-09
1.074324181e-09
1.074230122e-09
1.074117467e-09
1.073984399e-09
1.073833725e-09
1.073676035e-09
1.073531445e-09
1.073455514e-09
1.073821515e-09
3.417481517e-07
1.715108819e-07
7.693406424e-08
3.404809356e-08
1.480546706e-08
6.933643591e-09
3.419677541e-09
1.767281089e-09
1.327294607e-09
1.626942303e-09
2.67776656e-09
4.528115044e-09
6.57978763e-09
1.073558486e-08
1.592918448e-08
1.134885919e-08
5.78285099e-09
2.255651764e-09
1.333224696e-09
1.149406153e-09
1.104935434e-09
1.091182783e-09
1.08618405e-09
1.083147609e-09
1.080862151e-09
1.079467858e-09
1.078582614e-09
1.077989839e-09
1.077556044e-09
1.07720183e-09
1.076889297e-09
1.076606643e-09
1.076352767e-09
1.076127877e-09
1.075930384e-09
1.075757128e-09
1.075604387e-09
1.075468655e-09
1.075346985e-09
1.075237037e-09
1.075136984e-09
1.075045377e-09
1.074961028e-09
1.074882915e-09
1.074810056e-09
1.074741419e-09
1.074675826e-09
1.074611702e-09
1.074546969e-09
1.074479225e-09
1.074405756e-09
1.074322454e-09
1.07422498e-09
1.074109904e-09
1.073976313e-09
1.073827962e-09
1.073675444e-09
1.073537968e-09
1.073470148e-09
1.073856121e-09
1.265154677e-07
7.033302594e-08
3.68163923e-08
1.916142063e-08
9.294880397e-09
4.63865752e-09
2.527872342e-09
1.53244382e-09
1.383177036e-09
1.817581854e-09
2.643314724e-09
3.881782657e-09
5.823970749e-09
9.055754085e-09
1.528413435e-08
1.690905513e-08
1.060696916e-08
4.813320017e-09
1.908653759e-09
1.255198155e-09
1.129365867e-09
1.09849728e-09
1.088745789e-09
1.08408504e-09
1.081262124e-09
1.079705341e-09
1.078775891e-09
1.078166871e-09
1.077718355e-09
1.07734635e-09
1.077014106e-09
1.076711766e-09
1.076439826e-09
1.076199535e-09
1.075989763e-09
1.075807261e-09
1.075647842e-09
1.075507389e-09
1.075382362e-09
1.075269952e-09
1.075168004e-09
1.075074851e-09
1.07498916e-09
1.0749098e-09
1.074835685e-09
1.074765674e-09
1.074698461e-09
1.074632321e-09
1.074565075e-09
1.074494347e-09
1.07441741e-09
1.074330325e-09
1.074229226e-09
1.074111432e-09
1.073976777e-09
1.073829632e-09
1.073680585e-09
1.073547883e-09
1.073485501e-09
1.073885355e-09
5.332643045e-08
3.205437944e-08
1.840672742e-08
9.633246767e-09
5.61673938e-09
2.866478356e-09
1.8484989e-09
1.352189747e-09
1.441031882e-09
2.055179356e-09
3.070384751e-09
4.432021089e-09
6.142510017e-09
8.538800591e-09
1.231119555e-08
2.069623857e-08
2.079464324e-08
1.179746342e-08
4.671501241e-09
1.791680711e-09
1.226053199e-09
1.121011263e-09
1.095349384e-09
1.086223119e-09
1.082012225e-09
1.080025133e-09
1.078975022e-09
1.078334052e-09
1.077871437e-09
1.077484881e-09
1.077135122e-09
1.076813521e-09
1.076522401e-09
1.076264658e-09
1.076040251e-09
1.075846318e-09
1.075678468e-09
1.075532028e-09
1.075402804e-09
1.075287408e-09
1.075183248e-09
1.075088354e-09
1.075001182e-09
1.074920444e-09
1.074844926e-09
1.074773378e-09
1.074704354e-09
1.074635997e-09
1.074566058e-09
1.074492228e-09
1.074411784e-09
1.074321005e-09
1.074216486e-09
1.074096212e-09
1.073960734e-09
1.073814922e-09
1.073669295e-09
1.073541195e-09
1.07348354e-09
1.073892525e-09
2.456645732e-08
1.585321554e-08
9.454613082e-09
5.838655387e-09
3.387362172e-09
2.045771282e-09
1.516234403e-09
1.377713056e-09
1.641469174e-09
2.29540318e-09
3.213204579e-09
4.534841882e-09
6.128121272e-09
8.516807757e-09
1.077574984e-08
1.470227699e-08
2.319331669e-08
2.240819005e-08
1.172511532e-08
4.151155097e-09
1.63081823e-09
1.189933813e-09
1.110496476e-09
1.090235338e-09
1.083190412e-09
1.080405023e-09
1.079146344e-09
1.078464355e-09
1.077997119e-09
1.077606316e-09
1.07724629e-09
1.076909584e-09
1.076601027e-09
1.076325862e-09
1.076085805e-09
1.075878984e-09
1.075701239e-09
1.075547578e-09
1.075413228e-09
1.075294193e-09
1.075187372e-09
1.075090417e-09
1.07500152e-09
1.074919189e-09
1.074842065e-09
1.074768771e-09
1.07469772e-09
1.074626938e-09
1.074554133e-09
1.074477104e-09
1.074393154e-09
1.074298808e-09
1.074191101e-09
1.074068619e-09
1.073932656e-09
1.073788589e-09
1.073646788e-09
1.073523727e-09
1.073470382e-09
1.073884521e-09
1.09467588e-08
7.262821809e-09
4.880982831e-09
3.12866794e-09
1.985909364e-09
1.541766305e-09
1.372974867e-09
1.451880972e-09
1.787091477e-09
2.296206245e-09
3.345566652e-09
4.452617371e-09
5.887691954e-09
7.619264192e-09
1.032066457e-08
1.330466318e-08
1.947175087e-08
2.214196161e-08
1.527144275e-08
7.998159023e-09
2.907942607e-09
1.407201298e-09
1.148224989e-09
1.098381577e-09
1.085286147e-09
1.080976951e-09
1.079320541e-09
1.078557255e-09
1.078087135e-09
1.077702403e-09
1.077341638e-09
1.076996808e-09
1.076675357e-09
1.076385279e-09
1.076130523e-09
1.075910722e-09
1.07572244e-09
1.075560743e-09
1.075420506e-09
1.075297215e-09
1.075187266e-09
1.075087902e-09
1.074997002e-09
1.074912843e-09
1.074833904e-09
1.07475867e-09
1.074685409e-09
1.074612045e-09
1.074536272e-09
1.074456018e-09
1.074368647e-09
1.074271003e-09
1.07416064e-09
1.074036706e-09
1.073901019e-09
1.073759333e-09
1.073621676e-09
1.073503677e-09
1.073454249e-09
1.073874386e-09
5.406028286e-09
3.905578688e-09
2.785769376e-09
1.897106317e-09
1.548779925e-09
1.417782124e-09
1.470882068e-09
1.696701982e-09
2.064253064e-09
2.510486745e-09
3.450399802e-09
4.331194006e-09
5.508170583e-09
6.902124586e-09
8.518966783e-09
1.041359654e-08
1.399695903e-08
2.279206261e-08
2.347918568e-08
1.507208981e-08
7.137183168e-09
2.458662619e-09
1.315558974e-09
1.128051659e-09
1.091868216e-09
1.082653272e-09
1.079752347e-09
1.078677588e-09
1.078150548e-09
1.077767569e-09
1.077413247e-09
1.077068401e-09
1.076740637e-09
1.076440335e-09
1.076173807e-09
1.07594251e-09
1.07574415e-09
1.075574279e-09
1.075427753e-09
1.075299745e-09
1.075186245e-09
1.075084112e-09
1.074990908e-09
1.07490467e-09
1.074823697e-09
1.074746326e-09
1.074670691e-09
1.074594632e-09
1.074515854e-09
1.074432435e-09
1.074341834e-09
1.074241257e-09
1.074128781e-09
1.074004075e-09
1.073869321e-09
1.073730513e-09
1.073597135e-09
1.073484071e-09
1.073439266e-09
1.073872883e-09
2.922742704e-09
2.278929004e-09
1.776840127e-09
1.512828599e-09
1.449520573e-09
1.525251794e-09
1.724617061e-09
2.059853428e-09
2.485598569e-09
3.024242599e-09
3.659084967e-09
4.429210169e-09
5.215319556e-09
6.262597935e-09
7.525688775e-09
9.674238032e-09
1.160780554e-08
1.552490813e-08
2.506064939e-08
2.500273257e-08
1.484589011e-08
6.253334362e-09
2.079585913e-09
1.239504994e-09
1.111312771e-09
1.086867793e-09
1.080757844e-09
1.078903108e-09
1.078201554e-09
1.077798149e-09
1.077453509e-09
1.077116845e-09
1.076790527e-09
1.076486168e-09
1.076212316e-09
1.075972397e-09
1.075765556e-09
1.075588202e-09
1.075435517e-09
1.075302632e-09
1.075185301e-09
1.075080088e-09
1.074984282e-09
1.074895697e-09
1.074812448e-09
1.074732713e-09
1.074654506e-09
1.074575588e-09
1.074493738e-09
1.074407199e-09
1.074313532e-09
1.074210233e-09
1.074095755e-09
1.073970369e-09
1.073836708e-09
1.073700946e-09
1.073572121e-09
1.073464686e-09
1.073427634e-09
1.073887428e-09
1.796345114e-09
1.609437855e-09
1.465964047e-09
1.48608369e-09
1.593875484e-09
1.830399745e-09
2.141232838e-09
2.578671117e-09
3.092941524e-09
3.535920946e-09
4.044679475e-09
4.677329643e-09
5.231092636e-09
6.082436778e-09
7.210004689e-09
9.299392883e-09
1.162653729e-08
1.601436411e-08
2.527590738e-08
2.737549047e-08
1.949633987e-08
1.102323623e-08
4.296835525e-09
1.625130056e-09
1.165427405e-09
1.096269858e-09
1.082731818e-09
1.07931686e-09
1.078258396e-09
1.077794179e-09
1.077457237e-09
1.077136074e-09
1.076819327e-09
1.076517768e-09
1.076241899e-09
1.075997191e-09
1.075784409e-09
1.07560107e-09
1.07544298e-09
1.075305498e-09
1.075184345e-09
1.075075924e-09
1.074977328e-09
1.074886187e-09
1.074800447e-09
1.074718139e-09
1.074637156e-09
1.074555201e-09
1.074470193e-09
1.074380539e-09
1.074283887e-09
1.074178029e-09
1.074061837e-09
1.0739361e-09
1.073803828e-09
1.073671318e-09
1.073547283e-09
1.073445886e-09
1.073418112e-09
1.073907314e-09
1.49690855e-09
1.517385277e-09
1.600454632e-09
1.75449412e-09
1.978022466e-09
2.304704086e-09
2.70084234e-09
3.16693028e-09
3.698517087e-09
4.106798976e-09
4.57158526e-09
4.922165824e-09
5.390565241e-09
6.112749586e-09
7.151406095e-09
8.553167297e-09
1.090349527e-08
1.308435827e-08
1.726678546e-08
2.690531884e-08
2.720644488e-08
1.793704808e-08
9.141000504e-09
3.199181116e-09
1.394951376e-09
1.127855469e-09
1.088181214e-09
1.080373825e-09
1.078413405e-09
1.077772065e-09
1.077425048e-09
1.077123507e-09
1.076823748e-09
1.076531714e-09
1.07625922e-09
1.076013864e-09
1.075798153e-09
1.075610862e-09
1.075448622e-09
1.075307244e-09
1.075182612e-09
1.075071114e-09
1.07496974e-09
1.074875987e-09
1.074787662e-09
1.074702666e-09
1.074618792e-09
1.07453373e-09
1.074445598e-09
1.074352982e-09
1.074253687e-09
1.074145804e-09
1.074028607e-09
1.073903279e-09
1.073773113e-09
1.073644373e-09
1.073525195e-09
1.073429048e-09
1.073408877e-09
1.073921456e-09
1.620634615e-09
1.781970955e-09
1.997847333e-09
2.28140582e-09
2.613773828e-09
3.009014228e-09
3.437140604e-09
3.90318198e-09
4.386960981e-09
4.821191672e-09
5.155218465e-09
5.423016413e-09
5.92645091e-09
6.375532301e-09
7.244652933e-09
8.534080205e-09
1.09975242e-08
1.371124518e-08
1.844801107e-08
2.778651427e-08
3.16259297e-08
2.835468886e-08
1.663684344e-08
7.357975568e-09
2.373254382e-09
1.254145853e-09
1.105578899e-09
1.08332134e-09
1.078901952e-09
1.077780747e-09
1.077365402e-09
1.077079952e-09
1.076803375e-09
1.07652704e-09
1.076262911e-09
1.076020766e-09
1.075805059e-09
1.075615951e-09
1.075451019e-09
1.075306674e-09
1.075179114e-09
1.075064838e-09
1.074960826e-09
1.074864501e-09
1.074773576e-09
1.074685862e-09
1.074599097e-09
1.074511019e-09
1.074419953e-09
1.074324637e-09
1.074223063e-09
1.074113575e-09
1.07399583e-09
1.073871367e-09
1.073743621e-09
1.073618643e-09
1.07350403e-09
1.073412685e-09
1.073398932e-09
1.073929142e-09
2.02541229e-09
2.307815001e-09
2.67122454e-09
3.11803383e-09
3.4862443e-09
3.867504613e-09
4.317939684e-09
4.657347146e-09
5.038805028e-09
5.415895813e-09
5.681733128e-09
5.97642916e-09
6.337331824e-09
6.710531445e-09
7.541651851e-09
8.584839292e-09
1.014452534e-08
1.229865479e-08
1.433298401e-08
1.844200304e-08
2.857494158e-08
2.994160113e-08
2.105131108e-08
1.213621189e-08
5.041597923e-09
1.779487791e-09
1.172248788e-09
1.09301339e-09
1.080541467e-09
1.077993079e-09
1.07731642e-09
1.077012814e-09
1.07676003e-09
1.076504911e-09
1.076253717e-09
1.076018246e-09
1.07580511e-09
1.075616067e-09
1.075449768e-09
1.075303327e-09
1.075173364e-09
1.075056588e-09
1.074950052e-09
1.074851176e-09
1.074757627e-09
1.074667166e-09
1.074577506e-09
1.074486471e-09
1.074392603e-09
1.074294701e-09
1.074190784e-09
1.07407954e-09
1.073961119e-09
1.073837365e-09
1.073711828e-09
1.073590394e-09
1.073480412e-09
1.073394528e-09
1.073387467e-09
1.073932108e-09
2.532830415e-09
2.894432525e-09
3.322024342e-09
3.832993269e-09
4.273473739e-09
4.667742107e-09
4.990597991e-09
5.20018299e-09
5.517072299e-09
5.742257839e-09
5.899479824e-09
6.137363174e-09
6.343437215e-09
6.619474763e-09
7.088853657e-09
7.765461062e-09
8.756176984e-09
1.071718375e-08
1.259442606e-08
1.636736915e-08
2.500121664e-08
3.031960904e-08
2.894164329e-08
1.885683886e-08
9.990623104e-09
3.742783623e-09
1.468903093e-09
1.127857347e-09
1.085466592e-09
1.078714536e-09
1.077331691e-09
1.076931778e-09
1.076695468e-09
1.07646656e-09
1.076233079e-09
1.076007363e-09
1.075798906e-09
1.075611429e-09
1.075444825e-09
1.075297e-09
1.075165073e-09
1.07504605e-09
1.074937125e-09
1.074835757e-09
1.074739598e-09
1.074646386e-09
1.074553846e-09
1.074459934e-09
1.074363371e-09
1.074262923e-09
1.074156765e-09
1.074043983e-09
1.073925088e-09
1.073802163e-09
1.073678898e-09
1.073561076e-09
1.073455878e-09
1.073375427e-09
1.073373761e-09
1.073926294e-09
2.985975068e-09
3.357386701e-09
3.824819751e-09
4.244367899e-09
4.613327127e-09
4.926336559e-09
5.150821614e-09
5.263187819e-09
5.494987058e-09
5.615542899e-09
5.688313817e-09
5.832261219e-09
5.938708516e-09
6.24478861e-09
6.423783165e-09
6.918051204e-09
7.646227676e-09
9.358801019e-09
1.099756818e-08
1.26125959e-08
1.650512266e-08
2.772189721e-08
3.067148774e-08
2.33660657e-08
1.482365523e-08
7.147887166e-09
2.516701125e-09
1.259439114e-09
1.100440288e-09
1.080710705e-09
1.077520903e-09
1.076854809e-09
1.076612089e-09
1.076412444e-09
1.076202083e-09
1.075989668e-09
1.075787808e-09
1.07560302e-09
1.075436863e-09
1.07528819e-09
1.075154683e-09
1.075033668e-09
1.074922502e-09
1.074818697e-09
1.074719912e-09
1.074623906e-09
1.074528508e-09
1.074431901e-09
1.074332979e-09
1.074230451e-09
1.074122696e-09
1.074009126e-09
1.073890543e-09
1.073769205e-09
1.073648838e-09
1.073534858e-09
1.07343383e-09
1.073357332e-09
1.07335832e-09
1.073910782e-09
3.074072887e-09
3.40094212e-09
3.813429169e-09
4.154749684e-09
4.439136519e-09
4.665969526e-09
4.807121349e-09
4.843817636e-09
5.007470499e-09
5.070235798e-09
5.099849344e-09
5.196920191e-09
5.271038728e-09
5.592442194e-09
5.802785355e-09
6.432891311e-09
7.194988301e-09
8.438885182e-09
9.742844105e-09
1.085770193e-08
1.349714633e-08
1.91239299e-08
2.891247465e-08
2.961385016e-08
2.057097903e-08
1.193921146e-08
5.156651168e-09
1.8165329e-09
1.161266579e-09
1.087586996e-09
1.078338891e-09
1.076850344e-09
1.076519371e-09
1.076343272e-09
1.076160926e-09
1.075965895e-09
1.075772917e-09
1.075591997e-09
1.075426898e-09
1.075277731e-09
1.075142849e-09
1.07501993e-09
1.074906505e-09
1.07480017e-09
1.074698656e-09
1.074599839e-09
1.074501721e-09
1.074402614e-09
1.074301445e-09
1.074196984e-09
1.07408792e-09
1.073973982e-09
1.073856184e-09
1.073736854e-09
1.073619551e-09
1.073509202e-09
1.073411888e-09
1.073338933e-09
1.073340978e-09
1.073887706e-09
2.808137639e-09
3.131313783e-09
3.428089055e-09
3.681688817e-09
3.904477744e-09
4.060893176e-09
4.173361049e-09
4.23257628e-09
4.280452908e-09
4.285381651e-09
4.301570263e-09
4.424094678e-09
4.585195933e-09
4.86946401e-09
5.075310076e-09
5.633489773e-09
6.201577516e-09
7.034157944e-09
8.644000872e-09
1.012175469e-08
1.161734412e-08
1.552902388e-08
2.807884026e-08
3.275835743e-08
2.827926586e-08
1.775993292e-08
9.153889899e-09
3.517467236e-09
1.42621287e-09
1.114611095e-09
1.08138584e-09
1.077129573e-09
1.076446853e-09
1.0762603e-09
1.076107832e-09
1.075934831e-09
1.075753453e-09
1.075577667e-09
1.07541422e-09
1.07526478e-09
1.075128546e-09
1.075003654e-09
1.074887888e-09
1.074779027e-09
1.074674952e-09
1.074573627e-09
1.07447298e-09
1.074371228e-09
1.074267474e-09
1.074160791e-09
1.074050196e-09
1.073935684e-09
1.073818435e-09
1.073700825e-09
1.07358627e-09
1.0734796e-09
1.073386931e-09
1.073318927e-09
1.073322834e-09
1.073865119e-09
2.279286744e-09
2.516697396e-09
2.730517921e-09
2.912016195e-09
3.082248751e-09
3.192503404e-09
3.280987604e-09
3.327791136e-09
3.364507107e-09
3.37367551e-09
3.426238479e-09
3.624200139e-09
3.908396037e-09
4.284988994e-09
4.693437619e-09
5.093478269e-09
5.610399988e-09
6.265539041e-09
7.866105248e-09
9.228671425e-09
1.025632731e-08
1.314148654e-08
1.802513976e-08
2.975003152e-08
3.124851648e-08
2.232118472e-08
1.355050749e-08
6.52787937e-09
2.40514669e-09
1.232246754e-09
1.092700757e-09
1.078318531e-09
1.076470673e-09
1.07616782e-09
1.076038337e-09
1.075893007e-09
1.075727337e-09
1.075558436e-09
1.075397245e-09
1.075247771e-09
1.075110301e-09
1.07498357e-09
1.074865724e-09
1.074754744e-09
1.074648561e-09
1.074545007e-09
1.0744419e-09
1.07433764e-09
1.074231618e-09
1.074123016e-09
1.074011037e-09
1.073895938e-09
1.073779091e-09
1.073663017e-09
1.073551185e-09
1.073448594e-09
1.073361391e-09
1.073298864e-09
1.073305083e-09
1.073845264e-09
1.595155417e-09
1.751353013e-09
1.891161688e-09
2.028533068e-09
2.155101423e-09
2.24360538e-09
2.331179762e-09
2.37893292e-09
2.437531098e-09
2.480795223e-09
2.591095371e-09
2.854973907e-09
3.226477497e-09
3.700537055e-09
4.221146989e-09
4.709669281e-09
5.427583638e-09
6.28608344e-09
7.712612099e-09
9.004991514e-09
1.039457762e-08
1.197952153e-08
1.611513416e-08
2.921767003e-08
3.457975588e-08
3.144768882e-08
1.991123574e-08
1.076138728e-08
4.555915509e-09
1.708881507e-09
1.139664675e-09
1.082672924e-09
1.076816157e-09
1.076084914e-09
1.075947508e-09
1.075835947e-09
1.075693081e-09
1.075534821e-09
1.075377372e-09
1.075228445e-09
1.075090084e-09
1.074961753e-09
1.074841973e-09
1.074728897e-09
1.074620475e-09
1.074514569e-09
1.074409177e-09
1.074302988e-09
1.074195534e-09
1.074085946e-09
1.073973542e-09
1.073858771e-09
1.073743088e-09
1.073629002e-09
1.073519879e-09
1.073420805e-09
1.073337929e-09
1.073279306e-09
1.073285865e-09
1.073818814e-09
9.152201239e-10
1.018520552e-09
1.111558197e-09
1.216564066e-09
1.294543171e-09
1.362424252e-09
1.443784532e-09
1.518901331e-09
1.626481768e-09
1.716322599e-09
1.8931904e-09
2.218688247e-09
2.664897205e-09
3.220365732e-09
3.820099719e-09
4.366026987e-09
5.17563609e-09
6.041599797e-09
7.265267454e-09
8.659446172e-09
9.989984435e-09
1.133133323e-08
1.539068664e-08
2.177897561e-08
3.164598855e-08
3.283829018e-08
2.379785186e-08
1.483468171e-08
7.626267404e-09
3.037378477e-09
1.344226376e-09
1.100876017e-09
1.078446832e-09
1.076122668e-09
1.075850941e-09
1.075769292e-09
1.075658313e-09
1.075516843e-09
1.075365742e-09
1.075218002e-09
1.075078614e-09
1.074948267e-09
1.074825869e-09
1.074709726e-09
1.074597929e-09
1.074488574e-09
1.074379986e-09
1.074271204e-09
1.074161864e-09
1.074051041e-09
1.073938179e-09
1.073823841e-09
1.073709439e-09
1.07359733e-09
1.073490879e-09
1.073395269e-09
1.073315934e-09
1.073260306e-09
1.073266205e-09
1.073789977e-09
3.830875019e-10
4.378591924e-10
5.103550265e-10
5.731290436e-10
6.09231032e-10
6.555314524e-10
7.117855153e-10
8.26143947e-10
9.926909379e-10
1.131739262e-09
1.376397948e-09
1.761412538e-09
2.281131125e-09
2.918918824e-09
3.606248968e-09
4.260269864e-09
5.080140467e-09
5.93630397e-09
6.842084249e-09
8.532699107e-09
9.892861237e-09
1.135409313e-08
1.307407383e-08
1.734200118e-08
3.053332373e-08
3.587480094e-08
3.267713363e-08
2.11368281e-08
1.185750288e-08
5.456408076e-09
2.097647707e-09
1.186880048e-09
1.085715866e-09
1.076817045e-09
1.075956741e-09
1.075874221e-09
1.075805945e-09
1.075688941e-09
1.075546015e-09
1.07539751e-09
1.075253029e-09
1.075115466e-09
1.074984629e-09
1.074859075e-09
1.074736979e-09
1.074616538e-09
1.074496168e-09
1.074375197e-09
1.074253288e-09
1.07412939e-09
1.074003179e-09
1.073875417e-09
1.073747721e-09
1.073622691e-09
1.073504391e-09
1.073399049e-09
1.073311219e-09
1.07325092e-09
1.073253602e-09
1.0737652e-09
6.495904472e-11
1.050681062e-10
1.423463313e-10
1.666255668e-10
1.98771062e-10
2.596218129e-10
3.125363046e-10
4.28421245e-10
5.952710696e-10
7.579338522e-10
1.048985548e-09
1.480897994e-09
2.066856709e-09
2.788649041e-09
3.612239691e-09
4.458162841e-09
5.270056737e-09
6.17706676e-09
7.133698678e-09
8.486582188e-09
9.487384269e-09
1.031070202e-08
1.083148133e-08
1.366733758e-08
2.60416232e-08
3.385977327e-08
3.428754291e-08
2.495850509e-08
1.580748173e-08
8.436453915e-09
3.639358496e-09
1.531916228e-09
1.117573843e-09
1.080250927e-09
1.077092844e-09
1.076819549e-09
1.076773489e-09
1.07668966e-09
1.076568526e-09
1.076433451e-09
1.076297992e-09
1.076167165e-09
1.076041794e-09
1.075921e-09
1.075803319e-09
1.075687234e-09
1.075571526e-09
1.075455817e-09
1.075339852e-09
1.07522298e-09
1.075105342e-09
1.074987941e-09
1.074872418e-09
1.074761236e-09
1.07465796e-09
1.074567348e-09
1.074492899e-09
1.074442466e-09
1.074444835e-09
1.07494132e-09
0
2.94200317e-12
6.593784427e-12
3.150774669e-12
3.020085096e-11
7.114615071e-11
1.046007609e-10
2.091585292e-10
3.512810695e-10
5.337411804e-10
8.646516002e-10
1.329831001e-09
1.968956091e-09
2.762726754e-09
3.676197264e-09
4.622327536e-09
5.511491373e-09
6.492996383e-09
7.508931259e-09
8.892748135e-09
9.978654355e-09
1.100184126e-08
1.204980448e-08
1.405300545e-08
1.884012169e-08
3.195732228e-08
3.6913278e-08
3.331486371e-08
2.164476006e-08
1.23463691e-08
5.961138102e-09
2.417154243e-09
1.24460606e-09
1.089339918e-09
1.077059362e-09
1.076071827e-09
1.076009217e-09
1.075964686e-09
1.075871208e-09
1.075751612e-09
1.075625087e-09
1.075499775e-09
1.075377827e-09
1.075259031e-09
1.075142425e-09
1.075026872e-09
1.07491142e-09
1.074795978e-09
1.07468039e-09
1.074564236e-09
1.07444804e-09
1.074333071e-09
1.074221126e-09
1.074114846e-09
1.07401766e-09
1.073932901e-09
1.073864666e-09
1.07382041e-09
1.073822209e-09
1.074307584e-09
0
0
0
0
0
6.850020695e-12
2.663903058e-11
1.280366016e-10
2.580898752e-10
4.572937151e-10
8.092012327e-10
1.301800773e-09
1.976536372e-09
2.816388256e-09
3.818344833e-09
4.860766243e-09
5.82769487e-09
6.883706211e-09
7.969389512e-09
9.25306815e-09
1.041527761e-08
1.120789741e-08
1.196685469e-08
1.280179146e-08
1.640574577e-08
2.949695921e-08
3.646117514e-08
3.568966913e-08
2.561308618e-08
1.62071368e-08
8.809010494e-09
4.016694302e-09
1.710727907e-09
1.137213188e-09
1.079878684e-09
1.07561659e-09
1.075322079e-09
1.075301503e-09
1.075241655e-09
1.075143909e-09
1.075031498e-09
1.074916137e-09
1.074801442e-09
1.074687921e-09
1.074575192e-09
1.074462592e-09
1.074349542e-09
1.074236292e-09
1.074122932e-09
1.074009282e-09
1.073895978e-09
1.073784393e-09
1.073676396e-09
1.073574845e-09
1.073483326e-09
1.073404429e-09
1.073342966e-09
1.073304531e-09
1.073304803e-09
1.073779356e-09
0
0
0
0
0
0
2.927460598e-11
1.220944008e-10
2.572650284e-10
4.94958077e-10
8.652271157e-10
1.383041338e-09
2.093283719e-09
2.988548261e-09
4.053494847e-09
5.159991227e-09
6.200276298e-09
7.350324236e-09
8.545539624e-09
9.685584878e-09
1.089245313e-08
1.165571736e-08
1.238636712e-08
1.311879544e-08
1.656154324e-08
2.102050489e-08
3.333334739e-08
3.679483252e-08
3.098374607e-08
2.058089382e-08
1.197719539e-08
5.994282718e-09
2.610390599e-09
1.316720502e-09
1.093332175e-09
1.076111958e-09
1.07495599e-09
1.074904095e-09
1.074876264e-09
1.074807081e-09
1.074717702e-09
1.07462205e-09
1.074524469e-09
1.07442561e-09
1.074325244e-09
1.074222954e-09
1.074118512e-09
1.074012472e-09
1.07390532e-09
1.073797245e-09
1.073688999e-09
1.073582171e-09
1.073479032e-09
1.073382932e-09
1.073297314e-09
1.073224617e-09
1.073169521e-09
1.073135554e-09
1.073134702e-09
1.073604395e-09
0
0
0
0
0
0
4.985595149e-11
1.413273773e-10
2.795130954e-10
5.732748399e-10
9.595924926e-10
1.508096862e-09
2.2567513e-09
3.203295049e-09
4.324703476e-09
5.49350533e-09
6.597875768e-09
7.841361383e-09
9.103686491e-09
1.023351653e-08
1.143797437e-08
1.222451971e-08
1.300123901e-08
1.395186153e-08
1.529540274e-08
1.910105851e-08
3.212622087e-08
3.811108678e-08
3.599231367e-08
2.528221104e-08
1.584973589e-08
8.655962464e-09
4.075170686e-09
1.804858838e-09
1.153792685e-09
1.079684893e-09
1.074869728e-09
1.074587275e-09
1.074565837e-09
1.074523417e-09
1.074463047e-09
1.074396241e-09
1.074325991e-09
1.074252264e-09
1.074174476e-09
1.074092071e-09
1.074004943e-09
1.073913727e-09
1.073819174e-09
1.073722037e-09
1.0736234e-09
1.073525343e-09
1.073430744e-09
1.073343243e-09
1.073265309e-09
1.073198822e-09
1.073148691e-09
1.073117755e-09
1.073115544e-09
1.073581799e-09
0
0
0
0
0
4.870192833e-12
6.846077377e-11
1.751162576e-10
3.373177318e-10
6.906702747e-10
1.046647358e-09
1.593755532e-09
2.35508297e-09
3.326112854e-09
4.470799635e-09
5.657470813e-09
6.771916977e-09
8.012847595e-09
9.254776605e-09
1.036824721e-08
1.161235934e-08
1.248764681e-08
1.309071125e-08
1.380028703e-08
1.465864239e-08
1.8280146e-08
2.252069618e-08
3.414472247e-08
3.617245799e-08
2.810865486e-08
1.924530551e-08
1.146217964e-08
5.894888275e-09
2.693746144e-09
1.372109764e-09
1.098052528e-09
1.075648158e-09
1.074333806e-09
1.074244525e-09
1.074205137e-09
1.074160174e-09
1.074113733e-09
1.074066277e-09
1.074016766e-09
1.073964057e-09
1.073907063e-09
1.073845117e-09
1.073778056e-09
1.073706116e-09
1.07363021e-09
1.073551452e-09
1.073472146e-09
1.073394924e-09
1.073322162e-09
1.073254479e-09
1.073194646e-09
1.073149209e-09
1.073120796e-09
1.073118149e-09
1.073587588e-09
0
0
0
0
0
3.860505376e-12
4.557375512e-11
1.297190934e-10
2.698488641e-10
5.373488811e-10
9.49231872e-10
1.523723252e-09
2.297545672e-09
3.272964197e-09
4.410035943e-09
5.577783983e-09
6.663616914e-09
7.868786419e-09
9.059870547e-09
1.018591286e-08
1.137703812e-08
1.226579878e-08
1.286938085e-08
1.354083248e-08
1.432464004e-08
1.703198027e-08
2.044683713e-08
3.340838049e-08
3.875632209e-08
3.588949e-08
2.501939319e-08
1.567869426e-08
8.623851378e-09
4.146449684e-09
1.903341566e-09
1.181291684e-09
1.080491614e-09
1.074333799e-09
1.07400477e-09
1.073957322e-09
1.073915381e-09
1.073873874e-09
1.073833524e-09
1.073793476e-09
1.073752915e-09
1.073711e-09
1.073667125e-09
1.073620721e-09
1.073571442e-09
1.07351966e-09
1.073465491e-09
1.073409935e-09
1.073353105e-09
1.07329489e-09
1.07323573e-09
1.073182091e-09
1.07314228e-09
1.0731169e-09
1.073115931e-09
1.073599519e-09
0
0
0
0
0
1.547533994e-13
1.564203499e-11
7.212310949e-11
2.121126886e-10
4.325023396e-10
8.223379252e-10
1.378316818e-09
2.128910799e-09
3.077599036e-09
4.176652157e-09
5.297870707e-09
6.327012039e-09
7.463527368e-09
8.606450527e-09
9.725054206e-09
1.081231884e-08
1.160207404e-08
1.20607842e-08
1.248375145e-08
1.294442181e-08
1.356818985e-08
1.646872438e-08
2.923655747e-08
3.66820007e-08
3.688455304e-08
2.793658779e-08
1.89312407e-08
1.129043656e-08
5.859585581e-09
2.740757889e-09
1.409212561e-09
1.101851068e-09
1.075192029e-09
1.073875303e-09
1.073790963e-09
1.07375351e-09
1.073717149e-09
1.073681935e-09
1.073647671e-09
1.073613896e-09
1.073580139e-09
1.073546086e-09
1.073511415e-09
1.07347586e-09
1.073439383e-09
1.073401026e-09
1.073360168e-09
1.073314725e-09
1.073264413e-09
1.073211462e-09
1.073164519e-09
1.07313163e-09
1.07311012e-09
1.073113143e-09
1.073622523e-09
5.752740849e-13
0
0
0
0
4.98722044e-14
4.449182285e-13
3.244141507e-11
1.57809265e-10
3.34070901e-10
6.860879027e-10
1.203336608e-09
1.918625983e-09
2.825881534e-09
3.87161708e-09
4.941988467e-09
5.92073594e-09
7.004416278e-09
8.100092262e-09
9.18057535e-09
1.025085311e-08
1.111561284e-08
1.172687869e-08
1.208785334e-08
1.252826213e-08
1.310734341e-08
1.657939189e-08
2.125535101e-08
3.424347131e-08
3.899995066e-08
3.541189049e-08
2.410020584e-08
1.478151689e-08
8.028404597e-09
3.889238621e-09
1.863060269e-09
1.185165464e-09
1.079867029e-09
1.073886324e-09
1.073648518e-09
1.073617769e-09
1.073591504e-09
1.073565305e-09
1.073539436e-09
1.073513929e-09
1.073488561e-09
1.073463011e-09
1.07343686e-09
1.073409774e-09
1.073381251e-09
1.073349919e-09
1.073314893e-09
1.073274444e-09
1.073230076e-09
1.073185089e-09
1.073147631e-09
1.073122703e-09
1.07310571e-09
1.073118491e-09
1.07367912e-09
1.484329594e-11
3.712552749e-13
0
0
4.290673908e-14
0
1.957853366e-13
9.215303307e-13
3.501201815e-11
2.165811028e-10
5.540429709e-10
1.04810662e-09
1.744232799e-09
2.625758654e-09
3.634579651e-09
4.668553877e-09
5.620877805e-09
6.658014555e-09
7.703102627e-09
8.658024018e-09
9.420727932e-09
1.072945504e-08
1.161634131e-08
1.220275188e-08
1.291330123e-08
1.386625166e-08
1.639918856e-08
1.99137305e-08
3.314714733e-08
3.956106657e-08
3.805706115e-08
2.772087657e-08
1.818019705e-08
1.060552395e-08
5.476955013e-09
2.620758112e-09
1.406930032e-09
1.103797866e-09
1.074663671e-09
1.073537126e-09
1.073486533e-09
1.073467518e-09
1.073450515e-09
1.07343356e-09
1.073416649e-09
1.073399635e-09
1.073382233e-09
1.073363727e-09
1.073343564e-09
1.073321076e-09
1.073295263e-09
1.073265871e-09
1.073232321e-09
1.07319682e-09
1.073162361e-09
1.073136268e-09
1.073119446e-09
1.073107886e-09
1.073140136e-09
1.073787128e-09
2.316444971e-11
0
0
0
2.117034297e-14
0
0
9.10062825e-13
1.623417076e-12
1.508348946e-10
4.627572847e-10
9.456645586e-10
1.643144475e-09
2.519399882e-09
3.515642353e-09
4.529343115e-09
5.488181839e-09
6.532066275e-09
7.598302948e-09
8.595059409e-09
9.485528338e-09
1.073004892e-08
1.163196182e-08
1.224354373e-08
1.299277664e-08
1.407789583e-08
1.574961631e-08
1.979729722e-08
2.60588455e-08
3.634469151e-08
3.887045241e-08
3.284097201e-08
2.223304122e-08
1.358097989e-08
7.414609332e-09
3.664959675e-09
1.828305092e-09
1.188416378e-09
1.079421267e-09
1.073532865e-09
1.073376779e-09
1.073361374e-09
1.073349312e-09
1.073337933e-09
1.07332656e-09
1.073315133e-09
1.073303596e-09
1.073291191e-09
1.073277057e-09
1.073260561e-09
1.073241174e-09
1.073218997e-09
1.073193907e-09
1.073168288e-09
1.073144999e-09
1.073129337e-09
1.07311909e-09
1.07311233e-09
1.073163941e-09
1.073890562e-09
2.680518122e-11
1.911856525e-13
0
0
0
0
4.257253538e-14
0
0
1.068338435e-10
3.862612251e-10
8.869227938e-10
1.604593271e-09
2.486474049e-09
3.477293464e-09
4.48037039e-09
5.445826322e-09
6.500059614e-09
7.593946881e-09
8.674753059e-09
9.75399009e-09
1.079624619e-08
1.161733317e-08
1.22229982e-08
1.27252557e-08
1.340285911e-08
1.422241555e-08
1.766409542e-08
2.163473977e-08
3.487383777e-08
4.047974711e-08
3.7906444e-08
2.700586056e-08
1.747435131e-08
1.013049822e-08
5.24051939e-09
2.548086291e-09
1.406339384e-09
1.105701461e-09
1.07431368e-09
1.073314487e-09
1.073285221e-09
1.073275415e-09
1.073266602e-09
1.073258126e-09
1.073249823e-09
1.073241647e-09
1.073233036e-09
1.073222994e-09
1.073211035e-09
1.073196945e-09
1.073181121e-09
1.073163918e-09
1.073147591e-09
1.073133987e-09
1.073125521e-09
1.073119374e-09
1.073115503e-09
1.073179416e-09
1.073954858e-09
3.894902227e-11
6.001161805e-12
0
0
0
0
8.415794935e-12
0
0
9.292174319e-11
3.443696313e-10
8.759246479e-10
1.607698858e-09
2.508499579e-09
3.501061377e-09
4.478855394e-09
5.444327968e-09
6.488897332e-09
7.56493852e-09
8.618735059e-09
9.655418457e-09
1.065176427e-08
1.141979308e-08
1.196729089e-08
1.2334948e-08
1.290103809e-08
1.374404235e-08
1.562237177e-08
1.849125767e-08
3.15711415e-08
3.895498673e-08
3.89594414e-08
2.993570007e-08
2.077551986e-08
1.287081315e-08
7.077141819e-09
3.526042188e-09
1.798167058e-09
1.190077068e-09
1.079744165e-09
1.073390418e-09
1.073241974e-09
1.073229421e-09
1.073220692e-09
1.073212845e-09
1.073205613e-09
1.073198745e-09
1.073191792e-09
1.073183972e-09
1.073175012e-09
1.073164984e-09
1.073154433e-09
1.0731438e-09
1.0731345e-09
1.073127143e-09
1.073122413e-09
1.073118277e-09
1.073115457e-09
1.073183461e-09
1.073976077e-09
7.280644019e-11
2.246574319e-11
0
0
0
0
0
0
0
9.214768029e-11
3.929559856e-10
9.736665883e-10
1.74201486e-09
2.653225783e-09
3.64065114e-09
4.637586915e-09
5.629136209e-09
6.673474232e-09
7.731573009e-09
8.753916299e-09
9.745433574e-09
1.070409494e-08
1.14287578e-08
1.193363844e-08
1.226111371e-08
1.282030715e-08
1.377351563e-08
1.530201862e-08
1.862712073e-08
2.336929298e-08
3.661387122e-08
4.144883565e-08
3.783384416e-08
2.644054666e-08
1.681407571e-08
9.59420277e-09
4.921754885e-09
2.420607081e-09
1.387998596e-09
1.107550261e-09
1.074342399e-09
1.073237876e-09
1.073207718e-09
1.073197655e-09
1.07318918e-09
1.073181697e-09
1.073174963e-09
1.073168529e-09
1.073161908e-09
1.073154934e-09
1.073147775e-09
1.073140821e-09
1.073134299e-09
1.073128798e-09
1.073124326e-09
1.073120992e-09
1.073117539e-09
1.073114721e-09
1.073182727e-09
1.073978111e-09
1.306577135e-10
4.06498031e-11
0
0
0
0
0
0
1.191954909e-12
1.557878182e-10
6.489000895e-10
1.357947897e-09
2.234481486e-09
3.227048112e-09
4.279016324e-09
5.266701907e-09
6.267110435e-09
7.289972012e-09
8.298990852e-09
9.244179267e-09
1.013838029e-08
1.102581418e-08
1.172855141e-08
1.223274055e-08
1.253688014e-08
1.298562499e-08
1.365670343e-08
1.450450269e-08
1.784135384e-08
2.184702439e-08
3.574747273e-08
4.229399751e-08
4.063115138e-08
3.004883218e-08
2.015792142e-08
1.215075348e-08
6.560043768e-09
3.267464741e-09
1.719025685e-09
1.184336364e-09
1.080566349e-09
1.073384029e-09
1.073205631e-09
1.073191592e-09
1.07318204e-09
1.073173875e-09
1.073166708e-09
1.073160159e-09
1.073153948e-09
1.073147922e-09
1.073142169e-09
1.073136858e-09
1.073132022e-09
1.073127843e-09
1.073124214e-09
1.073121112e-09
1.073117685e-09
1.073114225e-09
1.073179033e-09
1.073965963e-09
2.363900516e-10
8.826873435e-11
3.866399021e-12
0
9.897733349e-12
0
0
2.181485889e-11
1.918839686e-10
5.774231231e-10
1.335400145e-09
2.244865785e-09
3.275587436e-09
4.380247279e-09
5.509367891e-09
6.493898961e-09
7.504532143e-09
8.491390735e-09
9.423315398e-09
1.02339446e-08
1.089194366e-08
1.134835058e-08
1.229497212e-08
1.285531782e-08
1.313966308e-08
1.32971844e-08
1.363185985e-08
1.411921771e-08
1.592582859e-08
1.851498136e-08
3.155954303e-08
3.989924123e-08
4.144538167e-08
3.464500243e-08
2.386284347e-08
1.490488108e-08
8.396320487e-09
4.316791339e-09
2.192236319e-09
1.337921737e-09
1.104368584e-09
1.074374285e-09
1.073233267e-09
1.073199619e-09
1.073188887e-09
1.073179902e-09
1.073172159e-09
1.07316525e-09
1.073158943e-09
1.073153083e-09
1.073147663e-09
1.073142729e-09
1.073138221e-09
1.073134173e-09
1.073130507e-09
1.073127273e-09
1.073123763e-09
1.073119808e-09
1.073182123e-09
1.073961497e-09
6.134051317e-10
4.170606078e-10
2.690077692e-10
1.512454027e-10
1.196553166e-10
1.671682032e-10
2.984544486e-10
5.297401134e-10
8.96926278e-10
1.641617412e-09
2.612058986e-09
3.70360701e-09
4.868650286e-09
6.051750011e-09
7.204330682e-09
8.208792799e-09
9.200193656e-09
1.013106663e-08
1.097894935e-08
1.168979173e-08
1.225040852e-08
1.266940469e-08
1.337910435e-08
1.378288737e-08
1.395242147e-08
1.399010736e-08
1.433928238e-08
1.517322709e-08
1.673916891e-08
1.973582348e-08
2.439945471e-08
3.794352218e-08
4.327744069e-08
4.011157244e-08
2.864421214e-08
1.864845709e-08
1.096990893e-08
5.835036181e-09
2.930014117e-09
1.613999252e-09
1.170662369e-09
1.080703416e-09
1.073440562e-09
1.073225403e-09
1.073209283e-09
1.073199053e-09
1.073190383e-09
1.073182695e-09
1.073175743e-09
1.073169438e-09
1.073163615e-09
1.073158372e-09
1.073153751e-09
1.073149872e-09
1.073146574e-09
1.073143729e-09
1.073140375e-09
1.073135788e-09
1.073194099e-09
1.073959146e-09
1.464125847e-09
1.276073049e-09
1.045531654e-09
9.296609366e-10
9.2383259e-10
1.026001666e-09
1.239026974e-09
1.574806389e-09
2.152946863e-09
3.179163184e-09
4.28703913e-09
5.479350314e-09
6.707227382e-09
7.906673625e-09
8.976980003e-09
9.936480265e-09
1.08474207e-08
1.167148558e-08
1.239619549e-08
1.298035809e-08
1.343130273e-08
1.377919942e-08
1.425363018e-08
1.449209677e-08
1.45475022e-08
1.450448241e-08
1.478726494e-08
1.552402682e-08
1.67567559e-08
1.971250722e-08
2.365252419e-08
3.762312801e-08
4.419418844e-08
4.250262028e-08
3.187618484e-08
2.176149333e-08
1.343214497e-08
7.481413078e-09
3.844414888e-09
2.012918485e-09
1.298935497e-09
1.102796836e-09
1.074769056e-09
1.073309963e-09
1.073248897e-09
1.073235763e-09
1.07322607e-09
1.073217515e-09
1.073209957e-09
1.073203677e-09
1.073198332e-09
1.073193893e-09
1.073190025e-09
1.073186646e-09
1.073183444e-09
1.073180322e-09
1.073176147e-09
1.073170178e-09
1.07322529e-09
1.073980795e-09
2.416349927e-09
2.178111611e-09
2.017310207e-09
1.943670964e-09
1.961105693e-09
2.074174844e-09
2.312980294e-09
2.781710599e-09
3.65308625e-09
4.712874145e-09
5.868685032e-09
7.085897966e-09
8.318922944e-09
9.462096895e-09
1.038513191e-08
1.119027071e-08
1.195144865e-08
1.262883366e-08
1.320814195e-08
1.365978509e-08
1.402298928e-08
1.433247643e-08
1.456687142e-08
1.46484735e-08
1.459581376e-08
1.444278481e-08
1.454464601e-08
1.490667216e-08
1.531222002e-08
1.776478543e-08
2.082577415e-08
3.419740331e-08
4.233103413e-08
4.370390912e-08
3.730752733e-08
2.555976059e-08
1.611079942e-08
9.270079702e-09
4.908133971e-09
2.536903502e-09
1.496590609e-09
1.154813082e-09
1.081270585e-09
1.07368104e-09
1.073333689e-09
1.073303585e-09
1.073290278e-09
1.073280571e-09
1.073273154e-09
1.073267562e-09
1.073262742e-09
1.073258355e-09
1.073253855e-09
1.073249367e-09
1.073244783e-09
1.073240307e-09
1.073234752e-09
1.07322726e-09
1.07327955e-09
1.074029026e-09
3.284139736e-09
3.095242002e-09
2.964104215e-09
2.895242696e-09
2.895668224e-09
2.997389267e-09
3.298490601e-09
3.923465594e-09
4.921135081e-09
5.958259991e-09
7.046111916e-09
8.136848726e-09
9.178167321e-09
1.011378038e-08
1.093965594e-08
1.169026048e-08
1.235096903e-08
1.291140707e-08
1.337345244e-08
1.371830371e-08
1.399400445e-08
1.42384411e-08
1.44166081e-08
1.447954482e-08
1.445394023e-08
1.438191006e-08
1.458600153e-08
1.526546126e-08
1.652846355e-08
1.851383429e-08
2.176112736e-08
2.64821801e-08
3.989590511e-08
4.497164225e-08
4.157516801e-08
2.987269333e-08
1.966301066e-08
1.178261734e-08
6.440052469e-09
3.323517758e-09
1.820113146e-09
1.254616638e-09
1.100661824e-09
1.075520031e-09
1.073553449e-09
1.073429656e-09
1.07340649e-09
1.07339265e-09
1.073382664e-09
1.0733751e-09
1.073368446e-09
1.073362011e-09
1.073355313e-09
1.073348735e-09
1.073342194e-09
1.073336046e-09
1.07332918e-09
1.073320838e-09
1.073375411e-09
1.074136733e-09
4.173296507e-09
3.967501298e-09
3.7945033e-09
3.668439312e-09
3.620869342e-09
3.784645367e-09
4.232644645e-09
5.062384814e-09
5.94659307e-09
6.887926025e-09
7.836928081e-09
8.744130676e-09
9.590908423e-09
1.039199756e-08
1.11007273e-08
1.175354974e-08
1.231936884e-08
1.279146519e-08
1.317742859e-08
1.346584338e-08
1.371306038e-08
1.393357564e-08
1.411553878e-08
1.420731587e-08
1.423965193e-08
1.427075835e-08
1.445000675e-08
1.514400757e-08
1.644781608e-08
1.839129328e-08
2.145719853e-08
2.549101951e-08
3.948056536e-08
4.582489088e-08
4.380331751e-08
3.293405785e-08
2.263805948e-08
1.415683056e-08
8.051354277e-09
4.245822163e-09
2.249633564e-09
1.40768983e-09
1.140127426e-09
1.081526466e-09
1.074199867e-09
1.073642976e-09
1.073578281e-09
1.073554721e-09
1.073538828e-09
1.073527176e-09
1.073517378e-09
1.073508279e-09
1.073499264e-09
1.073490662e-09
1.073482339e-09
1.073474751e-09
1.073466916e-09
1.073457705e-09
1.073511512e-09
1.074273204e-09
5.206701755e-09
4.887031149e-09
4.602657264e-09
4.414377309e-09
4.419743877e-09
4.762887099e-09
5.411703271e-09
6.148813514e-09
6.945553661e-09
7.767279285e-09
8.565887869e-09
9.298718466e-09
9.939201129e-09
1.060882655e-08
1.119678177e-08
1.173353116e-08
1.220136277e-08
1.259606099e-08
1.292722521e-08
1.318573766e-08
1.342631762e-08
1.363658182e-08
1.38231684e-08
1.393241868e-08
1.399403435e-08
1.406469185e-08
1.422415845e-08
1.487190628e-08
1.603790581e-08
1.758959328e-08
2.012834306e-08
2.34778717e-08
3.710135393e-08
4.470972793e-08
4.527741656e-08
3.820863144e-08
2.628482903e-08
1.67219656e-08
9.76458829e-09
5.276577116e-09
2.774537373e-09
1.619813632e-09
1.20383276e-09
1.094536712e-09
1.075928134e-09
1.074019449e-09
1.07382491e-09
1.073782746e-09
1.07376016e-09
1.0737436e-09
1.073730347e-09
1.073718676e-09
1.073707617e-09
1.073697127e-09
1.073687044e-09
1.073677884e-09
1.073668844e-09
1.07365899e-09
1.073715191e-09
1.074487657e-09
6.396457283e-09
5.966110432e-09
5.699083902e-09
5.609307314e-09
5.821934679e-09
6.317975533e-09
6.887296883e-09
7.510937815e-09
8.15828933e-09
8.784592587e-09
9.353131666e-09
9.86058749e-09
1.028647207e-08
1.087936199e-08
1.138941101e-08
1.183727908e-08
1.221846192e-08
1.253483896e-08
1.280058985e-08
1.301388633e-08
1.323836599e-08
1.341107549e-08
1.358209481e-08
1.368632591e-08
1.375540956e-08
1.385310767e-08
1.406657888e-08
1.4813768e-08
1.612365067e-08
1.774050299e-08
2.054641803e-08
2.45483393e-08
3.115549776e-08
4.222651352e-08
4.624942686e-08
4.232457858e-08
3.040275824e-08
2.009097013e-08
1.214693272e-08
6.737374299e-09
3.537141672e-09
1.946017036e-09
1.311395136e-09
1.120452697e-09
1.080197922e-09
1.074756251e-09
1.074171951e-09
1.074081735e-09
1.074049819e-09
1.074028798e-09
1.074012543e-09
1.073998751e-09
1.073986375e-09
1.073974792e-09
1.07396365e-09
1.073953535e-09
1.073944006e-09
1.073933812e-09
1.073988559e-09
1.074757563e-09
7.88816157e-09
7.539740479e-09
7.426797979e-09
7.530476892e-09
7.877185209e-09
8.279495036e-09
8.727451146e-09
9.19817197e-09
9.653367962e-09
1.005249456e-08
1.036106215e-08
1.057742117e-08
1.102715512e-08
1.14335039e-08
1.181323529e-08
1.214367926e-08
1.241563204e-08
1.262820533e-08
1.279803776e-08
1.29242846e-08
1.307148176e-08
1.316747142e-08
1.32710413e-08
1.331569597e-08
1.332873007e-08
1.336789926e-08
1.351398885e-08
1.419303715e-08
1.554284316e-08
1.757808969e-08
1.954743528e-08
2.259702654e-08
2.662824536e-08
4.041429386e-08
4.64827993e-08
4.418894584e-08
3.311751087e-08
2.277613943e-08
1.429799119e-08
8.197084983e-09
4.375505497e-09
2.342693629e-09
1.459062172e-09
1.161412055e-09
1.088212418e-09
1.076107868e-09
1.074680504e-09
1.074488566e-09
1.074442315e-09
1.074417455e-09
1.074397987e-09
1.074381262e-09
1.074366529e-09
1.074353004e-09
1.074340215e-09
1.074328839e-09
1.074318717e-09
1.074308772e-09
1.074367043e-09
1.075149315e-09
9.786645166e-09
9.698754172e-09
9.768534417e-09
1.001472062e-08
1.026295281e-08
1.055115887e-08
1.085553318e-08
1.114046738e-08
1.136927555e-08
1.152222951e-08
1.162756053e-08
1.170559416e-08
1.202351828e-08
1.229897767e-08
1.253599654e-08
1.271771666e-08
1.283744488e-08
1.289788156e-08
1.29115704e-08
1.288391703e-08
1.287793188e-08
1.284277788e-08
1.282812117e-08
1.277367706e-08
1.269241182e-08
1.261574346e-08
1.259240523e-08
1.300904941e-08
1.398689404e-08
1.55435659e-08
1.733371478e-08
2.008029361e-08
2.381627704e-08
3.794215869e-08
4.524072329e-08
4.478225878e-08
3.56033386e-08
2.516295072e-08
1.616540039e-08
9.497944225e-09
5.17906756e-09
2.762833266e-09
1.63554364e-09
1.21758667e-09
1.101515696e-09
1.078674866e-09
1.075462705e-09
1.075017078e-09
1.074937592e-09
1.074908181e-09
1.07488676e-09
1.074867836e-09
1.074850765e-09
1.074835267e-09
1.074821171e-09
1.074809172e-09
1.074799312e-09
1.074789917e-09
1.074846355e-09
1.075620963e-09
1.216447603e-08
1.229266939e-08
1.240559409e-08
1.255527617e-08
1.272868278e-08
1.290135471e-08
1.30404265e-08
1.310941179e-08
1.308073057e-08
1.296071992e-08
1.282130124e-08
1.300449442e-08
1.320392392e-08
1.335642713e-08
1.345005446e-08
1.347737157e-08
1.343521508e-08
1.333121873e-08
1.316765997e-08
1.296776997e-08
1.280309785e-08
1.262544901e-08
1.248964959e-08
1.234090569e-08
1.218256658e-08
1.202838525e-08
1.190648573e-08
1.211394551e-08
1.279052543e-08
1.391771712e-08
1.530102426e-08
1.734125305e-08
2.022531094e-08
3.387395434e-08
4.270847966e-08
4.529393466e-08
4.042982703e-08
2.83587568e-08
1.836285827e-08
1.094848904e-08
6.055621958e-09
3.226912623e-09
1.839962117e-09
1.288214355e-09
1.119696419e-09
1.082388975e-09
1.076560707e-09
1.075721931e-09
1.07558394e-09
1.075546212e-09
1.075521706e-09
1.075499453e-09
1.075478102e-09
1.075457894e-09
1.075439807e-09
1.075425036e-09
1.075413751e-09
1.075403964e-09
1.07546163e-09
1.076241283e-09
1.444626966e-08
1.452350998e-08
1.462570778e-08
1.473711688e-08
1.483355427e-08
1.488210495e-08
1.48416777e-08
1.466964769e-08
1.434673468e-08
1.395459091e-08
1.396379828e-08
1.418387337e-08
1.431262545e-08
1.43695596e-08
1.434863549e-08
1.424817706e-08
1.407013713e-08
1.382870362e-08
1.351402708e-08
1.317245546e-08
1.2877296e-08
1.259964061e-08
1.238654466e-08
1.219292557e-08
1.202666996e-08
1.190930031e-08
1.190081058e-08
1.221782457e-08
1.314142168e-08
1.465269237e-08
1.6478596e-08
1.894266202e-08
2.262225419e-08
2.907552125e-08
4.065911619e-08
4.546306544e-08
4.230725128e-08
3.080463358e-08
2.060259088e-08
1.262999637e-08
7.135575007e-09
3.824222466e-09
2.119226253e-09
1.394507612e-09
1.151239285e-09
1.089819914e-09
1.078421002e-09
1.076636144e-09
1.076345512e-09
1.076291663e-09
1.076265232e-09
1.076241605e-09
1.076218288e-09
1.076195783e-09
1.076175713e-09
1.07616011e-09
1.076149346e-09
1.076140728e-09
1.076196932e-09
1.076967523e-09
)
;

boundaryField
{
    inletCH4
    {
        type            fixedValue;
        value           uniform 0;
    }
    wallOutside
    {
        type            zeroGradient;
    }
    wallTube
    {
        type            zeroGradient;
    }
    inletPilot
    {
        type            fixedValue;
        value           uniform 0;
    }
    inletAir
    {
        type            fixedValue;
        value           uniform 0;
    }
    outlet
    {
        type            zeroGradient;
    }
    axis
    {
        type            empty;
    }
    frontAndBack_pos
    {
        type            wedge;
    }
    frontAndBack_neg
    {
        type            wedge;
    }
}


// ************************************************************************* //
