/*--------------------------------*- C++ -*----------------------------------*\
  =========                 |
  \\      /  F ield         | OpenFOAM: The Open Source CFD Toolbox
   \\    /   O peration     | Website:  https://openfoam.org
    \\  /    A nd           | Version:  10
     \\/     M anipulation  |
\*---------------------------------------------------------------------------*/
FoamFile
{
    format      ascii;
    class       volScalarField;
    location    "0.02498436188";
    object      ddt0(rho);
}
// * * * * * * * * * * * * * * * * * * * * * * * * * * * * * * * * * * * * * //

dimensions      [1 -3 -1 0 0 0 0];

internalField   nonuniform List<scalar> 
5170
(
0.9925048621
-0.7220755642
-0.3971252996
0.3246450331
-0.5183299613
-0.1929206015
-0.2430841908
-0.1862064809
-0.2462936548
-0.2069565199
-0.2351940451
-0.1944551696
-0.2147935235
-0.2099703578
-0.2085509587
-0.2224429023
-0.1955934048
-0.2119655615
-0.2036177608
-0.2068103972
-0.2100482534
-0.2004777859
-0.2080404481
-0.2022972582
-0.2044580092
-0.1901701652
-0.1911885241
-0.1905398337
-0.1899478941
-0.1889981153
-0.2058636897
-0.1857251779
-0.2024216512
-0.1861940219
-0.1991303388
-0.1734146274
-0.1979198332
-0.1898216022
-0.1839173125
-0.1885284639
-0.1287476957
-0.135613864
-0.1626808127
-0.1325970125
-0.1350366136
-0.132290369
-0.1305475707
-0.1094623145
-0.1330396186
-0.1334215019
-0.1435827504
-0.1472933179
-0.1168035752
-0.145909868
-0.1525345792
-0.103579715
-0.1068155945
-0.1117381512
-0.1060271182
-0.1132908225
-0.06537046241
-0.08582907012
-0.09209841279
-0.07951182832
-0.07656399991
-0.05801177212
-0.06232086727
-0.07155656167
-0.05958223358
-0.06322487562
-0.05653116035
-0.05489874528
-0.0519891188
-0.05629362128
-0.05913349329
-0.0481274854
-0.05947973649
-0.04308398918
-0.0595554995
-0.05269649211
-0.05247368861
-0.0514441315
-0.04589475467
-0.04871666991
-0.04685608676
-0.03506412308
-0.04020783226
-0.04900543725
-0.03136459089
-0.04216245853
-0.03943954393
-0.05429974946
0.03957045736
-0.1362197818
0.01924758789
-0.04770049344
-0.1389422248
-0.05689587882
-0.02532431275
-0.117100637
0.1345445076
0.07559021345
0.01110721462
0.1541426722
-0.0944683493
-0.01536374284
0.126881538
0.05770618222
0.09172436639
-0.0510697366
-0.02540251301
-0.01202297427
0.06170436443
0.02400185593
0.07129674411
-0.04211734604
0.008883769952
-0.0001904874794
-0.0334460034
-0.01686524316
0.03775524513
-0.00874616641
0.02513036549
-0.02935171646
-6.865186551e-05
0.03804708315
0.03007965079
0.008680924972
-0.01539439728
-0.008175652591
-0.009428173539
-0.002263122651
0.001276818174
-0.02524244817
0.007711422909
-0.008946276665
-0.01386125748
-0.005144004271
0.0035229685
0.04143913048
0.0237090649
0.0221090303
0.0270968774
-0.01412657917
0.02937239591
0.05437267594
0.02768251635
0.03564464481
0.03636099946
0.04686595833
0.04651572009
0.02333123098
0.02491684399
0.06604292764
0.01760684911
0.02325569522
0.01669633651
0.0243445731
0.03350319852
0.001450845344
0.007760728042
0.03065872376
0.02296054208
0.01653888193
0.01387865627
0.06944847899
-0.05870461726
0.03541922265
0.1182103298
-0.04339017916
-0.1576907006
0.2902478695
-0.1906585687
0.09682576962
0.01716208589
0.01263868136
0.1622419382
-0.2988157571
0.02306984641
0.1441929899
-0.05642860832
0.2556599624
-0.190391953
-0.3472822183
0.3493407245
0.04469284546
0.0579632529
-0.04016396211
-0.07037810291
0.06156162263
-0.1139071845
-0.168391697
0.1075804641
0.4216546546
-0.2499984195
1.06616131
-1.106508715
-0.5410547916
1.206834125
-0.4633261464
-2.577698606
1.311977789
-0.437280964
-0.3808791509
3.499603245
3.322858334
-3.740134973
0.7409956052
0.9011461979
-3.209636501
-0.7574951355
0.9535436944
1.644873867
-0.8089119405
-0.9071203514
-4.37927801
1.60700376
-1.944369984
-1.837914092
-4.589315104
-0.2549565566
0.2095436673
-1.537814764
-2.690210189
-2.017286002
0.1341107498
0.7798507664
1.094442432
-0.8456024679
-1.629854804
1.168601543
-0.3986056078
2.867714278
-0.8694828896
1.152361653
3.351518137
0.2903371239
-0.5971429568
0.87165119
1.205518074
4.659885278
-1.911505762
-1.945521414
1.261625816
0.79072296
-1.905583345
-0.3018020601
0.7883180709
0.6282544967
0.6664450806
0.04738763306
1.381563996
1.563110825
0.945977621
0.8892591958
9.015617029
5.543224038
2.720834651
0.7383382258
0.6751133125
4.346737854
3.440708438
2.117383654
0.520589157
-0.4367510628
-2.404281427
-0.2079905424
0.3319860882
0.1588369346
-0.5177114005
-1.968674194
-2.150094628
-0.9601851494
-1.247615942
-1.67822264
-7.083328147
-3.939618537
-1.080827927
0.04748823063
0.3603223357
-1.765513559
-1.277557933
-0.989337135
-0.6202168365
-0.5475388788
1.321502658
0.8058194271
0.4696053162
0.5112549641
0.5859086278
-0.8480721426
0.1801521632
0.8247684172
0.9851392836
0.8775049186
-0.581977241
-0.2609594189
-1.643734712
-3.965807182
-6.925500637
-1.003889628
-3.122683403
-7.382492094
-13.30663221
-20.22572071
-13.76468513
-16.41497806
-21.00380051
-27.13023109
-33.7547036
-31.15878253
-32.39830548
-35.63039913
-39.95085547
-44.90611085
-44.75453518
-45.47941661
-47.46125323
-50.24744937
-54.070263
-53.69674462
-53.97371388
-55.12555822
-56.72814426
-57.95492142
-56.40556998
-56.66824063
-57.06266618
-57.94069707
-58.62879
-55.12807751
-55.05133519
-55.29499198
-55.62491226
-55.29366808
-50.26776928
-50.80255575
-50.46206752
-50.38568349
-50.28552702
-44.01138479
-44.31931481
-43.87106683
-43.63082935
-43.40743452
-37.09821851
-36.78562195
-36.5995664
-36.29792666
-35.59132393
-29.51131408
-29.67771953
-29.28062192
-29.07146211
-28.32406314
-23.0427525
-22.90367298
-22.80241361
-22.3746959
-22.49652451
-17.07984068
-17.36032082
-17.1955393
-16.80974733
-16.94560561
-12.68086094
-12.73239699
-12.47018117
-12.37448388
-12.56818331
-8.975439385
-8.985286568
-8.923834533
-8.836247309
-8.661474698
-6.073511239
-6.192899574
-6.204314205
-5.928365609
-6.16678313
-4.113457238
-4.035076258
-4.078789424
-4.003980091
-4.014819316
-2.647743934
-2.538429455
-2.632256381
-2.505263736
-2.729794174
-1.349750965
-1.701506359
-1.642278094
-1.502766724
-1.44060475
-1.107229263
-0.9203852771
-0.8774129612
-1.053082108
-0.8278533028
-0.6187945808
-0.534100308
-0.5645660807
-0.5843715011
-0.5621003037
-0.2862609824
-0.3448906777
-0.3690153862
-0.2914946512
-0.45678974
-0.3315676914
-0.1590201877
-0.2030442621
-0.1982055431
-0.3747303505
-0.1691696283
-0.1292511387
-0.1358376675
-0.1087108426
-0.3157721776
-0.1783438369
-0.06569064072
-0.08272110457
-0.1069550832
-0.1419698476
-0.06690710285
-0.08199870424
-0.07777382438
-0.06989204009
-0.01520613228
-0.1152546336
-0.05072045551
-0.05254564647
-0.05841575429
-0.05656727137
-0.09867286841
-0.0472536549
-0.03720576752
-0.0528325675
-0.117583589
-0.09278870796
-0.0336723111
-0.04358502336
-0.03554709408
-0.1677232868
-0.06198296475
-0.0394537742
-0.03411901292
-0.05946295207
-0.07440771911
-0.02764499542
-0.05742056676
-0.03929676406
-0.03986252502
-0.03312593151
-0.01825817154
-0.04442286369
-0.06017511515
-0.03935379277
0.0785508019
-0.1299286622
-0.02378740203
-0.00582945386
-0.0824162241
0.03950629486
-0.01387546885
-0.04881766314
-0.04036012718
-0.02785311237
-0.1308886694
-0.113424029
0.007419281369
-0.06276056833
-0.02112038671
-0.04308704461
-0.09408691243
-0.01318609555
-0.03161735909
-0.04343966587
-0.04164115083
-0.002832678101
-0.04258253651
-0.03250931014
-0.0583013308
0.1104822025
-0.01012843312
-0.03641635268
-0.03193866797
-0.04865857762
0.101490525
-0.01480940434
-0.02953083559
-0.03426869217
-0.03732385815
0.09162372953
-0.0307471304
-0.02085000581
-0.02374614249
-0.0398215565
0.07011900845
-0.02067509659
-0.01923619
-0.02063169046
-0.03806720486
0.05199447203
-0.0002353837568
-0.01440315987
-0.03042708366
-0.03366054116
0.05421981456
-0.007890716331
-0.01599725978
-0.02915865231
-0.03300466413
0.1195596586
-0.03196290603
-0.0128709273
-0.01315437072
-0.04431359055
0.09135649288
-0.004125040756
-0.03465644003
-0.006882411138
-0.02841219272
0.001831878676
-0.0353241891
-0.01190027093
-0.0184162459
-0.02439097848
-0.004003817668
-0.01881275566
-0.01914472036
-0.02303133964
-0.01644467773
-0.001027427861
-0.02869119205
-0.01292479056
-0.0219249729
-0.01856833864
-0.02049423871
-0.01864502189
-0.01507714984
-0.02349916089
-0.013376925
-0.02335483251
-0.02278972744
-0.0141984833
-0.01685950595
-0.01691173749
-0.02577605184
-11.98562478
9.269924692
9.204490417
4.735438911
-1.668918269
-0.03094375412
0.9691742346
1.157753559
0.4314907798
0.3528183518
0.5788192337
0.3103324913
1.310098919
-0.3475717502
-0.9454120821
-2.794412989
0.7245709088
0.5899263284
1.951864544
-9.796406965
-24.38066648
-38.37088695
-49.11835853
-55.49538714
-61.73075563
-59.77638324
-57.08405452
-49.62839715
-42.33174438
-36.03112877
-29.04960541
-20.48134098
-15.55717092
-10.80268881
-8.683356826
-5.415025872
-3.71743561
-1.823179311
-2.177894737
-1.205768598
-0.4775504837
0.087860252
0.4102637749
0.518137044
0.0930744536
-0.314982073
-0.1121028652
0.1794817926
0.385575792
0.0980333489
-0.09019118588
-0.5129976005
-0.2967139246
0.3004713209
-0.04726233744
0.004080565771
-0.5402086829
-0.5047084091
-0.4613934811
-0.3526739979
-0.277090401
-0.2722026223
-0.5305985847
-0.4015868839
-0.0855021741
-0.06929956028
-0.0959299637
-0.009927104138
-0.005602125389
0.01653727337
4.210119482
-3.67451003
2.06105907
-2.308465149
2.297698472
-0.7699381851
-2.228576851
2.433621196
-1.98068508
0.9268040739
0.8424960365
-0.1479457222
3.230700546
-6.19348302
1.899424606
0.01339064592
-0.4211761782
-0.5729615362
-0.07167767284
2.578222308
-0.885045915
0.01912374563
-0.8373056664
1.539108336
0.4663332902
-0.0710866585
-0.2198528864
-0.05738698899
0.5010237403
-0.113618054
0.6931043512
0.9968164673
0.2872075974
1.105715366
-1.507729851
1.582758676
1.023068483
0.3067562198
0.7397363724
-0.8961713244
0.6624660267
0.6922207252
-0.08315682462
0.5576657266
0.454116043
0.07576300905
-0.7889072281
0.1434690721
-1.021306478
0.5105132155
0.3033893497
-0.4283652846
0.0540590265
-0.304813369
-0.2902223657
0.624030744
0.3870771227
0.6624776052
0.3852009427
-0.283378675
0.5081226373
0.375424909
-0.570061061
0.9736231628
0.09926426499
-0.9007211468
-0.06001157956
-0.3533232743
-0.9100316871
0.2214887434
-0.9688319947
0.08422973256
-0.1786647986
-1.007771285
-0.2656771098
-1.340052221
-1.25140581
0.5463228031
-0.05749136216
-1.324089608
-0.09838156919
-0.1928150695
-0.6424599613
-0.5299205496
0.7402848584
0.7923045468
1.637190604
2.994561928
3.948791404
2.842061994
0.8846885299
1.42556087
2.275878159
3.325462532
3.08966992
-12.78838703
-20.89407074
-37.20596476
-75.43408593
-159.5467457
-30.32426656
-41.17357714
-57.19976202
-84.35427371
-126.9713718
-44.42209369
-55.01595565
-68.15150694
-85.41668477
-107.1362113
-53.81544694
-62.92688637
-72.51379385
-82.38982974
-91.69150508
-60.01264216
-65.77965265
-71.59221041
-76.36180466
-79.22783478
-61.86211687
-65.26706881
-67.83986506
-69.21257984
-68.7673255
-60.40528243
-61.68655812
-62.07362738
-61.36123726
-59.28393799
-56.08139522
-56.25474708
-55.39367259
-53.70661182
-51.01354202
-50.0137467
-49.30959498
-47.93624447
-45.78202132
-43.01343877
-42.72110883
-41.72455735
-40.11215128
-37.98390249
-35.34531805
-35.06455143
-34.09780643
-32.57178128
-30.62188601
-28.35840872
-27.8692917
-27.03543013
-25.72813327
-24.09632304
-22.27517193
-21.71029556
-20.87502983
-19.83586344
-18.59369469
-17.1756678
-16.33645092
-15.75196562
-14.96924624
-14.07024393
-13.00941493
-12.07052963
-11.55757062
-11.08348898
-10.37163342
-9.678855141
-8.5174291
-8.305168425
-7.919556474
-7.490250636
-6.980100333
-5.935680243
-5.721551009
-5.524060494
-5.199000756
-4.893036719
-3.930318333
-3.847652824
-3.665413836
-3.528156424
-3.275811042
-2.567618298
-2.465382649
-2.38378571
-2.265808656
-2.146514227
-1.508887676
-1.520153522
-1.509002127
-1.402544336
-1.361697188
-0.9191724839
-0.92809048
-0.910113674
-0.867159948
-0.8244362834
-0.5632354036
-0.5696209729
-0.5246005951
-0.5397334178
-0.4916819529
-0.3708157788
-0.3375540885
-0.3208573002
-0.3253035814
-0.2999217763
-0.2585825411
-0.2030743428
-0.2105013371
-0.1903467594
-0.1979990548
-0.1919199718
-0.1310051255
-0.1334844904
-0.1325434602
-0.1247779489
-0.1105680935
-0.09460920771
-0.09482231169
-0.09186625611
-0.09012300006
-0.0564215455
-0.06755956588
-0.08190905438
-0.06058104771
-0.07665531181
-0.0586713729
-0.04926957223
-0.07377701553
-0.04611424753
-0.06338760084
-0.0730461732
-0.04594782089
-0.06033919598
-0.0406190228
-0.05627150814
-0.08434906175
-0.04417996711
-0.04726378702
-0.04618477877
-0.04321935076
-0.0555083729
-0.04855377623
-0.03586047271
-0.05131796269
-0.03528980627
-0.04130230198
-0.03942404462
-0.04235790014
-0.04180548225
-0.03883761938
-0.002318649619
-0.04126526463
-0.04206809796
-0.03819040425
-0.039233565
-0.02016659223
-0.03807939135
-0.04395583331
-0.03316401192
-0.04204750681
-0.06714375031
-0.03841294515
-0.03637182551
-0.03968285387
-0.03524536945
-0.03668748036
-0.03583002911
-0.03845411235
-0.03399876793
-0.03703065341
-0.04077051555
-0.03297800435
-0.03696903775
-0.03190576298
-0.03494532779
0.009702953794
-0.03684981009
-0.03057382665
-0.03228018101
-0.03159572084
0.009191636539
-0.03270153371
-0.02811373179
-0.03015969762
-0.02807976153
0.00821268271
-0.02879067797
-0.02642577922
-0.02529234275
-0.02698258522
0.0004390301141
-0.02328464512
-0.02434765042
-0.0245237106
-0.02183578495
0.0002018615238
-0.02381671347
-0.02132718398
-0.02061223184
-0.02169984398
0.003651701613
-0.02659970726
-0.01556336685
-0.02145442656
-0.01968787707
0.02426035507
-0.02203020091
-0.0194239585
-0.01762996812
-0.0199902072
0.01290957822
-0.02104412637
-0.01875227442
-0.01850939913
-0.01901262157
-0.01421122722
-0.01932990387
-0.01902291552
-0.01875273382
-0.01875207071
-0.01538715869
-0.01947279458
-0.0188403419
-0.01953782567
-0.01862987058
-0.01345293981
-0.01859250582
-0.02010772824
-0.01872401277
-0.01921335202
-0.02082801294
-0.01789505421
-0.02056839512
-0.01750247082
-0.01954597071
-0.0195774112
-0.01785887903
-0.01906186941
-0.01794342276
-0.01894598125
-0.01971726196
-0.01718522273
-0.0171940929
-0.0172485172
-0.01719738444
0.3104122873
0.7095300085
0.007191736551
0.1027312063
0.02474163597
-0.04389103281
0.03608638354
-0.01052520379
0.02130351291
0.00248376634
0.0154373757
0.01015553445
0.0006720391957
0.009527869921
0.01362050623
0.01407167407
0.01724696548
0.01848613263
0.02044938547
0.02262304925
0.02445804878
0.02677688701
0.02885608315
0.03085944474
0.03302687357
0.03520545146
0.0372867565
0.03920906493
0.04099930896
0.04270842925
0.04425351212
0.04549896157
0.04632973114
0.04668187023
0.04657204079
0.04611270407
0.04528970608
0.04402263519
0.04228232903
0.04001079717
0.03723585159
0.03395216356
0.03019003229
0.02613955297
0.02219161468
0.01821477873
0.01403422922
0.00994308154
0.006217661034
0.002640976206
-0.0006018429787
-0.003373525467
-0.005759134229
-0.007675002963
-0.009103654932
-0.01000209835
-0.01054267844
-0.01098934096
-0.01073431394
-0.008979990249
-0.1221416378
0.1742512277
-0.1352423679
0.128796843
-0.06229738681
0.07521298232
-0.0280897025
0.007469183181
0.002938698537
0.01143897454
0.00715112041
0.007739009423
0.008639135176
0.007415851679
0.006454340666
0.01207822267
0.01594022212
0.01573603191
0.01752495459
0.02026033201
0.0219078184
0.02354489544
0.02564624423
0.02792711397
0.03016344767
0.03241118747
0.03457543508
0.03675335702
0.03883265611
0.04071185389
0.04236794902
0.04376562551
0.04488052372
0.0456690074
0.04611250795
0.04615346187
0.04573927094
0.04482642358
0.0434048094
0.04148182768
0.03908313916
0.03625165348
0.03302958365
0.02948498567
0.02563874676
0.02164569648
0.01764432444
0.01370423526
0.009932288441
0.006403267428
0.003171153839
0.0003120653435
-0.002144485942
-0.004115159092
-0.005626858371
-0.006647468124
-0.007178174232
-0.007410908775
-0.007036667054
-0.005284884082
-1.038039267
-2.780350391
-0.4063905491
-0.02050308567
0.04721444513
-0.01300072398
0.04734110592
-0.02326235643
-0.005661954325
0.007726939652
-0.007608643602
0.005814833589
0.001669857103
0.004278660315
0.002513351489
0.002719585978
0.007211952067
0.008870646275
0.009629192313
0.01103696627
0.01240673101
0.01433407609
0.01632282179
0.01837902725
0.0205516324
0.02275413603
0.02503604053
0.02739208001
0.0296837389
0.0318577752
0.0338989217
0.035794844
0.03745391141
0.03884613629
0.03989997778
0.04058013942
0.04086169704
0.04067977596
0.0400175708
0.03886597047
0.03722437254
0.03511772442
0.03257421739
0.02962688722
0.02635914346
0.02286159404
0.01923029233
0.01557246851
0.01198072958
0.008543593848
0.005341527756
0.002424476375
-0.0001089052295
-0.002214590382
-0.003882878849
-0.005018815659
-0.005680319294
-0.006047088175
-0.00574663805
-0.005071616231
0.03730674996
-1.731245027
-1.674036434
-0.139557079
-0.02053933075
-0.0008881735364
-0.01050172428
-0.01380053598
0.004654469761
-0.01414653603
-0.0001626641241
-0.0002337643379
-0.009479527174
-0.007045701287
-0.00626463706
-0.005021813597
-0.004252339042
-0.002692003546
-0.00219373756
-0.001675138798
-0.0003786714632
0.0009603114866
0.002434253078
0.004163732954
0.006085097806
0.008271780693
0.01057635005
0.01301164276
0.01553380924
0.01805050693
0.02057489337
0.0230447726
0.02538695037
0.02755041982
0.02947574074
0.03108740681
0.03236162863
0.03322884623
0.03364146117
0.03357392821
0.0330031525
0.0319266788
0.03034184713
0.02830418956
0.02583724499
0.02302938563
0.01994630249
0.01669766083
0.01337231333
0.0101024274
0.006967135054
0.003981797662
0.001324289412
-0.001017876158
-0.002961363303
-0.004326000692
-0.005351569947
-0.005812375522
-0.00559312342
-0.004767364522
-0.7755714501
-2.062080645
-2.838353306
-0.5520470225
-0.08974718268
-0.01756353219
0.005155151041
-0.02439385887
-0.0008993727366
-0.008115159488
-0.01467552599
-0.009011429825
-0.01350713462
-0.01906785124
-0.01493632745
-0.01218366554
-0.01568551652
-0.01714319671
-0.01544303029
-0.01524429796
-0.01521360231
-0.01464070389
-0.01356316911
-0.0124507913
-0.01099655808
-0.009117688941
-0.006894796255
-0.004467069245
-0.001826401918
0.001063702611
0.004005698987
0.007059850074
0.01015081639
0.01321230708
0.01612614689
0.0188872331
0.02137425539
0.02350822075
0.02525332025
0.02650806242
0.02727894322
0.02750676948
0.02716157619
0.02626909524
0.02482655231
0.02289142796
0.02052542653
0.01781576146
0.0148654947
0.01182466042
0.008668839842
0.005619750358
0.002850624304
0.0001531227472
-0.002078885993
-0.003839139449
-0.005118880099
-0.005897501961
-0.006608446012
-0.005690194049
-1.60087086
-3.222917326
-4.359617803
-2.1224603
-0.4358532573
-0.07120095258
-0.01117240344
-0.01371123786
-0.008528637654
-0.02017188944
-0.01059260776
-0.01304221231
-0.0170813978
-0.01920108848
-0.02152412521
-0.02420810401
-0.02295217435
-0.02600764757
-0.02803653554
-0.02831652781
-0.02893954387
-0.0293211218
-0.02924389638
-0.02880665028
-0.02800682632
-0.02689840678
-0.02520521376
-0.02297184427
-0.02040047342
-0.01741771178
-0.01411904893
-0.0104993253
-0.0067157437
-0.0027555329
0.00130321883
0.005214298143
0.009013128305
0.01248952951
0.0157336272
0.01849894665
0.02071174267
0.02243031981
0.0235436428
0.02393598004
0.02372072159
0.02281356183
0.02131623585
0.01928170044
0.01685048804
0.01394735909
0.01081986216
0.007848533316
0.004713767773
0.001780596859
-0.000725025282
-0.003150061971
-0.004878343625
-0.006079887484
-0.007097004635
-0.006776805542
-0.7808112531
-1.584136003
-2.344774607
-1.146215093
-1.793730219
-0.3226208366
-0.04625248148
-0.005593689358
-0.01277433821
-0.008538130525
-0.01300561824
-0.007989893053
-0.01830839362
-0.01938747295
-0.01768860191
-0.02675851877
-0.02925255857
-0.0308015501
-0.03425315242
-0.03786957968
-0.03836223464
-0.04047587468
-0.04238695203
-0.04314830101
-0.04292245909
-0.04254303045
-0.04201961086
-0.04065798624
-0.03825629437
-0.03566028381
-0.03219449457
-0.02825632307
-0.02393409768
-0.01927309089
-0.01413661647
-0.009285259747
-0.004013321595
0.0008803798253
0.005572231223
0.009945586584
0.01371689972
0.01702552057
0.01962967961
0.02141293119
0.02242950985
0.02281351007
0.02223052727
0.02098007962
0.01911288117
0.0165422499
0.01372094622
0.01047715041
0.007145379141
0.003800313727
0.0008284062934
-0.002572014886
-0.004573162956
-0.006198575739
-0.007559575471
-0.007315388826
-0.304640932
-0.3807618975
0.2350681454
3.100538004
-2.525490455
-2.174205114
-0.2337958523
-0.04182952218
-0.005005044744
0.001267481279
-0.003877436757
-0.007561085833
0.01003259113
-0.01381724675
-0.02336245441
-0.01558952686
-0.02435455095
-0.03448206716
-0.03500422121
-0.03663774982
-0.04520650739
-0.04327766219
-0.04928195422
-0.05418917191
-0.05417676018
-0.05513089479
-0.05525010518
-0.05529145556
-0.0538051541
-0.05168926098
-0.04868221248
-0.04479694982
-0.04031887823
-0.03541368784
-0.03005792605
-0.02326123181
-0.01777876799
-0.01079672244
-0.005196522079
0.0009791079308
0.006192190415
0.01158010208
0.01544507681
0.01871948543
0.02144665436
0.02258000155
0.02293296617
0.02273030232
0.02205468525
0.01943477111
0.01582526471
0.01311101932
0.009459784488
0.005710326075
0.002011094526
-0.001322142743
-0.003964153222
-0.006234201641
-0.007787272232
-0.008041083126
-0.5574770662
-0.3630049467
-0.7287757758
-0.8548499726
-4.450481085
-9.37014493
-1.538111922
-0.137187958
-0.001364222141
-0.01607035896
0.05601899026
0.0129776547
-0.01717036452
0.02590840057
0.001307283393
-0.02155568369
-0.01405419023
-0.01656650593
-0.03276920059
-0.03963599934
-0.04079072964
-0.04415952378
-0.04972027453
-0.05016004286
-0.05959152738
-0.06151311602
-0.06399143427
-0.06536341814
-0.06515350936
-0.06443159965
-0.06359268785
-0.05905218372
-0.05459928556
-0.05061994589
-0.04483831035
-0.03671858103
-0.0299393389
-0.02400913137
-0.01427820021
-0.00905815709
-0.0003993974622
0.00382413503
0.01335291037
0.01593773149
0.01977095961
0.02257228816
0.02385972143
0.02404828171
0.02340811126
0.02154731771
0.01883865631
0.01544027137
0.01151247491
0.007428846425
0.003372215574
-0.0004638943091
-0.003830528855
-0.006564616016
-0.008460791568
-0.009080075079
-0.007293678797
0.06375937638
-0.3292464414
-1.222112356
-7.604712942
-25.34565462
-8.608447265
-0.6517656351
0.04076334934
0.01555919644
-0.01347445236
0.102595357
0.03537790614
-0.004153335709
0.02640183436
0.02128531341
-0.004109936604
-0.005583485992
-0.01184939915
-0.02631595952
-0.03253126507
-0.03717457295
-0.04413398997
-0.05064013875
-0.05611569165
-0.06111797722
-0.0658759769
-0.06948519336
-0.07155093228
-0.07231677881
-0.07200535172
-0.07022078112
-0.06703970742
-0.06261590833
-0.05683042617
-0.04972540301
-0.04187331028
-0.0334118326
-0.02458129047
-0.01587933942
-0.008032498863
0.000509765122
0.00730267826
0.013032897
0.01781840793
0.02142798616
0.0237830425
0.02486108175
0.02466983757
0.0232001155
0.0206428518
0.01718675421
0.01312931687
0.008705727167
0.004204558348
-0.000112125305
-0.003976767567
-0.007194611615
-0.009521707806
-0.01046255645
0.254424571
1.2021213
0.08520007546
-1.543043902
-8.279185968
-35.05782445
-26.29422438
-2.276088785
-0.1712400016
0.0735544997
0.09012811788
0.07049839302
0.04040168467
0.0564176451
0.06530872864
0.04086603241
0.02216122805
0.02278086518
0.01264591642
-0.003393727046
-0.01748976558
-0.02434740939
-0.03149516099
-0.04012508372
-0.04830389766
-0.05574013592
-0.06257609063
-0.06847002173
-0.07285571601
-0.07571800191
-0.0771536534
-0.07693468181
-0.07481990334
-0.07093951919
-0.06552277702
-0.05874507382
-0.05081813449
-0.04199654391
-0.03268089871
-0.02325826976
-0.01407576064
-0.005272441808
0.002706276652
0.009652508709
0.01540489399
0.01996211301
0.02319254632
0.024949258
0.02525391768
0.02413214373
0.02175098796
0.01832600557
0.01410920556
0.009393975891
0.004500210143
-0.0002536795342
-0.004563283761
-0.008219523743
-0.01096265909
-0.01218495014
1.18422136
0.09707126812
-0.1478095648
-1.702704565
-10.67640661
-41.21203311
-49.14008322
-8.655394138
-0.8314549866
-0.02292328878
0.199496018
0.05108979291
0.1178655016
0.123591957
0.04903860681
0.05079333471
0.07195650374
0.05218980766
0.04336198865
0.02243646484
0.01466848363
0.0007496337326
-0.01278964809
-0.02229767465
-0.0333815421
-0.0444252451
-0.05376068037
-0.06193285059
-0.06884899142
-0.07401079397
-0.07735018256
-0.07886547245
-0.07834975919
-0.07574805573
-0.07127476769
-0.06518004148
-0.05767839924
-0.04903734644
-0.03959526194
-0.0297710106
-0.01999215279
-0.01055514544
-0.001724351382
0.006146768976
0.01275841681
0.0180834069
0.0219978489
0.02433257161
0.02509970391
0.02431618145
0.02211684946
0.01872831307
0.01440589982
0.009458894461
0.004241348829
-0.0008902171763
-0.00559189823
-0.009629385504
-0.01273552861
-0.01420567277
-0.05877656932
0.04008699889
-0.7541678252
-3.917522265
-14.48471821
-44.48134259
-68.62483402
-26.09632266
-1.999334005
0.130462764
0.1363852997
0.07494348986
0.1920266721
0.1452102155
0.09686281081
0.1064185512
0.1018132055
0.08678553326
0.06618287266
0.0540502044
0.04353333478
0.03365461867
0.01576946058
-0.0005065346777
-0.01461919481
-0.02758790254
-0.0393644155
-0.05025874837
-0.05982653004
-0.0674265039
-0.07301174726
-0.07658756831
-0.07799362793
-0.07713402074
-0.07409151419
-0.06909499229
-0.06240209878
-0.05430468867
-0.04513380202
-0.03528090497
-0.02522322894
-0.01537286857
-0.006013669254
0.002513863077
0.009810533038
0.01574243711
0.02022218963
0.02306614796
0.02424015606
0.02376207732
0.02174810446
0.01841122301
0.01402945244
0.008918739834
0.003451263656
-0.001981423224
-0.007001940915
-0.01135156656
-0.01475168004
-0.01642556384
-0.5987089191
0.25031489
-1.965815591
-4.904097269
-19.63886723
-56.65722969
-90.72601284
-48.05522046
-5.574387726
-0.41842212
0.3800846027
0.2680496344
0.1511074497
0.109082262
0.1423797888
0.1888220635
0.172976013
0.1267414562
0.09663693793
0.08200040559
0.07765600298
0.06133590944
0.04450638908
0.02639477338
0.008920275406
-0.006527118103
-0.02094127203
-0.03460685526
-0.04684155536
-0.05712820651
-0.06522987508
-0.07102769291
-0.07447292234
-0.07553812746
-0.07423302119
-0.07066887084
-0.06509046415
-0.05782335807
-0.0492241962
-0.03968358157
-0.0296657527
-0.01965427197
-0.01002628697
-0.001108107236
0.00669197465
0.01308752151
0.01800061127
0.02125879049
0.02276326787
0.02255106321
0.02071125539
0.01744900362
0.01305001121
0.00783812422
0.00220148809
-0.003446065702
-0.008702140019
-0.01328616753
-0.01690808383
-0.01873388829
-0.2253234853
-0.8130214502
-2.046057921
-8.774961677
-30.6652943
-79.93770307
-115.2821487
-69.54716587
-11.23932893
-1.073372981
0.2785193641
0.1397918527
0.1399988931
0.2422335962
0.2457386027
0.1826803758
0.156779341
0.1511963133
0.149032679
0.1353137507
0.1146728666
0.0927065784
0.0742102013
0.05554686929
0.03594558624
0.01649129786
-0.001655648297
-0.01782758295
-0.03203196739
-0.04454847229
-0.05514913655
-0.06332556158
-0.06888256456
-0.0718943386
-0.07239655245
-0.07040181881
-0.0661068668
-0.05985041217
-0.0520205985
-0.04301883488
-0.03328536698
-0.02333562043
-0.01364123831
-0.004549402794
0.003547563776
0.01026740522
0.01549015983
0.01904619716
0.02081556743
0.02082110088
0.01913760786
0.01596445215
0.01158750613
0.006336958686
0.0006082024351
-0.00517033121
-0.01057818853
-0.0153166657
-0.01908199161
-0.02100776818
-1.375536033
-2.597502599
-6.343763733
-18.81228381
-55.26779612
-121.8573676
-142.1299011
-83.89901345
-17.92343394
-2.47291255
0.08222412912
0.2461589533
0.2276941299
0.2464119815
0.2635338681
0.2265464895
0.1968366176
0.1765304384
0.1795719456
0.1716258672
0.1479232302
0.1227728043
0.1011269561
0.0809155246
0.06026830748
0.03927022249
0.01881938086
-0.0001379571323
-0.01711454352
-0.03203109452
-0.04475331524
-0.05494912523
-0.06244635446
-0.06729367018
-0.06949084076
-0.06900410804
-0.06598896896
-0.06079032847
-0.05379980956
-0.04542797865
-0.03612683337
-0.02640796467
-0.01679572106
-0.007688255305
0.0005298902568
0.007440717551
0.01285094032
0.01660490801
0.0185651156
0.01873786889
0.01718982805
0.0141130199
0.009791209762
0.00455473267
-0.001198317304
-0.007030016283
-0.01250515999
-0.01731268014
-0.02115411237
-0.02312529684
-1.724371695
-5.057542255
-14.85258261
-39.69768447
-106.4204036
-176.7424428
-155.4223902
-77.50020797
-25.00831565
-4.541847069
-0.3073860142
0.2683798142
0.3570214517
0.3255175717
0.2795027935
0.2702164001
0.232001864
0.2206480023
0.2071076106
0.1871846852
0.1666671919
0.1475719929
0.1274663063
0.1048608974
0.08113480907
0.05788747117
0.03576593596
0.01497478922
-0.004101361853
-0.02098389368
-0.03545897666
-0.04737809293
-0.05654439057
-0.0629083736
-0.06647691839
-0.06724375519
-0.06533658275
-0.06107462006
-0.0548545596
-0.04709617253
-0.03825817584
-0.02885352474
-0.01942238884
-0.0104090775
-0.002200380706
0.004775146931
0.01026660198
0.0141250128
0.01619883766
0.01648469525
0.01504296313
0.01205999144
0.007813569378
0.002632030504
-0.003085165538
-0.008891911733
-0.01435269627
-0.01917240685
-0.02301704442
-0.02497901452
-5.057708393
-12.0105863
-34.15798771
-101.5186161
-185.577641
-207.8415901
-136.771079
-60.77958055
-20.08927698
-4.721938512
-0.4009061718
0.2880909325
0.2547201758
0.2735370903
0.3016956579
0.3083754019
0.2907728047
0.2634839312
0.2371202095
0.2140186539
0.1919670638
0.1687681776
0.1441060117
0.1191105469
0.09477500037
0.07115962317
0.04804625126
0.0257064561
0.004982287158
-0.01333858797
-0.02902216818
-0.04206512372
-0.05234017822
-0.05972682294
-0.06421538533
-0.06582884179
-0.06468839519
-0.06109799666
-0.05545573656
-0.04818682179
-0.039749875
-0.03065905962
-0.0214536574
-0.01260153433
-0.004498165956
0.002432742437
0.007912406136
0.01178120783
0.01389019622
0.01422942625
0.01285649151
0.009955676372
0.005793837434
0.0007009041229
-0.004923878519
-0.01064572781
-0.01603994917
-0.02079097882
-0.02456440353
-0.02647148186
-10.89280516
-36.25606622
-82.15587031
-178.1071338
-211.3955909
-165.1726031
-89.12576406
-37.04494513
-12.36764934
-2.712835188
-0.03400172073
0.427082476
0.3922872222
0.3564500032
0.3357080964
0.3194355503
0.3006902262
0.2798080039
0.2567391086
0.2313523174
0.2045238742
0.1776998702
0.1517772962
0.1266652444
0.1018920862
0.07719355695
0.0528658692
0.02968922703
0.008418933197
-0.01036679175
-0.02653172505
-0.04007208682
-0.05078089361
-0.05853180366
-0.06333871448
-0.06525150947
-0.06441717349
-0.06113428693
-0.05578951777
-0.04880263963
-0.04063418993
-0.03179551709
-0.02281558577
-0.01415856293
-0.006226844947
0.0005686328929
0.005944285737
0.009733665198
0.01179926561
0.01212584975
0.01077584629
0.007931254576
0.00385410691
-0.001130173223
-0.006628262042
-0.0122160895
-0.01748562778
-0.02210167572
-0.02575458791
-0.02757118687
-77.55156199
-284.3105848
-220.0471139
-206.0906574
-167.6124015
-102.6247641
-49.58906051
-20.42932076
-7.052755589
-1.732499391
0.176818032
0.5975239305
0.4687763088
0.3908515649
0.3667314879
0.3475869295
0.3221048153
0.2924141511
0.2613522996
0.2309214995
0.2021498272
0.1753655825
0.1497022788
0.1242631676
0.09875590165
0.07346836784
0.04939498367
0.02646569354
0.005618639202
-0.01283564948
-0.02864445371
-0.0418358707
-0.05216857972
-0.05952277854
-0.06397719303
-0.06560939794
-0.06458087445
-0.06119460927
-0.05582748962
-0.04888858387
-0.04083642215
-0.03217381899
-0.02340491563
-0.01497433774
-0.007282386881
-0.0007132825651
0.004461975285
0.008074588126
0.01000740063
0.01024858504
0.008868923863
0.006050796689
0.002048614942
-0.002812894409
-0.008153256101
-0.01355982505
-0.01864008846
-0.02308464991
-0.02654607797
-0.02825094773
-152.5227977
-191.0595516
-175.2147295
-147.4658461
-103.0061397
-59.13750467
-29.09470329
-12.2025891
-4.051967132
-0.5640778433
0.7413643693
1.062989025
0.8243700059
0.4949924969
0.3767097584
0.3339580545
0.2996196832
0.268255215
0.2393259647
0.2122427232
0.1864177185
0.1611627888
0.1360434385
0.110849208
0.08587783834
0.06110607799
0.03769670392
0.01620455635
-0.003302357016
-0.02041210119
-0.03495576242
-0.04684789685
-0.05592112815
-0.06217901969
-0.06567357071
-0.06648469007
-0.06481164187
-0.0609635984
-0.05530091753
-0.04822459245
-0.04018519318
-0.03166159818
-0.02311978101
-0.01497100101
-0.007603583022
-0.001367959813
0.003499386553
0.006835362314
0.008547549205
0.008630760174
0.007171507352
0.004354347409
0.0004276970889
-0.004290940214
-0.00943705949
-0.01461963394
-0.01946251408
-0.02367601444
-0.02693255636
-0.02847246168
-127.9395709
-133.9284854
-120.9064683
-95.12709704
-63.93642171
-37.00109415
-18.59274393
-7.873104053
-2.338481318
0.205769432
1.176150991
1.399813266
1.241620396
0.807139442
0.4295594155
0.3085188861
0.2669030906
0.2374938849
0.2114673473
0.1864666982
0.1616247625
0.1365826857
0.1113192417
0.08722516876
0.06316464157
0.04051836484
0.0193558281
0.0001682486586
-0.01694802681
-0.03180955169
-0.04419819094
-0.05400659121
-0.06121675243
-0.0658033456
-0.06780083789
-0.06734058561
-0.06466286456
-0.06007669102
-0.0539254113
-0.04659681568
-0.038521372
-0.03013935452
-0.02186798745
-0.01408460005
-0.007145459753
-0.001355624173
0.003088108248
0.00603611064
0.007429756393
0.007276911786
0.005680119514
0.002824484934
-0.001044515956
-0.005614511928
-0.01054653114
-0.01547355553
-0.0200430815
-0.02398610516
-0.02698836642
-0.02835642814
-98.58524896
-95.97061592
-83.30568465
-63.91853851
-43.21094357
-25.89757869
-13.69660148
-6.118737728
-1.865036053
0.2871059817
1.209744904
1.449659134
1.36030969
1.093499995
0.6668288095
0.3341533941
0.2345594297
0.1995221815
0.1739766287
0.1498174908
0.1258514526
0.1021974361
0.07838459642
0.05657107217
0.03525990079
0.0156175138
-0.002554233275
-0.0186897598
-0.03281560585
-0.04482464114
-0.05445349277
-0.06171437571
-0.06658424482
-0.06905735505
-0.06921928299
-0.06725378563
-0.06341454958
-0.05799034986
-0.05131127211
-0.0437487054
-0.0356972752
-0.0275444779
-0.01965386505
-0.01236535147
-0.005995625929
-0.0007812924328
0.00311227068
0.005563550162
0.006546573147
0.006086926972
0.004305545766
0.00138812936
-0.002426091185
-0.006836895306
-0.01153023613
-0.01616663882
-0.02042424522
-0.02406107239
-0.02678244353
-0.02796325671
-78.96944082
-72.38259002
-61.02454616
-46.84306974
-32.75617653
-20.72661966
-11.81821503
-5.852916744
-2.189830756
-0.1306565607
0.8885716069
1.269041546
1.281554535
1.112437459
0.8525701978
0.4989805783
0.2323656034
0.1550646165
0.1257541936
0.1028285054
0.08158311269
0.06111916555
0.04112593524
0.02289123611
0.00540134002
-0.01073591565
-0.02530629539
-0.03778334226
-0.0483693274
-0.05704329882
-0.06360696529
-0.06803887122
-0.07033142439
-0.07054184254
-0.06881959564
-0.06536324446
-0.06040999803
-0.0542391735
-0.04716359608
-0.03952433543
-0.03166283715
-0.02390822438
-0.01657594045
-0.009962677501
-0.004318810201
0.000180002421
0.003392506745
0.00524585245
0.005736657447
0.004917639947
0.00292189761
-6.784835086e-05
-0.003816111941
-0.00804402329
-0.01246502614
-0.0167724756
-0.02067839839
-0.02397228864
-0.026383002
-0.02736217958
-65.67008095
-58.44100639
-48.24709313
-37.05386843
-26.68152001
-17.9595677
-11.07812466
-6.124128095
-2.819129402
-0.7818370437
0.3536997199
0.8844583697
1.036918835
0.9711679331
0.7997615485
0.5870614689
0.3238995057
0.1333820337
0.07910687057
0.05557442713
0.03745678454
0.02066851941
0.004853440026
-0.009522901691
-0.02289092909
-0.03497158899
-0.04540758863
-0.05403709666
-0.06108795292
-0.06635386742
-0.06976319535
-0.07132753378
-0.07106640578
-0.06917331316
-0.06578555802
-0.06107179092
-0.05526392989
-0.04862109599
-0.04142810396
-0.0339797027
-0.02655650446
-0.01943676593
-0.01288859035
-0.007143293907
-0.002378241351
0.001261668049
0.003686268751
0.004861837717
0.004806493369
0.003604915513
0.001387535883
-0.001656536755
-0.00530830095
-0.009315914875
-0.01341920633
-0.01734968028
-0.02086295408
-0.02377751661
-0.02585194142
-0.02661946222
-55.27191901
-48.80091906
-40.86551983
-32.2906225
-23.9139404
-16.53657678
-10.67641255
-6.438691002
-3.426878828
-1.431442863
-0.2237254793
0.4197273267
0.6889935041
0.7301405971
0.6448733872
0.5063018759
0.3549333168
0.1765749724
0.05057635283
0.01500272381
-0.001197471175
-0.01419396931
-0.02603822601
-0.03633150148
-0.04552796295
-0.05350454342
-0.06005938921
-0.06515389016
-0.06875301433
-0.07073563119
-0.07119748897
-0.07025510804
-0.06795346693
-0.06441751856
-0.05977965573
-0.05422949304
-0.04799030009
-0.04128639808
-0.03435359728
-0.02742617925
-0.02074131235
-0.01452752249
-0.008985677279
-0.004275952512
-0.0005347135218
0.002142632198
0.00371102928
0.004166959256
0.003559948807
0.001984551236
-0.0004196110337
-0.003472510104
-0.006976261373
-0.01070656661
-0.01443734839
-0.01793859835
-0.02101475805
-0.02351941014
-0.0252345824
-0.02578688487
-46.91996511
-41.2160885
-34.64161629
-27.78837137
-21.22514657
-15.29308736
-10.3021923
-6.448149205
-3.756550581
-1.884674322
-0.6932844496
-0.005871925527
0.3356049559
0.4563617124
0.4496786014
0.3773986392
0.2798790047
0.1795641304
0.06459397882
-0.008946293634
-0.02990147874
-0.04006883682
-0.04816099153
-0.05459996934
-0.05995679218
-0.06420895333
-0.06736869248
-0.06931740965
-0.06991436468
-0.06924433118
-0.06746225008
-0.06466892488
-0.06090634591
-0.05631800761
-0.05103221589
-0.04522565651
-0.03907559523
-0.03276114936
-0.02648277822
-0.02042926441
-0.01478235469
-0.00970720803
-0.005342325734
-0.001803112328
0.0008234697667
0.002491834123
0.003189225543
0.002943777399
0.001823305841
-6.490536596e-05
-0.002586640709
-0.005574352073
-0.008856285966
-0.01223748447
-0.01553089087
-0.01855408616
-0.02115054652
-0.02321407557
-0.02455761209
-0.02489632401
-39.17303492
-34.25047187
-28.83364896
-23.32372517
-18.08538211
-13.4049005
-9.425467013
-6.216328193
-3.81730133
-2.081462427
-1.017369259
-0.355398141
0.01170304686
0.1812015294
0.2315566174
0.2180494823
0.173683484
0.1195435511
0.06009454014
-0.007698198811
-0.04420242577
-0.05453147101
-0.05968921427
-0.06290722134
-0.0651895968
-0.06647340578
-0.06679023488
-0.06613368576
-0.06455213283
-0.0621545897
-0.05897391898
-0.05511850721
-0.05066985177
-0.04574024654
-0.04042905947
-0.03491575259
-0.02935923581
-0.02387397213
-0.01861235164
-0.01372252399
-0.009332825999
-0.005550236334
-0.002468816416
-0.0001577253047
0.001347024163
0.002029353657
0.001911484038
0.001042483719
-0.0004962584213
-0.002595400447
-0.00513191206
-0.007957720048
-0.01092669394
-0.01388054438
-0.01667351043
-0.01916953894
-0.02125112062
-0.02285150915
-0.02381843718
-0.02395222587
-31.99275543
-27.86218944
-23.48238099
-19.11435427
-15.00182322
-11.32820094
-8.203602932
-5.663270574
-3.69049897
-2.24579632
-1.228440082
-0.6332481835
-0.2700807601
-0.07102286298
0.02188459556
0.05417823531
0.05163636216
0.04032023595
0.01976393213
-0.006835949597
-0.04106405944
-0.05681351043
-0.06082086073
-0.06168466138
-0.06164210735
-0.06081575423
-0.05924273083
-0.05702009186
-0.05427996449
-0.05101132343
-0.04725735929
-0.04308605454
-0.03859094237
-0.03392433315
-0.02921246155
-0.02450694608
-0.01992477099
-0.01558824181
-0.01159903872
-0.008051244014
-0.005027230881
-0.002594444805
-0.0007991930716
0.0003313008436
0.0007881642288
0.0005910767996
-0.0002170956525
-0.00157236499
-0.003388507987
-0.005563780817
-0.007989333093
-0.01054180544
-0.01310418133
-0.01555725325
-0.01779266466
-0.01972394448
-0.02127062927
-0.02239908976
-0.02299466909
-0.02294100338
-25.55203973
-22.2237264
-18.77348448
-15.38819979
-12.22832
-9.40786098
-6.998437396
-5.022566956
-3.460964986
-2.278744335
-1.431858255
-0.8400069981
-0.4985915181
-0.2833194188
-0.1584319632
-0.08968067232
-0.05297609607
-0.03502526006
-0.02871400477
-0.02871590193
-0.0367945551
-0.04944841305
-0.0530584833
-0.05283838635
-0.0516584996
-0.04972027685
-0.04725818687
-0.04443368124
-0.04125768028
-0.03774981033
-0.03405237685
-0.03027546712
-0.02641987477
-0.02251113689
-0.01871662732
-0.01514056784
-0.01181963942
-0.008815822328
-0.006201001886
-0.004034342357
-0.002359899775
-0.001207299432
-0.000588406074
-0.0005053800039
-0.0009297253098
-0.001826237903
-0.003141425711
-0.004797959645
-0.006724522435
-0.0088239743
-0.01100602384
-0.01317510592
-0.01524747054
-0.01714107075
-0.01878417279
-0.02013436119
-0.02114394986
-0.02180700353
-0.02205558253
-0.02183939549
-20.04261083
-17.46068236
-14.82003871
-12.25513578
-9.871214144
-7.740252336
-5.909075659
-4.391709024
-3.177380987
-2.233236848
-1.523710658
-1.01841412
-0.6630366534
-0.4462825422
-0.2997748846
-0.2042904652
-0.1408789034
-0.09763691116
-0.0693269504
-0.05145317171
-0.04210467317
-0.03998574833
-0.04110036222
-0.03981416788
-0.03808273735
-0.03590615214
-0.03338946882
-0.03059830706
-0.02766309025
-0.0246313793
-0.0215301599
-0.01848856295
-0.01557886088
-0.01280570896
-0.01021759168
-0.007894214264
-0.00587559624
-0.004204310924
-0.002914852028
-0.002030732695
-0.001561915911
-0.00151364528
-0.001867991271
-0.002600553102
-0.003680421874
-0.005046026685
-0.006646405241
-0.008411296386
-0.01026520783
-0.01213705049
-0.01395785228
-0.01565755912
-0.01718060087
-0.01848305617
-0.01952660206
-0.02030097587
-0.02079476754
-0.02102724249
-0.02097943301
-0.0206250348
-15.49368146
-13.55237957
-11.58486124
-9.678330411
-7.905622354
-6.312931019
-4.932939686
-3.773811114
-2.831014441
-2.087119237
-1.512379402
-1.078211061
-0.7645039809
-0.5397568999
-0.3875497156
-0.275698248
-0.1959905929
-0.1378881511
-0.09628426996
-0.06687865406
-0.04770067868
-0.03522954389
-0.02875320523
-0.02606593725
-0.02407055789
-0.02209523683
-0.0200438033
-0.01785912722
-0.0156385169
-0.01343480424
-0.01126049687
-0.009208282475
-0.007381874269
-0.005782033142
-0.004410918655
-0.003317683081
-0.0025263479
-0.002050553092
-0.001900602082
-0.002073871289
-0.002562388888
-0.003347713985
-0.004402494435
-0.005681538947
-0.007143265375
-0.008735709011
-0.01039749664
-0.01207092246
-0.01369794271
-0.01521932442
-0.01658719063
-0.01776232878
-0.01871680576
-0.01943181617
-0.01990187455
-0.02014738732
-0.02018688245
-0.02005359243
-0.01972620993
-0.01929480333
-11.79413736
-10.3730226
-8.93689986
-7.545597516
-6.241096114
-5.064795372
-4.032421925
-3.155176098
-2.429078156
-1.844666489
-1.386191581
-1.03250677
-0.7629257667
-0.5642024654
-0.4184418686
-0.305051231
-0.2195522477
-0.1562341465
-0.1086640431
-0.07431760041
-0.04937522719
-0.03251012924
-0.01992717786
-0.01325648853
-0.01164382317
-0.01049065916
-0.009239738507
-0.007923368177
-0.006618308898
-0.005356719077
-0.004207686318
-0.003224025926
-0.002449128368
-0.001905090549
-0.001600995463
-0.001549110998
-0.001751715888
-0.002208572691
-0.002915200011
-0.003848173015
-0.004984870258
-0.006294465582
-0.007740821658
-0.009284731184
-0.01087100977
-0.01245177302
-0.01397943802
-0.01540194392
-0.01667727727
-0.0177682227
-0.01864552747
-0.01928890581
-0.01969747841
-0.01987640371
-0.0198400377
-0.01963002041
-0.01928373532
-0.01883935211
-0.01834954443
-0.01786455939
-8.785929925
-7.784270155
-6.754255059
-5.756063137
-4.812017033
-3.955112988
-3.19487056
-2.540965937
-1.992832784
-1.543389982
-1.184887297
-0.903891986
-0.6873304283
-0.520909837
-0.3958967889
-0.3016365797
-0.2173790068
-0.1542848242
-0.1074550799
-0.07286665313
-0.04721826903
-0.02873781597
-0.01643203863
-0.006787471411
-0.002773521191
-0.002356874646
-0.00207699768
-0.001659943116
-0.00124686623
-0.0009113421006
-0.0006918982956
-0.000615160467
-0.0007216231348
-0.001021492687
-0.001521344732
-0.002219757753
-0.00311008153
-0.004178073731
-0.005404593492
-0.006766314096
-0.008230560566
-0.009760184977
-0.01131485414
-0.01285645775
-0.01434281028
-0.01572849165
-0.01697438159
-0.01804284041
-0.01890254548
-0.01953550548
-0.01993239753
-0.02008952569
-0.02002065668
-0.01974535176
-0.01930329823
-0.01874771424
-0.0181305216
-0.01750888344
-0.01685829518
-0.01638476841
-6.378839281
-5.680365656
-4.961578587
-4.259513972
-3.590915947
-2.980014044
-2.432618877
-1.958072571
-1.555622199
-1.22200474
-0.9522761667
-0.7379698037
-0.570912821
-0.4414639014
-0.3419148956
-0.2671869408
-0.1940212076
-0.1385723864
-0.09646401403
-0.06435167788
-0.04131180046
-0.0244017845
-0.01265702768
-0.004021555708
0.001070440356
0.001534402071
0.00113531928
0.0007829677582
0.0004695916766
9.170169804e-05
-0.0003716536712
-0.0009401295504
-0.00164436042
-0.002491410121
-0.003479355399
-0.00460254826
-0.005847875181
-0.007197009428
-0.008623973137
-0.01010244516
-0.0116031722
-0.01308831776
-0.01452157737
-0.01586731856
-0.01709128551
-0.01815803849
-0.01904010907
-0.01971319047
-0.02015858673
-0.02036779858
-0.0203470931
-0.02010208414
-0.01966439342
-0.01906490939
-0.01834815295
-0.01757035335
-0.01676888958
-0.01599238894
-0.015393912
-0.01492269217
-4.474821292
-4.008823994
-3.521448856
-3.038338281
-2.581405949
-2.155472652
-1.775248164
-1.441331195
-1.156276618
-0.9183733469
-0.7234181266
-0.5669653115
-0.4430422073
-0.346960162
-0.2724675367
-0.214437959
-0.1694571518
-0.1197404206
-0.08321071155
-0.05625054083
-0.03591973175
-0.02046051738
-0.009087200777
-0.002112019268
0.002491480706
0.003165634266
0.001251350111
0.0001829559391
-0.0006600301955
-0.001487131964
-0.002363367269
-0.003291207689
-0.004288658501
-0.005372471548
-0.006541299643
-0.007780325342
-0.009078975281
-0.0104206844
-0.01178206435
-0.01313453279
-0.01445197206
-0.01570321273
-0.01685856755
-0.01788945286
-0.01876870787
-0.01947074263
-0.01997786434
-0.02027634993
-0.02035989032
-0.02022717715
-0.01989074544
-0.01937086655
-0.01869793577
-0.01790598604
-0.01704292257
-0.01617022357
-0.01535242962
-0.01462485175
-0.01393520083
-0.01358709285
-3.039323891
-2.724523901
-2.407113776
-2.088964472
-1.782495434
-1.499445724
-1.242476369
-1.016857465
-0.8225840944
-0.6594634699
-0.5249246843
-0.4161267522
-0.3294818069
-0.2610887932
-0.2073243578
-0.1653615898
-0.1341569962
-0.0963615342
-0.06750664963
-0.04544536622
-0.02949157582
-0.01625865818
-0.006924232913
-0.001812708233
0.001379503206
0.003441804645
0.002151241372
-0.001681716646
-0.00335458124
-0.004460848575
-0.005532729855
-0.006568875162
-0.007592363133
-0.008645358734
-0.00973578481
-0.01085487797
-0.011988163
-0.01311775964
-0.01422642381
-0.01529439992
-0.01629715335
-0.01721270222
-0.01801779374
-0.01869261912
-0.01921734219
-0.01957635883
-0.01975856402
-0.01975631693
-0.01957271326
-0.01920939262
-0.0186915063
-0.01802878929
-0.01726130897
-0.01642811841
-0.0155665593
-0.0147248114
-0.01391628119
-0.0131904909
-0.01274872129
-0.01242213534
-1.978816653
-1.789364105
-1.587180944
-1.383748378
-1.188547328
-1.005185963
-0.83894695
-0.6921049359
-0.5645112088
-0.4570711708
-0.3676655098
-0.2945701489
-0.235849532
-0.188677349
-0.1519045665
-0.123231619
-0.09967505765
-0.07935535892
-0.05503110772
-0.03711331847
-0.02333192649
-0.01414897176
-0.005866915509
-0.001535979355
8.701796045e-06
0.001337686381
0.001660375436
-0.002194625948
-0.006005585141
-0.007639915352
-0.008761278608
-0.009713852558
-0.01060455746
-0.01144748436
-0.01229546694
-0.01313845859
-0.01396023648
-0.01476746116
-0.01553947091
-0.01625332493
-0.01689761449
-0.01745942017
-0.01792138791
-0.01826844862
-0.01848944341
-0.0185758639
-0.01852133261
-0.01832391478
-0.01798836038
-0.01752748604
-0.01695413711
-0.01628749797
-0.01555664498
-0.01478858762
-0.01403114932
-0.01331206847
-0.01266796965
-0.01213780023
-0.01173823634
-0.01150926175
-1.247014985
-1.138201591
-1.013661492
-0.8887116433
-0.7693884096
-0.6540647753
-0.5516015619
-0.4581959525
-0.3782493464
-0.3093893667
-0.2520208069
-0.20464546
-0.1660294803
-0.1349197676
-0.1097684256
-0.08966812765
-0.07368625453
-0.06178950982
-0.04385109133
-0.03006079301
-0.01965651371
-0.01131841934
-0.004971212152
-0.002658436018
-0.006206180165
-0.001130429997
0.0008103762375
-0.001602789697
-0.007560489977
-0.01010038389
-0.01115715557
-0.01192521922
-0.01261054834
-0.01320195392
-0.01372474267
-0.01423883103
-0.01472215507
-0.01517286835
-0.01559364212
-0.01596658346
-0.01628352739
-0.01653644978
-0.01671643732
-0.0168111747
-0.01681698436
-0.01672959868
-0.01654568912
-0.01626698764
-0.01590214477
-0.01545645151
-0.01494354065
-0.01438475917
-0.01379507585
-0.01319965927
-0.012627418
-0.01209825382
-0.01161684473
-0.01119555845
-0.01095627955
-0.01089840226
-0.7738154075
-0.7049350074
-0.6322325644
-0.5604283223
-0.4866783915
-0.4194284287
-0.3562359364
-0.2997767546
-0.2505891791
-0.2077349354
-0.1719058637
-0.1415847003
-0.116603968
-0.0959300302
-0.07893327291
-0.06525083136
-0.05439978873
-0.04577576231
-0.03640910976
-0.0246946815
-0.01571964192
-0.009252068692
-0.004656082068
-0.001335025761
-0.000127261972
-0.0003207355272
-0.0004263135927
-0.001084019991
-0.005469586616
-0.01068356701
-0.01225468039
-0.0129221641
-0.01336038623
-0.01364873207
-0.01389133809
-0.01410187605
-0.0142747557
-0.01442813025
-0.01455678128
-0.01465328346
-0.01471667874
-0.01474725416
-0.01473634669
-0.01467550806
-0.01456712653
-0.01440858646
-0.01420181161
-0.01394732307
-0.01364922086
-0.01331282025
-0.01294817506
-0.01256324483
-0.01217446317
-0.01179033191
-0.01142789949
-0.01110653583
-0.01082715607
-0.01064020443
-0.01056000877
-0.01048124556
-0.4730446966
-0.4319804582
-0.3925267866
-0.3489085768
-0.3080894082
-0.2677703199
-0.2303921501
-0.1971527583
-0.1668870659
-0.1409648684
-0.1183851387
-0.09913584639
-0.08297567058
-0.06915378694
-0.05766176994
-0.04786966619
-0.0397052427
-0.03322980443
-0.02796921973
-0.01932271152
-0.01223800068
-0.007017901855
-0.00308851205
-0.0001045141865
0.0009561166374
0.0007359319788
-0.0004271935889
-0.001026839608
-0.001729455325
-0.006477650562
-0.01133096093
-0.01249451813
-0.01285538405
-0.01297876915
-0.01299470135
-0.01297759865
-0.01293542741
-0.01287530267
-0.01280241334
-0.01271973513
-0.01262756225
-0.01252777199
-0.01241842724
-0.01229530344
-0.01216462089
-0.01202521342
-0.01187094562
-0.01170734733
-0.01153911931
-0.01136324753
-0.01118382535
-0.0110053585
-0.01083436707
-0.01066669412
-0.01052375216
-0.0104078733
-0.01032584485
-0.0102835635
-0.01024798633
-0.01031645766
-0.2916929484
-0.2662425261
-0.246230637
-0.2205257615
-0.1971567314
-0.1744745652
-0.1517220414
-0.1323934219
-0.1138332242
-0.09771022702
-0.08354575213
-0.07089790524
-0.060082748
-0.05046130822
-0.04218820447
-0.0350828993
-0.02906886845
-0.0237490363
-0.01933086664
-0.01513052346
-0.009090583139
-0.004079480053
0.001398541282
0.003626861193
0.003909857245
0.003267001405
0.001994376729
0.0009674651538
0.0003469343219
-0.001731282689
-0.007501648551
-0.0107020208
-0.01142317975
-0.01153597668
-0.01146344957
-0.01132303047
-0.01116062421
-0.01098727373
-0.01081181583
-0.01063717918
-0.010474607
-0.01032783823
-0.010196852
-0.01008444021
-0.009989608045
-0.009910862238
-0.00984819379
-0.009806709848
-0.009785951511
-0.009782513428
-0.009791581591
-0.009811024515
-0.009842000235
-0.009875727784
-0.009915460507
-0.009956695898
-0.01001260278
-0.01010659081
-0.0101370127
-0.01023538212
-0.1807360897
-0.1717511095
-0.1583369573
-0.1444997925
-0.1309944764
-0.1170479632
-0.1040968161
-0.09165765223
-0.0805814714
-0.0699568141
-0.06070325207
-0.05205232252
-0.04446091074
-0.03751549361
-0.03126814161
-0.0256772609
-0.02069417817
-0.01630536404
-0.01322201929
-0.009694798868
-0.004628602631
-0.000557200725
0.002426972126
0.004631180771
0.006146266271
0.006488236523
0.005509194119
0.003798383706
0.002640126145
0.002135857536
-0.001582848994
-0.007777936182
-0.00942236201
-0.009639133732
-0.009591495731
-0.009443450401
-0.0092590192
-0.009057633608
-0.008854264508
-0.008660959093
-0.008494490718
-0.008361254919
-0.008268584132
-0.008215271958
-0.008200215674
-0.008218159138
-0.008275305022
-0.00837930974
-0.008510533563
-0.008661248302
-0.008831201729
-0.009017423966
-0.009214839267
-0.009406717351
-0.009574835687
-0.009733922061
-0.009865280192
-0.01005597025
-0.01014396379
-0.01010596473
-0.1225561851
-0.1153604487
-0.1075690086
-0.09954258264
-0.0919563682
-0.08220404993
-0.07543131529
-0.06635550242
-0.05955450354
-0.05203681105
-0.045502598
-0.03927975346
-0.03339380078
-0.02810551015
-0.02293810469
-0.01826524727
-0.01390670376
-0.009968857671
-0.0066414166
-0.00375234956
-0.001114310102
0.002633347877
0.005398355539
0.006898955737
0.007810977376
0.009071931896
0.00890663003
0.007142492078
0.005792810191
0.005076843663
0.003467794929
-0.002165207286
-0.006805900227
-0.007696680521
-0.007817264095
-0.007752910944
-0.007609307812
-0.007436971668
-0.00727899549
-0.007151439052
-0.0070556787
-0.006999420917
-0.006985175375
-0.007016371549
-0.007094367188
-0.007210097431
-0.007364577227
-0.007553893716
-0.007774554513
-0.008005232334
-0.008282454992
-0.008573090851
-0.008897511271
-0.009121253245
-0.009340764202
-0.009528848092
-0.009712054436
-0.009886215661
-0.01008245284
-0.009989145929
-0.08705317256
-0.08300107625
-0.07826307806
-0.07324769855
-0.06780267586
-0.06216446685
-0.05660944407
-0.05101186487
-0.04557959475
-0.04027675809
-0.03517498897
-0.03026722639
-0.02554449397
-0.0209901141
-0.01672429979
-0.01259992608
-0.008917753977
-0.005388853059
-0.002283584699
0.0003557203823
0.002483104419
0.00585194666
0.008236799082
0.01036708691
0.01109551282
0.01189969045
0.01149013417
0.009834224948
0.007789548899
0.006692749799
0.005871476167
0.003813997965
-0.002024775632
-0.005754546199
-0.00655237493
-0.006701292332
-0.006688091895
-0.006617792951
-0.006533721072
-0.006468190471
-0.006432796991
-0.006434182093
-0.00647502015
-0.006554629795
-0.006675350437
-0.006834697253
-0.007033234224
-0.007260978309
-0.007529122467
-0.007778408669
-0.008056169748
-0.008343760547
-0.008634536091
-0.008904016755
-0.009177107609
-0.009388233044
-0.009611249299
-0.00977066281
-0.00994894898
-0.0101485371
-0.06516115164
-0.06396672437
-0.06177609356
-0.05666505929
-0.05362811986
-0.04916613913
-0.04488659023
-0.04093609226
-0.03617687326
-0.03231241958
-0.02779594722
-0.02383202615
-0.01972753596
-0.0157876847
-0.0120512786
-0.008368286626
-0.00502223282
-0.001849822605
0.001126955598
0.003569119384
0.005782373953
0.007342715657
0.009879757675
0.01186052379
0.01207142681
0.01364924365
0.01282977346
0.01233764035
0.009865211838
0.008394753
0.007435802652
0.006529480272
0.0025144457
-0.003883515684
-0.005840925895
-0.006268617335
-0.006405597276
-0.006449013084
-0.006452254524
-0.006442429854
-0.006445412246
-0.006477320286
-0.006539933699
-0.006631895584
-0.006754531306
-0.006905186573
-0.007082788062
-0.00728442769
-0.007506956141
-0.007746516382
-0.00798382836
-0.008235489051
-0.008474656931
-0.008717319392
-0.008934317297
-0.009141055669
-0.009300301669
-0.009449484272
-0.009539717486
-0.009601429429
-0.05328749474
-0.05368161035
-0.04945214279
-0.04815065093
-0.04376076881
-0.04113998275
-0.03749340708
-0.03376686515
-0.03032144373
-0.02652733543
-0.02296651074
-0.01926664616
-0.01574276852
-0.01219183791
-0.008838993382
-0.005510926577
-0.002485580359
0.0003798201141
0.002985467
0.005161940796
0.007304513663
0.00883693344
0.01061866247
0.01243452691
0.0137878653
0.01400168315
0.01383561346
0.01418010419
0.003689056613
0.01012204763
0.007788584888
0.007540309256
0.00549088915
-0.0005588804488
-0.005285543178
-0.006366147074
-0.006668940643
-0.006805549287
-0.006870157583
-0.006897644784
-0.006916967263
-0.006945209752
-0.006992695082
-0.007059329272
-0.007143909775
-0.00724393369
-0.007359014027
-0.007486429043
-0.007625009817
-0.007770292836
-0.007920414696
-0.008070953463
-0.008219660322
-0.008360854173
-0.008491702554
-0.008606723849
-0.008698738793
-0.008773906427
-0.00881897698
-0.008810071192
-0.045097255
-0.04693323814
-0.04304743054
-0.04139701066
-0.03846835476
-0.03543842733
-0.03280043546
-0.02924166098
-0.02631723221
-0.02280481753
-0.01969017065
-0.01635373528
-0.01312712113
-0.01002278722
-0.006985296873
-0.003970172933
-0.001219533101
0.00139310814
0.003755934584
0.005992752283
0.008005126383
0.009412226182
0.01079840179
0.01255524903
0.01348247949
0.01421665464
0.01433655986
0.01373609287
0.01209967166
0.009872862072
0.008045520341
0.007091869348
0.005736109989
0.003234285604
-0.002456396375
-0.006264006041
-0.007218146477
-0.007493165964
-0.007589583069
-0.007597407271
-0.007584512587
-0.007581565361
-0.007586805862
-0.007598362953
-0.007616273121
-0.007636855576
-0.007661114346
-0.007688074081
-0.007718516381
-0.007749155374
-0.00778125909
-0.007811218837
-0.007840587494
-0.007864754896
-0.007885298826
-0.00789822021
-0.00790303285
-0.007901941697
-0.007887238478
-0.007835392021
-0.04440942196
-0.04054368526
-0.04010720623
-0.03706321558
-0.03480515329
-0.0324969501
-0.02924611355
-0.0269479666
-0.02358164403
-0.02094692903
-0.01773149321
-0.01486603389
-0.01186228442
-0.008981578345
-0.00622959361
-0.003485685251
-0.0009582531394
0.001450496901
0.003583386301
0.005644287698
0.007473693801
0.009044061002
0.01043273817
0.01178845638
0.01272306435
0.01337193574
0.01376326964
0.01329243265
0.01229541163
0.01011130171
0.008049348813
0.006710997763
0.005859531221
0.00441185195
0.0001894346392
-0.005846116689
-0.007816498283
-0.008196021692
-0.008273609857
-0.008254460092
-0.008197216013
-0.008141868806
-0.008087674717
-0.008026989197
-0.007960951814
-0.007890055918
-0.007812222868
-0.007729842183
-0.007648523464
-0.007563058007
-0.007476179198
-0.00738732099
-0.007299237406
-0.007211157929
-0.007125914132
-0.007044377928
-0.006966882845
-0.006898092286
-0.006828285832
-0.006749099541
-0.04258880153
-0.03830831306
-0.03706022113
-0.03480085976
-0.03288456395
-0.03019053862
-0.02791606744
-0.02518348377
-0.02260447428
-0.01975587337
-0.01713175344
-0.01421294385
-0.01171969466
-0.008935132404
-0.006413830936
-0.003896646653
-0.001613336577
0.0005022475
0.002588149961
0.004609387979
0.006449568028
0.008073369315
0.00946583776
0.01051233588
0.01125878765
0.01244635868
0.01259633822
0.0128005334
0.01206279967
0.01046807407
0.008038446952
0.006461197637
0.00555929738
0.004679002088
0.002291016724
-0.00347745618
-0.007680585726
-0.008614765622
-0.008724941498
-0.008651380948
-0.008541087392
-0.008425769627
-0.008299612663
-0.008162027217
-0.008014544951
-0.007854740534
-0.007687683034
-0.007511511451
-0.007327253122
-0.007138815908
-0.006950387597
-0.00676136952
-0.006577205629
-0.006398274847
-0.006229563566
-0.006073856682
-0.005932453323
-0.005810245267
-0.005702080727
-0.005613166901
-0.03883100941
-0.03741403165
-0.03536925373
-0.03370880194
-0.0317015039
-0.0292851975
-0.0271341992
-0.02464283456
-0.02207222917
-0.01970576698
-0.01714012501
-0.01464775173
-0.01211311983
-0.009671249297
-0.007329485068
-0.004987246369
-0.00283283989
-0.0007078160949
0.00130371642
0.003224657209
0.004989395828
0.006472953162
0.007835516886
0.00917220363
0.01001974925
0.01070938373
0.01092814191
0.01074637759
0.01070410773
0.009569869374
0.007615541801
0.005866387131
0.004972016353
0.004444896793
0.003305986602
4.869081854e-05
-0.005770263614
-0.008509868122
-0.008788749536
-0.008658508122
-0.008483552226
-0.008298728194
-0.008104131644
-0.007896955711
-0.007675551977
-0.007440938989
-0.007198622835
-0.006946558766
-0.006688329219
-0.006426639352
-0.006168706745
-0.005915439385
-0.005668821091
-0.005432274907
-0.005212840105
-0.005010280369
-0.00483074095
-0.004680290464
-0.004554075386
-0.004462534784
-0.03780416577
-0.03590877512
-0.03500319657
-0.03281100492
-0.03110630825
-0.02906595365
-0.02684040752
-0.02479993564
-0.02236212286
-0.01999984818
-0.01769015831
-0.01533496969
-0.01300581305
-0.01069887612
-0.008510714859
-0.006272591572
-0.004174150184
-0.002154332181
-0.0002593255042
0.001599798824
0.003362699704
0.004955795255
0.006386479171
0.007632888803
0.008617738743
0.009391290173
0.01000623366
0.009941924981
0.01001256261
0.00918441743
0.007452093706
0.005516768047
0.004661942541
0.004510167636
0.00407806567
0.002589531338
-0.002281552913
-0.00761761097
-0.008451454692
-0.00822609739
-0.007966007218
-0.007718445858
-0.007464763836
-0.007200676781
-0.006926440644
-0.006643384877
-0.006352482276
-0.006055102965
-0.005753782102
-0.005452420526
-0.005154247037
-0.004863754304
-0.004588355547
-0.004325485579
-0.00408269277
-0.003865896807
-0.003679521038
-0.003524097836
-0.003403169225
-0.003321911358
-0.03504575635
-0.03639075579
-0.03349678956
-0.03300904374
-0.03033146942
-0.02910362396
-0.02674762844
-0.02474612812
-0.02265537686
-0.02044488902
-0.01828571522
-0.01607646392
-0.01385115871
-0.01168101381
-0.009530575319
-0.007412326004
-0.005411331637
-0.003448057347
-0.001488782784
0.0003759607791
0.002042354873
0.003777588688
0.005376151274
0.006602561307
0.007503453273
0.008461930165
0.009146167938
0.009541508914
0.009885367251
0.009458736791
0.00823395965
0.006251324775
0.005214392187
0.005027359994
0.004944267044
0.004210660074
0.001713400235
-0.003948470044
-0.00742505195
-0.007363769927
-0.007011214755
-0.006713386891
-0.006420775635
-0.00611877074
-0.005812038031
-0.005498188907
-0.00518072334
-0.004862428805
-0.00454649183
-0.004232287054
-0.003926101507
-0.003628219182
-0.003345714248
-0.00308088565
-0.002842158998
-0.002625321722
-0.002438408453
-0.002293526855
-0.002177912182
-0.002108784297
-0.03609729624
-0.03502078593
-0.03285726174
-0.03202598825
-0.03030899789
-0.02818585362
-0.02681691611
-0.02457098344
-0.02261046719
-0.02060141577
-0.0184883458
-0.01643343314
-0.01432716812
-0.01221874386
-0.01021087182
-0.00816588701
-0.006109341576
-0.004152794111
-0.002253049757
-0.0003727594733
0.001118118048
0.003106981917
0.004622224785
0.005985455507
0.007153039364
0.007913438176
0.009314450792
0.009950398417
0.01248411312
0.01063031705
0.008854519629
0.0006387614558
0.005843850105
0.00580129036
0.006101607114
0.005818106304
0.004838218835
0.0008806413422
-0.00515473709
-0.006094659121
-0.005670770846
-0.005344085894
-0.00503282966
-0.004714090652
-0.004394351416
-0.004072182677
-0.003753061872
-0.003435721108
-0.003125301143
-0.00282120654
-0.00252929346
-0.002249624556
-0.001987300508
-0.001744752896
-0.001522230506
-0.001327224779
-0.001156796393
-0.001022941693
-0.0009169637516
-0.0008484984661
-0.03402627858
-0.03330519646
-0.03249551511
-0.03058929549
-0.02925752419
-0.02780948517
-0.02569765582
-0.02421047768
-0.02210688764
-0.02030248784
-0.0182920352
-0.01628865499
-0.01432695575
-0.01232171131
-0.01041787301
-0.008311685196
-0.006418522955
-0.004491997001
-0.002589610276
-0.0007842400558
0.001159823421
0.002735408037
0.004370074828
0.005942675024
0.007255032187
0.008327016709
0.009157837959
0.009870398926
0.0105083281
0.01097350029
0.01056022798
0.00923533842
0.00758428671
0.006767150697
0.006764677858
0.007104648438
0.007012651983
0.005394434213
0.0002433185923
-0.004034016235
-0.004107995488
-0.003760596641
-0.00344314675
-0.003125998213
-0.00281171042
-0.00250273079
-0.002198099586
-0.001900187271
-0.001611298151
-0.001332113982
-0.001066184628
-0.0008144887775
-0.0005809157529
-0.0003646138606
-0.0001726072303
-3.67876989e-07
0.0001466180302
0.0002635954855
0.0003549785313
0.0004143136818
-0.03255375088
-0.03148484699
-0.03084892883
-0.02927527146
-0.02772197659
-0.02662565643
-0.02457658137
-0.02318897435
-0.02126466332
-0.01947132754
-0.01777110466
-0.01572137919
-0.01385997785
-0.01194901102
-0.01015667405
-0.008234798432
-0.006262658649
-0.004396450594
-0.002482474285
-0.0006074396086
0.00114831219
0.00278440486
0.004378780525
0.005995636356
0.007413772893
0.008418760091
0.009214867718
0.01026824434
0.01051039886
0.01119970346
0.0109722141
0.01067950356
0.008585907365
0.007779132296
0.007519329502
0.007992408891
0.008402004615
0.008205851832
0.0061942367
0.0002322566127
-0.002334659739
-0.002089812133
-0.00178656406
-0.001488764098
-0.001193674945
-0.0009060215229
-0.0006258002524
-0.0003539798962
-9.266779586e-05
0.0001567821527
0.0003925039747
0.0006138075865
0.0008183696071
0.001006916489
0.00117439975
0.001321788569
0.001449226777
0.00154849297
0.001628763429
0.001681893317
-0.03014351314
-0.02985511731
-0.02839064687
-0.02746554434
-0.0261031156
-0.02458980834
-0.02328836532
-0.02143931596
-0.02014024569
-0.01814897948
-0.0166535146
-0.01476026009
-0.01303665523
-0.01129153403
-0.009341108152
-0.007742559925
-0.005819311387
-0.004023900778
-0.002193494759
-0.0004302995121
0.001292642017
0.002968139032
0.004529882806
0.006001963314
0.007519174613
0.008824309305
0.009850406524
0.009979334479
0.01142005596
0.01186329541
0.0122897195
0.01171138867
0.01048484164
0.008924832333
0.008454090737
0.008973363786
0.009798906592
0.01008275991
0.009616181011
0.005715440265
0.0001459726748
-0.0004676800673
-0.0002008259367
7.402341016e-05
0.0003391900384
0.000598286833
0.0008481638802
0.001090063523
0.001319908384
0.001539792489
0.001746549724
0.001941066394
0.002120403609
0.002284657183
0.002433038838
0.0025638945
0.002674934938
0.002762219064
0.00283482365
0.002886370238
-0.02805464201
-0.02704014364
-0.02645033326
-0.02473001212
-0.02419802091
-0.02243097198
-0.02136993451
-0.01992517194
-0.01825754199
-0.0170403891
-0.01516309507
-0.01368536429
-0.01195581503
-0.01028523701
-0.00858871119
-0.006952790864
-0.005241734937
-0.003512391621
-0.001747607151
-6.338259426e-05
0.001575781122
0.003286505004
0.004763044652
0.006288793337
0.007734298001
0.009069457226
0.01014109162
0.01118463308
0.01193363045
0.01252770053
0.01322704969
0.01283055019
0.01184314719
0.01022966268
0.00943530298
0.00983083115
0.01072889577
0.01147738792
0.01143491432
0.01013363946
0.004941958246
0.001218980177
0.00120571365
0.001444965319
0.001679339971
0.001907534864
0.002127264028
0.002339248768
0.00254133763
0.002735501169
0.002918983717
0.003092782029
0.003254144898
0.003404396261
0.003540102384
0.003661975659
0.003767925027
0.003852507246
0.003924834435
0.00397898589
-0.02482436511
-0.02454063087
-0.02384600515
-0.02259367641
-0.0218690433
-0.02046725731
-0.01938464828
-0.01807410767
-0.01668407861
-0.01541088266
-0.01394757132
-0.0124227544
-0.0109668077
-0.009400984709
-0.007819345422
-0.006259012768
-0.004646889922
-0.003049918564
-0.00137663416
0.0002746709637
0.001903578213
0.003613799058
0.004953721303
0.006392889127
0.00779597758
0.009153725513
0.01026281401
0.01081339983
0.01123867054
0.01242281364
0.01234476371
0.01263447419
0.01242542487
0.003771279445
0.01031876172
0.009906804068
0.01127976911
0.01235562478
0.0129586063
0.01291211773
0.00981379995
0.003724090944
0.00247975115
0.002636388045
0.002834212488
0.003029406465
0.003220927531
0.003407539437
0.003587251842
0.003761645222
0.003929603859
0.004090398179
0.004243151544
0.004386982848
0.004519617366
0.004639861333
0.004746617064
0.004831282289
0.004907156384
0.004963670643
-0.02335619564
-0.02184869478
-0.02138284138
-0.02048401385
-0.01970269027
-0.01855252776
-0.0176998255
-0.01635080242
-0.0153784122
-0.01402396077
-0.0126999889
-0.01144363851
-0.00999378368
-0.008635385574
-0.007118165451
-0.005687135163
-0.004179266271
-0.002656907918
-0.001079021229
0.0004540560632
0.002021642912
0.003368475627
0.004978577803
0.0063576741
0.007714414545
0.009018619165
0.01008661971
0.01092795711
0.01193708139
0.01221774314
0.01298353314
0.01345779945
0.01300662404
0.01193891016
0.01049557478
0.0102620525
0.01112337659
0.01248423522
0.01369148107
0.01419041405
0.01360200711
0.009106756365
0.004155434646
0.003702654521
0.003848247094
0.00401056642
0.004174130337
0.004338152338
0.004499936688
0.004660921485
0.004819824053
0.004975859704
0.005126651499
0.005271635333
0.005407993907
0.005532953779
0.005644708625
0.005736595949
0.005819974652
0.005884832205
-0.02042445984
-0.01996254601
-0.01968279714
-0.01860078557
-0.01800413892
-0.0172633334
-0.01603785055
-0.01539665019
-0.01409358537
-0.01303161152
-0.01186060564
-0.01064777391
-0.009368111779
-0.008065712759
-0.006768184313
-0.005286238148
-0.00383627175
-0.002350585945
-0.0008507495871
0.0006433583409
0.002085925478
0.003573233388
0.005007091457
0.006315144158
0.007572104152
0.008887767278
0.009859041272
0.01081288258
0.01115544453
0.01231788283
0.01304545691
0.01367782294
0.01326822879
0.01228876165
0.01069174011
0.01016693992
0.01078200013
0.01214357801
0.01348770534
0.0144015903
0.01479384851
0.01423577886
0.008641858926
0.005086468563
0.004933930661
0.005053661009
0.005189050605
0.005333868814
0.005483949141
0.005637357749
0.005791654837
0.005947235527
0.006100387454
0.006250496843
0.006392222035
0.00652370911
0.006642809739
0.006742664974
0.006835697395
0.006909356935
-0.0187167698
-0.01919488077
-0.01791365876
-0.01793555608
-0.01678277374
-0.01626832951
-0.01527128173
-0.0145006494
-0.01351984196
-0.01246245922
-0.011344582
-0.01028309075
-0.009042187861
-0.007849385223
-0.006561626126
-0.005090246251
-0.003698470462
-0.002262295628
-0.0008342505176
0.0006193979518
0.002151532597
0.003469849666
0.00485624973
0.006184234965
0.007431101473
0.00850490684
0.009465462617
0.01070232288
0.01149053929
0.0119959566
0.01257860128
0.01231877495
0.01211765663
0.01103351391
0.009927095127
0.008915551863
0.009928668338
0.01174623475
0.01359073084
0.01472102363
0.01544717973
0.01609624145
0.01368081791
0.00818537164
0.006479216653
0.006400047379
0.006497957312
0.006619970884
0.006753407626
0.00689689702
0.007045485066
0.007197651636
0.007350668176
0.007501612393
0.007645380949
0.007780620256
0.00790406746
0.008010792976
0.008113927625
0.00819872734
-0.01799257779
-0.01832651101
-0.01752868543
-0.01716353886
-0.01643889327
-0.01563915221
-0.01512875022
-0.01416690929
-0.01323849119
-0.01225269678
-0.01119697328
-0.01008494253
-0.008867475144
-0.007564544039
-0.006348244316
-0.005016103372
-0.003616561739
-0.002233253967
-0.0007983602014
0.0006619004491
0.002073215823
0.003436345413
0.004741080295
0.005993784191
0.00719792145
0.008263034
0.009236560392
0.01026391762
0.01122697751
0.0119088889
0.0124371121
0.01291415435
0.0133181437
0.01290948071
0.0117905632
0.01067824303
0.01068116261
0.01177213947
0.01333351501
0.01481051454
0.01578121307
0.01624634184
0.01647653579
0.01347418752
0.009304845243
0.008359435666
0.008347010012
0.00844159185
0.008557899182
0.008686246487
0.008824001322
0.008969668669
0.00911728305
0.009264001974
0.009404454653
0.009534699872
0.009655515121
0.009763584476
0.009871768224
0.009967795732
-0.01801366522
-0.0181196362
-0.01744824525
-0.01703153798
-0.01646013833
-0.01579869613
-0.01491765821
-0.01418843864
-0.01316525008
-0.01230907467
-0.01117477148
-0.01008906674
-0.008917305584
-0.007751645263
-0.006404177006
-0.005039510836
-0.003677862663
-0.002305723278
-0.0009223761801
0.0004865565948
0.001824975608
0.003156235271
0.004418243952
0.005646517967
0.006850579753
0.007962881992
0.008933276139
0.009811879252
0.01086808032
0.0115989688
0.01264501412
0.01309715105
0.01389981054
0.01378579733
0.01289860929
0.0115932328
0.01134812217
0.01223924489
0.01385678893
0.01561918757
0.01690228006
0.01745625771
0.01745020346
0.01703689429
0.0139871449
0.01142504318
0.01101304921
0.01104268845
0.01112806867
0.01123188309
0.01134784247
0.01147445846
0.01160358422
0.01173152928
0.01185216164
0.01196577988
0.01207264951
0.01217596772
0.0122840049
0.01238858147
-0.01857464687
-0.01780920333
-0.01786605877
-0.01700416834
-0.01651430977
-0.01576988333
-0.01502090257
-0.01412979076
-0.01327696767
-0.01218613265
-0.01124700523
-0.01001247067
-0.008880871658
-0.007684422789
-0.006314025425
-0.005017689954
-0.003629684109
-0.002286181861
-0.0009596050038
0.0003406518479
0.001799115358
0.002937286468
0.004283039154
0.005521627686
0.006654058726
0.007721250992
0.008803782253
0.009676319219
0.01073913594
0.01102348161
0.01268615122
0.0129410735
0.01385344266
0.01354071745
0.01203315183
0.0112138836
0.01059393999
0.01248039983
0.01439364668
0.01659113135
0.01840951091
0.01941313958
0.01970144048
0.01951324147
0.01797364373
0.01545473352
0.01454452322
0.01445554854
0.01449904093
0.01457239952
0.01465833756
0.0147545848
0.01485241354
0.01494899074
0.01503741448
0.015119861
0.01520285761
0.01529664562
0.01540667541
0.01552142276
-0.01827097761
-0.01851903518
-0.01763539102
-0.01705043415
-0.01667669907
-0.01561103379
-0.01509042313
-0.01401912157
-0.0132454411
-0.01217678064
-0.01108912585
-0.009942916602
-0.008736320048
-0.007532674857
-0.006287549613
-0.0049923429
-0.003663182554
-0.002365625224
-0.001067269867
0.0002236060291
0.00139298609
0.002763939416
0.004000770625
0.005204251572
0.006388853765
0.007494134982
0.008581627344
0.009388348653
0.01018619052
0.01244657745
0.01289251852
0.01381596399
0.01637008817
0.0150517645
0.01478289981
0.01362472373
0.01300649211
0.01375693947
0.01543366332
0.01770169727
0.0199301493
0.02165523436
0.02264569957
0.02290755034
0.02224571022
0.02029443152
0.01901781272
0.01876455901
0.01875354863
0.0187886791
0.01883509593
0.01888682304
0.01893752876
0.01898412772
0.01902531725
0.01906518513
0.01911886391
0.01919390207
0.01929683546
0.01941701984
-0.01854487816
-0.01834772877
-0.01764510868
-0.0174094009
-0.01643879002
-0.0160072222
-0.01505143951
-0.01427640949
-0.01338582794
-0.0123206739
-0.01132036259
-0.01018908945
-0.009095351173
-0.007815342153
-0.006606418244
-0.005312611068
-0.004039335003
-0.002743948651
-0.001461885481
-0.0001471613064
0.00100360511
0.002368360783
0.003655202653
0.00492082463
0.006143212538
0.007333924821
0.008495210535
0.009699010991
0.01101494254
0.01191887512
0.01326301079
0.01420274027
0.01491423786
0.01587529523
0.01592074001
0.01547847852
0.01460140492
0.01478168992
0.01614922603
0.01850541618
0.02114941204
0.02347137953
0.02516912877
0.02615999864
0.02633261957
0.02535938987
0.02418777343
0.02381536837
0.02374926794
0.0237431057
0.02374736328
0.02374928075
0.02374161439
0.02372721652
0.02371238745
0.02370907078
0.02373416039
0.02379490156
0.0238938637
0.02402614016
-0.01839538558
-0.01816199758
-0.0179670144
-0.01717617943
-0.01676985759
-0.01602079254
-0.01528051255
-0.01445677653
-0.01350296142
-0.01257058036
-0.01143676794
-0.0104114678
-0.009215716266
-0.008079780506
-0.006837711053
-0.005602750996
-0.004319758648
-0.00308310688
-0.001795872869
-0.0004943594456
0.0007258848823
0.002154850791
0.003497607952
0.004841710843
0.006095299904
0.007323558369
0.00862086639
0.009852632782
0.01087342055
0.01220959027
0.01335027784
0.01457077557
0.01517172581
0.01602370077
0.016795653
0.01698166845
0.01771458723
0.0161326096
0.01693835729
0.01892253367
0.02223148527
0.02538177133
0.02788263927
0.02968970491
0.03075442147
0.03075728225
0.0299014449
0.02949013125
0.02939330954
0.02934839806
0.0293109008
0.02926571263
0.02920319231
0.02912653117
0.02905749141
0.02901646872
0.02902009587
0.02907063134
0.02916517168
0.02930622632
-0.01812035174
-0.01834431178
-0.01791873545
-0.01762833007
-0.01737333032
-0.01675293131
-0.01634722857
-0.01565082991
-0.0149308468
-0.01411364456
-0.01320072012
-0.01220718565
-0.0111511597
-0.009941519714
-0.008742526316
-0.00740089332
-0.006012408864
-0.004603347742
-0.003142207176
-0.00157200465
-0.0002300114464
0.001450914351
0.002986075916
0.004505945733
0.005995016735
0.007431300113
0.008955282797
0.01043905225
0.01153846776
0.01285569627
0.01434026707
0.0148217366
0.01572980046
0.01629396007
0.01635030714
0.01594694717
0.01547563353
0.01487240312
0.01624373006
0.01913337603
0.02273984639
0.02642747706
0.02973916317
0.0324094493
0.0343833122
0.03544177056
0.0355294057
0.03561591664
0.03563350656
0.03555722879
0.03546798547
0.03536578505
0.03523695376
0.03509847743
0.03496947889
0.03489084024
0.03486962478
0.03490726904
0.03499067276
0.03513356689
-0.01710227193
-0.01698289013
-0.01684901912
-0.01665112308
-0.01647297754
-0.01603713275
-0.01581304441
-0.01519704629
-0.01471615585
-0.01398557946
-0.01326763627
-0.01238567964
-0.0114449485
-0.01034913014
-0.009211766889
-0.007916287447
-0.006581361417
-0.0051552337
-0.00368733439
-0.002112971929
-0.000718574136
0.0009373781547
0.002493908189
0.004079106816
0.005620392279
0.007155740656
0.008795573997
0.01012968514
0.01153056172
0.01280282427
0.0135862255
0.01501478826
0.01629998833
0.01883742047
0.01677053526
0.01594085
0.01534361439
0.01494278684
0.01616462467
0.01899848508
0.02278509186
0.02700007994
0.03098002587
0.03457149042
0.03763138283
0.03998531211
0.04114408663
0.04181970235
0.04227272057
0.0421769368
0.04201941873
0.04182116326
0.04163894297
0.04144247389
0.04127940819
0.04117250683
0.04113964941
0.0411722499
0.04125044215
0.04139015088
)
;

boundaryField
{
    inletCH4
    {
        type            calculated;
        value           nonuniform List<scalar> 5(0.7065239864 -0.522645791 -0.4129103529 0.1594296245 -0.8290307082);
    }
    wallOutside
    {
        type            calculated;
        value           nonuniform List<scalar> 
70
(
-0.008979990249
-0.005284884082
-0.005071616231
-0.004767364522
-0.005690194049
-0.006776805542
-0.007315388826
-0.008041083126
-0.009080075079
-0.01046255645
-0.01218495014
-0.01420567277
-0.01642556384
-0.01873388829
-0.02100776818
-0.02312529684
-0.02497901452
-0.02647148186
-0.02757118687
-0.02825094773
-0.02847246168
-0.02835642814
-0.02796325671
-0.02736217958
-0.02661946222
-0.02578688487
-0.02489632401
-0.02395222587
-0.02294100338
-0.02183939549
-0.0206250348
-0.01929480333
-0.01786455939
-0.01638476841
-0.01492269217
-0.01358709285
-0.01242213534
-0.01150926175
-0.01089840226
-0.01048124556
-0.01031645766
-0.01023538212
-0.01010596473
-0.009989145929
-0.0101485371
-0.009601429429
-0.008810071192
-0.007835392021
-0.006749099541
-0.005613166901
-0.004462534784
-0.003321911358
-0.002108784297
-0.0008484984661
0.0004143136818
0.001681893317
0.002886370238
0.00397898589
0.004963670643
0.005884832205
0.006909356935
0.00819872734
0.009967795732
0.01238858147
0.01552142276
0.01941701984
0.02402614016
0.02930622632
0.03513356689
0.04139015088
)
;
    }
    wallTube
    {
        type            calculated;
        value           nonuniform List<scalar> 
61
(
-0.5183299613
-0.2069565199
-0.2085509587
-0.2068103972
-0.2044580092
-0.1889981153
-0.1991303388
-0.1885284639
-0.1350366136
-0.1334215019
-0.1525345792
-0.1132908225
-0.07656399991
-0.06322487562
-0.05913349329
-0.05269649211
-0.04685608676
-0.04216245853
0.01924758789
-0.117100637
-11.98562478
0.1345445076
-0.01536374284
-0.02540251301
-0.04211734604
0.03775524513
0.03804708315
-0.009428173539
-0.008946276665
0.0237090649
0.05437267594
0.04651572009
0.02325569522
0.007760728042
0.06944847899
-0.1576907006
0.01263868136
-0.05642860832
0.04469284546
-0.1139071845
1.06616131
-0.0944683493
-0.0510697366
0.07129674411
-0.01686524316
-6.865186551e-05
-0.008175652591
0.007711422909
0.04143913048
0.02937239591
0.04686595833
0.01760684911
0.001450845344
0.01387865627
-0.04339017916
0.01716208589
0.1441929899
0.3493407245
0.06156162263
-0.2499984195
-0.4633261464
)
;
    }
    inletPilot
    {
        type            calculated;
        value           nonuniform List<scalar> 5(0.06231802657 0.03125175431 -0.02845733557 0.1029563563 -0.09989497543);
    }
    inletAir
    {
        type            calculated;
        value           nonuniform List<scalar> 
60
(
-0.1845756323
0.06829225684
-0.09316297939
0.06676506953
0.01465791676
-0.03200704876
0.03045332111
-0.004551476113
0.020450543
0.005694818201
0.01630467056
0.01220851568
0.005826302076
0.01380915297
0.01756306838
0.01863840494
0.0218792988
0.02363034369
0.02599404208
0.02851874223
0.03082561902
0.03350875309
0.03598202519
0.03837855439
0.04087996902
0.04335645159
0.04570945179
0.04786632338
0.04983265201
0.05163482316
0.05319169148
0.05439012748
0.0551310741
0.05533526099
0.05500034735
0.0542273441
0.05299189252
0.05120934073
0.04886149459
0.04591086372
0.0424087712
0.03831503973
0.03375332745
0.02894554711
0.02421609947
0.01947922589
0.0145962506
0.00989485747
0.005617262282
0.001593829922
-0.001990554167
-0.005007113192
-0.007537173575
-0.009492183254
-0.01086428971
-0.01163484556
-0.01200550227
-0.01226422506
-0.01168960617
-0.009740597278
)
;
    }
    outlet
    {
        type            calculated;
        value           nonuniform List<scalar> 
71
(
-0.04022693004
-0.03804821802
-0.03852980134
-0.03861585034
-0.04100082811
-0.02967662559
-0.03966605799
-0.03927483454
-0.03919698733
-0.03927546728
-0.0392333857
-0.0393101344
-0.03924708632
-0.03914445193
-0.03900631753
-0.03880049164
-0.03845771329
-0.03812317781
-0.0377190496
-0.03697731743
-0.02800084686
-0.0247055547
-0.02385995451
-0.02265828678
-0.02162153754
-0.02045936492
-0.01928101755
-0.01776471393
-0.01697209744
-0.01564405627
-0.01410683354
-0.01272996647
-0.01107168135
-0.004024286543
-0.0007959057016
0.0007818327464
0.002304579564
0.004252666515
0.005630726455
0.006895049006
0.008389894465
0.008848052656
0.0105889819
0.0114517224
0.0179875023
0.0160112828
0.01568008405
0.01503799455
0.01477129759
0.01593951171
0.01872813729
0.0225249739
0.02668615326
0.03067224797
0.03424894206
0.03730527648
0.0396623637
0.04081267633
0.04147337366
0.04190571876
0.04180286393
0.04161638953
0.04141281968
0.04121157919
0.04100893398
0.04083532051
0.04072324606
0.04068554632
0.04071339305
0.04079113562
0.0409256192
)
;
    }
    axis
    {
        type            empty;
    }
    frontAndBack_pos
    {
        type            wedge;
    }
    frontAndBack_neg
    {
        type            wedge;
    }
}


// ************************************************************************* //
