/*--------------------------------*- C++ -*----------------------------------*\
  =========                 |
  \\      /  F ield         | OpenFOAM: The Open Source CFD Toolbox
   \\    /   O peration     | Website:  https://openfoam.org
    \\  /    A nd           | Version:  10
     \\/     M anipulation  |
\*---------------------------------------------------------------------------*/
FoamFile
{
    format      ascii;
    class       volScalarField;
    location    "0.02498436188";
    object      ddt0(rho,C2H2);
}
// * * * * * * * * * * * * * * * * * * * * * * * * * * * * * * * * * * * * * //

dimensions      [1 -3 -1 0 0 0 0];

internalField   nonuniform List<scalar> 
5170
(
2.901762649e-13
3.411300529e-13
5.373761334e-13
1.102356587e-12
-2.279704843e-14
-1.75418676e-12
-1.584903069e-12
-1.110580007e-12
3.371387043e-13
-9.09883108e-13
-7.110349676e-13
-1.038410653e-12
-1.851565186e-12
-9.773725796e-13
3.388997627e-13
8.418986952e-13
3.60877141e-13
-7.178973338e-13
-2.589889265e-12
2.494739686e-12
2.540244907e-12
1.849868474e-12
4.086185119e-13
-2.437166953e-12
1.433815152e-13
4.444952096e-12
3.562091464e-12
1.829587931e-12
-1.142901527e-12
-3.003763199e-12
-1.929854475e-12
-3.014247561e-12
-4.978084765e-12
-4.218347558e-12
-1.115147258e-12
-6.013936914e-12
-6.276783667e-12
-3.19226187e-12
1.410532414e-13
8.027574502e-13
-2.378279198e-12
-5.786540308e-13
1.6850192e-12
3.706853952e-12
2.766964373e-12
3.136269493e-12
4.619506809e-12
6.714523758e-12
7.071050923e-12
5.48459251e-12
-1.100066639e-11
-1.333851078e-11
-1.638359877e-11
-1.70425281e-11
-1.161760531e-11
1.146093785e-11
1.405743319e-11
1.627042172e-11
1.639509583e-11
8.42034382e-12
3.890439014e-12
1.336495579e-12
-1.100600495e-12
1.093101407e-12
7.205506973e-12
-1.115321984e-11
-8.716956218e-12
-6.739902762e-12
-1.067472866e-11
-1.842066371e-11
-1.893475907e-12
-4.274169983e-12
-5.703949551e-12
-5.608251869e-13
1.108854474e-11
1.082648236e-11
1.310788706e-11
1.395679547e-11
8.068000065e-12
-2.649511849e-12
-3.530855768e-12
-5.524738691e-12
-5.740223158e-12
4.996793617e-13
9.964022028e-12
1.583204606e-11
1.429414954e-11
1.634628447e-11
1.039990856e-11
9.702839554e-13
-4.530976307e-13
5.895364889e-13
-3.568666999e-11
-3.708051852e-12
-5.826754689e-11
-4.854480583e-12
-1.108730593e-10
-1.169328802e-09
-9.491591891e-09
-4.553225334e-08
-1.960077894e-14
2.094146702e-14
2.46627851e-14
2.458184548e-14
2.452662853e-14
-3.027261909e-14
3.479897253e-14
-9.050019719e-15
3.397789528e-16
-1.533274017e-15
-3.070858719e-14
-9.44754197e-15
1.527058539e-14
-1.319291667e-14
-1.44676153e-15
-2.790725816e-15
-1.192567807e-14
-2.460865718e-14
2.066146567e-16
-6.475054496e-14
1.233983256e-12
-2.259393663e-13
1.878659453e-13
-4.245483744e-14
-6.558880405e-12
-1.023429221e-10
-4.797669515e-12
3.672049937e-12
-1.981207631e-12
-1.755850496e-10
-1.592437136e-10
-5.967872559e-12
-2.061360768e-11
-2.034298796e-09
-2.088808113e-08
2.686931894e-09
-1.442698055e-09
2.164753435e-10
5.230021155e-09
-2.294689143e-08
-2.658777921e-07
-3.258109505e-07
1.645056344e-08
-9.296591088e-08
6.999316845e-07
2.016723852e-08
-1.028800776e-06
-4.537658735e-07
-3.643601293e-07
-4.319534794e-08
6.618812137e-08
-4.713434509e-07
-2.420332782e-08
-9.874282907e-08
1.243102923e-08
1.940841978e-08
-8.305608303e-08
-3.580266347e-07
-3.32902813e-09
2.203805872e-08
2.760226181e-08
-1.0234188e-08
4.519667508e-08
2.508765202e-08
-7.599167875e-09
2.066581972e-08
-9.595879145e-09
1.951083083e-08
6.124879463e-09
-8.560069681e-09
3.108730347e-09
1.739955581e-08
1.151087641e-08
8.316011936e-10
1.936837931e-08
1.042426326e-08
2.282994078e-09
4.505240033e-09
7.633581667e-09
4.744629942e-08
2.625341688e-08
-6.969761453e-09
-6.89779819e-09
3.214400203e-08
-1.716240428e-07
4.77179433e-08
2.659865969e-08
2.70271752e-08
5.10254934e-08
-6.925528891e-07
-1.900573703e-07
2.772643228e-08
4.237345424e-08
-1.904534599e-07
-6.953281711e-07
6.942617015e-07
-8.602857414e-08
-2.113635392e-07
9.695782996e-08
-7.929048226e-09
-1.319094991e-09
-1.013970991e-08
-1.573703681e-07
-2.114868255e-06
-1.646997774e-05
-7.740100666e-08
-6.533390982e-07
-7.619435146e-06
-8.370216651e-05
-0.0005911502211
-2.573216839e-07
-2.574789848e-06
-3.247364257e-05
-0.0002812152471
-0.001343986657
-2.973225242e-07
-3.666825214e-07
-2.686140855e-05
-0.0003501068077
-0.001597585357
-1.807963282e-06
-7.444767941e-06
-7.697391251e-05
-0.0004642673696
-0.001141476174
-6.394031722e-06
-4.695404594e-05
-0.0002672824777
-0.0006913031056
-0.001161043505
-1.288152008e-06
-4.090504378e-05
-0.0002115281208
-0.00076822515
-0.00106838486
2.471872426e-05
6.493469182e-05
2.61924588e-05
-0.0002599631804
-0.0005812969016
6.205333567e-05
0.0001640691072
0.0002858445376
0.0004091570991
0.0003612274927
2.62054658e-05
0.000131142046
0.0003358181647
0.0004423685612
0.0007914320646
-4.288925453e-05
-0.0001257272095
-1.627655652e-05
0.0003502208117
0.0008904892262
-0.001024122053
-0.0007581483455
-0.0004333932489
-0.0001358372756
0.0003993019877
-0.0003089528592
-4.859652809e-05
0.0002150335911
0.0003983660898
0.0004719212351
0.0006050874984
0.0007727586469
0.001250290852
0.001481479377
0.00135844918
0.001554143857
0.001610445698
0.002012773587
0.001966130775
0.001743840939
0.002156050973
0.002158242713
0.00258422132
0.003076197478
0.003612423423
0.001431526533
0.001911366907
0.003011867646
0.0047478888
0.006635732219
0.005382247065
0.006656033803
0.009218018388
0.01292867119
0.01771675879
0.01222874338
0.01443281526
0.01913514148
0.02681834676
0.03812781728
0.01857670876
0.02157067605
0.02744562174
0.03660301833
0.04919661034
0.02409094992
0.0266564408
0.03191333961
0.03889373366
0.04653936804
0.02802542026
0.02930582044
0.03191708793
0.03472853804
0.03738409176
0.02709221472
0.02759876967
0.02819434604
0.02876970703
0.02911902855
0.02485632971
0.02498545269
0.02502605374
0.02495829665
0.02449907645
0.02355368423
0.02355631961
0.02335346391
0.02299630227
0.02268648697
0.02244943793
0.02236929372
0.02221327488
0.0219046183
0.02156849611
0.02094169403
0.02089642991
0.02071635368
0.02043139848
0.02014235826
0.01839250332
0.01826363869
0.01812992362
0.01786693609
0.01750986706
0.01497802893
0.01488836044
0.01476318695
0.01453250059
0.01421797936
0.0114767326
0.01143902078
0.01132135499
0.0111386076
0.01091119051
0.008449076791
0.008404507842
0.008325558048
0.008189362933
0.008025046869
0.006024415344
0.006000921737
0.005940409287
0.005852332532
0.00572237017
0.004193057494
0.004171875519
0.004133389
0.004075353982
0.003990455168
0.002829736975
0.002818551913
0.002795268032
0.002756265462
0.002702380751
0.001846245209
0.001839798467
0.001824745637
0.00180113407
0.001770329119
0.001159372296
0.001155379364
0.001146508818
0.001133414786
0.001114345005
0.0006995472951
0.0006977310899
0.0006928105591
0.0006852391579
0.0006750356724
0.0004059450627
0.0004050473149
0.0004024233906
0.0003984706502
0.0003928722202
0.000226507576
0.0002258515094
0.0002246141441
0.0002226267974
0.0002199194878
0.0001210391364
0.0001208632048
0.0001202743684
0.0001192456885
0.000117979457
6.192590232e-05
6.184270578e-05
6.157290739e-05
6.112266492e-05
6.052368336e-05
3.020840445e-05
3.017022372e-05
3.00592294e-05
2.987311323e-05
2.960770237e-05
1.400419979e-05
1.399708093e-05
1.395499417e-05
1.38806535e-05
1.37752951e-05
6.162128557e-06
6.159908458e-06
6.146309078e-06
6.120162418e-06
6.081808586e-06
2.567818454e-06
2.568186034e-06
2.564486432e-06
2.556211371e-06
2.544458876e-06
1.012770336e-06
1.013167351e-06
1.012582015e-06
1.010538414e-06
1.007579678e-06
3.77677116e-07
3.780349742e-07
3.781424363e-07
3.778407626e-07
3.773075257e-07
1.332193377e-07
1.334081742e-07
1.335862449e-07
1.336485271e-07
1.336643081e-07
4.442265143e-08
4.450659759e-08
4.46012216e-08
4.468187633e-08
4.476195037e-08
1.397926059e-08
1.401420546e-08
1.406148067e-08
1.41039776e-08
1.416100968e-08
3.896292926e-09
3.912233789e-09
3.899862828e-09
3.919097365e-09
3.952487481e-09
1.166138227e-09
1.172178318e-09
1.110989845e-09
1.120907852e-09
1.131393484e-09
2.837712733e-10
2.854077346e-10
2.876654115e-10
2.903604618e-10
2.936022246e-10
6.662996926e-11
6.697177391e-11
6.752521135e-11
6.81937107e-11
6.90117153e-11
1.308509981e-11
1.318250131e-11
1.334665842e-11
1.355986985e-11
1.383092424e-11
2.232142716e-12
2.255936281e-12
2.298783406e-12
2.357336238e-12
2.435718828e-12
2.479987537e-13
2.516754808e-13
2.581282386e-13
2.669686916e-13
2.793819639e-13
-1.231497155e-15
-8.867728026e-16
-3.529628614e-16
4.209445763e-16
2.091425949e-15
-4.124963842e-16
-3.839192024e-16
-4.770460693e-16
7.267057804e-16
1.049148329e-15
9.873270317e-16
9.793423542e-16
9.65206e-16
1.365219245e-15
-6.238240634e-16
3.234053999e-15
3.238168124e-15
3.196238363e-15
3.104960228e-15
2.529614908e-15
-4.243748301e-15
-4.585772809e-15
-5.290240143e-15
-6.224578896e-15
-7.227096859e-15
-6.29393886e-14
-6.332680786e-14
-6.384297848e-14
-6.344163148e-14
-6.09218657e-14
-8.83247733e-14
-8.769930642e-14
-8.587246003e-14
-8.203575496e-14
-7.407934772e-14
-9.625258835e-14
-9.52981624e-14
-9.279789851e-14
-8.818158945e-14
-7.96159591e-14
-4.755025626e-14
-4.668950264e-14
-4.487094894e-14
-4.250773421e-14
-3.92216958e-14
-6.297183947e-14
-6.459789794e-14
-6.727794618e-14
-6.998931596e-14
-7.216019044e-14
-3.23018374e-14
-3.2238976e-14
-3.214804737e-14
-3.20266082e-14
-3.229125471e-14
1.452913236e-14
1.392535381e-14
1.262574167e-14
1.073079628e-14
8.334758967e-15
2.487521025e-14
2.470427482e-14
2.443218587e-14
2.415871448e-14
2.381020211e-14
-5.021266083e-05
-0.0002300128565
-0.001818746974
-0.001417027405
-0.001529782109
-0.001013597976
-0.001474673867
-0.0006930554566
0.0004350326087
0.0008915262816
0.001117895174
0.0006391293895
0.001864926403
0.001657497059
0.002327560917
0.001270535175
0.008972168124
0.02124638413
0.04964585127
0.05979566926
0.05235125561
0.03890014751
0.0289014423
0.02447073206
0.02171587688
0.02116465279
0.01963666444
0.01730087919
0.01405345486
0.01071039578
0.007874082671
0.005675807862
0.003952254111
0.002681651554
0.001749508095
0.001104762424
0.000669241948
0.0003904795929
0.0002180603085
0.0001172127397
6.025523655e-05
2.953494558e-05
1.376344511e-05
6.084814275e-06
2.547112375e-06
1.00941592e-06
3.787439431e-07
1.344421253e-07
4.511079788e-08
1.428608374e-08
4.03369642e-09
1.146306201e-09
2.982463035e-10
7.02132183e-11
1.419083019e-11
2.533778703e-12
3.04481493e-13
5.248395128e-15
1.569322237e-15
-2.838295065e-15
1.046009173e-15
-7.808018182e-15
-5.635456571e-14
-6.446236354e-14
-6.975104692e-14
-3.606741176e-14
-7.129034202e-14
-3.194696877e-14
6.511374184e-15
2.35513562e-14
-2.391482223e-05
-1.598271074e-05
-3.980568558e-09
-7.937843133e-08
-3.853709408e-09
-0.001534364852
-0.003966043851
-2.065753015e-05
-8.867822412e-06
-6.421036335e-07
-0.003345620638
-0.003837046706
0.002277836567
5.64712508e-06
-4.072247181e-08
-0.003083166964
-0.001968676439
0.01075807155
0.0001862377739
2.600932809e-05
-0.001694885241
-0.008008534528
-0.3101063611
-0.009024675318
0.0001673201688
-0.001379399109
6.514190257e-05
-0.01285965661
-0.001282719776
-0.0001593178886
-0.001992657143
-0.002042893225
0.006592603534
-0.0001372307981
0.000375457589
-0.0005087849475
0.0004259614412
0.02787422633
0.01784954968
0.002244901951
0.0008547110757
0.002465679608
-0.001831537718
-0.4422308115
-0.005814075338
0.0009662697829
-0.0007025820876
0.002739680904
0.04805113966
0.009383853694
0.001315066707
0.0002407116935
0.001845407123
-0.154097173
-0.001338927145
0.001058045613
0.001001911908
0.001412318918
0.005535936809
0.02819017568
0.001390881914
0.00179967319
-4.081066347e-05
0.005218846476
-0.005276018401
0.001392238406
0.002521422551
0.002035096839
0.0003740371318
-0.002030723543
0.002225989823
0.003716147207
0.00367290768
0.001821519914
0.3084816096
0.002897913232
0.002591774458
0.003558832252
-0.001941257797
0.2134296831
0.009015502039
0.0084458474
0.001746616821
-0.009140870376
0.1151337697
0.02610679998
0.03388411798
0.03809384283
0.02777460473
0.03510005724
0.06474276493
0.09998501015
0.1432136954
0.1580613405
-0.1055913986
0.07589343002
0.1071161638
0.1472076623
0.1740338788
-0.3232203343
0.06068979036
0.07177592489
0.07871392235
0.08031077452
0.04210057865
0.04168615933
0.04273518511
0.03985880497
0.03209125231
0.01676493425
0.02950005131
0.02798665481
0.02417835873
0.01865125704
0.01208512493
0.02372780265
0.02206085952
0.01954392157
0.01650152164
0.01342494361
0.02168221088
0.02041288247
0.01880998848
0.01699705702
0.01516013669
0.02076371194
0.01977908688
0.018580682
0.01720915463
0.01572319133
0.01940809088
0.01853401045
0.01747033567
0.01621411301
0.01481930485
0.0169331987
0.01619436519
0.01522677986
0.01408689775
0.01281540064
0.01377035999
0.01316769071
0.01235743076
0.01139353879
0.01033347048
0.01056957354
0.01010995122
0.009482075498
0.008736248192
0.007919504028
0.007786026442
0.007457693271
0.007003130122
0.006462209181
0.005870510278
0.005571747119
0.005351482419
0.005037564549
0.004661530919
0.004250138634
0.003893238934
0.003747782518
0.003538246734
0.003284913637
0.003006517091
0.002643432779
0.00255243735
0.002416312383
0.002251122594
0.002067098613
0.001735678633
0.001680181508
0.001595792353
0.001490967397
0.001373619477
0.001096672754
0.001065345125
0.001014811277
0.0009511580398
0.0008788910627
0.0006664950333
0.000649527844
0.0006207772308
0.0005834909921
0.0005408568768
0.0003893779217
0.0003808046057
0.0003650428217
0.0003441755853
0.0003199087182
0.0002186470725
0.0002145102624
0.00020623751
0.000195010383
0.0001817410429
0.0001177273352
0.0001158947239
0.0001117584364
0.0001059477475
9.899375316e-05
6.063830591e-05
5.990195255e-05
5.79348562e-05
5.505874145e-05
5.156720234e-05
2.97889183e-05
2.953546105e-05
2.864768849e-05
2.729440407e-05
2.562051202e-05
1.392042147e-05
1.385428525e-05
1.347745617e-05
1.287369611e-05
1.211065541e-05
6.174147555e-06
6.169142907e-06
6.019925787e-06
5.764920246e-06
5.43575979e-06
2.595245126e-06
2.603694782e-06
2.548845783e-06
2.447431235e-06
2.313131839e-06
1.032509557e-06
1.040497867e-06
1.021979721e-06
9.840838118e-07
9.323566532e-07
3.889009787e-07
3.937217706e-07
3.879177514e-07
3.745574996e-07
3.557884393e-07
1.384947069e-07
1.40808922e-07
1.392705355e-07
1.348998239e-07
1.284960816e-07
4.664223622e-08
4.765405198e-08
4.732511233e-08
4.599292743e-08
4.381012319e-08
1.485713786e-08
1.507805854e-08
1.506344691e-08
1.482818609e-08
1.419623802e-08
4.331524971e-09
4.460737787e-09
4.481537718e-09
4.318380891e-09
4.154914468e-09
1.202874154e-09
1.24884825e-09
1.255325029e-09
1.232713866e-09
1.187652155e-09
3.147233502e-10
3.289219698e-10
3.32070914e-10
3.269581576e-10
3.160180347e-10
7.453489674e-11
7.847468023e-11
7.996741273e-11
7.937837572e-11
7.676667641e-11
1.53295026e-11
1.64623072e-11
1.698638575e-11
1.702379334e-11
1.662885004e-11
2.801654717e-12
3.078255976e-12
3.219651798e-12
3.254867912e-12
3.216681904e-12
3.434742269e-13
3.939654308e-13
4.182402515e-13
4.246113345e-13
4.208450574e-13
7.877050611e-15
1.246105828e-14
1.470553372e-14
1.523299206e-14
1.501622996e-14
1.125905462e-15
-4.596754702e-16
-2.5201388e-17
-1.494043273e-16
7.415527101e-16
5.944285911e-17
-1.273050726e-15
-1.343800357e-15
-1.275319874e-15
7.449595994e-15
3.370097124e-15
3.354456517e-15
-1.364086918e-15
-9.119157926e-16
-5.350123243e-16
-8.544457633e-15
-8.610952757e-15
-7.271898184e-15
-4.41135826e-15
-1.739806162e-15
-4.635680931e-14
-2.15663762e-14
-7.087446848e-15
2.95070483e-15
-4.866452096e-15
-5.446254325e-14
-3.088513068e-14
-9.834097749e-15
2.485345239e-15
2.515847068e-15
-5.992382899e-14
-3.804857142e-14
-1.887261615e-14
-6.164697105e-15
-3.747929768e-15
-3.903564979e-14
-4.443417121e-14
-5.341101507e-14
-6.243218875e-14
-7.20239303e-14
-7.947282745e-14
-8.066674884e-14
-6.10985428e-14
-6.149197663e-14
-6.119006646e-14
-3.196392883e-14
-3.251402218e-14
-3.651130449e-14
-3.728352284e-14
-3.726132873e-14
3.553349348e-15
5.566810356e-16
4.621560941e-16
2.102154926e-15
2.759472973e-15
2.365157257e-14
1.869219375e-14
-3.946524739e-15
-1.1254822e-15
-9.781488141e-15
-1.910686049e-09
2.037360891e-10
2.327847161e-11
-1.552181991e-11
-9.178806219e-12
9.604935851e-13
-8.350323228e-15
-2.813778807e-16
-3.330715599e-16
-3.342257775e-16
-3.344776258e-16
-3.346867248e-16
-3.348786253e-16
-3.350598799e-16
-3.354763367e-16
-3.329873364e-16
-3.331926156e-16
-3.359137627e-16
-3.357715403e-16
-3.358635686e-16
-3.359386657e-16
-3.359921454e-16
-3.360267032e-16
-3.360403715e-16
-3.360410459e-16
-3.360315282e-16
-3.360158581e-16
-3.35996371e-16
-3.359766039e-16
-3.359595414e-16
-3.359475939e-16
-3.359429371e-16
-3.35946241e-16
-3.359578759e-16
-3.359776306e-16
-3.360052322e-16
-3.36039554e-16
-3.360795309e-16
-3.361239758e-16
-3.361713905e-16
-3.362206297e-16
-3.362708563e-16
-3.363211835e-16
-3.363706858e-16
-3.364185774e-16
-3.364642809e-16
-3.36507309e-16
-3.36547557e-16
-3.365847713e-16
-3.366190143e-16
-3.366501789e-16
-3.366783613e-16
-3.367037034e-16
-3.367264524e-16
-3.367468519e-16
-3.367656492e-16
-3.36788576e-16
-3.368761924e-16
-3.372193216e-16
-3.37618805e-16
-1.226145666e-07
-3.241437233e-09
-3.086522468e-10
2.269167193e-11
8.36928058e-12
5.522892031e-12
5.214347262e-12
-2.301139043e-16
-2.330973551e-16
-2.333065234e-16
-2.334526598e-16
-2.335860427e-16
-2.337085942e-16
-2.338331761e-16
-2.342849727e-16
-2.322810039e-16
-2.326967274e-16
-2.343879138e-16
-2.341392367e-16
-2.341833533e-16
-2.342367242e-16
-2.3428473e-16
-2.343288622e-16
-2.343630133e-16
-2.343890643e-16
-2.344032471e-16
-2.343973174e-16
-2.343657639e-16
-2.343217266e-16
-2.342816537e-16
-2.342481792e-16
-2.342231852e-16
-2.342078559e-16
-2.342014838e-16
-2.342043103e-16
-2.342156911e-16
-2.34234144e-16
-2.342591489e-16
-2.342892443e-16
-2.343226103e-16
-2.343582953e-16
-2.343953577e-16
-2.344326153e-16
-2.344692264e-16
-2.345046653e-16
-2.345381335e-16
-2.345693066e-16
-2.345974522e-16
-2.346224487e-16
-2.346443756e-16
-2.346631652e-16
-2.346789606e-16
-2.346914609e-16
-2.347020716e-16
-2.347123825e-16
-2.347231634e-16
-2.347395649e-16
-2.347770825e-16
-2.347589687e-16
-2.346712175e-16
-2.820765592e-07
-2.352614698e-07
-1.544489912e-08
-9.486137418e-10
-1.06485238e-10
1.222382444e-11
4.30513282e-11
4.186107746e-11
2.809881661e-11
-2.287433237e-16
-2.289060452e-16
-2.29053315e-16
-2.291862487e-16
-2.293343502e-16
-2.298997915e-16
-2.270502024e-16
-2.279680128e-16
-2.300369144e-16
-2.298251659e-16
-2.299021759e-16
-2.299866819e-16
-2.300688383e-16
-2.301465363e-16
-2.302174672e-16
-2.302827482e-16
-2.303390602e-16
-2.303864764e-16
-2.304235197e-16
-2.304473685e-16
-2.304568548e-16
-2.304416237e-16
-2.304123899e-16
-2.303917742e-16
-2.303798845e-16
-2.303762513e-16
-2.303809198e-16
-2.303927108e-16
-2.304105649e-16
-2.304329057e-16
-2.304587224e-16
-2.304867386e-16
-2.305157993e-16
-2.30545127e-16
-2.305735141e-16
-2.306000642e-16
-2.306247097e-16
-2.30646491e-16
-2.306657908e-16
-2.306803034e-16
-2.306909462e-16
-2.307014895e-16
-2.307119353e-16
-2.307222533e-16
-2.307324835e-16
-2.307429448e-16
-2.307558919e-16
-2.307833936e-16
-2.308590116e-16
-2.30983217e-16
-2.310569113e-16
2.056171594e-06
-2.014499255e-06
-9.680327577e-08
8.275691657e-09
1.089135477e-09
4.057229798e-10
4.467661079e-10
3.886557509e-10
2.712701671e-10
1.545031926e-10
7.063585771e-11
-2.280358734e-16
-2.283669975e-16
-2.286979144e-16
-2.295525453e-16
-2.259452814e-16
-2.273660053e-16
-2.297431324e-16
-2.295208676e-16
-2.29617908e-16
-2.297195291e-16
-2.298135919e-16
-2.299019958e-16
-2.299846608e-16
-2.300621642e-16
-2.301330908e-16
-2.301984476e-16
-2.302574465e-16
-2.303102149e-16
-2.303561823e-16
-2.303935554e-16
-2.304197115e-16
-2.304353017e-16
-2.304316811e-16
-2.304196796e-16
-2.304158707e-16
-2.304190532e-16
-2.304278152e-16
-2.304411673e-16
-2.304572968e-16
-2.304755158e-16
-2.304945632e-16
-2.305130075e-16
-2.305310228e-16
-2.305457922e-16
-2.305562758e-16
-2.305660663e-16
-2.305760872e-16
-2.305863076e-16
-2.305967217e-16
-2.306072409e-16
-2.306177809e-16
-2.306282787e-16
-2.306387923e-16
-2.306501501e-16
-2.306663657e-16
-2.307026293e-16
-2.307887096e-16
-2.309119949e-16
-2.309782558e-16
-1.214872678e-05
-8.360558748e-06
-5.356500407e-06
-3.02183704e-07
-1.131768401e-09
3.430699186e-09
3.166270733e-09
2.435743981e-09
1.614720762e-09
9.316008096e-10
4.646551612e-10
1.932010455e-10
6.328084748e-11
-2.282294631e-16
-2.293826151e-16
-2.248675761e-16
-2.26813879e-16
-2.296205088e-16
-2.293680082e-16
-2.294902553e-16
-2.296119243e-16
-2.297216006e-16
-2.298222342e-16
-2.299145432e-16
-2.299994991e-16
-2.300769155e-16
-2.301468849e-16
-2.302094186e-16
-2.302645453e-16
-2.303124688e-16
-2.303530063e-16
-2.30386799e-16
-2.304145644e-16
-2.304369472e-16
-2.304545636e-16
-2.304683175e-16
-2.304794295e-16
-2.304886851e-16
-2.304974119e-16
-2.305058178e-16
-2.305141854e-16
-2.305225102e-16
-2.305310807e-16
-2.305398473e-16
-2.305488436e-16
-2.305582362e-16
-2.305681457e-16
-2.305784393e-16
-2.305889467e-16
-2.305996104e-16
-2.306103857e-16
-2.306211998e-16
-2.306320254e-16
-2.306431282e-16
-2.306558963e-16
-2.306758367e-16
-2.307199926e-16
-2.308106752e-16
-2.309252742e-16
-2.309793625e-16
-2.567793659e-05
-8.728785981e-06
-1.299015669e-05
-4.666101373e-06
-1.36681827e-07
2.559660001e-08
1.610111546e-08
9.981868628e-09
6.139086832e-09
3.45397957e-09
1.731448848e-09
7.588923367e-10
2.781264633e-10
7.574759214e-11
-2.292812118e-16
-2.236778826e-16
-2.261414899e-16
-2.294808102e-16
-2.291772624e-16
-2.293340609e-16
-2.294855455e-16
-2.296174563e-16
-2.297345017e-16
-2.298396416e-16
-2.299346818e-16
-2.300203155e-16
-2.300970513e-16
-2.301651852e-16
-2.302249335e-16
-2.30276668e-16
-2.303208348e-16
-2.303580267e-16
-2.30388998e-16
-2.304147347e-16
-2.30436006e-16
-2.304537195e-16
-2.304687548e-16
-2.304817054e-16
-2.304932277e-16
-2.305037268e-16
-2.305135445e-16
-2.305229803e-16
-2.305323554e-16
-2.305418917e-16
-2.305516326e-16
-2.305615665e-16
-2.30571768e-16
-2.3058234e-16
-2.30593243e-16
-2.306043023e-16
-2.306153885e-16
-2.306264942e-16
-2.30637698e-16
-2.306495225e-16
-2.306640544e-16
-2.306883142e-16
-2.307392855e-16
-2.308317458e-16
-2.309382154e-16
-2.309818733e-16
2.254091059e-06
-5.342605395e-06
-1.405807605e-05
-1.922169883e-05
-3.105035989e-06
3.238748671e-08
4.467661536e-08
2.647137953e-08
1.618296018e-08
9.202060874e-09
4.694822211e-09
2.119073737e-09
8.288499108e-10
2.637155464e-10
4.893855934e-11
-2.225687873e-16
-2.254762778e-16
-2.293380136e-16
-2.28962583e-16
-2.291540464e-16
-2.293413927e-16
-2.295013374e-16
-2.296393302e-16
-2.297603761e-16
-2.29867767e-16
-2.299633595e-16
-2.300482556e-16
-2.301231727e-16
-2.3018871e-16
-2.302454852e-16
-2.302941369e-16
-2.303354269e-16
-2.303701811e-16
-2.303993255e-16
-2.304237335e-16
-2.304442651e-16
-2.30461709e-16
-2.30476742e-16
-2.304899769e-16
-2.305019084e-16
-2.305129385e-16
-2.30523411e-16
-2.305336273e-16
-2.305438302e-16
-2.305541996e-16
-2.305647866e-16
-2.305755494e-16
-2.305864544e-16
-2.30597568e-16
-2.306089093e-16
-2.306203952e-16
-2.306319072e-16
-2.306436002e-16
-2.306563106e-16
-2.306728789e-16
-2.307016448e-16
-2.307580045e-16
-2.308505504e-16
-2.309498298e-16
-2.309836383e-16
0.000181119009
1.033537958e-05
-1.205919498e-05
-2.68830548e-05
-1.91331815e-05
-3.057302492e-07
2.088951376e-07
8.04519049e-08
4.217704962e-08
2.322523081e-08
1.179554162e-08
5.33772276e-09
2.119517195e-09
7.201658512e-10
1.924715418e-10
-2.216047257e-16
-2.248933451e-16
-2.292099332e-16
-2.287497539e-16
-2.289653245e-16
-2.291864227e-16
-2.293764976e-16
-2.29538586e-16
-2.296781452e-16
-2.297998159e-16
-2.29906663e-16
-2.300006769e-16
-2.300831297e-16
-2.3015502e-16
-2.302172291e-16
-2.30270588e-16
-2.303159923e-16
-2.303543579e-16
-2.303866444e-16
-2.304137848e-16
-2.304366675e-16
-2.304561133e-16
-2.304728487e-16
-2.304875247e-16
-2.305006805e-16
-2.305127654e-16
-2.305241463e-16
-2.305351456e-16
-2.305460036e-16
-2.30556899e-16
-2.305679543e-16
-2.305792265e-16
-2.3059066e-16
-2.306021714e-16
-2.306137306e-16
-2.306253959e-16
-2.306372634e-16
-2.306496154e-16
-2.306634827e-16
-2.30682442e-16
-2.307155158e-16
-2.30775957e-16
-2.308675287e-16
-2.309605163e-16
-2.309852861e-16
0.0007642985865
4.894255072e-05
-1.25750638e-05
-3.28264491e-05
-4.865126392e-05
-7.297109837e-06
1.364316342e-06
3.203401098e-07
1.211367194e-07
5.944535044e-08
2.889464694e-08
1.271292528e-08
4.956159251e-09
1.686813107e-09
4.796871463e-10
9.253574964e-11
-2.243610607e-16
-2.291056045e-16
-2.285528063e-16
-2.287810995e-16
-2.290293656e-16
-2.292476368e-16
-2.294345723e-16
-2.295942547e-16
-2.29731643e-16
-2.298506931e-16
-2.299544359e-16
-2.300447915e-16
-2.301232634e-16
-2.301910077e-16
-2.302490802e-16
-2.302985181e-16
-2.303403453e-16
-2.303755913e-16
-2.304052581e-16
-2.304302863e-16
-2.304515486e-16
-2.304698197e-16
-2.304857936e-16
-2.305000511e-16
-2.305130808e-16
-2.305252739e-16
-2.305369721e-16
-2.305484365e-16
-2.305598565e-16
-2.305713475e-16
-2.305829779e-16
-2.305947843e-16
-2.306067264e-16
-2.306187277e-16
-2.306307628e-16
-2.306429955e-16
-2.306559037e-16
-2.306710358e-16
-2.306926882e-16
-2.307296607e-16
-2.307931276e-16
-2.308830508e-16
-2.309704436e-16
-2.309864617e-16
-0.0002879504773
-5.517645336e-05
-1.214829635e-05
-3.76619184e-05
-7.528676462e-05
-4.170332037e-05
7.506826417e-06
1.375301976e-06
3.420048993e-07
1.429896829e-07
6.512905899e-08
2.757527013e-08
1.042732032e-08
3.478411683e-09
1.00293545e-09
2.294601778e-10
-2.238089141e-16
-2.290136888e-16
-2.2835968e-16
-2.285950967e-16
-2.288671749e-16
-2.291123315e-16
-2.293251744e-16
-2.295072984e-16
-2.29662504e-16
-2.297951988e-16
-2.299093506e-16
-2.300079435e-16
-2.300930423e-16
-2.301663301e-16
-2.302290741e-16
-2.302824834e-16
-2.303276865e-16
-2.303657835e-16
-2.303978641e-16
-2.304249152e-16
-2.304478753e-16
-2.304675714e-16
-2.304847403e-16
-2.30500005e-16
-2.305138897e-16
-2.305268137e-16
-2.305391389e-16
-2.305511441e-16
-2.305630356e-16
-2.305749451e-16
-2.305869404e-16
-2.305990496e-16
-2.306112749e-16
-2.306236129e-16
-2.306360593e-16
-2.306487976e-16
-2.306624383e-16
-2.306790108e-16
-2.307034328e-16
-2.307439813e-16
-2.308096534e-16
-2.308974742e-16
-2.30979803e-16
-2.309876959e-16
-0.0005518172637
0.00227981489
-3.926546164e-05
-3.344303812e-05
-9.405662652e-05
-0.0001179631107
1.610401689e-05
5.312279396e-06
9.277144718e-07
3.334321932e-07
1.3882058e-07
5.514598826e-08
1.980769787e-08
6.34465684e-09
1.799135397e-09
4.274630367e-10
4.553894791e-11
-2.289287566e-16
-2.281671795e-16
-2.284048916e-16
-2.28696946e-16
-2.289666872e-16
-2.292058449e-16
-2.294123517e-16
-2.295878309e-16
-2.29736474e-16
-2.298628252e-16
-2.29970896e-16
-2.30063478e-16
-2.301428e-16
-2.302104696e-16
-2.302679113e-16
-2.303164059e-16
-2.30357208e-16
-2.303914817e-16
-2.304204305e-16
-2.304449951e-16
-2.304660382e-16
-2.304843161e-16
-2.305005079e-16
-2.305151716e-16
-2.305287555e-16
-2.305416424e-16
-2.305541302e-16
-2.305664415e-16
-2.305787225e-16
-2.305910559e-16
-2.306034765e-16
-2.306159844e-16
-2.306285819e-16
-2.306413546e-16
-2.306546271e-16
-2.306692539e-16
-2.30687586e-16
-2.307147158e-16
-2.307584603e-16
-2.308256885e-16
-2.309112048e-16
-2.30988922e-16
-2.309891281e-16
-0.01793050032
-0.0007539292707
-1.130512182e-05
-3.40153347e-05
-0.0001242127122
-0.0002166151277
-1.803122721e-05
2.463583494e-05
3.877684707e-06
9.537377048e-07
3.175561955e-07
1.102077314e-07
3.597923564e-08
1.075935313e-08
2.921090257e-09
6.972494533e-10
1.153869833e-10
-2.288542967e-16
-2.279928301e-16
-2.282251388e-16
-2.285292389e-16
-2.288174489e-16
-2.290788097e-16
-2.29308339e-16
-2.295054087e-16
-2.296723479e-16
-2.298131277e-16
-2.29932186e-16
-2.300331429e-16
-2.301189274e-16
-2.301917487e-16
-2.302533912e-16
-2.303053982e-16
-2.303491021e-16
-2.303857711e-16
-2.30416661e-16
-2.30442787e-16
-2.304651145e-16
-2.30484451e-16
-2.305015098e-16
-2.305168899e-16
-2.305310725e-16
-2.305444634e-16
-2.305573811e-16
-2.30570065e-16
-2.30582676e-16
-2.305953094e-16
-2.306080107e-16
-2.306207946e-16
-2.306336897e-16
-2.306468524e-16
-2.306606964e-16
-2.30676361e-16
-2.306965911e-16
-2.307263898e-16
-2.307729196e-16
-2.308410914e-16
-2.309241593e-16
-2.30997689e-16
-2.309905425e-16
0.0008870546666
2.211237499e-05
-1.003841936e-05
-3.971078468e-05
-0.0001805306431
-0.0003555319844
-0.0001432231575
8.487939347e-05
1.145212043e-05
2.638616415e-06
7.084216488e-07
2.053378159e-07
5.883920671e-08
1.607131371e-08
4.136019413e-09
9.816145244e-10
1.868905821e-10
-2.287923451e-16
-2.278606572e-16
-2.280797909e-16
-2.28384776e-16
-2.28681062e-16
-2.289564385e-16
-2.292040291e-16
-2.294203008e-16
-2.296051113e-16
-2.297610406e-16
-2.298920948e-16
-2.300023317e-16
-2.300952595e-16
-2.301736432e-16
-2.302396816e-16
-2.302951982e-16
-2.303417487e-16
-2.303807744e-16
-2.304135551e-16
-2.304412142e-16
-2.304647679e-16
-2.304850988e-16
-2.305029651e-16
-2.305190047e-16
-2.305337315e-16
-2.305475749e-16
-2.305608751e-16
-2.305738888e-16
-2.305867922e-16
-2.305996933e-16
-2.306126501e-16
-2.306256933e-16
-2.306388962e-16
-2.306525076e-16
-2.306670418e-16
-2.306838822e-16
-2.307060257e-16
-2.307384126e-16
-2.307873471e-16
-2.30855953e-16
-2.309364605e-16
-2.310061471e-16
-2.309917576e-16
-0.0008752787005
-0.0002181769609
-0.002076130013
-9.430601078e-07
-0.0002736873338
-0.0005925813688
-0.000402180773
0.0001620264159
4.743253186e-05
7.7493304e-06
1.563674589e-06
3.700128732e-07
9.10347898e-08
2.219640002e-08
5.333149929e-09
1.247427466e-09
2.545633344e-10
-2.287481181e-16
-2.277937183e-16
-2.279939568e-16
-2.282868622e-16
-2.285778455e-16
-2.288549998e-16
-2.29110695e-16
-2.29339345e-16
-2.295382642e-16
-2.297078679e-16
-2.298508029e-16
-2.299707132e-16
-2.300712578e-16
-2.301555858e-16
-2.302262806e-16
-2.302854731e-16
-2.303349654e-16
-2.303763443e-16
-2.304109972e-16
-2.304401565e-16
-2.304649043e-16
-2.304861885e-16
-2.305048172e-16
-2.305214697e-16
-2.305366945e-16
-2.305509458e-16
-2.305645866e-16
-2.305778917e-16
-2.305910534e-16
-2.306041937e-16
-2.306173851e-16
-2.306306794e-16
-2.306442099e-16
-2.306583334e-16
-2.306736659e-16
-2.306918376e-16
-2.307159509e-16
-2.307508314e-16
-2.308018632e-16
-2.308705976e-16
-2.309485538e-16
-2.310146201e-16
-2.309932394e-16
-0.001642512625
-0.0004486372044
-9.97464966e-05
-5.150307298e-05
-0.0004667169667
-0.001024517674
-0.0007538059927
0.0002022567638
0.0001321945819
2.396106333e-05
3.621212816e-06
6.366206253e-07
1.26704779e-07
2.697908042e-08
6.067944269e-09
1.4157782e-09
3.055304353e-10
5.13164879e-12
-2.278006858e-16
-2.279800091e-16
-2.282499763e-16
-2.28523055e-16
-2.287891116e-16
-2.290410386e-16
-2.292724145e-16
-2.294786392e-16
-2.296578048e-16
-2.298105775e-16
-2.299393768e-16
-2.300473741e-16
-2.301377134e-16
-2.302131782e-16
-2.302761432e-16
-2.303286242e-16
-2.303723693e-16
-2.30408895e-16
-2.304395364e-16
-2.304654544e-16
-2.304876599e-16
-2.305070148e-16
-2.305242413e-16
-2.305399247e-16
-2.305545453e-16
-2.305684894e-16
-2.305820514e-16
-2.305954403e-16
-2.306087937e-16
-2.306222022e-16
-2.306357467e-16
-2.306496301e-16
-2.306643181e-16
-2.306805158e-16
-2.307000817e-16
-2.307261844e-16
-2.307633816e-16
-2.308161114e-16
-2.308845951e-16
-2.30959975e-16
-2.310227109e-16
-2.309940838e-16
-0.00305628678
0.01601631012
0.0007207727028
-8.109500792e-05
-0.001000799765
-0.001898099434
-0.00118829654
0.0002343042869
0.0002932941353
6.745182593e-05
8.443320373e-06
1.042289595e-06
1.559522517e-07
2.834224903e-08
6.094585714e-09
1.463494821e-09
3.350718363e-10
3.2028692e-11
-2.278667462e-16
-2.280274336e-16
-2.282698929e-16
-2.285175679e-16
-2.287631606e-16
-2.290012685e-16
-2.292259614e-16
-2.294317674e-16
-2.296149499e-16
-2.297740939e-16
-2.299098967e-16
-2.300244576e-16
-2.301204477e-16
-2.302005598e-16
-2.302672628e-16
-2.30322719e-16
-2.303688202e-16
-2.304072053e-16
-2.304393078e-16
-2.304663705e-16
-2.304894672e-16
-2.305095161e-16
-2.305272826e-16
-2.305433904e-16
-2.305583462e-16
-2.305725618e-16
-2.305863512e-16
-2.305999422e-16
-2.306134905e-16
-2.306271097e-16
-2.306409186e-16
-2.306551966e-16
-2.306705089e-16
-2.306876746e-16
-2.307087163e-16
-2.307368065e-16
-2.307761275e-16
-2.308301976e-16
-2.308981364e-16
-2.309709249e-16
-2.31030568e-16
-2.309950185e-16
0.0006295672106
-3.981860802e-05
8.441150547e-05
-0.0001706068671
-0.002629362772
-0.003408084045
-0.001480558979
0.000297636637
0.0005827353496
0.0001565560102
1.759348738e-05
1.515681231e-06
1.664006774e-07
2.691204323e-08
5.904919355e-09
1.502767646e-09
3.588624281e-10
5.42629995e-11
-2.279526131e-16
-2.281029908e-16
-2.283234953e-16
-2.285475104e-16
-2.287706311e-16
-2.289900476e-16
-2.292016774e-16
-2.294006026e-16
-2.295823276e-16
-2.297438056e-16
-2.298840053e-16
-2.300036234e-16
-2.301044644e-16
-2.301888184e-16
-2.302590515e-16
-2.303173687e-16
-2.30365754e-16
-2.304059471e-16
-2.304394685e-16
-2.304676379e-16
-2.304915906e-16
-2.305122988e-16
-2.305305712e-16
-2.30547071e-16
-2.305623312e-16
-2.30576789e-16
-2.305907799e-16
-2.306045516e-16
-2.306182813e-16
-2.306321083e-16
-2.306462038e-16
-2.306609369e-16
-2.306769425e-16
-2.30695176e-16
-2.307177772e-16
-2.307478544e-16
-2.307891639e-16
-2.308443264e-16
-2.309115753e-16
-2.309817774e-16
-2.310383633e-16
-2.309951243e-16
0.01016019377
0.003583259492
0.0007170141868
-0.004145965205
-0.006155546829
-0.0046899432
-0.001149555462
0.000652418621
0.0006897716733
0.0002366220967
2.950561238e-05
1.97151738e-06
1.673054902e-07
2.647358652e-08
6.428034826e-09
1.728980978e-09
4.417343865e-10
8.457557481e-11
-2.28013715e-16
-2.281623305e-16
-2.283729964e-16
-2.285838948e-16
-2.287915926e-16
-2.289953381e-16
-2.291934901e-16
-2.293837166e-16
-2.295650367e-16
-2.297253539e-16
-2.29867064e-16
-2.299897353e-16
-2.300941297e-16
-2.301818995e-16
-2.302551206e-16
-2.303159205e-16
-2.303663085e-16
-2.304080892e-16
-2.304428509e-16
-2.304719777e-16
-2.304966597e-16
-2.305179173e-16
-2.305365999e-16
-2.305534055e-16
-2.305688936e-16
-2.305835258e-16
-2.305976584e-16
-2.306115605e-16
-2.306254318e-16
-2.306394403e-16
-2.306538167e-16
-2.306690192e-16
-2.306857175e-16
-2.307049917e-16
-2.307290208e-16
-2.307607522e-16
-2.308034675e-16
-2.308589931e-16
-2.309248618e-16
-2.309922935e-16
-2.310460267e-16
-2.30995567e-16
0.04842728829
0.0155957984
0.004578440519
-0.01053416928
-0.009991099698
-0.004338164846
-0.0002633763177
0.0008837318344
0.0006498191794
0.0002251190983
4.122974246e-05
3.613400219e-06
3.266762093e-07
4.703151883e-08
9.745824485e-09
2.417711492e-09
6.046146744e-10
1.305499053e-10
-2.280294528e-16
-2.281773768e-16
-2.283869852e-16
-2.28596788e-16
-2.288021928e-16
-2.290058307e-16
-2.292074088e-16
-2.295025752e-16
-2.293604068e-16
-2.295281422e-16
-2.29678016e-16
-2.298109791e-16
-2.299256027e-16
-2.30022749e-16
-2.30104165e-16
-2.301719419e-16
-2.302281987e-16
-2.30274898e-16
-2.303137813e-16
-2.30346367e-16
-2.303739574e-16
-2.303976672e-16
-2.304184247e-16
-2.304369948e-16
-2.304539921e-16
-2.304699274e-16
-2.30485203e-16
-2.305001359e-16
-2.305149826e-16
-2.305299921e-16
-2.305455421e-16
-2.30562419e-16
-2.305815224e-16
-2.306044889e-16
-2.306343382e-16
-2.306748695e-16
-2.307300164e-16
-2.308015781e-16
-2.308858914e-16
-2.309713219e-16
-2.310392843e-16
-2.309874962e-16
0.0298998145
-0.08289049795
-0.03801863398
-0.01821467636
-0.008364704946
-0.002095171754
0.0004846074973
0.0009133559121
0.0006066453135
0.000272140382
8.003185909e-05
1.225112361e-05
1.139193491e-06
1.234227941e-07
1.929977436e-08
4.01955712e-09
9.396530996e-10
2.098517848e-10
-2.280120717e-16
-2.281502753e-16
-2.283581919e-16
-2.28590849e-16
-2.289563855e-16
-2.288310917e-16
-2.297659668e-16
-2.255719756e-16
-2.261463201e-16
-2.288659615e-16
-2.287205766e-16
-2.288421757e-16
-2.289557089e-16
-2.290516252e-16
-2.291311161e-16
-2.291961369e-16
-2.292488443e-16
-2.292913196e-16
-2.293254439e-16
-2.293528786e-16
-2.293750553e-16
-2.293932095e-16
-2.294083756e-16
-2.294214139e-16
-2.294330179e-16
-2.294437686e-16
-2.294541292e-16
-2.294644719e-16
-2.294751079e-16
-2.294863476e-16
-2.29498669e-16
-2.295130043e-16
-2.295302768e-16
-2.295523416e-16
-2.295823615e-16
-2.29624131e-16
-2.296813706e-16
-2.297554464e-16
-2.29842005e-16
-2.299294631e-16
-2.299989823e-16
-2.299428483e-16
-0.01914394753
-0.03914326206
-0.02136762549
-0.01050449835
-0.003691658196
-6.287594678e-05
0.001109052849
0.001039033416
0.0006469187403
0.0003170017407
0.00012340194
3.319732533e-05
4.872239123e-06
4.89832104e-07
5.698195015e-08
8.87170329e-09
1.748732311e-09
3.726792661e-10
5.479042127e-11
-2.281200303e-16
-2.284141732e-16
-2.297577508e-16
-2.236337857e-16
-2.247975892e-16
-2.285282607e-16
-2.282649293e-16
-2.301251915e-16
-2.298579226e-16
-2.299800444e-16
-2.301101401e-16
-2.302243188e-16
-2.303220114e-16
-2.304042568e-16
-2.304727416e-16
-2.305294364e-16
-2.305763101e-16
-2.306151601e-16
-2.306475666e-16
-2.306748814e-16
-2.306982587e-16
-2.307186586e-16
-2.307368727e-16
-2.307535379e-16
-2.307691848e-16
-2.30784236e-16
-2.307990315e-16
-2.308138571e-16
-2.308289918e-16
-2.308448811e-16
-2.308622055e-16
-2.30881566e-16
-2.309042995e-16
-2.3093228e-16
-2.309675061e-16
-2.310114805e-16
-2.310637879e-16
-2.311207477e-16
-2.311749244e-16
-2.312160628e-16
-2.311391111e-16
-0.005531157127
-0.009728107351
-0.006032809862
-0.002102595158
0.0006404408596
0.001760804527
0.001732808883
0.00124814233
0.0007450586216
0.0003848194784
0.000173501431
6.54479007e-05
1.757154861e-05
2.641354703e-06
2.6865108e-07
2.974008097e-08
4.267613514e-09
7.735281647e-10
1.403007537e-10
-2.27881579e-16
-2.281312422e-16
-2.295406424e-16
-2.230406868e-16
-2.265099427e-16
-2.298227305e-16
-2.294509561e-16
-2.294724796e-16
-2.296260503e-16
-2.297809134e-16
-2.299194976e-16
-2.300404024e-16
-2.301437197e-16
-2.302304375e-16
-2.303022766e-16
-2.303613521e-16
-2.304098369e-16
-2.304497255e-16
-2.304827579e-16
-2.305104015e-16
-2.305338923e-16
-2.305542509e-16
-2.305723169e-16
-2.30588764e-16
-2.306041529e-16
-2.306189397e-16
-2.306335036e-16
-2.306481785e-16
-2.306633019e-16
-2.306794365e-16
-2.306974113e-16
-2.307178294e-16
-2.307422638e-16
-2.307727271e-16
-2.308111534e-16
-2.308588207e-16
-2.309150786e-16
-2.30975914e-16
-2.310335544e-16
-2.31077471e-16
-2.309955393e-16
0.005164342091
0.002640657938
0.002704341403
0.003314516843
0.003484567292
0.003048597607
0.002282476248
0.001505155353
0.0008928540414
0.0004825363232
0.0002380670276
0.0001056498539
3.990884411e-05
1.088707509e-05
1.658030184e-06
1.58161525e-07
1.540302188e-08
1.98362534e-09
3.125076924e-10
8.476830967e-12
-2.27256774e-16
-2.286482204e-16
-2.215219132e-16
-2.263654172e-16
-2.296371137e-16
-2.292207034e-16
-2.293842675e-16
-2.295668377e-16
-2.297339289e-16
-2.298827854e-16
-2.300125909e-16
-2.301233516e-16
-2.302160003e-16
-2.302923194e-16
-2.303546174e-16
-2.304053417e-16
-2.304467609e-16
-2.304808395e-16
-2.305092041e-16
-2.305331968e-16
-2.305539106e-16
-2.30572232e-16
-2.305888664e-16
-2.306044024e-16
-2.306193278e-16
-2.306340568e-16
-2.306489628e-16
-2.306644464e-16
-2.306811708e-16
-2.306999832e-16
-2.307214588e-16
-2.307472423e-16
-2.307792047e-16
-2.308190102e-16
-2.308675791e-16
-2.309237442e-16
-2.309832869e-16
-2.310388077e-16
-2.310806304e-16
-2.309910159e-16
0.01040957528
0.008346719934
0.007186815579
0.006221683982
0.005125220698
0.003889176265
0.002716258246
0.00175382968
0.001054069552
0.0005927708375
0.0003117866871
0.0001517560749
6.658731164e-05
2.485944561e-05
6.71330139e-06
9.947133549e-07
8.508043599e-08
7.293402899e-09
8.283169347e-10
1.020318628e-10
-2.286367106e-16
-2.300045765e-16
-2.229823135e-16
-2.258618058e-16
-2.295840292e-16
-2.291356222e-16
-2.293064407e-16
-2.294998551e-16
-2.296789007e-16
-2.298396824e-16
-2.299805447e-16
-2.301009313e-16
-2.302014538e-16
-2.302838183e-16
-2.303504853e-16
-2.304042157e-16
-2.30447638e-16
-2.304830349e-16
-2.305122727e-16
-2.305368558e-16
-2.305579791e-16
-2.305765914e-16
-2.305934425e-16
-2.306091564e-16
-2.306242573e-16
-2.30639198e-16
-2.306543964e-16
-2.306703296e-16
-2.306877461e-16
-2.307074616e-16
-2.307300861e-16
-2.307572629e-16
-2.307906723e-16
-2.308317027e-16
-2.30880908e-16
-2.309366434e-16
-2.309946469e-16
-2.310476531e-16
-2.310870715e-16
-2.309893526e-16
0.01317685339
0.01125941412
0.009452807743
0.007582338513
0.00585352296
0.004286891454
0.002949793122
0.001913897191
0.001175698995
0.0006857471818
0.0003792107787
0.0001971168847
9.453834281e-05
4.050835197e-05
1.463592277e-05
3.779901282e-06
5.204032023e-07
3.962895143e-08
3.017694034e-09
2.979908779e-10
-2.287965154e-16
-2.29952655e-16
-2.227830043e-16
-2.257351357e-16
-2.295459744e-16
-2.29059685e-16
-2.292274908e-16
-2.294267871e-16
-2.296154158e-16
-2.297875229e-16
-2.299400451e-16
-2.300713915e-16
-2.30181412e-16
-2.302714051e-16
-2.303437728e-16
-2.304015035e-16
-2.30447601e-16
-2.304847372e-16
-2.305150987e-16
-2.30540414e-16
-2.305620236e-16
-2.305809699e-16
-2.305980671e-16
-2.30613984e-16
-2.306292869e-16
-2.306444718e-16
-2.306600045e-16
-2.306764379e-16
-2.306945866e-16
-2.307152043e-16
-2.30738946e-16
-2.307673987e-16
-2.308020928e-16
-2.308440861e-16
-2.308935455e-16
-2.309485776e-16
-2.310049678e-16
-2.310560087e-16
-2.310937748e-16
-2.309911266e-16
0.01395514927
0.01195997698
0.00991252418
0.007891503187
0.005983723556
0.004309967679
0.002959536298
0.001954464311
0.001233616196
0.0007446981113
0.0004292497078
0.0002345865838
0.000119873989
5.600192331e-05
2.308631099e-05
7.903203577e-06
1.884877399e-06
2.296761512e-07
1.527221503e-08
1.034274666e-09
6.478863104e-11
-2.301616875e-16
-2.229678635e-16
-2.257811009e-16
-2.295086225e-16
-2.290018612e-16
-2.291593069e-16
-2.293576833e-16
-2.295510989e-16
-2.297315173e-16
-2.298941988e-16
-2.300361766e-16
-2.301562102e-16
-2.302547972e-16
-2.303339477e-16
-2.303966466e-16
-2.304461686e-16
-2.304855653e-16
-2.30517387e-16
-2.305436407e-16
-2.305658649e-16
-2.305852312e-16
-2.306026395e-16
-2.306188158e-16
-2.306343775e-16
-2.306498692e-16
-2.306658081e-16
-2.306828211e-16
-2.307017755e-16
-2.307233531e-16
-2.30748271e-16
-2.307780635e-16
-2.308139957e-16
-2.308567601e-16
-2.309062621e-16
-2.309604394e-16
-2.310150805e-16
-2.310637374e-16
-2.310994653e-16
-2.309883465e-16
0.01312879726
0.01118324224
0.009200689
0.007285916757
0.005541624193
0.004032065955
0.002805188032
0.001875379296
0.001214137659
0.0007552486059
0.0004507673664
0.0002565147031
0.0001376097693
6.843241988e-05
3.077277621e-05
1.203493741e-05
3.819316536e-06
8.110055607e-07
8.3165677e-08
4.717510439e-09
2.667945179e-10
-2.304833175e-16
-2.235106171e-16
-2.260544009e-16
-2.294781139e-16
-2.289763488e-16
-2.291146871e-16
-2.293036925e-16
-2.294953736e-16
-2.296791946e-16
-2.298485676e-16
-2.29999025e-16
-2.301280275e-16
-2.302350381e-16
-2.303213349e-16
-2.303895897e-16
-2.304431275e-16
-2.304852697e-16
-2.30518908e-16
-2.305463488e-16
-2.305693597e-16
-2.305892684e-16
-2.306070832e-16
-2.306236025e-16
-2.306395049e-16
-2.306553907e-16
-2.306718315e-16
-2.306895268e-16
-2.30709383e-16
-2.30731991e-16
-2.307581156e-16
-2.307891442e-16
-2.308262122e-16
-2.308698657e-16
-2.30919584e-16
-2.309730581e-16
-2.310261515e-16
-2.310727224e-16
-2.311064675e-16
-2.309911208e-16
0.01129640771
0.009567642542
0.00784041478
0.006206701299
0.004742939502
0.003498713802
0.002489027756
0.001706577219
0.001130331512
0.0007192557251
0.0004435474995
0.0002611615778
0.000145595994
7.588363121e-05
3.629041527e-05
1.548603899e-05
5.637139492e-06
1.612766186e-06
2.919922464e-07
2.397330226e-08
1.135371318e-09
-2.307866544e-16
-2.244849567e-16
-2.266198355e-16
-2.294515343e-16
-2.289893833e-16
-2.29100648e-16
-2.292708862e-16
-2.294539877e-16
-2.296359255e-16
-2.298078525e-16
-2.299636878e-16
-2.300995624e-16
-2.302138019e-16
-2.303067964e-16
-2.303806367e-16
-2.304384631e-16
-2.304836989e-16
-2.305194761e-16
-2.305483628e-16
-2.305723554e-16
-2.305929532e-16
-2.306112898e-16
-2.306282479e-16
-2.306445773e-16
-2.30660939e-16
-2.306779594e-16
-2.30696408e-16
-2.307172179e-16
-2.307408759e-16
-2.307682006e-16
-2.308004909e-16
-2.308386518e-16
-2.308829424e-16
-2.30932554e-16
-2.309850328e-16
-2.310363205e-16
-2.310806688e-16
-2.311125896e-16
-2.309916558e-16
0.009082057638
0.007678650189
0.006298028163
0.005009386519
0.003863766548
0.002890363632
0.002097086405
0.001474153846
0.001001957699
0.0006571802043
0.0004136833245
0.0002505387775
0.0001439835533
7.775986582e-05
3.889510582e-05
1.763405308e-05
7.000979443e-06
2.325778147e-06
5.866293838e-07
8.737539382e-08
5.682819991e-09
2.081340736e-10
-2.258394844e-16
-2.276328871e-16
-2.294673659e-16
-2.290513155e-16
-2.291261243e-16
-2.292697771e-16
-2.294358323e-16
-2.296093308e-16
-2.297786638e-16
-2.299356524e-16
-2.300750815e-16
-2.301941513e-16
-2.30292306e-16
-2.303709364e-16
-2.304327835e-16
-2.304811412e-16
-2.305192092e-16
-2.305497249e-16
-2.305748709e-16
-2.305963062e-16
-2.306152888e-16
-2.306327926e-16
-2.306496431e-16
-2.306665652e-16
-2.30684241e-16
-2.307035012e-16
-2.307252935e-16
-2.307499991e-16
-2.307784932e-16
-2.308118716e-16
-2.308507188e-16
-2.30895168e-16
-2.309443126e-16
-2.309956253e-16
-2.310452727e-16
-2.310877989e-16
-2.311183003e-16
-2.309917542e-16
0.00696639059
0.005904850237
0.004868299387
0.003904599346
0.003046968673
0.002313385386
0.001708165655
0.001225229528
0.0008515763005
0.0005715195308
0.0003691002337
0.0002278313458
0.0001341048814
7.439529924e-05
3.846200831e-05
1.821515018e-05
7.710592478e-06
2.806456903e-06
8.288255911e-07
1.784482021e-07
2.10315658e-08
1.028378514e-09
-2.269867438e-16
-2.287964461e-16
-2.296264339e-16
-2.291948062e-16
-2.291894066e-16
-2.292938868e-16
-2.294398425e-16
-2.296002492e-16
-2.297622565e-16
-2.299165738e-16
-2.30056356e-16
-2.30177698e-16
-2.302791645e-16
-2.30361441e-16
-2.304267162e-16
-2.304779687e-16
-2.305183163e-16
-2.305505551e-16
-2.30576988e-16
-2.305994015e-16
-2.306191652e-16
-2.30637343e-16
-2.306548358e-16
-2.306724314e-16
-2.306908575e-16
-2.307110041e-16
-2.307338262e-16
-2.30759586e-16
-2.30789186e-16
-2.308235996e-16
-2.308632826e-16
-2.30908108e-16
-2.309569407e-16
-2.310072003e-16
-2.310552155e-16
-2.310957838e-16
-2.311245649e-16
-2.30993888e-16
0.0051831071
0.004417499937
0.003669406502
0.002971337709
0.002345610112
0.001804528352
0.001351836629
0.0009847299202
0.0006959838768
0.0004755626515
0.0003127247806
0.0001970316467
0.0001180640488
6.68301894e-05
3.53862704e-05
1.729346605e-05
7.644324276e-06
2.972412066e-06
9.681649691e-07
2.452188049e-07
4.262019963e-08
3.546010955e-09
6.66665974e-11
-2.296523753e-16
-2.29947403e-16
-2.294758797e-16
-2.293288092e-16
-2.293593187e-16
-2.294695919e-16
-2.29612345e-16
-2.297631095e-16
-2.299102452e-16
-2.300466299e-16
-2.301672158e-16
-2.302696593e-16
-2.303538875e-16
-2.304214841e-16
-2.304749886e-16
-2.305172981e-16
-2.305511448e-16
-2.30578863e-16
-2.306023124e-16
-2.306229453e-16
-2.306419011e-16
-2.306601466e-16
-2.30678522e-16
-2.306978117e-16
-2.30718977e-16
-2.307429134e-16
-2.307697729e-16
-2.308004924e-16
-2.308359372e-16
-2.308764975e-16
-2.309216908e-16
-2.30970164e-16
-2.310192846e-16
-2.310654494e-16
-2.311036153e-16
-2.311302013e-16
-2.309918245e-16
0.003770860433
0.003234529221
0.002707224001
0.002211325374
0.001762442196
0.00136982163
0.001037163103
0.0007638127379
0.0005459383549
0.0003776457846
0.0002517600237
0.0001608854603
9.800607157e-05
5.643658092e-05
3.041615918e-05
1.520882546e-05
6.940959452e-06
2.820416267e-06
9.870084725e-07
2.808100543e-07
6.089569392e-08
8.064647302e-09
4.354186667e-10
-2.299503013e-16
-2.30317046e-16
-2.29864015e-16
-2.295627862e-16
-2.294790734e-16
-2.295302046e-16
-2.296415045e-16
-2.297771028e-16
-2.299153344e-16
-2.300456748e-16
-2.301630578e-16
-2.302645337e-16
-2.303491763e-16
-2.304179514e-16
-2.304729477e-16
-2.305167544e-16
-2.305519525e-16
-2.305808315e-16
-2.306052704e-16
-2.306267702e-16
-2.306465247e-16
-2.306655518e-16
-2.306847332e-16
-2.307049215e-16
-2.307271507e-16
-2.307521819e-16
-2.307801118e-16
-2.308119066e-16
-2.308481702e-16
-2.30889112e-16
-2.309341787e-16
-2.309819185e-16
-2.310297292e-16
-2.310742524e-16
-2.311107753e-16
-2.311359309e-16
-2.309937716e-16
0.002680329132
0.002312471772
0.001947767993
0.001601743728
0.001285625504
0.001006448004
0.0007676200057
0.0005695015442
0.0004101408828
0.0002859455462
0.0001923278842
0.0001242027892
7.654425515e-05
4.471110107e-05
2.451258587e-05
1.247222295e-05
5.833402661e-06
2.458712681e-06
9.114022405e-07
2.781582264e-07
6.18700696e-08
9.627974899e-09
6.822180851e-10
-2.295672601e-16
-2.305573391e-16
-2.302803349e-16
-2.298929407e-16
-2.296625932e-16
-2.296299026e-16
-2.296970482e-16
-2.298063201e-16
-2.299307296e-16
-2.300535506e-16
-2.30165938e-16
-2.302645443e-16
-2.30348107e-16
-2.304169194e-16
-2.304725925e-16
-2.305173562e-16
-2.305535679e-16
-2.305834074e-16
-2.306087229e-16
-2.306310281e-16
-2.306515495e-16
-2.306713433e-16
-2.306913323e-16
-2.307124324e-16
-2.307356994e-16
-2.307617669e-16
-2.307906572e-16
-2.308232142e-16
-2.308600391e-16
-2.3090117e-16
-2.309459111e-16
-2.309927197e-16
-2.310390462e-16
-2.310818715e-16
-2.311168385e-16
-2.311407037e-16
-2.309918399e-16
0.001850824141
0.001604309579
0.001357895088
0.001122206183
0.0009052305376
0.0007121972845
0.0005459062286
0.0004070506827
0.0002946567866
0.0002065378183
0.0001397246641
9.085177514e-05
5.646396661e-05
3.331079153e-05
1.850194033e-05
9.562998973e-06
4.55953503e-06
1.976955776e-06
7.596706733e-07
2.448057424e-07
5.753391446e-08
7.333884412e-17
-2.012858501e-16
-2.28422182e-16
-2.306261713e-16
-2.305592056e-16
-2.30282462e-16
-2.299368905e-16
-2.297721157e-16
-2.297760614e-16
-2.298526245e-16
-2.299565831e-16
-2.30067747e-16
-2.301738595e-16
-2.302686732e-16
-2.303500684e-16
-2.304180508e-16
-2.304737494e-16
-2.305190346e-16
-2.305559911e-16
-2.305866419e-16
-2.306127648e-16
-2.30635857e-16
-2.306571586e-16
-2.306777506e-16
-2.306985846e-16
-2.307206128e-16
-2.307448708e-16
-2.307718541e-16
-2.308015928e-16
-2.308349959e-16
-2.308726021e-16
-2.309141107e-16
-2.30958677e-16
-2.310047743e-16
-2.310499375e-16
-2.31091203e-16
-2.311240861e-16
-2.311459097e-16
-2.3099094e-16
0.001234415524
0.001074215672
0.0009127271597
0.0007571604443
0.0006130177662
0.0004840358272
0.0003723298341
0.000278594923
0.000202379972
0.0001423748602
9.669631205e-05
6.315335447e-05
3.947119665e-05
2.346058204e-05
1.31581974e-05
6.898660767e-06
3.340361238e-06
1.480000586e-06
5.872661718e-07
2.032644063e-07
5.000562633e-08
5.345842035e-16
-1.484928289e-16
-2.259642221e-16
-2.305844386e-16
-2.306443934e-16
-2.305852652e-16
-2.302821656e-16
-2.299917347e-16
-2.298850544e-16
-2.299128893e-16
-2.299921434e-16
-2.300882891e-16
-2.301855596e-16
-2.30275304e-16
-2.303539266e-16
-2.304205872e-16
-2.304759228e-16
-2.305214388e-16
-2.305589593e-16
-2.305903276e-16
-2.306172311e-16
-2.306411305e-16
-2.30663262e-16
-2.306847137e-16
-2.307064507e-16
-2.307294548e-16
-2.307547675e-16
-2.307826917e-16
-2.308133615e-16
-2.308477498e-16
-2.308860785e-16
-2.309279017e-16
-2.309723013e-16
-2.310176263e-16
-2.310613894e-16
-2.311007308e-16
-2.311312276e-16
-2.311508949e-16
-2.309894454e-16
0.000792603372
0.0006921581721
0.0005900574211
0.0004910256483
0.0003987178088
0.0003156981937
0.0002434734192
0.0001826296285
0.0001329848651
9.377754867e-05
6.385029212e-05
4.182073662e-05
2.623058648e-05
1.566728829e-05
8.849332896e-06
4.687072842e-06
2.298281449e-06
1.039272192e-06
4.255310443e-07
1.487656661e-07
3.562378347e-08
-2.450475449e-14
9.291435709e-17
-1.990023401e-16
-2.299241903e-16
-2.304915342e-16
-2.307179192e-16
-2.305907555e-16
-2.302812229e-16
-2.300542429e-16
-2.299964855e-16
-2.300382431e-16
-2.301151421e-16
-2.302012026e-16
-2.302848372e-16
-2.303599497e-16
-2.304246641e-16
-2.30479261e-16
-2.305247311e-16
-2.305626254e-16
-2.30594583e-16
-2.306221882e-16
-2.306468509e-16
-2.306697929e-16
-2.306920996e-16
-2.307147485e-16
-2.30738774e-16
-2.307650769e-16
-2.30793774e-16
-2.308251978e-16
-2.308601347e-16
-2.308986656e-16
-2.309403107e-16
-2.309840462e-16
-2.310282166e-16
-2.310704404e-16
-2.311081089e-16
-2.311370635e-16
-2.31155491e-16
-2.309888903e-16
0.0004893467605
0.0004287518839
0.0003666043321
0.0003059060516
0.0002490064916
0.0001975828919
0.0001526668396
0.0001147018294
8.364162546e-05
5.90599943e-05
4.026682458e-05
2.641627737e-05
1.660539159e-05
9.951177847e-06
5.649454013e-06
3.015150597e-06
1.494726424e-06
6.869516018e-07
2.867160178e-07
1.040088622e-07
2.671710376e-08
-4.417768575e-13
3.652950684e-16
-1.531016381e-16
-2.28448084e-16
-2.301404003e-16
-2.306293515e-16
-2.3076682e-16
-2.305831143e-16
-2.302866373e-16
-2.301184946e-16
-2.300978372e-16
-2.301471166e-16
-2.302190523e-16
-2.302948331e-16
-2.303658742e-16
-2.304287504e-16
-2.304827362e-16
-2.305282698e-16
-2.30566586e-16
-2.305991569e-16
-2.306274666e-16
-2.306528855e-16
-2.306766382e-16
-2.30699827e-16
-2.307234649e-16
-2.307484766e-16
-2.307755789e-16
-2.308048899e-16
-2.308368824e-16
-2.308721672e-16
-2.309107034e-16
-2.309519193e-16
-2.309947497e-16
-2.310375737e-16
-2.310782519e-16
-2.311145479e-16
-2.311422444e-16
-2.311595974e-16
-2.309869236e-16
0.0002903807307
0.0002551939981
0.0002187926546
0.0001829931576
0.0001492470184
0.000118613029
9.176087363e-05
6.900325172e-05
5.034899626e-05
3.556763418e-05
2.425991291e-05
1.592498426e-05
1.002148119e-05
6.017534381e-06
3.428381306e-06
1.840333485e-06
9.228022834e-07
4.266622655e-07
1.823353056e-07
7.00902824e-08
1.876327707e-08
3.142296909e-10
-3.376803813e-14
3.913884337e-16
-1.981809584e-16
-2.288500438e-16
-2.303122258e-16
-2.307756736e-16
-2.307940307e-16
-2.305638824e-16
-2.302990585e-16
-2.301837447e-16
-2.301897368e-16
-2.302421936e-16
-2.303081827e-16
-2.303740698e-16
-2.304341026e-16
-2.304867833e-16
-2.305321258e-16
-2.305708267e-16
-2.306040412e-16
-2.306331285e-16
-2.306594152e-16
-2.306841171e-16
-2.307083226e-16
-2.307328883e-16
-2.307586321e-16
-2.30786516e-16
-2.308167597e-16
-2.308496571e-16
-2.308855432e-16
-2.309242818e-16
-2.309652644e-16
-2.310074064e-16
-2.310491584e-16
-2.310884951e-16
-2.311230102e-16
-2.311484075e-16
-2.311639261e-16
-2.309856072e-16
0.0001654547721
0.0001458021156
0.0001252942508
0.0001049909805
8.575369179e-05
6.822218107e-05
5.280994688e-05
3.97221436e-05
2.898171168e-05
2.046778873e-05
1.395616253e-05
9.15982121e-06
5.765932593e-06
3.465627681e-06
1.979661123e-06
1.067343782e-06
5.388631703e-07
2.483263675e-07
1.093428077e-07
4.150561324e-08
9.257255701e-09
-1.827663553e-09
-3.842572049e-13
4.427653901e-16
-1.502390365e-16
-2.264039694e-16
-2.266449873e-16
-2.296576979e-16
-2.309260816e-16
-2.307949395e-16
-2.305393459e-16
-2.303210392e-16
-2.302495698e-16
-2.3027099e-16
-2.303236858e-16
-2.303833165e-16
-2.30440895e-16
-2.304924075e-16
-2.305372243e-16
-2.305761444e-16
-2.306100595e-16
-2.306400485e-16
-2.306673073e-16
-2.30692965e-16
-2.307179273e-16
-2.307430756e-16
-2.307696347e-16
-2.307985604e-16
-2.308296824e-16
-2.308632921e-16
-2.308997187e-16
-2.309387197e-16
-2.309795822e-16
-2.310211463e-16
-2.310618343e-16
-2.310995123e-16
-2.311316652e-16
-2.311543958e-16
-2.311680086e-16
-2.30983241e-16
9.035792435e-05
7.981791961e-05
6.872272897e-05
5.766979985e-05
4.71495692e-05
3.752979989e-05
2.905417509e-05
2.184747003e-05
1.593068056e-05
1.124180865e-05
7.658881605e-06
5.023248873e-06
3.161081939e-06
1.90060482e-06
1.087425204e-06
5.881322512e-07
2.989388464e-07
1.367229976e-07
6.171265446e-08
2.346511797e-08
3.295109866e-10
-6.278946309e-13
-2.605746246e-13
-1.096704796e-15
6.553486541e-16
-1.902976274e-16
-2.29304748e-16
-2.274886951e-16
-2.300538947e-16
-2.30948493e-16
-2.307754269e-16
-2.305187822e-16
-2.303534145e-16
-2.303171003e-16
-2.303466407e-16
-2.303963539e-16
-2.304496607e-16
-2.304996495e-16
-2.30544173e-16
-2.305831805e-16
-2.306175069e-16
-2.306481879e-16
-2.306761515e-16
-2.307023883e-16
-2.307279409e-16
-2.307538675e-16
-2.307812585e-16
-2.308107506e-16
-2.30842185e-16
-2.308760239e-16
-2.309125223e-16
-2.309513505e-16
-2.309917366e-16
-2.310324649e-16
-2.310719586e-16
-2.311081087e-16
-2.311383877e-16
-2.311593685e-16
-2.311718376e-16
-2.309818256e-16
4.718380121e-05
4.176792534e-05
3.601889177e-05
3.025874821e-05
2.475368586e-05
1.970601404e-05
1.525143163e-05
1.146077535e-05
8.348996937e-06
5.884934648e-06
4.004591756e-06
2.623777612e-06
1.650012655e-06
9.918446947e-07
5.681783748e-07
3.080320493e-07
1.567449543e-07
7.395416035e-08
3.10766014e-08
1.407993196e-08
1.904765305e-09
-4.582349776e-13
5.640346206e-13
4.060127749e-13
1.145141651e-17
-1.370647913e-16
-2.268113054e-16
-2.275457057e-16
-2.292665105e-16
-2.309438382e-16
-2.309264997e-16
-2.307436867e-16
-2.305069424e-16
-2.303900867e-16
-2.303801573e-16
-2.304134418e-16
-2.304595891e-16
-2.305069035e-16
-2.305508435e-16
-2.30590028e-16
-2.30624672e-16
-2.306557886e-16
-2.306844587e-16
-2.307116045e-16
-2.307381703e-16
-2.307651301e-16
-2.307934247e-16
-2.308234656e-16
-2.308550998e-16
-2.308889013e-16
-2.309250461e-16
-2.309631456e-16
-2.31002464e-16
-2.310419264e-16
-2.310801874e-16
-2.31115091e-16
-2.311440496e-16
-2.311638688e-16
-2.311755052e-16
-2.309809117e-16
2.349731214e-05
2.084018457e-05
1.799611152e-05
1.513091269e-05
1.238233377e-05
9.856489989e-06
7.624793435e-06
5.724534095e-06
4.165500916e-06
2.932218473e-06
1.992623815e-06
1.303963951e-06
8.192887058e-07
4.920910859e-07
2.821578824e-07
1.531379278e-07
7.802538575e-08
3.690221185e-08
1.553197529e-08
8.077575228e-09
-2.97508181e-14
5.00372379e-14
-3.368027659e-13
-2.491843995e-13
3.364009109e-14
1.159518179e-16
-1.889093157e-16
-2.25078938e-16
-2.283198304e-16
-2.308893642e-16
-2.30951526e-16
-2.309221202e-16
-2.30706828e-16
-2.305077191e-16
-2.304350447e-16
-2.304433335e-16
-2.304785282e-16
-2.305199992e-16
-2.305611459e-16
-2.305993694e-16
-2.306340741e-16
-2.306655743e-16
-2.3069474e-16
-2.307226403e-16
-2.307502551e-16
-2.307783823e-16
-2.308077464e-16
-2.308385288e-16
-2.308706776e-16
-2.309047068e-16
-2.309406501e-16
-2.309780805e-16
-2.31016308e-16
-2.310543834e-16
-2.310908301e-16
-2.31123395e-16
-2.31150285e-16
-2.311682226e-16
-2.311787575e-16
-2.309781012e-16
1.113269396e-05
9.89187764e-06
8.552662788e-06
7.196196469e-06
5.890366695e-06
4.687938351e-06
3.624942406e-06
2.718609689e-06
1.975751888e-06
1.388891289e-06
9.426008012e-07
6.160043151e-07
3.866450496e-07
2.318587139e-07
1.330902216e-07
7.225075714e-08
3.695050855e-08
1.818129898e-08
4.367777503e-09
2.485750464e-09
5.64802096e-15
3.327317505e-14
-4.036212539e-13
2.710767491e-13
-2.006264996e-13
1.26981838e-16
-1.304804026e-16
-2.222348826e-16
-2.270507104e-16
-2.306328842e-16
-2.307844985e-16
-2.309741289e-16
-2.30861805e-16
-2.306119384e-16
-2.304378585e-16
-2.303908733e-16
-2.304085168e-16
-2.304445e-16
-2.304842265e-16
-2.305229777e-16
-2.305594734e-16
-2.305937556e-16
-2.306263776e-16
-2.306581327e-16
-2.306898392e-16
-2.307224782e-16
-2.30756982e-16
-2.307932223e-16
-2.308311893e-16
-2.308713713e-16
-2.309135573e-16
-2.309571178e-16
-2.310011346e-16
-2.310444261e-16
-2.310851868e-16
-2.311209585e-16
-2.311504792e-16
-2.311691307e-16
-2.311792384e-16
-2.309741333e-16
5.008362169e-06
4.458391392e-06
3.859681671e-06
3.249734498e-06
2.660740662e-06
2.117243847e-06
1.635830155e-06
1.225924845e-06
8.900160186e-07
6.248217268e-07
4.235118131e-07
2.763991876e-07
1.73306097e-07
1.042259475e-07
5.960403268e-08
3.236581197e-08
1.648584259e-08
7.628310876e-09
3.35550672e-09
1.016363721e-09
-2.254414277e-15
2.31510726e-14
-2.82147056e-13
-3.732016867e-13
-2.989842524e-13
4.823990722e-14
6.369882994e-16
-1.900809312e-16
-2.24278212e-16
-2.296933348e-16
-2.29848242e-16
-2.302567006e-16
-2.303371656e-16
-2.301530654e-16
-2.299235675e-16
-2.298113177e-16
-2.297968428e-16
-2.298202893e-16
-2.298530419e-16
-2.298865418e-16
-2.299187999e-16
-2.299495978e-16
-2.299793931e-16
-2.300088678e-16
-2.300386253e-16
-2.30069467e-16
-2.301022882e-16
-2.301369404e-16
-2.30173477e-16
-2.302123114e-16
-2.30253106e-16
-2.302951151e-16
-2.303373517e-16
-2.303785777e-16
-2.304170638e-16
-2.304508687e-16
-2.304784383e-16
-2.304947748e-16
-2.305036782e-16
-2.302933709e-16
2.136415999e-06
1.905565038e-06
1.65187385e-06
1.39192096e-06
1.140140194e-06
9.070552691e-07
7.004835696e-07
5.246398566e-07
3.805443508e-07
2.667654326e-07
1.805946258e-07
1.17711364e-07
7.371329469e-08
4.430518594e-08
2.531417057e-08
1.372262649e-08
6.905507783e-09
2.921798807e-09
1.103717285e-09
1.146362291e-10
-9.141328912e-13
7.67335124e-14
5.61339709e-13
-1.866101341e-13
2.823553228e-13
-1.51084834e-13
3.604880769e-16
-1.348568996e-16
-2.233069658e-16
-2.305135947e-16
-2.303270771e-16
-2.308065928e-16
-2.310733999e-16
-2.310738839e-16
-2.309029932e-16
-2.307461599e-16
-2.306909969e-16
-2.306959065e-16
-2.307184719e-16
-2.307444011e-16
-2.307705465e-16
-2.307964082e-16
-2.308222021e-16
-2.308482648e-16
-2.308749176e-16
-2.309026318e-16
-2.309318837e-16
-2.309624922e-16
-2.309944044e-16
-2.310277884e-16
-2.31062303e-16
-2.31097257e-16
-2.311318516e-16
-2.311648921e-16
-2.311947939e-16
-2.312205912e-16
-2.312401466e-16
-2.312501983e-16
-2.312572018e-16
-2.310407465e-16
8.63373741e-07
7.716584917e-07
6.698067562e-07
5.649215268e-07
4.62978626e-07
3.683991936e-07
2.84386031e-07
2.128744058e-07
1.543305909e-07
1.079705804e-07
7.302826519e-08
4.753658377e-08
2.972319521e-08
1.782924465e-08
9.738984851e-09
5.527457229e-09
2.75922688e-09
1.169073241e-09
-1.642368828e-09
7.261994471e-11
-2.043077108e-12
-1.150092924e-15
-1.78131482e-13
-4.268223105e-13
-2.753982265e-13
-7.187771597e-16
-1.809932536e-16
-8.064748464e-17
-2.199653197e-16
-2.302555973e-16
-2.299096878e-16
-2.30452797e-16
-2.308992765e-16
-2.310625806e-16
-2.309833819e-16
-2.308207397e-16
-2.307215762e-16
-2.307002187e-16
-2.307099354e-16
-2.307258649e-16
-2.307430926e-16
-2.307611826e-16
-2.307804082e-16
-2.308011399e-16
-2.308236318e-16
-2.308480729e-16
-2.308747956e-16
-2.309035496e-16
-2.309340703e-16
-2.309664782e-16
-2.310004129e-16
-2.310351494e-16
-2.310698081e-16
-2.311028651e-16
-2.311325186e-16
-2.31157734e-16
-2.311763254e-16
-2.311853568e-16
-2.311919429e-16
-2.309708966e-16
3.303416954e-07
2.95813844e-07
2.571782747e-07
2.172920036e-07
1.781173798e-07
1.41727978e-07
1.094570477e-07
8.187215752e-08
5.940902303e-08
4.128541581e-08
2.795666221e-08
1.816988874e-08
1.130770306e-08
6.786515384e-09
3.416728315e-09
2.093825796e-09
1.03723691e-09
4.5611533e-10
1.394133423e-10
6.086726785e-10
8.871133947e-16
-3.272737455e-14
4.205309225e-15
2.023100785e-13
-2.368479982e-13
-2.041489664e-13
4.662961769e-14
2.491325502e-16
-1.692377253e-16
-2.284269463e-16
-2.295505257e-16
-2.301072047e-16
-2.30645747e-16
-2.309894944e-16
-2.310771212e-16
-2.309833836e-16
-2.308798135e-16
-2.308426984e-16
-2.308378671e-16
-2.308398666e-16
-2.308439605e-16
-2.308499912e-16
-2.308578937e-16
-2.308678669e-16
-2.308804223e-16
-2.308960643e-16
-2.309151746e-16
-2.309376296e-16
-2.309630001e-16
-2.309910608e-16
-2.31021312e-16
-2.310529096e-16
-2.310845333e-16
-2.311143097e-16
-2.311408386e-16
-2.31163406e-16
-2.311798778e-16
-2.311873011e-16
-2.311932845e-16
-2.309673148e-16
1.195444542e-07
1.072873294e-07
9.359313243e-08
7.908166e-08
6.489982009e-08
5.161791262e-08
3.986249155e-08
2.979983864e-08
2.148979984e-08
1.520158153e-08
1.011913372e-08
6.541216975e-09
4.017745153e-09
2.414302234e-09
9.081072122e-10
7.276868104e-10
3.471112701e-10
1.45286591e-10
4.779521208e-11
8.182812057e-15
-1.451533792e-14
-1.609918548e-14
8.572788895e-15
5.446588398e-13
-4.511894383e-13
1.224595944e-13
-3.837670451e-14
-5.929261739e-17
-1.129182708e-16
-2.261483973e-16
-2.29206392e-16
-2.297872968e-16
-2.303482185e-16
-2.308193104e-16
-2.310654646e-16
-2.310914055e-16
-2.310284393e-16
-2.309963745e-16
-2.309929757e-16
-2.309915562e-16
-2.309882926e-16
-2.309842119e-16
-2.309804947e-16
-2.309781458e-16
-2.309780944e-16
-2.30981365e-16
-2.309887224e-16
-2.310003592e-16
-2.310160161e-16
-2.31035247e-16
-2.310574007e-16
-2.31081474e-16
-2.311058592e-16
-2.311289817e-16
-2.311504874e-16
-2.311699318e-16
-2.311843084e-16
-2.311901303e-16
-2.311956009e-16
-2.309649497e-16
4.085798198e-08
3.692440567e-08
3.217643971e-08
2.723956683e-08
2.23361158e-08
1.782554957e-08
1.372502346e-08
1.023331209e-08
7.299038738e-09
5.131564755e-09
3.447419234e-09
2.198351917e-09
1.381894134e-09
7.584837416e-10
-7.632092273e-11
1.902008841e-10
7.726934782e-11
2.654649971e-11
-9.239136684e-16
-1.666556607e-14
-5.186894919e-15
-1.100793703e-14
-3.996690758e-14
-3.290028591e-14
-2.177534822e-13
-4.976336284e-13
-2.48468495e-13
-3.943268197e-13
5.60446858e-16
-1.786288363e-16
-2.272343113e-16
-2.294448261e-16
-2.300408035e-16
-2.305739715e-16
-2.309717918e-16
-2.311282141e-16
-2.31117074e-16
-2.310825322e-16
-2.310744188e-16
-2.310756253e-16
-2.310760988e-16
-2.310754099e-16
-2.310742537e-16
-2.310731599e-16
-2.310725641e-16
-2.310727522e-16
-2.310741644e-16
-2.310774508e-16
-2.310831039e-16
-2.310912414e-16
-2.311016444e-16
-2.311138889e-16
-2.31127525e-16
-2.311428479e-16
-2.311600789e-16
-2.311767843e-16
-2.311886722e-16
-2.311928946e-16
-2.311979339e-16
-2.30962942e-16
1.324702256e-08
1.195971271e-08
1.045808236e-08
8.867853187e-09
7.306933091e-09
5.780771334e-09
4.457225972e-09
3.323711457e-09
2.166549552e-09
1.609377342e-09
1.090832626e-09
6.768113259e-10
4.465227805e-10
1.882745872e-10
-5.05178188e-10
1.071763035e-11
7.014799407e-12
3.356565882e-15
1.100483804e-14
5.159287765e-14
-9.876888575e-15
-7.944615426e-15
-3.529530387e-14
-3.071171507e-14
6.098380867e-13
-3.625533064e-13
2.70125619e-13
-2.658657863e-13
1.94916586e-16
-1.421527018e-16
-2.257367196e-16
-2.291185021e-16
-2.297411722e-16
-2.302764623e-16
-2.307579442e-16
-2.31061243e-16
-2.311570756e-16
-2.311434732e-16
-2.311270893e-16
-2.311239333e-16
-2.311222063e-16
-2.311200544e-16
-2.311176839e-16
-2.311154583e-16
-2.311137554e-16
-2.311128341e-16
-2.311128479e-16
-2.311139555e-16
-2.311163019e-16
-2.311199722e-16
-2.311250609e-16
-2.311319739e-16
-2.311415124e-16
-2.311544242e-16
-2.311699463e-16
-2.31184327e-16
-2.31193094e-16
-2.311954931e-16
-2.312001097e-16
-2.309608697e-16
3.904686987e-09
3.529817759e-09
3.085451412e-09
2.563139153e-09
2.132284576e-09
1.69222425e-09
1.305781529e-09
1.031589151e-09
8.568060795e-10
4.47650032e-10
2.975102142e-10
1.67571187e-10
9.86482425e-11
2.847882039e-11
3.344671901e-12
-4.452668876e-15
-4.381326615e-15
8.788346434e-15
2.790162395e-15
-1.010183487e-13
-1.197741684e-15
8.292471571e-16
-3.073940366e-14
-1.856324089e-15
-1.881108487e-13
-4.418636183e-13
-2.835262267e-13
-2.57961499e-13
1.546350024e-13
-1.011712004e-16
-2.232329271e-16
-2.287612248e-16
-2.294652777e-16
-2.29998512e-16
-2.305111251e-16
-2.309356931e-16
-2.311513723e-16
-2.311960863e-16
-2.311837309e-16
-2.3117377e-16
-2.311676775e-16
-2.311612501e-16
-2.311551456e-16
-2.311495645e-16
-2.311446609e-16
-2.31140644e-16
-2.311377959e-16
-2.311363145e-16
-2.311362773e-16
-2.311377855e-16
-2.311412004e-16
-2.3114715e-16
-2.311561923e-16
-2.311679531e-16
-2.311808797e-16
-2.311919211e-16
-2.311973631e-16
-2.311980311e-16
-2.312022829e-16
-2.309590408e-16
1.118695804e-09
1.015740433e-09
8.948028469e-10
7.474829461e-10
6.122402057e-10
4.806348163e-10
3.414579742e-10
-1.037097302e-10
1.610594478e-10
1.204210003e-10
6.680185519e-11
3.080043898e-12
1.138686923e-11
-1.276745593e-11
4.486151123e-15
-4.313633877e-16
4.225184469e-15
6.771966113e-16
3.772362374e-15
2.468299717e-14
-8.786217165e-15
1.183977159e-14
-5.419857325e-15
-9.759445084e-15
8.067355949e-14
2.087232112e-13
-5.477918009e-13
-2.435515724e-13
2.905124943e-13
9.574313185e-16
-1.613700814e-16
-2.261566984e-16
-2.291286617e-16
-2.297254444e-16
-2.302359356e-16
-2.307164217e-16
-2.310640079e-16
-2.312143648e-16
-2.312383523e-16
-2.312288173e-16
-2.31218311e-16
-2.31208534e-16
-2.311988591e-16
-2.311898765e-16
-2.311816943e-16
-2.311744497e-16
-2.311684094e-16
-2.311638984e-16
-2.311611664e-16
-2.311605861e-16
-2.311624813e-16
-2.311670072e-16
-2.311739769e-16
-2.311826831e-16
-2.311916828e-16
-2.311983092e-16
-2.312007286e-16
-2.312002071e-16
-2.312041932e-16
-2.309567843e-16
2.986893735e-10
2.703918563e-10
2.355694734e-10
1.973316895e-10
1.585538135e-10
1.252985058e-10
1.043939823e-10
2.379907616e-10
2.877154082e-11
2.651615176e-11
1.31400464e-11
5.61038072e-11
-6.700693008e-13
-4.255431222e-12
4.442886726e-15
-6.987194225e-16
3.259796841e-15
-7.632617184e-15
-1.429825911e-14
6.40955022e-14
-1.913175444e-15
6.441667655e-15
-1.98578924e-14
-1.518574201e-14
-5.242774152e-15
5.549579911e-13
-3.735943455e-13
5.747231792e-13
2.046352522e-13
-3.27971985e-16
-1.038174783e-16
-2.234577385e-16
-2.287883984e-16
-2.29461921e-16
-2.299686799e-16
-2.304586383e-16
-2.308941575e-16
-2.311624089e-16
-2.312580172e-16
-2.312667604e-16
-2.31257678e-16
-2.312475624e-16
-2.312369548e-16
-2.31226488e-16
-2.312167094e-16
-2.312078055e-16
-2.311998707e-16
-2.311932429e-16
-2.311884059e-16
-2.311856755e-16
-2.311851443e-16
-2.311867655e-16
-2.311903775e-16
-2.311955237e-16
-2.3120058e-16
-2.312032673e-16
-2.312034969e-16
-2.31202156e-16
-2.312059987e-16
-2.309549194e-16
7.24580739e-11
6.573091485e-11
5.738557715e-11
4.792067339e-11
3.791313406e-11
2.8444567e-11
2.063365668e-11
1.095908991e-11
8.880660257e-12
5.755810404e-12
3.722820297e-12
1.922020168e-11
3.030563989e-12
-6.346404007e-14
3.822842584e-15
-9.192464823e-16
1.774443958e-15
-4.985136945e-15
2.38597882e-15
9.258004552e-15
3.835254536e-14
1.91797158e-15
-1.135461687e-14
-1.926900206e-14
2.199948633e-14
5.808383779e-14
1.549856226e-13
-2.91356552e-14
-2.427688327e-13
-1.237452614e-13
7.005244875e-17
-1.793304404e-16
-2.264831658e-16
-2.291491632e-16
-2.297181573e-16
-2.302029026e-16
-2.306763381e-16
-2.310577403e-16
-2.312433081e-16
-2.312884771e-16
-2.312851368e-16
-2.312741324e-16
-2.31263292e-16
-2.312522994e-16
-2.312417039e-16
-2.312319575e-16
-2.312231302e-16
-2.312154076e-16
-2.312092643e-16
-2.312050118e-16
-2.312027345e-16
-2.312023538e-16
-2.312035186e-16
-2.312054197e-16
-2.312068288e-16
-2.312068143e-16
-2.312058069e-16
-2.312039901e-16
-2.312077695e-16
-2.309538268e-16
1.586592499e-11
1.450201749e-11
1.27097541e-11
1.060647849e-11
8.334188128e-12
6.152490524e-12
4.330327099e-12
2.84983059e-12
1.883661087e-12
1.574989641e-12
6.000608479e-13
3.130592478e-13
-2.59980458e-14
-1.599618841e-15
2.770005874e-15
-1.285175012e-15
-1.513661755e-15
-5.356706323e-15
9.018789125e-15
1.844106444e-15
-1.320970597e-14
3.517196694e-15
4.585986968e-15
-6.708744166e-14
-4.430461277e-14
-7.447089263e-15
4.236137956e-14
-5.661342621e-14
2.774474492e-13
-2.601327661e-13
4.040349781e-16
-1.303764982e-16
-2.246866989e-16
-2.288598943e-16
-2.294691947e-16
-2.299500513e-16
-2.304140332e-16
-2.308484817e-16
-2.311484435e-16
-2.312762047e-16
-2.312981252e-16
-2.312905821e-16
-2.312800004e-16
-2.312693553e-16
-2.312588485e-16
-2.312488827e-16
-2.312396946e-16
-2.312315369e-16
-2.312248055e-16
-2.312196722e-16
-2.312161102e-16
-2.312138918e-16
-2.31212606e-16
-2.312117384e-16
-2.312107549e-16
-2.312093719e-16
-2.312077502e-16
-2.31205592e-16
-2.312093559e-16
-2.309521607e-16
3.111525043e-12
2.870945064e-12
2.501418904e-12
2.022619613e-12
1.518779416e-12
1.121020472e-12
7.987251597e-13
5.30331696e-13
3.163756534e-13
2.148340282e-13
1.270120142e-13
1.873492214e-14
-1.075580325e-15
5.856386478e-17
3.345305491e-15
-3.542119317e-15
-3.450036252e-15
-3.552840757e-15
9.298420748e-15
-1.142061738e-14
4.444477176e-14
-3.499000078e-15
3.814271091e-15
2.568227486e-15
-3.477098185e-14
-7.645600531e-15
2.364448864e-14
3.891236974e-14
-1.706301639e-13
-2.501022905e-13
4.478008291e-14
-9.764669386e-17
-2.22167731e-16
-2.285333849e-16
-2.292293853e-16
-2.297142066e-16
-2.301683446e-16
-2.306172526e-16
-2.310090514e-16
-2.312283304e-16
-2.312951946e-16
-2.312978373e-16
-2.312885356e-16
-2.312786145e-16
-2.312687107e-16
-2.312590588e-16
-2.312500095e-16
-2.312418067e-16
-2.312347069e-16
-2.312288738e-16
-2.312242384e-16
-2.312206192e-16
-2.312177731e-16
-2.3121545e-16
-2.312134369e-16
-2.312115184e-16
-2.312095937e-16
-2.312071981e-16
-2.312109239e-16
-2.309506797e-16
4.099624163e-13
3.830932326e-13
3.384760794e-13
2.807190186e-13
2.146154671e-13
1.602183365e-13
1.085976431e-13
5.767899832e-14
1.135357571e-13
-7.184837704e-17
3.452282884e-16
-4.403108721e-16
7.03276498e-16
3.988085996e-17
2.924161647e-15
-3.585030821e-15
-3.528146039e-15
-4.96747359e-15
-4.293664549e-15
-1.104010206e-14
-1.982735885e-14
6.88220467e-16
6.999073843e-16
5.97625938e-15
-4.862277018e-14
3.370256829e-15
-5.780802747e-16
1.848867086e-14
-5.402578185e-13
-2.490932184e-13
-3.875368259e-13
2.37741993e-16
-1.607127252e-16
-2.253276781e-16
-2.289056497e-16
-2.294786637e-16
-2.299367385e-16
-2.303750132e-16
-2.307997825e-16
-2.311236116e-16
-2.312719511e-16
-2.312998455e-16
-2.312934607e-16
-2.312838971e-16
-2.312742493e-16
-2.31264877e-16
-2.312559117e-16
-2.312476311e-16
-2.312402748e-16
-2.312339576e-16
-2.312286756e-16
-2.312243236e-16
-2.312207906e-16
-2.312179353e-16
-2.31215575e-16
-2.312134321e-16
-2.312113213e-16
-2.312086976e-16
-2.312123579e-16
-2.309492354e-16
1.490793477e-14
1.512018743e-14
3.161297287e-14
2.482648117e-14
1.934542913e-14
3.681489239e-16
-9.819557503e-15
-3.277947174e-15
-2.422877046e-16
1.883947286e-15
-1.139955308e-15
-3.625194309e-16
2.898463331e-15
2.548213303e-15
-6.622937151e-16
1.215744893e-15
2.392795569e-15
-2.693196056e-16
-3.263111425e-15
-4.645198743e-14
-1.106355542e-14
-4.268828376e-15
9.357388321e-16
-7.297170256e-17
-4.026586186e-14
-4.455740511e-14
-1.987977911e-15
5.943273178e-15
-3.98637503e-13
2.731510847e-13
-2.587598238e-13
7.850159602e-17
-1.071162879e-16
-2.232796833e-16
-2.286250403e-16
-2.292523283e-16
-2.29709843e-16
-2.301401387e-16
-2.305647464e-16
-2.309559264e-16
-2.312036781e-16
-2.312902425e-16
-2.312961813e-16
-2.312872087e-16
-2.312778359e-16
-2.31268532e-16
-2.312596016e-16
-2.312513223e-16
-2.312438567e-16
-2.312373498e-16
-2.312318236e-16
-2.312272158e-16
-2.312234456e-16
-2.312203693e-16
-2.312177737e-16
-2.312153855e-16
-2.31213011e-16
-2.312101158e-16
-2.312136534e-16
-2.309483466e-16
-2.082964183e-16
5.026647256e-15
1.576692969e-15
2.022190803e-15
4.100688399e-16
1.088963102e-15
3.901234684e-16
4.920513029e-16
8.226596243e-16
1.068401118e-15
1.126588143e-15
-2.779414513e-16
2.855150167e-15
2.528087586e-15
-5.978464474e-16
-8.340179733e-16
2.104755687e-15
4.123568364e-15
-4.205899058e-15
4.92833384e-15
8.682271237e-15
-8.320203866e-15
-3.747780261e-15
1.658182067e-14
1.375176916e-14
-2.479098459e-14
-1.419211033e-14
2.708062718e-15
-3.358285321e-14
-2.607039411e-13
-2.475785201e-13
4.054978503e-14
-7.349172139e-17
-2.204991581e-16
-2.282770194e-16
-2.290304482e-16
-2.294899125e-16
-2.299221476e-16
-2.303354943e-16
-2.307504385e-16
-2.31095255e-16
-2.312616537e-16
-2.312956224e-16
-2.312900653e-16
-2.312807579e-16
-2.312715896e-16
-2.312627033e-16
-2.312544021e-16
-2.312468786e-16
-2.312402108e-16
-2.312344566e-16
-2.312295857e-16
-2.312254925e-16
-2.312220688e-16
-2.312191091e-16
-2.312163175e-16
-2.312135111e-16
-2.312102058e-16
-2.312136864e-16
-2.309446523e-16
-2.559060064e-16
1.029204267e-16
-2.812116937e-15
-5.844876599e-16
1.554324875e-15
1.171408002e-15
4.750936862e-17
-1.201264963e-15
-1.37262914e-15
2.33840983e-15
1.417802889e-15
-4.481585e-16
-7.752843985e-16
2.662112213e-15
-3.438375093e-18
2.864841149e-15
6.264505629e-15
3.03593591e-15
2.563516638e-15
1.60420581e-14
3.114626624e-14
-2.660320574e-15
-3.172232863e-15
2.117991299e-15
4.10701154e-15
-1.164838492e-15
-1.841693893e-14
-3.589055764e-15
1.600259597e-14
-5.282732865e-13
-2.468940058e-13
-3.875087984e-13
2.613319957e-16
-1.553210058e-16
-2.247095268e-16
-2.286955417e-16
-2.292708259e-16
-2.297020127e-16
-2.301100629e-16
-2.305074198e-16
-2.308899438e-16
-2.311631103e-16
-2.312755099e-16
-2.312903532e-16
-2.312826962e-16
-2.312739693e-16
-2.312653102e-16
-2.312570821e-16
-2.312494879e-16
-2.312425998e-16
-2.312365452e-16
-2.312312545e-16
-2.312266226e-16
-2.312225911e-16
-2.312190676e-16
-2.312159928e-16
-2.312131298e-16
-2.312099032e-16
-2.312136123e-16
-2.30939979e-16
2.340144658e-17
-5.376277007e-16
2.474127667e-15
5.950277813e-16
-1.311686532e-15
-1.208393186e-15
1.19899425e-15
8.139375834e-16
3.356823854e-16
-1.071146705e-15
1.532617792e-15
1.506923442e-15
-1.854833055e-16
2.442627905e-15
-1.666444581e-15
-1.862563799e-15
-3.170020579e-15
2.306103329e-15
-8.88002566e-15
3.320708394e-14
6.648253076e-15
-8.10544177e-16
-4.209916455e-15
1.771669157e-15
6.656694993e-15
2.653754594e-14
-1.444013312e-13
-5.64947822e-14
5.255201604e-15
-3.329593396e-13
2.715549794e-13
-2.590453789e-13
-6.669151588e-17
-9.676064841e-17
-2.224540255e-16
-2.283999601e-16
-2.290622128e-16
-2.294937978e-16
-2.298983098e-16
-2.302820856e-16
-2.306658164e-16
-2.31012042e-16
-2.312149788e-16
-2.31278034e-16
-2.312808092e-16
-2.312740374e-16
-2.312663239e-16
-2.312581742e-16
-2.312502012e-16
-2.312425522e-16
-2.312355037e-16
-2.31229469e-16
-2.312246191e-16
-2.312208202e-16
-2.312177436e-16
-2.312150935e-16
-2.3121258e-16
-2.312096826e-16
-2.312139896e-16
-2.309390984e-16
-1.41832507e-14
-4.071695056e-15
2.540357081e-15
9.11138156e-16
2.620406982e-15
-1.544090596e-15
1.435151051e-15
2.222716619e-15
2.056952285e-15
5.890914186e-16
-1.864535838e-16
-1.240880712e-15
1.771382802e-15
-5.788318445e-15
2.734443132e-16
-2.625464909e-16
7.291436081e-15
-1.116924594e-15
-2.31032243e-14
3.548229849e-14
6.991097796e-15
-3.580718991e-16
-2.545161287e-15
1.900613218e-15
6.902309092e-15
-6.743729542e-14
-8.507204771e-14
-5.152221991e-14
2.173490691e-14
-3.760327427e-13
-2.651599288e-13
-2.51759632e-13
3.912621528e-14
-6.538839365e-17
-2.19752336e-16
-2.280539603e-16
-2.288463138e-16
-2.292984466e-16
-2.29700244e-16
-2.300816881e-16
-2.304450734e-16
-2.308010595e-16
-2.310894921e-16
-2.312307329e-16
-2.312634567e-16
-2.31263292e-16
-2.312587939e-16
-2.312525876e-16
-2.312455201e-16
-2.312385376e-16
-2.312322691e-16
-2.312271216e-16
-2.31223095e-16
-2.312200051e-16
-2.312175616e-16
-2.312154353e-16
-2.312132739e-16
-2.312107334e-16
-2.312155501e-16
-2.309403969e-16
-9.128821626e-15
-2.183059734e-15
-3.805508353e-15
-4.575432848e-15
-2.7104151e-15
6.867705359e-16
1.383566242e-15
5.938201453e-16
-1.094308494e-15
-6.646275313e-16
-1.064298276e-15
1.010136652e-15
-1.811640088e-15
1.084476076e-16
9.686116679e-16
1.764862675e-15
6.453588076e-15
-1.667619407e-15
-2.159454745e-14
-3.212221662e-14
1.258914318e-14
5.465390659e-15
-5.400586585e-16
3.114795675e-15
1.447790166e-14
1.804866178e-14
1.60261007e-13
-7.680509282e-14
3.682731423e-14
8.31882827e-14
-5.22573379e-13
-2.470067862e-13
-3.878918196e-13
2.611644677e-16
-1.535553631e-16
-2.243625785e-16
-2.285239698e-16
-2.291088955e-16
-2.295148404e-16
-2.298956745e-16
-2.302539132e-16
-2.306007952e-16
-2.309237685e-16
-2.311436743e-16
-2.312347e-16
-2.312512059e-16
-2.312491345e-16
-2.31245065e-16
-2.312400551e-16
-2.312345225e-16
-2.312292848e-16
-2.312249589e-16
-2.312216508e-16
-2.312192154e-16
-2.31217348e-16
-2.312156755e-16
-2.312139014e-16
-2.312116985e-16
-2.312168599e-16
-2.309361047e-16
-9.449819668e-15
-1.298859291e-14
-7.387076023e-15
-1.742066448e-14
-1.258167118e-14
-1.459356954e-14
-9.354700614e-15
-9.01115119e-15
-9.528637701e-15
-3.168601063e-15
-3.616089189e-16
-1.843798215e-15
2.370086888e-15
-5.356049661e-15
4.059164711e-16
-1.474279608e-15
-5.727366106e-15
-2.072288747e-15
-1.636438345e-15
-2.619736915e-14
8.819419337e-16
8.093675995e-15
4.427245694e-16
1.092595173e-15
-5.29088476e-15
1.628098191e-14
1.84724868e-13
9.244293236e-14
5.330818887e-14
7.375328222e-14
-3.297727617e-13
2.719444031e-13
-2.590912422e-13
-4.203047072e-17
-9.695385676e-17
-2.222793082e-16
-2.282749514e-16
-2.289281676e-16
-2.293424099e-16
-2.297236348e-16
-2.300848025e-16
-2.304245676e-16
-2.307481798e-16
-2.310209921e-16
-2.311786048e-16
-2.312310446e-16
-2.312390249e-16
-2.312385315e-16
-2.312360133e-16
-2.31232249e-16
-2.312283204e-16
-2.31224901e-16
-2.312222724e-16
-2.312203506e-16
-2.312189031e-16
-2.312176096e-16
-2.312161155e-16
-2.312141721e-16
-2.312197224e-16
-2.309390547e-16
-1.422912415e-14
-3.705601002e-14
-6.101796962e-14
-4.864433302e-14
-4.86463471e-14
-3.85827756e-14
-3.134398464e-14
-2.141668281e-14
-1.198604448e-14
-5.57131391e-15
-1.869350044e-15
2.539556128e-15
8.675533709e-15
-5.948316717e-16
-4.137293341e-16
2.827936636e-15
5.872872424e-15
2.219440549e-15
-3.718424874e-15
-3.665016895e-14
4.971072039e-15
3.189113535e-15
6.529794175e-16
1.121096096e-15
-5.671115296e-15
5.52605594e-15
2.433431384e-13
9.969136502e-14
4.310146589e-14
6.094710002e-13
-3.726856423e-13
-2.713366001e-13
-2.571647012e-13
4.194219111e-14
-7.010806123e-17
-2.199272419e-16
-2.280055822e-16
-2.287562795e-16
-2.291784374e-16
-2.295603444e-16
-2.299227173e-16
-2.302627064e-16
-2.305882467e-16
-2.308922442e-16
-2.311086578e-16
-2.312051848e-16
-2.312286595e-16
-2.312312721e-16
-2.312306479e-16
-2.312288316e-16
-2.312262981e-16
-2.312238663e-16
-2.312219214e-16
-2.312205396e-16
-2.312196015e-16
-2.312188093e-16
-2.312178073e-16
-2.312163094e-16
-2.312223747e-16
-2.3093484e-16
-8.050932227e-14
-6.43753024e-14
-6.405466892e-14
-6.184918835e-14
-5.076905225e-14
-4.422322801e-14
-3.603938955e-14
-2.716927113e-14
-1.728729519e-14
-7.746008752e-15
-4.333470891e-15
2.827114467e-14
1.475591238e-14
4.795578425e-15
7.14348529e-15
2.18767352e-16
3.016074599e-15
2.313492191e-15
7.477090177e-15
-3.819459179e-14
2.907371066e-16
3.072923429e-15
-2.097488163e-15
-2.358552581e-15
5.335522687e-15
1.235046421e-15
-1.631164637e-13
1.710366214e-13
-1.914804369e-15
1.646237376e-13
1.793863011e-13
-4.718804948e-13
-2.204872154e-13
-3.671186793e-13
2.412500435e-16
-1.563285883e-16
-2.245017666e-16
-2.284818281e-16
-2.290121722e-16
-2.293987297e-16
-2.29763966e-16
-2.301096869e-16
-2.304338151e-16
-2.307404336e-16
-2.310021129e-16
-2.311600508e-16
-2.312170745e-16
-2.31228387e-16
-2.312301399e-16
-2.312296853e-16
-2.312283448e-16
-2.312268036e-16
-2.312252726e-16
-2.312240016e-16
-2.312231339e-16
-2.31222476e-16
-2.312215899e-16
-2.312203275e-16
-2.312267539e-16
-2.309375925e-16
-5.999290547e-14
-6.060621738e-14
-5.427635724e-14
-4.450184394e-14
-4.07590501e-14
-3.664113384e-14
-3.272390392e-14
-2.774422238e-14
-1.880003069e-14
-6.052642943e-15
-1.592216135e-14
5.605131533e-13
1.678996533e-13
5.745579735e-14
1.714644082e-14
-2.189807116e-18
-2.348408182e-16
3.032650012e-15
6.291400513e-15
-3.85855064e-14
8.6907484e-16
9.671006494e-17
-2.016623131e-15
-3.240568343e-15
5.045455657e-15
-5.912424778e-15
1.589888143e-14
-6.564913717e-14
-5.034178987e-14
1.222897503e-14
3.620771555e-14
-1.822144005e-13
2.721420104e-13
-2.009536592e-13
7.725628798e-17
-1.053927042e-16
-2.227640204e-16
-2.282871174e-16
-2.288528892e-16
-2.292407165e-16
-2.296076417e-16
-2.299562897e-16
-2.302831931e-16
-2.305977767e-16
-2.308918297e-16
-2.311000166e-16
-2.311926781e-16
-2.312168729e-16
-2.312217097e-16
-2.312229328e-16
-2.312234448e-16
-2.312237728e-16
-2.31223882e-16
-2.312239072e-16
-2.312240281e-16
-2.312242457e-16
-2.31224178e-16
-2.312235945e-16
-2.312307236e-16
-2.309347128e-16
-3.461076697e-14
-2.772472535e-14
-2.213576345e-14
-2.846288568e-14
-3.01934794e-14
-2.988236476e-14
-2.698151585e-14
-2.101998932e-14
-1.352680402e-14
-8.05731982e-15
-4.95998525e-15
1.053703692e-15
5.167838796e-14
2.975187326e-15
2.985301695e-15
1.112372134e-15
2.742654837e-15
3.273536108e-15
2.10360881e-14
-2.953536187e-14
1.635506674e-15
6.931753361e-15
1.101942978e-15
-4.29177555e-15
4.387193778e-15
-7.089470035e-15
2.004545004e-15
3.451317284e-14
-3.264084946e-13
5.166812698e-14
4.327219311e-14
-2.821296003e-13
2.798006798e-13
-1.528451294e-13
-1.106315477e-16
-9.291089927e-17
-2.219127478e-16
-2.281001527e-16
-2.286908942e-16
-2.290808866e-16
-2.294500938e-16
-2.29802197e-16
-2.30135936e-16
-2.3045045e-16
-2.307520409e-16
-2.310093115e-16
-2.311586284e-16
-2.312096775e-16
-2.312202767e-16
-2.312229582e-16
-2.312242918e-16
-2.312253702e-16
-2.312263299e-16
-2.312272983e-16
-2.312282523e-16
-2.312291647e-16
-2.312295442e-16
-2.312293421e-16
-2.312368101e-16
-2.309446569e-16
1.941326733e-16
-1.344736103e-14
-2.089931367e-14
-2.603682287e-14
-2.884531725e-14
-2.948443017e-14
-2.893177035e-14
-2.703901164e-14
-1.4807367e-14
1.946681223e-14
2.918954102e-14
1.903423881e-14
5.244677111e-15
5.546993637e-17
-3.56681983e-16
9.444169449e-15
3.082035512e-15
1.476583328e-14
2.196411208e-14
-2.383235845e-14
-1.155005713e-15
2.150703067e-15
-4.69929721e-16
-1.946294913e-15
7.186569181e-15
-3.072347017e-14
3.185230434e-14
5.426168449e-15
-3.024236633e-13
6.346632019e-14
6.086376964e-13
-1.688546819e-13
-2.842363908e-13
-2.757981954e-13
4.061985271e-14
-7.425893248e-17
-2.200368262e-16
-2.278522915e-16
-2.285308333e-16
-2.289247644e-16
-2.29296328e-16
-2.296526571e-16
-2.299939048e-16
-2.30318747e-16
-2.306343866e-16
-2.309183605e-16
-2.311033847e-16
-2.311784894e-16
-2.311977973e-16
-2.312037418e-16
-2.312076171e-16
-2.312113017e-16
-2.312150868e-16
-2.312191797e-16
-2.312231658e-16
-2.312266613e-16
-2.312292354e-16
-2.312307464e-16
-2.312399962e-16
-2.30936499e-16
-1.692147242e-14
-2.378595988e-14
-2.855917688e-14
-3.064789198e-14
-2.952728816e-14
-2.552804802e-14
-2.122803613e-14
-2.157612345e-14
-2.543540971e-14
-1.34909897e-14
-4.963841884e-16
4.404050137e-15
3.847691672e-15
3.06963795e-15
2.624868977e-15
-2.150119455e-15
-6.17108604e-16
1.21837487e-14
4.260435854e-14
-1.999879093e-14
-3.036601457e-15
-1.492204299e-15
-7.29940168e-16
-2.024998869e-15
5.817746918e-15
-1.698097691e-14
1.881830335e-14
3.140609101e-14
-2.993798783e-13
1.020639566e-14
1.602251165e-13
1.480472704e-13
-5.690532158e-13
-4.797553777e-13
-4.112987244e-13
2.076924179e-16
-1.593681927e-16
-2.245039695e-16
-2.283299158e-16
-2.288266419e-16
-2.291901721e-16
-2.295361626e-16
-2.298666869e-16
-2.301813347e-16
-2.304856894e-16
-2.307858402e-16
-2.310302921e-16
-2.311587966e-16
-2.311991064e-16
-2.312088896e-16
-2.312134579e-16
-2.312178036e-16
-2.312220733e-16
-2.312263871e-16
-2.312306244e-16
-2.312344501e-16
-2.312372305e-16
-2.312386597e-16
-2.312478981e-16
-2.309487933e-16
)
;

boundaryField
{
    inletCH4
    {
        type            calculated;
        value           uniform 0;
    }
    wallOutside
    {
        type            calculated;
        value           nonuniform List<scalar> 
70
(
-3.37618805e-16
-2.346712175e-16
-2.310569113e-16
-2.309782558e-16
-2.309793625e-16
-2.309818733e-16
-2.309836383e-16
-2.309852861e-16
-2.309864617e-16
-2.309876959e-16
-2.309891281e-16
-2.309905425e-16
-2.309917576e-16
-2.309932394e-16
-2.309940838e-16
-2.309950185e-16
-2.309951243e-16
-2.30995567e-16
-2.309874962e-16
-2.299428483e-16
-2.311391111e-16
-2.309955393e-16
-2.309910159e-16
-2.309893526e-16
-2.309911266e-16
-2.309883465e-16
-2.309911208e-16
-2.309916558e-16
-2.309917542e-16
-2.30993888e-16
-2.309918245e-16
-2.309937716e-16
-2.309918399e-16
-2.3099094e-16
-2.309894454e-16
-2.309888903e-16
-2.309869236e-16
-2.309856072e-16
-2.30983241e-16
-2.309818256e-16
-2.309809117e-16
-2.309781012e-16
-2.309741333e-16
-2.302933709e-16
-2.310407465e-16
-2.309708966e-16
-2.309673148e-16
-2.309649497e-16
-2.30962942e-16
-2.309608697e-16
-2.309590408e-16
-2.309567843e-16
-2.309549194e-16
-2.309538268e-16
-2.309521607e-16
-2.309506797e-16
-2.309492354e-16
-2.309483466e-16
-2.309446523e-16
-2.30939979e-16
-2.309390984e-16
-2.309403969e-16
-2.309361047e-16
-2.309390547e-16
-2.3093484e-16
-2.309375925e-16
-2.309347128e-16
-2.309446569e-16
-2.30936499e-16
-2.309487933e-16
)
;
    }
    wallTube
    {
        type            calculated;
        value           nonuniform List<scalar> 
61
(
-2.279704843e-14
-9.09883108e-13
3.388997627e-13
2.494739686e-12
1.433815152e-13
-3.003763199e-12
-1.115147258e-12
8.027574502e-13
2.766964373e-12
5.48459251e-12
-1.161760531e-11
8.42034382e-12
7.205506973e-12
-1.842066371e-11
1.108854474e-11
-2.649511849e-12
9.964022028e-12
9.702839554e-13
-5.826754689e-11
-4.553225334e-08
-5.021266083e-05
-1.960077894e-14
-3.027261909e-14
-3.070858719e-14
-2.790725816e-15
1.233983256e-12
-1.023429221e-10
-1.592437136e-10
2.686931894e-09
-2.658777921e-07
2.016723852e-08
6.618812137e-08
1.940841978e-08
2.760226181e-08
2.066581972e-08
3.108730347e-09
1.042426326e-08
2.625341688e-08
4.77179433e-08
-1.900573703e-07
6.942617015e-07
2.452662853e-14
-1.533274017e-15
-1.44676153e-15
-6.475054496e-14
-6.558880405e-12
-1.755850496e-10
-2.088808113e-08
-2.294689143e-08
6.999316845e-07
-4.319534794e-08
1.243102923e-08
2.203805872e-08
-7.599167875e-09
-8.560069681e-09
1.936837931e-08
4.744629942e-08
-1.716240428e-07
-6.925528891e-07
-6.953281711e-07
-7.929048226e-09
)
;
    }
    inletPilot
    {
        type            calculated;
        value           uniform 0;
    }
    inletAir
    {
        type            calculated;
        value           uniform 0;
    }
    outlet
    {
        type            calculated;
        value           nonuniform List<scalar> 
71
(
2.49018846e-14
2.47255722e-14
2.443030103e-14
2.401114979e-14
2.383512863e-14
2.343801832e-14
2.362979723e-14
1.880102055e-14
-3.902606939e-15
-1.127577e-15
-9.813262786e-15
-1.689472282e-14
-2.377312537e-14
-2.854407641e-14
-3.062659951e-14
-2.950618206e-14
-2.554132557e-14
-2.125721311e-14
-2.155495733e-14
-2.541851426e-14
-1.347312281e-14
-5.328493664e-16
4.380183365e-15
3.889915679e-15
3.046809877e-15
2.607293788e-15
-2.143383855e-15
-6.39927784e-16
1.21717991e-14
4.261928674e-14
-1.999114237e-14
-3.034963687e-15
-1.462719082e-15
-7.458769804e-16
-2.025220191e-15
5.816026605e-15
-1.698405911e-14
1.882052617e-14
3.140392847e-14
-2.993779663e-13
1.019745388e-14
1.602205908e-13
1.480450489e-13
-5.690467988e-13
-4.797541639e-13
-4.112978885e-13
2.076951244e-16
-1.59367687e-16
-2.245042174e-16
-2.283298141e-16
-2.288264615e-16
-2.291898825e-16
-2.295358114e-16
-2.298658474e-16
-2.30180284e-16
-2.304844333e-16
-2.307846246e-16
-2.310289023e-16
-2.311573065e-16
-2.311974517e-16
-2.312071938e-16
-2.312117899e-16
-2.312161806e-16
-2.312205451e-16
-2.312249689e-16
-2.312293211e-16
-2.312332649e-16
-2.312361625e-16
-2.31237679e-16
-2.312469887e-16
-2.309479321e-16
)
;
    }
    axis
    {
        type            empty;
    }
    frontAndBack_pos
    {
        type            wedge;
    }
    frontAndBack_neg
    {
        type            wedge;
    }
}


// ************************************************************************* //
