/*--------------------------------*- C++ -*----------------------------------*\
  =========                 |
  \\      /  F ield         | OpenFOAM: The Open Source CFD Toolbox
   \\    /   O peration     | Website:  https://openfoam.org
    \\  /    A nd           | Version:  10
     \\/     M anipulation  |
\*---------------------------------------------------------------------------*/
FoamFile
{
    format      ascii;
    class       volScalarField;
    location    "0.02498436188";
    object      ddt0(p);
}
// * * * * * * * * * * * * * * * * * * * * * * * * * * * * * * * * * * * * * //

dimensions      [1 -1 -3 0 0 0 0];

internalField   nonuniform List<scalar> 
5170
(
67322.50205
-49801.31321
-39344.96013
15191.55954
-78995.79149
-28102.68269
-31432.89788
-25393.55622
-22722.67366
-16421.95133
-23165.76792
-20391.42971
-20190.25298
-13383.37081
-21998.98912
-23234.29982
-21778.12545
-22020.92952
-22359.80514
-22408.47557
-22964.63842
-22611.87057
-22603.01745
-28928.54897
-22602.9541
-21579.91053
-21907.87032
-21440.94418
-22273.70354
-20514.87744
-23146.91112
-21858.60859
-23140.55212
-27540.53543
-21705.43219
-21246.97888
-22930.01677
-21810.68568
-20971.73984
-20396.43182
-16469.42901
-16853.39477
-13053.56231
-18365.99093
-15810.4425
-15587.80107
-15824.93831
-6186.007018
-15885.02175
-14224.4366
-16158.16559
-16790.93553
-25238.80088
-16480.67046
-16211.64374
-12106.68307
-12248.83272
-6388.913619
-12189.42411
-10537.48458
-8044.830527
-9331.653873
-18823.77666
-9098.77604
-8970.300542
-6133.50667
-6362.936255
1271.731667
-6345.331598
-3911.542955
-5220.328336
-5229.423719
-12833.07921
-5434.536153
-6713.428116
-4444.567488
-5325.421491
906.1495706
-5591.432631
-1618.19393
-4704.159053
-4494.082514
-9832.307012
-4448.031174
-6173.123642
20.42823344
5781.632283
4609.535225
-772.0656263
3895.02746
-18447.1405
-12266.37793
-247.5688544
-13317.79059
-14595.00385
-83314.78994
-107080.152
-56938.40863
-31735.99725
-91992.81646
35132.57576
17618.57185
-16043.18293
58042.9482
-56317.05596
-12293.98798
14071.17691
-25293.32314
7236.697515
23109.75184
1111.02018
-13973.20896
15574.14341
1333.652471
16734.72706
-10201.28405
1792.962201
-7269.892767
-4911.957753
-3821.495958
9319.052466
-977.9447625
10360.1411
625.6188097
9817.790754
14548.43839
16945.38918
10451.52791
4751.748331
6025.969752
-948.9171029
-1133.010516
-3959.635545
-5694.676987
3077.045892
-3258.765702
-3993.602799
-2654.50134
3964.394889
7825.246949
-1096.429573
11647.46229
11833.07785
-4450.270856
5203.636766
16168.03241
-3293.605709
1953.716627
4490.882228
5754.01665
3081.414277
-1729.161469
-618.1760239
-160.7211369
-1974.771609
428.6163799
1143.415446
3843.365617
2942.691507
-6311.812104
-4073.782598
3572.624835
-1310.505464
-2667.853396
1025.534315
27627.59806
-38064.66536
5684.354976
49626.86969
-25546.57121
-81294.30499
133651.6938
-98813.96079
41557.5787
3963.653587
3760.857203
70901.42609
-154093.8837
9751.703381
68527.72177
-29797.13173
118498.4295
-96230.67945
-169281.3886
170596.2686
18650.05855
23418.39098
-23551.78481
-37429.43492
17876.20711
-55914.09428
-83598.65436
49550.2886
202159.8142
-129373.7501
498022.0244
-544494.8373
-266305.9933
591760.8934
-234604.0246
-273103.9463
19342.85144
-139733.2572
-144998.4958
332251.4489
237086.8754
-303757.0489
28549.12478
68436.43489
-442130.9988
-63084.92609
59852.33601
116675.4735
-71357.87912
-149268.0313
-324782.6805
129256.3234
-65303.28097
54447.2611
-264662.3021
-22109.04467
25626.39496
-48646.47834
-11133.10162
218954.8231
1197.768089
6823.94021
-10882.20939
-19666.81818
91245.45938
83163.14578
-86902.72128
148890.6509
-185938.9048
174754.261
251239.7869
15108.62479
-61828.72368
22507.47107
65287.38214
364733.2252
-72506.78972
-117571.4913
168571.9849
95435.63457
-174619.9971
-25938.3889
89867.16167
57910.91626
115850.7035
-58099.40587
-19528.35755
10066.59833
45552.0027
150535.1433
220792.1578
81928.12521
-16562.94655
-105446.2772
17702.65963
97839.03427
108202.7779
67405.8625
-40217.55764
-132203.5045
-144396.8337
35512.43514
151732.1374
146580.1624
10256.42298
137233.7805
68625.24992
189149.1522
71841.17823
-84343.50906
-232525.3817
-42717.49471
201858.7414
296232.595
313973.7967
-129821.2006
-98343.91529
-58270.4199
24030.49393
45712.96047
205603.7301
159019.7713
103171.5767
52070.34203
-45009.90445
55228.61083
151821.0691
178817.5862
189060.7542
194923.7333
-45659.21867
85915.47102
59583.23561
63926.86169
148583.9765
48194.62127
29848.5996
30617.96648
40487.68384
6821.799736
65009.74025
29049.48245
72640.97597
46000.10323
47436.90324
17790.63667
75767.10728
54898.10582
46840.6419
69809.53707
15556.09354
53017.35004
52260.20506
62677.41064
-9582.8385
10807.48249
52414.49775
38468.15842
21060.01679
125537.6099
26113.13265
24425.22434
40523.10967
16985.09973
45528.98867
7490.270517
33019.76929
21777.80237
3432.994163
75390.88896
53955.30068
-13822.92984
23133.74138
14813.04601
-831.3581345
29805.33439
-14234.32576
16300.63867
8838.578165
-14152.96873
-16151.94905
8426.993071
3878.775767
-2361.192103
19876.77924
14053.20711
-12182.99986
6330.499397
-7117.589136
22384.79804
-3814.708804
1140.261148
-5992.796176
8034.483607
-39121.66858
22379.04893
-9413.379501
-6300.149589
9203.181428
-29353.46692
-483.1528557
-8375.114097
6597.801437
1405.25101
-32413.60603
2761.49802
-168.6987174
-271.1805808
-1356.090648
2405.234111
9953.835642
-2307.692307
-6566.568681
11679.5516
-15370.07712
-2086.015786
4035.870036
-1483.616222
1491.552525
-3847.464909
-2893.240623
5358.821787
-3670.551012
5425.381634
-16076.868
21151.84215
-8646.642517
-4149.868631
6158.825125
10568.06844
-12779.91267
2881.769951
5997.555011
-8926.733761
8947.543059
-4597.945193
1974.082644
-713.7089584
-2326.159074
-1158.186891
3479.753895
-1396.001695
-3463.30054
2771.925557
-11187.3141
-10712.67414
2795.36424
-823.4417019
-206.2906662
-14624.17707
-3353.705584
-398.3400872
-1051.732723
1238.259067
-15405.26004
-7190.518955
1695.66378
310.86141
-1538.349725
-4255.678798
121.4604546
-1164.180808
-830.8967204
-213.5431458
3987.40133
-4266.643516
399.8321363
258.7712742
-147.8408396
227.4988096
-3806.722489
142.897652
833.5501413
-247.4010749
-5679.915469
-3753.951489
830.2873869
48.38701224
756.5227574
-9844.728447
-1692.865069
153.2797744
558.2295338
-1437.547136
-2547.543932
814.479807
-1450.582554
-161.5592847
16.24946667
-208.5733663
1381.971147
-699.1677519
-1882.054558
-318.4444758
8756.178299
-7412.749285
767.604578
2055.086446
-3763.080124
5788.570408
1271.375464
-1310.3874
-659.7409389
229.5996928
-7544.39578
-6202.225398
2520.050822
-2682.236318
570.27604
-1272.430007
-5141.96111
1089.398787
-491.8527342
-1226.371099
-1343.176063
1681.588143
-1244.439465
-490.0568965
-2458.195469
10069.08614
1119.231849
-817.5732766
-486.4309042
-1740.097713
9308.067278
802.9872354
-336.0324549
-694.1053374
-883.8281396
8521.351525
-507.31561
333.2831308
57.35966009
-1046.09075
6773.438166
307.3955538
421.5832282
293.0855763
-1010.529293
5806.168306
1849.691403
754.756261
-455.366587
-691.7025809
5994.75494
1274.861089
598.8520501
-340.2905134
-622.4496998
10774.93504
-477.8140182
928.3474089
875.664449
-1378.894487
8649.333459
1421.141263
-779.1759479
1237.342822
-372.3834643
1868.946593
-859.3547851
879.8961126
340.3666958
-9.231237864
1356.796426
377.1356994
288.0869494
1.525120947
516.9040621
1569.025626
-398.6781185
699.6065223
40.03268172
318.0266808
186.5746776
240.4540195
427.9050062
-190.6158491
584.8005294
-132.4055641
-201.6809631
396.8918065
196.9105733
214.0483097
-423.0167987
-1976507.763
2464085.366
1815000.824
1650700.485
252343.702
414741.9163
163931.2716
89886.82961
51057.15745
87875.80366
145076.2423
17195.81896
310990.0737
57910.62331
59673.60626
-488672.7958
394190.262
-129407.3093
457621.6843
114445.3797
128303.3795
44979.66969
-43795.41649
209075.3345
-268753.0612
-28102.74358
-152765.9807
62215.98528
69285.81132
-57489.10253
-79665.55317
129600.8299
82100.1949
110172.4362
-6999.471495
42021.55999
19096.9749
59208.81648
-52312.20578
-22463.97372
6697.899575
35359.93905
48405.61765
51526.85746
13564.63417
-19228.89341
-5358.782503
19014.60091
34321.46069
10429.86755
-1717.001916
-36837.70897
-21370.37847
25093.5363
-1326.140661
3080.199085
-37954.97055
-35110.59915
-31833.92852
-23222.44816
-19235.78474
-19062.02577
-38014.18433
-27951.71795
-4418.137149
-3141.318976
-5099.496969
761.1398106
1007.904716
2534.656564
1433267.594
-2377926.51
989155.7561
-1159557.105
433882.8016
724555.8176
-171768.6708
1485592.697
-759232.5396
205727.887
801790.1916
17483.85273
1776510.301
-2412545.026
1117153.055
693433.0544
482832.5468
-158328.7677
-384165.602
615926.8583
395852.5701
422055.5185
-363118.7813
567406.8368
79230.56542
386583.3735
153234.0217
-96287.44856
99097.06165
115431.1017
170749.0318
258199.3809
72717.98484
230340.3833
-313832.6315
290181.4678
158211.6312
-176937.4295
510324.7878
-258520.3755
148360.1414
203425.4816
-87347.66224
79557.1185
342337.5557
80284.11998
-161028.7946
191781.1238
-197180.1296
198510.9415
141618.5334
-60588.06695
87335.89635
-93526.64097
-349780.3534
128792.439
89308.79578
211545.6274
168349.7635
26849.22079
122263.4468
19750.01384
-217526.1775
515589.4128
-190856.9612
-88521.37551
173172.753
31146.75028
-245555.7908
313907.6621
-36621.85016
260807.7329
126577.9315
-258971.5584
346491.0591
-131045.0094
-120144.8453
497718.8516
339474.8653
-350924.7886
170964.9128
176042.5662
-31919.46026
-197043.5375
489346.6827
-102966.4161
-58407.87474
135132.9132
276140.867
3849.498157
264352.6773
256662.5523
113797.8382
-129471.7985
-366997.0768
204092.6702
274474.6386
358838.5583
448647.2765
541298.0612
34547.36165
60829.962
49532.68128
56556.10251
49110.64654
45902.21219
62406.24433
43336.11439
52543.7828
40820.02048
61975.68951
46655.00609
48035.06634
45530.94902
43807.14043
29781.76198
46707.95527
38949.72148
37933.41827
39170.24608
60636.03874
33688.74046
34922.21314
30660.57999
32974.2656
35204.28525
25129.11261
26556.44574
24537.52758
25037.19348
36983.38841
13739.82317
20781.30507
16153.48123
16669.04868
7717.331694
12171.02175
8775.903519
11943.06985
8502.907345
1843.55395
4295.455195
5841.36698
3391.071504
4652.119288
5984.982273
1007.916131
916.433188
239.4036654
15.24210512
5693.18499
-1329.410937
-2310.464019
-1026.937029
-2610.913691
-12202.27343
-2420.477953
-1644.671927
-2982.078091
-2629.149753
-7286.188512
-2663.650641
-807.1876259
-3607.284806
-1290.724759
-10945.84598
1639.59418
-4103.287799
813.6027561
-2651.32699
892.1784215
-1625.59122
499.2193328
-900.6200549
-272.7162702
-3535.431034
1881.901419
-1039.381337
1684.916358
-895.3421282
-401.9403875
-518.0098754
2704.618673
-1466.865296
1662.172958
-3873.612828
482.1441783
226.2948235
774.2713907
-94.11857991
4208.217714
1188.822961
-1632.159964
1756.780281
-1093.898481
1389.184602
-161.5534642
-706.9613968
-172.8677474
-80.71006944
-958.8118313
-1786.155242
918.4330453
-2105.894481
-169.198442
-3736.8478
-1337.587889
-547.7156289
-1691.707593
-678.3017804
-5129.033091
-774.3443536
-1674.885449
-448.6091044
-1614.388053
-5412.655014
-620.4433023
-937.6315612
-1095.670183
-800.4539631
-1866.955066
-656.1631659
-779.4963127
-697.2672086
-679.1760778
792.275924
-120.370817
-1310.87123
322.1521384
-1233.176013
-141.3454253
513.1447484
-1569.703445
418.2275779
-1004.659014
-1991.311284
105.4841923
-1049.44941
361.7883486
-903.8541025
-3220.395951
-62.07654137
-407.0130779
-340.7290306
-235.5582191
-1161.911582
-654.5396516
223.3823141
-997.1323176
133.362604
-461.565642
-177.6948768
-499.6508211
-476.9051119
-363.1198497
2498.973433
-537.3506874
-651.3969996
-388.8374581
-565.4356237
1029.30896
-464.4059908
-947.6622158
-132.0639067
-1060.536689
-2746.54871
-507.8935552
-648.0472785
-966.0454012
-694.0722162
-715.7035191
-679.7689432
-930.5193639
-627.3724431
-908.4066579
-1152.517377
-535.8413364
-873.6047984
-526.2640986
-819.9569222
2591.609707
-887.1556521
-439.334084
-601.8916309
-593.5087675
2515.055239
-587.6617304
-268.3488252
-449.7591523
-336.6169993
2425.519815
-301.9840371
-143.5430489
-90.02371622
-242.0528702
1795.686475
109.0936487
10.09468017
-21.80545698
149.3304473
1879.814665
58.28587378
241.550449
260.7567836
172.6458585
2138.168459
-154.9458627
671.5924914
198.919483
342.0335262
3643.227268
208.3349304
430.6993135
562.6930199
372.2510034
2834.327571
324.9028458
359.2455746
362.1719101
305.8250238
704.6293876
313.3147377
332.6877655
336.1417455
321.3512138
593.5689189
298.6132962
336.5857486
272.3786842
321.2610929
704.9375998
338.6719767
231.969705
315.9781317
268.8321566
160.1528659
366.9242297
159.3993113
368.2137194
208.0922949
136.6559748
261.0417909
176.5316952
256.8719773
188.1232291
17.74973653
196.4672655
193.1244358
196.8380295
200.4651111
-15485.0844
5729.420237
-7815.96456
5601.295968
1229.734829
-2685.250737
2554.899863
-381.848802
1715.710677
477.7702531
1367.89015
1024.24078
488.8011251
1158.527256
1473.464282
1563.680294
1835.577021
1982.482009
2180.785929
2392.597149
2586.134002
2811.237105
3018.733781
3219.792026
3429.649805
3637.415766
3834.822114
4015.774171
4180.740489
4331.934755
4462.549179
4563.092679
4625.254828
4642.385235
4614.287417
4549.435846
4445.786893
4296.238611
4099.264687
3851.719666
3557.909535
3214.463454
2831.755835
2428.40422
2031.624329
1634.221464
1224.561228
830.1351085
471.2635926
133.7152383
-166.9987531
-420.0747585
-632.3357314
-796.3524872
-911.4661839
-976.1123613
-1007.208871
-1028.914609
-980.7065838
-817.1933067
-67190.60577
24293.9141
-7805.052473
8317.492859
-4045.987235
4769.119855
-1947.020334
462.1562567
193.8983907
763.9619137
478.8498872
556.9381636
656.4705322
632.9923804
640.355295
1076.071327
1375.145272
1421.14682
1606.829694
1850.19101
2025.99668
2206.400879
2417.365887
2640.68203
2860.296071
3077.593563
3285.860017
3490.408691
3681.963945
3852.942337
4000.862676
4122.027082
4213.498987
4270.996988
4292.267958
4272.303803
4206.814155
4092.37186
3928.624731
3717.047003
3460.502457
3163.929216
2831.023553
2468.91453
2082.723919
1686.9682
1294.236508
912.6823264
552.0392266
219.0560765
-80.74779026
-340.7523425
-558.0710749
-726.8474926
-848.9661157
-923.6373224
-954.9867769
-959.2606186
-910.0203654
-757.076804
25987.35473
-55994.92806
4528.392422
2963.542213
3566.865252
-781.7919917
2884.642301
-1855.949828
-530.4218739
256.4837223
-697.6709822
198.435921
-64.23317214
140.1160874
57.17329973
129.3243403
471.2170704
620.5988176
719.415885
867.3107769
1019.20465
1213.307421
1416.623811
1624.379716
1839.350185
2057.649704
2280.825047
2506.416805
2723.749747
2928.369396
3118.006776
3290.20912
3437.552621
3556.678434
3641.028548
3686.97049
3692.219236
3651.831298
3564.366179
3429.244039
3247.228327
3021.107541
2754.307435
2451.264515
2120.327899
1770.915707
1412.87138
1056.697155
711.63629
385.7212914
86.27366242
-181.0305818
-408.6994949
-592.7615717
-732.5254495
-821.876367
-867.1758748
-883.8840617
-840.1652093
-756.9683351
-178345.5721
26861.17622
-4915.972105
2760.476845
53.46289173
-38.08563849
-971.4728372
-1222.427374
-80.02182301
-1324.128471
-401.1531412
-465.4340229
-1058.262619
-869.024281
-796.0722364
-693.9033349
-618.9758774
-489.2609884
-426.0197934
-350.8470754
-218.1883402
-76.75184356
81.30954317
261.9489571
459.2164665
677.6835765
906.7989267
1146.141615
1391.175731
1634.425799
1875.604096
2108.979078
2327.975626
2527.350798
2701.104196
2842.539618
2948.805578
3014.123453
3034.281712
3007.101172
2930.969713
2806.168102
2633.608337
2418.493832
2164.59593
1880.452527
1573.670908
1254.829557
933.1469004
620.0355979
323.5954487
46.76301696
-196.729577
-406.147154
-575.5737484
-691.6025983
-771.0499872
-802.4940799
-768.1277389
-670.622645
-130364.6753
33071.86405
-6865.862381
3511.833599
-1355.458574
-426.3985941
175.2901209
-1938.298971
-488.5528493
-1074.430654
-1534.677333
-1212.220038
-1548.245108
-1909.426757
-1636.307746
-1482.361481
-1725.826304
-1809.971258
-1687.439232
-1660.641244
-1633.2222
-1559.349799
-1444.204687
-1317.524141
-1158.579487
-963.3857485
-738.4500937
-493.6061386
-229.1548229
55.47293171
345.6823485
643.552884
942.2101438
1235.021179
1511.990083
1770.435079
2000.351632
2194.521759
2348.449504
2454.265758
2511.315845
2515.008847
2463.765157
2359.939203
2204.519096
2003.80967
1764.068049
1494.386799
1205.050219
909.7433465
609.9052361
322.0002689
61.34974298
-183.9485958
-387.596348
-544.179093
-655.8024455
-717.2494307
-758.8123995
-659.6742828
-45917.31118
6850.237696
-7713.774546
4679.028456
-308.260808
-341.1510895
11.55645622
-974.4591041
-930.9889838
-1822.752395
-1280.574382
-1564.753868
-1887.660662
-2081.238685
-2324.730157
-2535.851577
-2498.342453
-2740.747902
-2894.118568
-2926.29678
-2973.222874
-2991.991798
-2968.504029
-2908.11293
-2811.136468
-2680.0112
-2496.236695
-2264.884816
-1999.847749
-1696.312739
-1363.987216
-1003.739555
-628.0825282
-239.1892765
153.9061745
533.3880691
897.179056
1229.297291
1533.277792
1789.794133
1992.744215
2143.895766
2234.838191
2258.076716
2220.816247
2118.530379
1960.520214
1752.674851
1507.830672
1225.001209
923.1728572
632.9003357
338.0578803
60.93779862
-176.7718092
-393.3959147
-552.8161043
-659.0804659
-746.5279648
-691.3935209
126846.5591
-12350.58307
-25630.63473
6738.502563
1968.989473
1788.405484
774.1109099
422.9685129
-795.6551843
-836.711966
-1305.394121
-1134.399103
-1950.785699
-2115.249599
-2137.581976
-2840.403337
-3080.717137
-3271.742685
-3584.128768
-3872.306657
-3953.020832
-4132.95154
-4278.989816
-4329.411925
-4302.237687
-4247.596621
-4162.135707
-4000.086468
-3750.685034
-3470.122844
-3115.460505
-2714.770496
-2277.33522
-1809.235016
-1304.746617
-820.0326432
-310.0078658
166.1373339
619.4009757
1036.234337
1394.819424
1703.37061
1943.422958
2103.868796
2188.243632
2206.229317
2136.726201
2002.050585
1809.084398
1550.698301
1267.449122
951.635113
629.5071371
312.1828017
17.9278179
-291.8013599
-481.1841678
-634.4129016
-749.0188312
-719.9457493
16983.6489
61554.99318
29921.55882
-34407.87499
20965.12796
-3746.984221
3536.24783
897.9280112
749.9434941
437.0347945
-289.4037434
-714.9288774
181.5972002
-1611.910346
-2349.401082
-1996.723505
-2759.150793
-3563.747223
-3708.904918
-3917.534245
-4597.426588
-4578.536821
-5051.188095
-5420.217487
-5451.058443
-5523.491219
-5520.145883
-5482.223244
-5311.868354
-5075.803971
-4755.120048
-4350.555474
-3888.180811
-3378.894158
-2826.448645
-2177.468145
-1607.444703
-943.2461255
-378.3336826
213.6398524
722.8214168
1224.335003
1598.295278
1904.220504
2143.073066
2248.340094
2269.357108
2225.374211
2141.203262
1869.249587
1533.056495
1243.388932
883.4845181
518.0802102
162.2745816
-157.5344528
-415.4235591
-629.5810127
-771.3382868
-790.5155885
-208284.5368
-2438.725486
64192.9326
10478.13992
-6755.884334
7760.562502
3621.932626
4136.469834
3240.827791
476.785583
4466.627838
1063.543425
-989.326731
1540.916746
-405.4139046
-2076.510593
-1769.029735
-2196.937349
-3465.89511
-4071.318198
-4302.336722
-4631.896792
-5138.718879
-5309.517922
-6048.658719
-6242.939156
-6444.333098
-6536.75124
-6494.459913
-6382.023029
-6224.479258
-5788.915954
-5330.168239
-4880.791191
-4278.453353
-3497.939882
-2816.326783
-2166.88758
-1288.316076
-690.5449925
77.67455279
573.2757613
1390.629807
1685.831625
2036.482733
2283.380232
2394.829652
2398.382516
2313.664009
2113.728876
1834.174925
1489.970957
1100.024113
696.0557796
297.3527784
-76.53367471
-402.8117657
-666.2049857
-847.3241014
-902.8632109
60136.11949
74359.49327
-38206.76301
25574.78536
-14535.73452
18354.58414
3544.701341
5195.588855
11107.99122
4091.280542
1184.684252
8126.226962
3022.404423
279.9286519
2045.393907
1345.193751
-639.4573717
-978.1830601
-1695.233278
-2891.468124
-3509.892857
-4023.528335
-4681.761693
-5291.292662
-5813.362239
-6283.910138
-6706.543221
-7014.811825
-7183.143474
-7226.480701
-7154.223445
-6934.814182
-6577.306156
-6095.872482
-5487.083714
-4759.785578
-3961.944377
-3112.216716
-2239.515916
-1379.849224
-595.5626301
209.6617862
867.876185
1420.75073
1873.585662
2209.234344
2420.678746
2504.543301
2462.378727
2297.045005
2027.811889
1674.554807
1264.895616
823.0850623
376.7247612
-48.53588948
-426.6507644
-739.7695694
-964.6889939
-1052.299769
88009.39205
82276.37955
-43245.81535
-47305.33142
26647.93788
-269.4090217
15730.81377
8358.682066
8028.196249
11171.50872
9434.725584
7117.310615
4705.533248
5299.17018
5524.127471
3578.459139
1987.52458
1617.295267
601.1257421
-820.7625489
-2050.719758
-2753.29219
-3500.806148
-4336.243671
-5119.045469
-5826.444463
-6463.90874
-6998.904642
-7387.15249
-7625.832382
-7716.490809
-7640.022864
-7380.340982
-6951.374738
-6374.529038
-5667.796948
-4854.210673
-3962.597267
-3031.414311
-2095.599132
-1188.53865
-329.9772771
443.7827572
1113.18491
1663.476415
2091.639905
2385.801134
2534.040908
2538.827628
2405.088705
2149.644773
1794.587169
1365.135474
890.5772043
402.2079245
-69.33101898
-494.3449151
-852.7661772
-1119.383789
-1235.240454
-105651.349
-62730.4926
-94145.38597
118728.0969
100386.9137
7531.900734
-16194.52529
36524.00114
2379.06531
11431.75273
18816.19926
7404.794291
11263.87689
10903.42246
5653.45434
5511.097346
6368.11572
4520.771794
3519.092711
1736.112922
871.3660424
-433.9650727
-1670.891904
-2658.288278
-3737.123642
-4773.686488
-5659.160576
-6426.956578
-7060.179273
-7519.173262
-7795.690409
-7886.857846
-7777.981465
-7468.298642
-6978.43887
-6332.497512
-5553.344033
-4670.075517
-3718.098618
-2737.125877
-1766.523996
-837.0168267
23.7249486
784.6997843
1420.250497
1924.473786
2285.831317
2490.375771
2539.183751
2436.154635
2195.776233
1840.831461
1397.52926
896.8612472
373.5751349
-137.7884357
-603.7904234
-1001.596738
-1304.795148
-1445.372129
-42017.35246
18507.94395
-87522.78551
-57788.071
55827.44747
82756.28956
7537.577972
23622.40187
751.5466628
31923.21791
17343.03586
10846.16904
17513.43496
13649.03617
10151.07004
10378.28819
9569.248132
8061.34054
6234.163763
4916.979217
3759.63015
2667.886817
1014.77163
-522.2409132
-1893.095384
-3154.204834
-4297.743044
-5334.655795
-6228.357634
-6929.087164
-7427.99065
-7721.985146
-7799.153739
-7654.655435
-7298.835898
-6755.032286
-6049.44828
-5212.17264
-4278.469341
-3288.219934
-2285.594472
-1309.794683
-391.6435038
436.4812446
1140.443929
1706.175755
2123.991405
2378.227806
2466.376854
2391.75294
2167.469132
1815.337784
1363.562229
844.1433615
293.8379629
-249.2867215
-748.5278643
-1178.547315
-1511.526069
-1672.318345
-315834.9347
234642.2195
32183.15627
191709.6782
163678.0876
-8768.526039
-51873.95594
59016.9281
10839.39508
19802.76823
38238.36414
24949.8578
15913.91671
12920.36204
14860.23678
17287.73513
15481.96046
11871.35199
9452.50955
7969.898638
7192.321458
5551.374706
3868.966059
2104.532849
413.2823439
-1111.166364
-2529.383644
-3844.690904
-5003.4572
-5966.676015
-6712.170454
-7227.154859
-7506.950829
-7549.987602
-7359.803542
-6950.918469
-6349.741689
-5588.78773
-4704.545764
-3737.769375
-2733.780808
-1737.674367
-787.527135
83.1071726
837.9563731
1451.164581
1913.036532
2208.182748
2329.05018
2279.899868
2071.546385
1725.335688
1270.183829
739.0400314
170.2904488
-395.5905774
-919.3808721
-1373.571996
-1729.034521
-1904.892981
-41516.57583
-57270.90577
164384.7591
77960.457
130004.2049
13092.38189
-3947.992362
51019.5402
13502.83531
25356.62932
37051.81357
18330.67599
17132.70968
23208.52799
22631.86681
17849.6581
15690.93057
14956.55709
14340.84322
12758.81415
10778.88966
8694.581198
6825.322757
4940.205612
3009.565811
1122.677816
-631.4542172
-2200.507215
-3577.393788
-4773.625478
-5766.519509
-6515.367231
-7004.710321
-7240.029672
-7225.137803
-6966.42195
-6487.022374
-5821.220057
-5007.443036
-4087.243425
-3105.830301
-2111.92539
-1150.651808
-258.3717249
527.9497224
1174.844337
1668.862933
1994.383586
2141.9487
2114.301917
1921.050819
1583.019846
1129.182499
593.1732399
14.27820823
-565.470042
-1105.019672
-1575.103425
-1945.159677
-2130.831201
-644706.9411
363916.9005
-71273.78837
-224717.8347
135327.2765
20828.23191
48051.41755
26483.69197
32814.38983
26265.80101
35971.09659
27940.50091
24076.91731
24519.2447
24862.789
21920.00477
19481.65152
17950.05836
17557.60082
16345.37986
14056.40638
11692.01028
9556.132662
7501.370104
5421.624917
3344.733238
1348.342594
-492.7386837
-2136.220514
-3568.469461
-4774.720514
-5727.661477
-6411.525814
-6828.330754
-6979.239939
-6866.678309
-6510.261853
-5945.058051
-5210.070555
-4347.386381
-3403.674807
-2428.795032
-1472.203982
-574.4647098
226.5392335
893.886538
1408.228979
1754.68694
1922.03435
1911.5664
1732.039589
1403.585143
955.0403244
420.1138839
-161.4748367
-746.7616016
-1293.348031
-1770.682175
-2148.162617
-2338.284716
-117923.9995
203497.2543
65332.52739
52757.09972
50865.19548
54087.49983
61059.80564
26767.36057
49697.9974
22984.52399
29776.11944
32830.39175
33920.35046
30605.94451
26932.77364
25984.2572
22763.84957
21619.74713
20186.47277
18245.95491
16210.44245
14219.16727
12117.47672
9832.653523
7482.712123
5191.215111
3014.734669
980.657019
-872.0467373
-2501.046504
-3885.694926
-5011.345698
-5860.482364
-6427.560947
-6714.262402
-6724.541017
-6475.404333
-6000.115279
-5338.459919
-4533.196142
-3631.621981
-2684.56083
-1743.267226
-851.873758
-49.24789971
626.1156661
1150.230251
1508.454169
1688.261899
1690.037261
1521.858944
1203.318925
762.7318914
233.6404058
-344.1085001
-926.9076411
-1472.118366
-1950.093065
-2327.805659
-2516.980585
-377215.1742
588305.658
-60673.38798
-35215.86516
67666.68482
67997.92533
36372.45212
39897.17802
51169.73514
45846.11331
39060.76501
35492.0203
28252.89966
28751.64268
30074.74238
29806.41363
27922.0386
25452.14032
23021.78105
20782.71045
18567.24742
16236.50501
13785.48718
11305.04634
8873.289226
6506.96424
4210.042375
2020.126928
9.159395984
-1760.938894
-3268.300286
-4507.738698
-5466.770046
-6135.034275
-6513.061479
-6606.818091
-6432.656053
-6022.556525
-5416.625953
-4658.043485
-3794.090071
-2875.952149
-1955.249927
-1077.901158
-283.7005759
388.6978066
912.9922344
1273.688246
1458.287463
1466.624873
1306.467704
997.0632712
565.8818413
46.42873454
-521.5696115
-1095.356222
-1633.150356
-2104.049934
-2474.56646
-2658.328597
87254.67514
-625442.8444
-15957.28358
171166.6369
128745.9372
17022.79919
27452.28196
35863.58821
49834.32813
52166.65415
49057.25211
43267.35876
38250.89601
35103.39814
33011.5398
31193.08515
29236.73492
27132.1304
24823.89013
22340.14393
19744.00927
17132.99267
14568.94375
12049.29109
9554.467976
7085.158967
4681.261365
2413.955994
346.6729596
-1473.482429
-3030.382365
-4317.793746
-5318.84253
-6023.470987
-6433.97171
-6558.615048
-6415.539302
-6036.209594
-5459.820003
-4729.279216
-3891.798076
-2998.163996
-2099.269841
-1240.699557
-462.5644677
197.2838681
712.221167
1066.22268
1247.75723
1256.294045
1099.878459
797.5880311
376.2451744
-131.0549926
-685.2816303
-1244.727849
-1769.061788
-2226.282919
-2584.284114
-2758.990802
644550.8279
417336.7907
227886.283
124524.3478
69166.84285
48895.73781
47422.74677
49463.16801
49798.00457
47617.75703
44396.92542
41494.61599
39365.71315
37532.33239
35668.53284
33508.51283
30917.50196
28086.70056
25164.15037
22299.08342
19543.01262
16910.89705
14339.54163
11778.25967
9226.052712
6715.746883
4335.516946
2097.931614
70.56365088
-1714.247839
-3232.911493
-4482.688257
-5444.684882
-6110.479003
-6487.753438
-6586.600847
-6426.513022
-6039.121441
-5462.709918
-4739.264972
-3915.449719
-3040.789602
-2163.998392
-1328.870509
-574.7786265
62.64397037
558.0263667
895.3732925
1064.907374
1066.531279
908.9308871
611.179718
199.3280206
-293.7941963
-830.55751
-1370.517446
-1874.820423
-2313.60771
-2652.646977
-2815.63502
46425.42542
46433.34565
44792.9611
42925.62755
43050.0564
44232.70755
45100.31853
45551.73016
45166.31338
44309.36658
43012.16222
41399.16828
39432.98699
37164.32595
34539.15323
31698.9047
28714.19426
25852.4368
23132.69135
20523.66072
17981.57142
15457.80133
12920.30323
10394.17073
7916.615175
5481.566985
3192.506447
1093.134315
-799.3432715
-2449.009223
-3839.291876
-4960.702883
-5800.341169
-6358.569743
-6641.973602
-6661.917956
-6440.706069
-6010.233309
-5407.403898
-4673.260734
-3853.139899
-2993.962803
-2141.022234
-1335.018389
-613.5126674
-9.003942566
456.0688939
766.7108551
915.3126886
902.5593754
738.5470556
442.3352876
39.45848975
-438.096861
-954.3475343
-1470.975417
-1950.899495
-2366.065392
-2683.970398
-2830.973498
46880.16942
46091.25871
47993.30908
48685.95016
48478.87931
48232.3789
47536.67196
46512.90665
45278.87299
43600.81759
41395.8918
39056.59838
36351.81783
33697.57005
30842.2022
28098.60755
25450.44944
22846.95778
20344.82352
17883.10805
15419.35593
12935.18728
10430.07267
8036.007065
5682.736378
3463.275915
1399.856556
-465.0054529
-2118.292236
-3542.739715
-4718.200798
-5634.257551
-6288.85562
-6682.107315
-6820.063702
-6718.661146
-6402.964529
-5904.554476
-5258.699353
-4504.851811
-3685.695659
-2844.251493
-2021.374026
-1254.18966
-576.7172381
-17.21380166
405.5276759
678.1677908
796.1157518
761.4008773
585.5525742
287.5565998
-107.4407255
-568.3106325
-1061.48717
-1551.056637
-2002.509005
-2389.866053
-2682.019801
-2811.865573
44558.36376
43823.86046
42902.06309
43465.6963
42671.69087
41756.16763
40635.87197
39626.97047
38175.01881
36492.25318
34663.58776
32464.22262
30272.5208
28010.53448
25668.33781
23417.57607
21141.12571
18810.74932
16480.7794
14143.05772
11805.79043
9493.613887
7175.855558
5026.152177
2954.2355
1033.684005
-727.9312038
-2286.435186
-3641.391284
-4779.49197
-5680.205477
-6343.289822
-6767.07057
-6954.308521
-6915.920556
-6671.738591
-6247.722183
-5673.278301
-4982.239777
-4211.777447
-3400.665287
-2586.81859
-1806.036056
-1091.24041
-472.0763007
29.03408201
396.7225106
620.4685393
698.6064385
635.1036404
442.8808648
140.9588002
-246.2609443
-689.1611182
-1156.607322
-1615.526489
-2034.576234
-2390.500892
-2654.125797
-2765.251766
37357.02297
39224.63356
36642.91922
36450.12207
35852.13448
34651.88535
33207.42479
31819.29606
30376.8958
28859.44459
27311.19747
25588.93603
23789.58158
21835.6772
19846.05503
17814.12895
15696.42887
13610.95759
11552.81835
9465.884542
7433.808242
5455.457531
3520.533321
1736.568255
38.39165395
-1520.779655
-2916.670693
-4110.727773
-5112.921596
-5919.700106
-6516.171178
-6899.602724
-7072.323175
-7041.947067
-6824.598593
-6440.464402
-5914.35982
-5274.676901
-4552.611807
-3781.879106
-2996.025851
-2227.412558
-1506.729729
-862.0922228
-317.0513778
111.6643997
411.5547848
576.4189035
606.9769993
509.6369255
298.2843025
-8.320490198
-386.5266458
-808.9530093
-1247.213148
-1671.583577
-2054.268768
-2375.147955
-2607.351979
-2698.442434
31337.01214
29842.87584
29160.45844
27697.66783
27550.24151
26059.43743
25097.29985
23887.34091
22634.59791
21103.5071
19707.24984
18275.3688
16737.42157
15059.54471
13372.48931
11603.55891
9854.711042
8166.500221
6447.403645
4710.918484
3066.549688
1482.744061
-20.24213329
-1407.025953
-2689.351166
-3838.285081
-4827.546776
-5638.113973
-6284.724978
-6753.103531
-7039.200295
-7144.763799
-7073.541574
-6844.057366
-6470.633648
-5971.588195
-5370.484093
-4693.334311
-3968.394458
-3224.188745
-2488.652665
-1788.818583
-1150.137275
-594.506972
-138.7714334
203.8943188
425.6880516
524.1327293
502.2034552
368.9658692
138.1618483
-171.1972844
-537.2775052
-935.36689
-1339.924454
-1725.12683
-2067.395965
-2349.717146
-2548.064388
-2618.240564
22993.59372
22063.09552
20817.41768
19915.35227
18975.68778
18240.52704
17002.3767
16033.33886
14787.53324
13588.5022
12275.1318
11016.0731
9758.070484
8470.850147
7146.307868
5791.217105
4398.794868
3060.076775
1732.736929
450.9542601
-769.2265683
-1924.239152
-3005.675528
-3972.797946
-4836.535342
-5575.798238
-6176.094063
-6632.593249
-6939.952394
-7090.738806
-7093.95607
-6960.448149
-6696.067235
-6313.603097
-5827.284293
-5256.237681
-4622.504395
-3948.705447
-3257.703086
-2572.757323
-1916.847772
-1311.668131
-776.2907118
-325.9282111
26.95505028
273.8990463
411.3484301
439.8818135
365.244468
197.4630454
-49.14083277
-356.6470433
-705.3938512
-1073.502556
-1438.972981
-1780.015765
-2077.619377
-2318.386843
-2480.806937
-2529.789656
15236.2039
13856.11618
13453.77842
12374.42614
11592.52048
10823.53639
10022.22932
9083.229209
8137.205479
7139.640116
6002.675119
5014.923218
4072.035066
3074.019005
2026.788518
994.023458
-22.64011189
-1033.994155
-1991.565695
-2871.653817
-3691.581296
-4435.937199
-5109.751526
-5680.521966
-6156.401171
-6525.725147
-6789.66769
-6935.430177
-6954.595929
-6852.359012
-6643.421605
-6336.959074
-5938.909662
-5463.68414
-4924.143043
-4337.79244
-3722.317265
-3095.702315
-2477.325214
-1885.399978
-1337.334917
-848.7830554
-432.7887772
-99.95036814
142.1115978
289.5225503
341.969045
302.9753555
179.9824994
-16.03924121
-271.4206073
-569.6852324
-893.7810362
-1224.996439
-1545.199321
-1837.336826
-2086.318284
-2282.685434
-2408.069532
-2436.16807
8831.035038
7296.128658
7166.733456
6270.279604
5457.521163
4761.537155
4233.329097
3506.008836
2854.130645
1781.739079
1035.148347
332.6397342
-394.8256837
-1109.604774
-1854.264254
-2600.925366
-3230.852602
-3872.85495
-4477.388425
-5007.523216
-5462.764066
-5849.241183
-6169.877628
-6404.329216
-6568.805263
-6642.91672
-6631.598237
-6531.410546
-6343.018123
-6078.936309
-5740.944383
-5339.610285
-4883.368895
-4384.145136
-3852.379148
-3304.334126
-2755.651779
-2218.231762
-1706.755155
-1234.779736
-814.9517538
-456.9293545
-169.3472786
41.6340741
173.1022854
224.3160872
198.103495
99.93297503
-61.62931739
-275.5900836
-529.5159433
-808.9757686
-1099.643262
-1386.512934
-1655.486501
-1894.201783
-2091.385372
-2241.442497
-2329.522563
-2337.726477
2732.721102
2502.411817
1790.499535
1381.622146
783.0047357
296.3502511
-116.1850014
-885.9677815
-1301.174065
-1818.447897
-2376.848636
-2857.371372
-3384.034195
-3788.726115
-4219.97461
-4651.66968
-4906.340985
-5349.017597
-5635.888984
-5876.201253
-6041.138204
-6163.240697
-6223.765522
-6202.743704
-6134.355378
-6003.492896
-5811.459376
-5563.281494
-5268.690804
-4924.671064
-4538.85581
-4115.984752
-3666.193475
-3202.615345
-2737.099635
-2275.968451
-1830.551792
-1412.043833
-1030.296806
-694.0523767
-411.1158523
-187.5936175
-27.21857766
67.75734474
97.23359868
63.71399916
-28.06875602
-171.3355026
-357.3241792
-575.8242014
-815.9652051
-1065.858711
-1314.166602
-1549.823239
-1762.39331
-1944.336668
-2088.111967
-2191.335976
-2242.94882
-2233.078641
-309.8038775
-932.6904185
-1546.484847
-1707.33497
-2275.63467
-2465.197458
-2869.762007
-3317.11352
-3638.299853
-3979.536843
-4235.405521
-4574.321285
-4798.708
-5027.221129
-5230.910553
-5377.843357
-5551.987664
-5628.372628
-5667.002082
-5692.269557
-5648.776861
-5569.297399
-5446.437079
-5283.307171
-5090.864735
-4852.455715
-4576.773556
-4274.354411
-3943.752874
-3588.256192
-3218.201736
-2840.785365
-2458.909011
-2077.457065
-1709.902653
-1365.412464
-1048.128496
-764.3606208
-520.3891432
-321.9837299
-172.4971061
-74.77569791
-29.48039071
-35.85350963
-90.97092818
-190.7528141
-329.4609976
-499.4756905
-693.2442749
-901.3692444
-1114.939894
-1324.881385
-1523.073886
-1702.196483
-1855.427437
-1979.42569
-2070.100589
-2127.643726
-2145.379597
-2120.091328
-2256.633373
-2762.723781
-3161.75799
-3249.409825
-3683.386456
-3735.704546
-3994.208353
-4231.159054
-4457.831122
-4700.812383
-4718.088663
-4922.676352
-4982.873828
-5005.971947
-5031.065526
-5043.973908
-5018.968591
-4975.008666
-4869.662662
-4732.269908
-4603.384545
-4415.10018
-4209.325663
-3974.559252
-3732.268627
-3469.073436
-3189.619122
-2894.993928
-2593.510081
-2289.946881
-1983.832673
-1687.248597
-1404.356992
-1137.366645
-891.5930155
-673.6516293
-487.1326429
-336.1155318
-223.2342805
-150.567661
-118.7657371
-128.1518221
-176.2988282
-260.465827
-377.0215774
-519.9428927
-683.6652966
-861.1232611
-1044.971401
-1228.185313
-1403.992997
-1565.991033
-1708.855011
-1828.899441
-1922.680178
-1989.974816
-2030.200359
-2045.753359
-2034.541184
-1996.596407
-2962.732069
-2983.220138
-3451.65372
-3369.324665
-3769.904363
-3669.0692
-3941.981286
-3982.045406
-4162.765561
-4182.68601
-4205.07602
-4202.562528
-4238.521947
-4164.60123
-4106.036259
-4000.769436
-3891.049988
-3787.170727
-3613.830569
-3421.822948
-3262.080381
-3047.853934
-2821.171288
-2597.105042
-2362.701828
-2122.992961
-1888.329528
-1653.594013
-1423.64396
-1201.642861
-990.4786654
-793.6883372
-621.7273564
-472.58441
-347.7742186
-251.5353242
-185.7715494
-151.5811026
-149.6195111
-179.24529
-239.4517325
-328.2109562
-442.039304
-576.8878001
-727.9089562
-889.8131224
-1056.566477
-1222.322508
-1381.310381
-1527.999438
-1657.758092
-1767.070921
-1853.349428
-1915.395605
-1952.933653
-1968.626069
-1964.575875
-1944.806861
-1907.74925
-1862.440528
-2782.258633
-2696.670646
-2694.915137
-3011.841452
-2902.572646
-3091.918322
-3037.444187
-3068.323321
-3178.597755
-3140.290323
-3117.099683
-3053.738296
-3051.63688
-2950.650902
-2827.979783
-2706.630525
-2555.746649
-2429.518464
-2297.747541
-2100.774669
-1922.16784
-1757.995359
-1566.371467
-1380.822785
-1198.901741
-1026.507373
-862.4876504
-707.9843912
-566.699354
-438.3340362
-326.0952791
-234.6642248
-166.3980043
-121.6270053
-101.2765646
-106.3873123
-136.9743669
-192.6323206
-272.2927389
-373.9154621
-494.694002
-631.7781928
-780.8713172
-938.1842978
-1098.343132
-1256.190476
-1407.064301
-1545.91128
-1668.56349
-1771.555945
-1852.155708
-1908.776114
-1941.410292
-1951.106674
-1939.622208
-1911.58941
-1870.836464
-1821.864372
-1768.916954
-1719.496838
-927.9550559
-1925.580383
-1592.911802
-2022.846436
-1811.236938
-2026.650074
-1929.445115
-1894.061879
-2032.050657
-1926.634976
-1932.90039
-1842.049049
-1868.830386
-1721.319224
-1625.692755
-1493.036297
-1392.002958
-1250.529145
-1129.132851
-1010.963618
-864.3489443
-738.4046645
-640.9489378
-505.3805898
-402.5431133
-299.3267076
-212.7289938
-138.2055279
-79.99786607
-38.85229272
-15.60816861
-11.70655337
-27.01823491
-64.02282076
-120.9542571
-197.5351766
-293.0351283
-405.9078527
-533.7822079
-674.2779349
-823.9304348
-979.0448215
-1135.557099
-1289.847509
-1437.257551
-1573.465885
-1694.575936
-1797.009133
-1877.775933
-1935.169278
-1968.382431
-1977.432564
-1963.869898
-1930.056178
-1879.918964
-1819.177139
-1752.739205
-1686.88983
-1621.218349
-1572.698029
-664.665365
-795.8063843
-593.4467134
-968.0977835
-775.4937113
-1003.351439
-893.04026
-884.2059372
-998.7256104
-930.5648753
-942.4136892
-866.7378887
-806.9008687
-809.4388576
-721.9190114
-647.6693353
-548.81547
-461.8949248
-370.9524555
-327.9742922
-215.8560049
-149.6185874
-110.6936992
-50.58567433
-4.963513771
27.56381231
46.59631071
52.51611574
44.86269586
20.97627736
-18.52030948
-73.04600912
-145.2571301
-231.7051151
-334.3886745
-449.7563742
-577.0706669
-714.3368567
-858.6226815
-1007.56068
-1157.789211
-1305.523418
-1447.400795
-1579.697152
-1699.225441
-1802.569504
-1886.680127
-1949.416287
-1989.040214
-2004.877425
-1997.569298
-1968.098042
-1919.445166
-1855.096832
-1779.45067
-1698.521572
-1616.275441
-1537.814931
-1474.966192
-1429.203928
389.0651824
-66.5113071
-217.4750411
-75.63400854
-216.1291586
-204.9505771
-247.3378298
-210.7618715
-338.5519212
-326.274274
-350.447266
-293.6333473
-238.1965963
-293.1128907
-237.6112891
-179.3803395
-139.3748949
-101.5125892
-61.65683048
-43.52622408
19.98336435
-2.168000111
36.67001155
13.00742365
30.78859872
14.11139049
-19.29068012
-62.2652995
-109.598997
-168.478442
-242.0309703
-327.8615775
-424.0589814
-530.4660641
-647.4629066
-771.3190862
-900.8726263
-1034.43667
-1169.498773
-1303.181148
-1433.006966
-1555.583665
-1667.939197
-1767.694943
-1852.143146
-1918.580775
-1965.352426
-1991.207044
-1995.567174
-1978.512977
-1941.281761
-1886.027878
-1815.828269
-1734.357737
-1646.184954
-1557.56548
-1474.078772
-1400.345424
-1334.409498
-1298.452779
-103.0843273
556.820714
118.0225634
116.8085313
210.6900603
15.70537947
52.53225645
41.19426
-103.5698842
-109.2067637
-152.3753353
-120.1585936
-105.4257628
-186.6535918
-161.5926722
-136.2483868
-132.9682444
-110.3634085
-117.1411034
-113.5840824
-139.2114364
-153.2245819
-129.2297311
-193.9019843
-205.7601251
-261.2833629
-297.0528991
-358.1406809
-424.9490691
-493.3014034
-575.3021888
-664.0263939
-758.1950727
-859.4020706
-964.3890529
-1074.342843
-1185.054536
-1295.326335
-1403.492152
-1507.314589
-1604.225981
-1692.393036
-1769.313286
-1833.157475
-1882.213385
-1914.577821
-1929.652403
-1926.464388
-1905.400404
-1866.829206
-1812.969831
-1745.33196
-1667.49975
-1583.436434
-1496.950732
-1413.011162
-1333.459821
-1262.770655
-1216.233839
-1186.207638
530.1122149
109.1708267
64.33260838
132.2392988
117.4544045
-24.96289313
-34.86070641
-60.8199433
-207.273752
-235.0498879
-236.9657231
-276.0455027
-293.7483706
-396.7692214
-381.016944
-381.9125625
-394.8413752
-377.4565428
-395.2319719
-400.0862453
-395.7037044
-607.2842918
-461.4838982
-512.6203625
-585.4484485
-615.8055417
-666.026436
-723.4067482
-779.194488
-841.4542061
-911.0166112
-982.6406475
-1057.419142
-1132.88741
-1212.09147
-1292.562693
-1371.224401
-1448.165725
-1521.638699
-1589.526694
-1650.49993
-1703.250957
-1746.083886
-1777.509389
-1796.647757
-1802.664966
-1795.004874
-1773.63147
-1738.758808
-1691.722714
-1633.890169
-1567.271702
-1494.635101
-1418.852395
-1343.99289
-1273.349278
-1209.948012
-1157.908342
-1119.782191
-1098.818298
506.8750527
-309.1670068
-176.2253873
-120.1282934
-361.5704619
-266.0602271
-388.8907857
-258.3362094
-550.0597223
-555.0155641
-569.282373
-624.8298357
-640.82772
-650.882081
-743.7344756
-750.5750542
-751.9002707
-768.8862539
-784.7552475
-808.058856
-832.4064208
-854.5496052
-831.6013623
-943.9784076
-1042.163854
-1011.224072
-956.077879
-1036.200582
-1089.797233
-1123.260266
-1161.887315
-1205.195601
-1252.926655
-1299.313069
-1344.921445
-1390.08059
-1434.834732
-1476.212426
-1514.608164
-1548.591248
-1577.126161
-1599.494846
-1614.796107
-1621.820044
-1620.315802
-1610.084864
-1590.55672
-1562.042464
-1525.337566
-1481.09562
-1430.535358
-1375.717543
-1318.13268
-1260.251919
-1204.667839
-1153.689252
-1107.848193
-1068.911325
-1045.556994
-1039.330279
-649.5042938
-531.2130557
-487.8170266
-593.3197732
-640.8034781
-726.9343185
-714.0285292
-874.405748
-921.0814435
-924.6034919
-949.537107
-993.2764518
-1008.549157
-1008.512699
-1116.393899
-1119.150551
-1115.154742
-1137.165156
-1140.12268
-1152.77006
-1152.69195
-1169.635502
-1208.068906
-1188.769942
-1209.986665
-1230.110889
-1241.412108
-1255.007245
-1268.545118
-1279.696814
-1294.574066
-1308.81335
-1324.691344
-1337.753959
-1351.553765
-1366.759366
-1379.589674
-1391.334669
-1400.964726
-1407.932459
-1412.069484
-1412.998747
-1409.933451
-1402.447223
-1390.440407
-1373.931931
-1352.932273
-1327.639718
-1298.543255
-1266.015397
-1230.945486
-1194.216714
-1157.13744
-1120.910901
-1086.926704
-1056.885278
-1030.718363
-1013.238213
-1005.921208
-1000.460068
-1080.723941
-810.8397002
-924.5275898
-935.9017438
-1041.003539
-1021.17347
-1016.658082
-1231.441104
-1206.455623
-1240.234549
-1238.213016
-1284.248589
-1297.547483
-1282.51938
-1389.239818
-1379.91493
-1377.076641
-1379.528794
-1374.639225
-1369.315732
-1362.691927
-1366.182565
-1395.854633
-1358.326165
-1358.199241
-1345.723648
-1352.246512
-1333.907438
-1324.682454
-1310.871942
-1300.999854
-1289.25169
-1279.581199
-1268.366306
-1257.174597
-1247.847701
-1238.1353
-1229.332295
-1219.642379
-1209.367015
-1198.589002
-1187.355933
-1175.484667
-1162.621439
-1149.130902
-1135.07857
-1120.151739
-1104.42555
-1088.677397
-1072.369431
-1055.973828
-1040.015724
-1024.854242
-1010.304658
-997.938827
-988.202808
-981.2447376
-978.6373578
-977.535675
-982.9868528
-1291.677867
-923.7965772
-1111.83701
-1148.936116
-1184.736011
-1232.353051
-1173.774035
-1401.826939
-1371.571939
-1386.278147
-1391.952408
-1427.592711
-1433.885583
-1410.535781
-1504.181278
-1502.055959
-1490.752249
-1465.860469
-1448.748921
-1441.787041
-1442.401748
-1406.496206
-1301.186552
-1383.69759
-1294.874527
-1335.446201
-1329.551087
-1296.559688
-1267.799125
-1240.652042
-1207.892881
-1178.891764
-1154.960025
-1128.996819
-1103.703875
-1079.912569
-1058.844373
-1037.46089
-1018.55798
-999.6858921
-982.4688557
-967.3367682
-953.9823339
-942.6658045
-933.3822171
-925.9180421
-920.2435467
-917.0737035
-915.8784883
-916.6829189
-919.0009703
-922.5181506
-927.1804309
-932.3721517
-937.9429614
-943.5924665
-950.1117006
-960.1262783
-965.8361796
-973.0930955
-930.4608766
-1095.344531
-1196.226094
-1206.843033
-1227.322917
-1206.144086
-1203.528855
-1377.098689
-1409.750441
-1382.2751
-1389.665174
-1416.725561
-1415.511233
-1396.993718
-1479.958821
-1463.761817
-1443.017035
-1418.285298
-1408.53331
-1377.903687
-1353.326474
-1325.507926
-1302.793149
-1304.912039
-1259.789092
-1223.365722
-1187.962048
-1166.788414
-1129.384416
-1091.792717
-1055.982831
-1022.997188
-988.9853152
-953.6587515
-923.3200031
-894.7694263
-868.3694172
-844.6016133
-823.194256
-803.2130759
-786.3239357
-773.2263733
-764.5624794
-759.5286629
-758.5691246
-760.7531965
-766.6738533
-777.5260894
-790.962506
-807.0186072
-825.001099
-844.5871148
-865.1318319
-885.416917
-903.4300661
-920.5575176
-934.0663201
-952.4485817
-962.5398041
-960.8985046
-973.178028
-1084.037475
-1091.194571
-1082.833566
-1148.409358
-1042.848164
-1301.371203
-1233.394691
-1297.401532
-1255.122409
-1259.036168
-1297.382225
-1283.950766
-1273.441404
-1350.408547
-1328.687144
-1299.369659
-1266.229387
-1247.041199
-1222.598724
-1191.327862
-1162.723307
-1131.521632
-1111.045624
-1087.637452
-1059.59646
-1013.085135
-997.7213471
-959.0696229
-924.2979365
-889.642067
-855.3148119
-821.5417948
-788.1415771
-759.1955825
-731.9399373
-707.5206109
-686.5119281
-668.3335421
-655.9710421
-646.5575132
-641.1978578
-640.1477431
-643.5325859
-651.2651035
-662.8088375
-678.2878319
-697.2567315
-719.5581271
-742.9313635
-770.6029033
-799.8726177
-832.329128
-855.810394
-879.2426505
-898.3979118
-916.2320939
-932.4097141
-948.9335375
-944.1038931
-868.8624721
-899.0511861
-901.8438936
-909.316328
-913.3806608
-910.1685971
-1089.249197
-1084.757069
-1091.695384
-1076.068591
-1071.617477
-1106.861543
-1100.337027
-1079.540965
-1175.74873
-1138.951301
-1120.71733
-1091.012431
-1065.852195
-1045.587188
-1015.67903
-978.588798
-958.5486518
-937.1270526
-937.3266002
-891.2717911
-856.6289235
-826.9287699
-817.8737125
-786.2682031
-765.1183454
-739.2271141
-711.4590421
-685.3728481
-662.6691216
-641.9124283
-625.334839
-610.449901
-599.4290102
-592.6525946
-589.0620535
-589.1538071
-593.2982127
-601.1683984
-613.0496509
-628.8976862
-648.2539981
-670.7063153
-696.9921246
-721.6315586
-749.1794324
-777.7285168
-806.7175622
-833.6919533
-860.8926666
-882.002932
-903.9665977
-919.2302672
-935.4377537
-952.2423138
-545.3674612
-678.9673205
-762.6310772
-654.5347627
-722.5655776
-609.3965478
-864.5823743
-889.7414759
-863.0603627
-879.5255364
-804.2110437
-904.8652412
-900.583893
-886.8663523
-877.2466339
-952.9668503
-938.9161881
-917.3665172
-895.1741465
-870.9210448
-853.1416812
-854.1200697
-826.0834039
-786.5674725
-856.97451
-757.7673796
-791.6191984
-720.7308602
-744.6749157
-718.2689781
-690.6321182
-678.2197029
-665.3062346
-645.2423742
-628.3034638
-615.4568212
-606.3075958
-599.8353587
-595.5231737
-592.4500127
-593.2610896
-596.2679411
-602.3569499
-611.4265783
-623.2541048
-637.8168809
-654.7587917
-674.0890567
-695.683288
-718.7272185
-741.7886876
-766.1801556
-789.3703403
-812.9486968
-833.99957
-854.1933879
-869.6934932
-884.3145862
-892.9736628
-898.6596789
-365.4944246
-572.9161819
-447.0211828
-577.0316921
-478.4269793
-688.7779125
-701.8961123
-698.8305682
-709.1902623
-683.1262283
-753.3423325
-736.2127994
-745.2328863
-730.9531219
-721.3291321
-813.2129216
-801.501591
-786.8967986
-777.4879258
-771.5584353
-754.3459298
-753.8916475
-758.1818479
-729.2429653
-699.9692793
-738.8820665
-730.1311291
-635.048518
-858.0133962
-635.5419051
-702.8684588
-659.8310496
-659.9605057
-666.7909432
-656.9353378
-647.164521
-640.0299773
-638.5882169
-638.716934
-638.9115979
-641.2363539
-643.9612773
-648.5183739
-654.9133072
-662.7701263
-671.941116
-682.5975909
-694.3676237
-707.0265009
-720.6711371
-734.5795525
-748.6093273
-762.3944092
-775.5513564
-787.6223323
-798.3460584
-806.7860938
-813.7860382
-817.824935
-816.593848
-175.7792876
-466.9881808
-348.5805224
-407.6298301
-308.8093728
-559.8717433
-595.9897317
-577.5927314
-596.1526905
-582.108912
-644.7606944
-646.690219
-647.2117225
-645.5521086
-640.7785496
-735.6242617
-733.4154614
-727.8819255
-721.7628028
-719.8583497
-711.0878897
-721.1693336
-720.3102072
-698.365539
-721.273029
-736.5187928
-726.1901286
-719.6399569
-712.1015083
-721.2262238
-723.5849954
-711.817666
-719.5305098
-714.5638539
-709.4783194
-709.3880769
-707.4889393
-707.3045866
-707.86532
-707.2898348
-707.2925011
-707.1692597
-707.525435
-708.3826608
-709.4825452
-710.6345939
-712.1267173
-713.7052306
-715.6184751
-717.7467273
-719.8080417
-721.7367354
-723.5475034
-724.9685408
-725.9668972
-726.4328793
-726.1021018
-725.4221194
-723.4941877
-718.0243381
-413.2430514
-262.545825
-386.4707197
-308.1291279
-499.5052559
-552.0613609
-511.4599585
-570.0395646
-535.9299618
-556.0717174
-605.1291951
-624.5048337
-619.0474174
-617.5911942
-625.8193788
-726.0266546
-727.9164112
-726.170551
-726.9819303
-726.0400059
-738.9012162
-738.721153
-737.520003
-734.0755938
-745.5117154
-758.255643
-774.9597952
-778.8611838
-763.9844626
-786.4357179
-782.7973986
-783.9853243
-779.273532
-788.0952205
-781.0489475
-781.2058729
-781.9366421
-778.2983017
-774.8094076
-771.6559458
-767.6162833
-762.361546
-756.6803613
-750.1867073
-743.0710315
-735.1224775
-726.5029053
-717.2878067
-708.1277468
-698.7798731
-689.0992326
-679.3058433
-669.5556218
-659.9281501
-650.5279957
-641.7102699
-633.3066396
-626.0015624
-618.6943216
-610.6365237
-518.0837743
-316.9430887
-345.3061339
-508.9878081
-566.2786811
-544.1628062
-579.5907285
-573.5034207
-578.7972528
-541.2471027
-646.3660528
-646.1906083
-660.3140239
-653.4051141
-661.2944447
-765.6112353
-769.9656895
-772.9853608
-777.453651
-779.5212871
-789.9373459
-790.8452086
-788.977331
-798.8087794
-805.2140881
-796.6957616
-853.6328941
-831.1681273
-835.8016123
-832.9454979
-852.3584358
-847.3508278
-847.0445137
-845.6132886
-842.9888412
-839.7683494
-834.5071845
-828.1320011
-821.0721851
-812.1529491
-801.7432476
-790.3083645
-777.4291923
-763.2339324
-748.0263682
-731.3663492
-713.9120504
-695.4814183
-676.312023
-656.9540708
-637.4066048
-617.8986137
-598.8403676
-580.4357425
-562.9899588
-547.0325012
-532.4881655
-520.0754323
-509.1244217
-500.2151989
-421.3753522
-420.7249122
-575.8431035
-619.8375132
-628.1984324
-630.3565111
-647.1653987
-642.186201
-641.5715489
-609.2809103
-708.3816537
-724.4577605
-725.2741049
-722.1196378
-729.2593584
-833.8938704
-839.6388877
-840.7989705
-841.8558958
-840.8585671
-852.9563113
-859.5064121
-866.9185264
-851.4432405
-857.0509685
-884.2316407
-899.4354445
-891.0273974
-882.9440672
-889.5667768
-890.5134833
-890.0606724
-886.0250182
-876.2079704
-871.8899374
-864.6273882
-852.8626399
-839.9474271
-826.5800119
-812.6180728
-796.2361751
-778.0765557
-758.4185472
-737.4571783
-714.7546057
-691.030402
-666.2332664
-640.4753909
-614.0366662
-587.650188
-561.4794285
-535.8146591
-510.8352416
-486.9709669
-464.7510023
-444.3876483
-426.2968893
-411.2735651
-398.7015481
-389.6333242
-501.3755164
-643.0303578
-723.4717181
-690.9895209
-705.7855684
-723.9272923
-718.306598
-728.4909671
-718.1187488
-775.4244535
-796.8602036
-800.6127312
-797.841917
-793.6807054
-799.8486622
-901.4763258
-902.575718
-902.5862321
-903.2966644
-901.9991018
-902.58224
-905.1114616
-906.7313863
-903.6029446
-897.4215903
-900.9560607
-900.9284244
-932.6325767
-907.3302958
-899.464553
-891.2764701
-896.0127005
-881.4478856
-869.389391
-857.5401817
-842.1607571
-825.6553047
-807.5816545
-788.5065214
-768.5492495
-746.1741587
-722.2402972
-696.785599
-670.2720219
-642.5060451
-613.8879448
-584.3754231
-554.3002058
-523.9336377
-493.6204207
-463.6611059
-434.5749268
-406.9422501
-380.6855416
-356.3867765
-334.8062404
-316.2035435
-300.870223
-288.9385604
-280.9720791
-631.9675451
-835.2610675
-727.0064057
-811.5667204
-758.4687779
-808.6807711
-781.0398006
-790.0777496
-755.3591886
-841.3649605
-855.876934
-851.2553193
-850.58037
-843.776249
-840.3139524
-944.0157028
-943.2962612
-939.323204
-930.6953677
-924.899003
-925.17065
-919.6564307
-908.390997
-910.9636489
-914.8401518
-889.974739
-895.6748189
-923.3422619
-884.7194863
-874.3951456
-852.5649603
-857.3618248
-835.2608261
-814.2033235
-798.1326163
-778.0071574
-755.1276261
-732.062348
-707.0596636
-680.459586
-654.4534441
-626.2330017
-596.8622162
-566.4429049
-535.4575305
-503.8227265
-471.6951799
-439.5914438
-407.9344595
-376.357915
-345.8317904
-316.1241654
-287.9488104
-261.6061222
-237.8311834
-216.4090433
-197.9329629
-183.7259121
-172.4307903
-165.6904113
-824.5375568
-834.2048566
-769.4518814
-834.0219667
-828.0090393
-797.2252888
-827.6458671
-798.8781679
-765.0695323
-862.6556459
-868.4089681
-865.077007
-861.7838272
-847.1852183
-844.626965
-948.9333002
-936.3616981
-927.6134578
-918.3661265
-907.2685877
-896.380129
-891.2716443
-885.2967469
-879.4443124
-865.062291
-860.6663361
-862.2177463
-780.1169296
-761.9008091
-733.6782095
-776.5120149
-914.2924676
-747.3036539
-707.3545601
-682.2084655
-674.5241797
-647.3505692
-616.8520032
-587.7832446
-556.7608778
-527.2728341
-496.863308
-465.4924858
-433.0374601
-400.7476679
-368.1398686
-335.7225487
-303.6821826
-272.2797697
-241.7894513
-212.6696099
-184.7488052
-158.5815329
-134.4721378
-112.3628474
-93.14597661
-76.35075492
-63.32193762
-53.02503207
-46.41777289
-747.1143209
-770.8999427
-819.0206498
-778.7497609
-788.9801177
-795.7733944
-766.5139628
-753.7015847
-815.6913519
-838.8513823
-832.6696245
-821.9010606
-811.516673
-800.5956439
-788.9980709
-890.2198155
-882.2476953
-869.3442318
-854.3526821
-845.02393
-826.1845225
-819.7452205
-803.4370019
-787.9973095
-771.2121838
-753.4646141
-733.1874111
-726.6758899
-728.6314724
-690.297808
-665.5261118
-638.9522056
-622.6612188
-590.9543604
-565.8145362
-537.4450528
-506.1557991
-475.0085862
-443.972869
-412.5946515
-380.1631798
-348.9623171
-316.7907115
-284.2367113
-252.0828022
-220.4276628
-189.2478941
-158.9164642
-129.707877
-101.4814897
-74.62561388
-49.33482936
-25.8873686
-4.299940521
14.81559131
31.79242898
46.25646623
57.61055265
66.45016386
72.13598034
-697.513134
-688.0022185
-726.0738744
-700.0368129
-684.9211754
-711.7399107
-669.399306
-653.0503979
-732.0928695
-737.5890934
-734.0342645
-721.5848111
-708.148781
-702.2849019
-785.9809083
-781.5729916
-774.2147223
-760.9783656
-740.9458605
-722.5484827
-710.370125
-700.3828635
-686.2346809
-660.9548278
-639.6995928
-627.3857448
-601.586954
-573.0490971
-601.2092842
-547.4547621
-535.5241316
-476.4472646
-494.4832789
-440.7872095
-416.9028414
-386.9245782
-357.9856863
-324.7744606
-291.7231438
-260.8147701
-228.3655096
-196.6982286
-165.6479094
-134.5745886
-103.8596291
-73.86571681
-44.71976776
-16.50751876
10.34528572
35.97015431
60.13213446
82.68484759
103.468307
122.4870648
139.2755166
153.8570269
166.4050509
176.0175733
183.7433834
188.775166
-532.6150047
-579.1553801
-545.2397173
-555.3257674
-548.0685435
-532.5512491
-469.4237049
-569.2318921
-607.2549548
-581.4207768
-585.4263753
-570.2753221
-558.0269546
-554.7081189
-639.0639238
-635.8481355
-622.6665918
-608.9593186
-589.6868662
-574.9282557
-560.4269159
-546.1399272
-531.7374807
-516.2073192
-491.2428777
-465.182594
-442.4865597
-398.4542652
-402.6065545
-413.1501076
-368.4198216
-347.3962521
-314.1588415
-299.9476203
-267.2081049
-237.2296552
-207.7734788
-177.1409245
-147.4020695
-116.4625295
-86.17717008
-56.0836378
-27.30393455
2.081201626
30.31756418
58.07818132
84.85136798
110.3625851
134.8376912
157.8521624
179.5520441
199.7969323
218.3608651
235.1911578
250.2231589
263.2571991
274.2250564
282.6626054
289.6038324
294.4125794
-376.024847
-360.0724693
-381.0357136
-332.9541949
-383.91689
-261.8960618
-404.9701649
-417.1998815
-401.0210589
-411.2058844
-390.3825974
-388.6502072
-373.3389706
-367.448849
-458.6384528
-450.1867176
-447.4000095
-434.1195396
-416.0020502
-404.0095965
-392.118926
-381.111468
-367.7386397
-348.8157469
-329.9725641
-307.1081521
-290.6796409
-264.2269366
-256.6268086
-273.268797
-215.8113737
-205.7311993
-172.4607878
-160.2799947
-135.5562203
-105.1713109
-80.67932891
-53.86700783
-23.7729512
4.731897176
32.37977243
57.46606786
83.50408281
110.1141812
136.347157
161.6869115
185.841659
209.2904404
231.4846845
252.4958635
272.3651615
290.9524643
308.0556906
323.7033181
337.5950957
349.79845
360.2753541
368.4358776
375.2631157
380.2053267
-120.7102791
-152.8890982
-163.6309011
-138.2072346
-143.2734911
-197.3504202
-203.4302558
-209.1482176
-206.0204392
-200.3948687
-200.2773135
-186.9492272
-184.5799994
-178.7671638
-273.4754634
-270.5463902
-263.5128852
-256.351392
-242.0459127
-231.0054996
-219.970707
-213.1517679
-202.4139855
-190.8881264
-178.3940139
-154.6313246
-141.3478656
-141.381209
-146.0810719
-115.4307772
-95.19435875
-78.17462251
-31.96705186
-165.9841907
12.44977851
-7.348489361
32.43151613
40.97479313
59.94217466
90.96306465
119.4568819
142.8349154
162.6815683
185.5491984
209.0646094
232.0372184
254.4654965
275.8477767
296.4908505
316.2733258
335.0938872
352.786112
369.298436
384.4398832
398.090276
410.1444517
420.6839988
428.7966232
435.8506358
440.8188353
-0.03620849972
66.39821608
49.93780186
128.9406256
-14.42556635
-1.190303743
-28.03647148
-11.55885353
-19.89352233
-16.5383207
-10.08022655
-9.043667852
0.5372249622
-3.937738517
-103.8795538
-101.7010297
-96.90812054
-93.63177429
-84.74705008
-80.92917845
-74.01251405
-68.80305476
-65.30509961
-59.691982
-48.79445398
-35.27640233
-25.81678249
-22.75555196
6.852551602
-12.7553411
-16.33528188
13.0134647
24.32333062
48.41640694
45.57323722
67.49105266
85.81757884
103.1367837
124.2855262
145.1124293
165.0224488
184.0390373
203.8448316
224.6020853
245.4486874
266.601838
286.98872
307.2613859
326.7041386
345.7438979
364.088409
381.5937983
398.1323672
413.4989737
427.55422
440.0921852
451.0973344
459.8619978
467.4536077
472.9391946
228.8084436
234.8689491
273.1832023
169.586109
155.9730826
131.5484878
152.2047834
133.9339602
141.6949454
139.097437
142.7229119
141.3096735
138.7884632
148.4168573
36.37800978
33.32907936
34.95426397
36.49418105
40.07251172
41.01761975
37.77218306
50.00437956
42.89135446
42.39266385
44.99621625
57.46231022
58.3319886
62.3162648
96.92960296
70.74759519
48.07287891
75.39056124
76.86087337
93.34295615
85.67540557
104.56312
121.0844733
138.2170414
149.2863085
164.239865
183.1160485
201.0870635
218.8746693
237.7250265
255.6403998
274.6013251
294.0289594
313.2683172
332.257744
351.0791976
369.3864764
387.1189634
404.0676184
420.0348385
434.704208
447.9398509
459.6886991
469.1379373
477.387838
483.2644617
435.1094506
369.7513054
305.7908127
238.428412
267.5414877
247.7509723
253.1300415
251.5058821
246.4250133
251.0626106
250.3833333
237.9110857
241.2256866
139.8572284
130.3678554
127.4954395
125.676057
123.2135642
121.4653273
119.5515638
120.8315657
118.7444587
111.3590736
111.1204711
112.3662288
106.870449
103.4796559
124.4779075
106.4471148
115.5668588
110.6547336
95.92149434
76.06845497
57.56591082
269.7270721
61.45793756
108.4149061
149.145507
172.3848185
169.705401
182.3443905
200.8789243
216.692116
233.7025488
250.5298422
267.5721839
285.4410498
304.1326166
322.4389841
340.9207638
359.0633735
376.7729377
393.9043178
410.1102641
425.1074966
438.8622458
451.0767787
461.136897
469.9936379
476.3363206
367.0763171
310.3528356
329.5417313
313.1261827
316.1710112
318.6457284
306.5363942
306.133037
307.828544
306.8285892
302.887608
296.400737
297.0487649
188.0992384
183.7500372
177.7685472
176.0040438
170.1676508
169.2068965
168.5900482
161.6748061
164.18967
152.3158472
147.8344459
146.7652245
140.6679012
137.2140899
141.7297685
144.3814312
140.3926799
135.1111015
109.0783104
126.3536299
129.0850247
132.8165029
128.5491721
141.1563746
152.1891281
158.918333
168.1703488
182.3402175
196.1147404
210.6386584
225.6002554
241.0057442
257.3492353
273.7154639
291.329504
309.3012925
327.0010827
344.5649201
361.782429
378.4747471
394.4072325
409.3858042
422.9673052
435.1668781
445.2358589
454.1886377
460.8139382
360.9787092
326.1212017
340.9404677
330.9694896
335.4497122
330.9383252
331.1315454
322.9884129
333.7640451
322.5484437
327.7223042
319.1771835
323.8908992
209.7517833
203.1473798
202.5461001
199.405213
195.4534444
193.9489424
193.1234476
183.5094303
188.9197204
177.4851891
173.902704
174.5759725
170.594278
169.9984984
163.9840521
171.1034607
158.7199893
169.2121121
125.3899571
148.3156292
149.5496331
153.4026693
141.6067382
153.8109351
162.8872548
170.3990645
179.6901932
188.5336038
200.160002
214.1896662
228.0577633
241.8220009
255.3340658
270.650079
286.3394861
302.4954962
318.515432
334.3485789
349.8964351
364.9885967
379.3945786
392.9800655
405.5268421
416.8551933
426.3278797
434.7446628
441.2758557
315.3852988
342.6760026
302.6611354
335.0706706
317.7325472
322.562886
321.447446
328.7224139
321.4201212
329.3180485
314.6746352
323.2694298
225.707691
216.8418497
211.3353748
208.9675593
210.7773531
208.5717255
207.3299107
202.6145684
204.2199296
201.1671482
198.8481035
198.2143713
194.7727975
191.0321474
192.2687911
183.4221875
185.8702795
181.0659308
192.6641007
138.8191582
174.8292857
146.5195682
90.30014292
328.3456996
94.01825445
168.1747459
182.3466599
196.3946643
205.2131663
207.3635704
216.2181009
230.4425935
243.4296714
255.5967941
267.7983047
280.3942075
293.7757196
307.4868935
320.8801231
333.9914625
346.7014125
358.8253895
370.2824725
380.7917476
390.3113859
398.5464435
406.2882887
412.5167797
328.0361206
291.8823294
320.8570124
318.248982
299.1003939
327.6104638
312.9406187
329.2079889
318.5749014
322.6232639
322.0658413
330.7067478
223.8796224
218.6928238
216.4397829
217.5856014
219.8549331
219.5420098
220.9043742
220.9944119
225.9358395
224.1432565
216.4334139
215.6258737
217.7896639
217.2075364
216.4085559
201.7122141
180.2001833
203.7416404
226.554165
244.964789
203.7219018
226.9853514
196.8624017
166.8865439
164.8756828
191.4702444
198.955982
203.8068455
208.0508698
214.9798907
224.265962
233.8598187
242.5254507
251.1634136
261.8025587
272.3292378
282.104168
292.8333627
303.3063816
313.0679385
322.6826239
331.5829888
340.1137341
347.736659
354.779
360.6601147
366.5198256
371.5249507
299.4087795
278.7835644
297.9717554
279.5646498
306.8756391
294.9867241
307.8494771
305.6382194
304.2385864
307.8256022
308.6775854
218.9608611
214.8023792
211.5511054
212.8031974
217.030763
218.7414448
221.6246994
224.6752976
227.8650594
231.9669799
230.0021841
224.4033865
224.9411787
224.8052988
223.6641568
219.8203352
222.5555421
231.1439394
197.1453115
221.7026664
209.9866218
168.8013391
184.4924446
178.2664341
190.0551167
178.9030158
185.0315226
183.0477834
187.5486716
193.6169223
199.3185097
206.1283401
213.5884391
220.8438594
227.8861716
235.8364299
243.422983
250.3126919
257.635843
265.2474846
271.9638914
278.2994917
284.1745252
289.6098546
294.6083549
299.1400505
303.0328045
307.0120371
311.2442874
286.0504638
272.5013408
261.9732859
286.2186091
276.8585654
284.1250272
286.1284162
283.2338429
288.0701667
288.9071277
304.9449104
191.2876777
195.733585
194.3094773
199.3443446
201.6203111
205.3238914
208.0341016
209.0396878
210.4225921
213.7903243
214.7749602
208.4544965
209.3212507
204.899603
200.4050363
200.983093
201.8972372
187.1772733
186.1045787
185.4339379
183.3983647
124.5235314
137.8147344
177.3682982
219.106145
331.9680396
204.8837921
167.1797884
128.4471113
142.6999681
152.9300941
156.1264849
160.9155978
167.4972684
173.4005649
179.4819825
184.7154803
190.1840153
195.6639531
201.0124594
206.0450014
210.6033324
214.5010759
218.0714561
221.19929
223.9908704
226.4781633
228.9285023
231.9482147
243.769321
218.0285916
233.5563202
235.6383385
229.1540763
239.0638996
231.839304
238.292663
243.4070444
254.7832047
176.7085433
153.1470174
147.4201419
154.5761209
155.0550484
160.2523637
164.5663699
168.2271257
169.9216488
176.1391751
174.7590217
179.982275
172.8131796
170.7817015
167.4175756
161.5639761
161.2614365
163.6662046
142.2062598
137.7198173
157.6399563
110.7100745
83.3270115
99.56619951
84.74364412
83.55599233
99.31449383
71.67906397
78.11852145
83.46807719
85.8161764
88.74486581
93.10232034
97.41112552
100.6349679
104.0593869
108.1607317
110.9256492
114.7568629
118.1047546
120.951889
124.2004381
126.3042619
128.2323057
129.6659125
131.0370328
131.9350649
132.7857722
133.3517614
134.7253294
208.0195782
212.2936709
212.3971677
215.3712657
210.0365521
218.5109022
205.9058027
213.4994386
217.6447719
340.212145
113.9591362
108.0714413
105.8963743
108.0425034
105.5033568
107.118847
104.6107072
105.8912227
104.8844338
107.4014526
107.0135148
105.7947013
232.5266475
96.82778152
91.84049366
90.28475145
90.00755015
85.57028281
84.13054359
76.25726044
91.2146841
63.25186131
100.7782696
70.69483161
63.50488538
21.44770868
25.40050581
13.87590747
18.4127959
22.22558054
21.31034473
25.84297007
25.23817383
26.42180416
26.70200038
26.52254892
27.15741662
28.32786585
30.05795792
30.64570313
33.09089508
33.54557681
35.15157823
35.67407386
36.56455247
36.99856025
37.40550745
37.81148061
37.8538464
38.28303552
)
;

boundaryField
{
    inletCH4
    {
        type            calculated;
        value           nonuniform List<scalar> 5(67322.50205 -49801.31321 -39344.96013 15191.55954 -78995.79149);
    }
    wallOutside
    {
        type            calculated;
        value           nonuniform List<scalar> 
70
(
-817.1933067
-757.076804
-756.9683351
-670.622645
-659.6742828
-691.3935209
-719.9457493
-790.5155885
-902.8632109
-1052.299769
-1235.240454
-1445.372129
-1672.318345
-1904.892981
-2130.831201
-2338.284716
-2516.980585
-2658.328597
-2758.990802
-2815.63502
-2830.973498
-2811.865573
-2765.251766
-2698.442434
-2618.240564
-2529.789656
-2436.16807
-2337.726477
-2233.078641
-2120.091328
-1996.596407
-1862.440528
-1719.496838
-1572.698029
-1429.203928
-1298.452779
-1186.207638
-1098.818298
-1039.330279
-1000.460068
-982.9868528
-973.0930955
-960.8985046
-944.1038931
-952.2423138
-898.6596789
-816.593848
-718.0243381
-610.6365237
-500.2151989
-389.6333242
-280.9720791
-165.6904113
-46.41777289
72.13598034
188.775166
294.4125794
380.2053267
440.8188353
472.9391946
483.2644617
476.3363206
460.8139382
441.2758557
412.5167797
371.5249507
311.2442874
231.9482147
134.7253294
38.28303552
)
;
    }
    wallTube
    {
        type            calculated;
        value           nonuniform List<scalar> 
61
(
-78995.79149
-16421.95133
-21998.98912
-22408.47557
-22602.9541
-20514.87744
-21705.43219
-20396.43182
-15810.4425
-14224.4366
-16211.64374
-10537.48458
-8970.300542
-3911.542955
-6713.428116
-1618.19393
-6173.123642
3895.02746
-14595.00385
-91992.81646
-1976507.763
35132.57576
-12293.98798
1111.02018
-10201.28405
9319.052466
14548.43839
-948.9171029
-3258.765702
-1096.429573
16168.03241
3081.414277
428.6163799
-4073.782598
27627.59806
-81294.30499
3760.857203
-29797.13173
18650.05855
-55914.09428
498022.0244
-56317.05596
23109.75184
16734.72706
-3821.495958
9817.790754
6025.969752
3077.045892
7825.246949
5203.636766
5754.01665
-1974.771609
-6311.812104
1025.534315
-25546.57121
3963.653587
68527.72177
170596.2686
17876.20711
-129373.7501
-234604.0246
)
;
    }
    inletPilot
    {
        type            calculated;
        value           nonuniform List<scalar> 5(35132.57576 17618.57185 -16043.18293 58042.9482 -56317.05596);
    }
    inletAir
    {
        type            calculated;
        value           nonuniform List<scalar> 
60
(
-15485.0844
5729.420237
-7815.96456
5601.295968
1229.734829
-2685.250737
2554.899863
-381.848802
1715.710677
477.7702531
1367.89015
1024.24078
488.8011251
1158.527256
1473.464282
1563.680294
1835.577021
1982.482009
2180.785929
2392.597149
2586.134002
2811.237105
3018.733781
3219.792026
3429.649805
3637.415766
3834.822114
4015.774171
4180.740489
4331.934755
4462.549179
4563.092679
4625.254828
4642.385235
4614.287417
4549.435846
4445.786893
4296.238611
4099.264687
3851.719666
3557.909535
3214.463454
2831.755835
2428.40422
2031.624329
1634.221464
1224.561228
830.1351085
471.2635926
133.7152383
-166.9987531
-420.0747585
-632.3357314
-796.3524872
-911.4661839
-976.1123613
-1007.208871
-1028.914609
-980.7065838
-817.1933067
)
;
    }
    outlet
    {
        type            calculated;
        value           uniform 0;
    }
    axis
    {
        type            empty;
    }
    frontAndBack_pos
    {
        type            wedge;
    }
    frontAndBack_neg
    {
        type            wedge;
    }
}


// ************************************************************************* //
