/*--------------------------------*- C++ -*----------------------------------*\
  =========                 |
  \\      /  F ield         | OpenFOAM: The Open Source CFD Toolbox
   \\    /   O peration     | Website:  https://openfoam.org
    \\  /    A nd           | Version:  10
     \\/     M anipulation  |
\*---------------------------------------------------------------------------*/
FoamFile
{
    format      ascii;
    class       volScalarField;
    location    "0.02498436188";
    object      ddt0(rho,HCO);
}
// * * * * * * * * * * * * * * * * * * * * * * * * * * * * * * * * * * * * * //

dimensions      [1 -3 -1 0 0 0 0];

internalField   nonuniform List<scalar> 
5170
(
5.939841335e-41
5.940304228e-41
5.9406802e-41
5.941889813e-41
-3.202325004e-12
5.988794017e-41
5.989358112e-41
5.99016928e-41
5.991661391e-41
5.995334378e-41
5.98907164e-41
5.989729491e-41
5.990871559e-41
5.992439623e-41
5.996054893e-41
5.98897339e-41
5.989765724e-41
5.991137414e-41
5.992681689e-41
5.996347179e-41
5.988940365e-41
5.989866762e-41
5.991385695e-41
5.992862781e-41
5.996631578e-41
5.988913307e-41
5.989960472e-41
5.991570433e-41
5.99298429e-41
5.996895629e-41
5.988946535e-41
5.990077785e-41
5.991717559e-41
5.993072938e-41
5.997142761e-41
5.98896383e-41
5.990156212e-41
5.991795284e-41
5.993122889e-41
5.997379083e-41
5.989250738e-41
5.990303482e-41
5.991864227e-41
5.995057457e-41
6.848143722e-41
1.584272328e-40
8.765297739e-41
6.580692854e-41
1.459117357e-39
6.203822495e-37
4.561995559e-36
1.494478149e-36
3.97747097e-37
1.028711696e-34
4.526001601e-32
2.189874125e-31
8.459525923e-32
2.799550529e-32
7.397499051e-30
3.308416645e-27
1.09159564e-26
5.029070546e-27
2.047386087e-27
5.095261015e-25
2.425806542e-22
5.647728948e-22
3.130314093e-22
1.564345146e-22
3.256988914e-20
1.78579936e-17
3.034009651e-17
2.038415799e-17
1.260698309e-17
1.810996664e-15
1.320015967e-12
1.690684183e-12
1.382951828e-12
1.079217831e-12
7.425129492e-11
1.225816138e-10
1.881398107e-10
1.846875609e-10
1.769722123e-10
1.498861843e-10
-4.179749403e-11
-2.231601041e-11
-2.736212984e-11
-2.938492242e-11
-3.055141551e-11
-2.176789415e-11
7.604105006e-12
3.240791525e-12
-1.063921492e-12
-5.464040347e-11
-3.594201419e-10
4.648252039e-12
-1.033446003e-10
-7.692014145e-10
3.926786922e-10
6.843107278e-10
-3.007362586e-10
9.045510922e-10
-2.277070407e-09
3.006208298e-11
7.601116758e-10
-9.769206577e-10
7.311590116e-10
1.125686021e-09
9.343641497e-10
-4.160532712e-09
-1.206021755e-09
4.094102629e-10
-2.497166575e-10
-2.131904356e-10
1.253725799e-09
-1.087112364e-10
-6.879960344e-11
4.808781733e-10
-6.23901754e-10
-2.841321631e-11
2.851982065e-10
1.603532253e-11
2.44393568e-10
-1.666260701e-10
-2.444572697e-10
1.384522621e-10
4.133261145e-11
8.102528692e-12
-1.051865577e-10
-2.30835784e-11
-1.067496015e-10
1.408699138e-11
8.162200498e-11
1.144842813e-09
-5.747156027e-08
-2.625326672e-09
8.916110366e-11
5.962231703e-10
-7.424606608e-10
-1.430596983e-08
9.771874417e-08
-7.373956176e-10
-3.734374991e-09
-7.24487538e-08
1.351978694e-07
1.004851691e-07
-1.879149153e-07
-5.778144574e-08
-6.657488926e-08
3.457016756e-09
1.054385164e-08
-6.505635643e-08
-5.483352917e-08
-6.051867503e-09
8.930196215e-09
-7.750449512e-10
2.944339401e-08
2.832503035e-08
9.798294037e-09
8.626716659e-09
9.70352467e-09
9.829424288e-10
5.291436751e-09
-2.46883199e-10
3.995558129e-09
7.85123837e-09
1.879163835e-09
-2.163938482e-09
9.40416368e-09
1.539559606e-09
3.836469305e-09
9.141075838e-09
1.018647551e-08
3.548240102e-09
8.974910609e-09
6.79420976e-09
3.317176351e-09
3.859063353e-09
5.402498889e-09
1.698145597e-08
1.098338872e-08
4.432785172e-11
-3.001171346e-10
1.194297682e-08
-4.733118713e-08
1.740015401e-08
1.059312372e-08
1.038178271e-08
1.715278643e-08
-2.357378051e-07
-5.187457258e-08
1.330474635e-08
1.560920157e-08
-5.306306847e-08
-2.37526697e-07
-5.665647062e-07
-7.951499468e-08
-1.720363002e-08
2.647635658e-08
-2.477899896e-09
-1.382130757e-09
-4.269250878e-10
9.050071987e-10
2.068490908e-08
-1.381740823e-06
9.320500224e-11
1.799838144e-10
3.366389127e-10
2.748768495e-08
4.629885328e-07
-2.352447049e-10
-2.939534572e-10
-1.055292216e-08
3.07424983e-09
7.91557925e-08
1.763138478e-10
-7.078307858e-11
-2.067225892e-09
1.300312324e-08
1.20693567e-07
-5.366813186e-11
2.523828979e-10
-5.031157629e-09
1.135535935e-08
3.89515252e-08
7.809384573e-11
1.50901477e-10
-1.088216396e-09
-4.288796698e-09
1.052015373e-07
1.496180955e-10
5.525926254e-11
-1.016670457e-09
-1.850731378e-08
-5.906112573e-08
9.527694073e-10
8.491735147e-09
1.857716153e-09
3.82319426e-09
-4.864341152e-08
1.063595011e-09
5.990663888e-09
1.681636744e-09
3.070145146e-08
2.102602854e-07
-1.47068094e-10
-3.623684413e-10
-2.223861786e-09
-7.038316293e-09
-4.178510446e-08
2.261959277e-10
-6.76422516e-10
-2.569644627e-09
-1.61400362e-08
-4.702227101e-08
-2.515163666e-10
-8.417749278e-10
-2.883516091e-09
-1.356599807e-08
-5.017449914e-08
-2.440872065e-10
-1.735719349e-10
-5.601827883e-10
-1.036474779e-08
-6.802328519e-08
6.837849886e-11
6.844149798e-10
4.805994933e-09
1.984405815e-08
3.352008939e-08
-8.257563032e-11
1.83234237e-09
1.000454477e-08
1.467780345e-08
-3.090635486e-07
5.268611336e-10
1.034921905e-09
7.169783889e-09
3.868535297e-08
1.406343047e-07
3.311691188e-09
-4.289446214e-09
-3.186148731e-07
1.018299026e-07
1.00859869e-06
2.627848468e-09
2.106110012e-08
-5.776729809e-08
4.624018547e-07
5.015698647e-06
2.423452113e-07
2.990419851e-09
-3.199083264e-07
-1.971604687e-06
-4.004439832e-06
-1.514119472e-08
-2.733278593e-08
2.940279816e-09
5.137583481e-08
1.061519898e-06
-2.063776394e-08
-9.853719937e-09
5.701022373e-08
3.259463602e-07
1.312844603e-06
3.59795834e-08
6.914321985e-08
1.688756263e-07
4.076511239e-07
9.580044703e-07
1.437838229e-07
1.823359646e-07
2.564223138e-07
4.014748198e-07
6.546490773e-07
1.092684245e-07
1.709151629e-07
2.549775674e-07
2.669713466e-07
3.350784625e-07
7.979441741e-08
8.086983878e-08
8.611923721e-08
1.199667052e-07
1.138418326e-07
3.064077525e-08
3.175618832e-08
3.272666787e-08
2.729288604e-08
3.291615478e-08
9.652401573e-09
9.806199642e-09
1.027331178e-08
1.002819717e-08
1.002832868e-08
3.371066427e-09
3.327475272e-09
3.30708777e-09
3.201493474e-09
3.218131282e-09
1.221404445e-09
1.209170719e-09
1.232350202e-09
1.13887393e-09
9.287444835e-10
4.494662536e-10
4.569587025e-10
4.660138574e-10
4.464056143e-10
4.020653541e-10
3.35821221e-11
3.249212179e-11
8.875932516e-11
2.682666256e-10
1.280854636e-10
3.468112571e-11
3.51584037e-11
3.551388037e-11
4.305685413e-11
4.130953949e-11
1.490508162e-11
1.317833774e-11
4.314625892e-12
2.546689369e-12
3.655330362e-12
3.421916202e-12
3.331235235e-12
2.989238316e-12
2.654364552e-12
2.235569353e-12
-2.052610313e-12
-2.130823287e-12
-1.364791235e-12
-1.504308383e-12
-1.943859096e-12
-4.134284352e-12
-4.215459398e-12
-4.353719069e-12
-4.562143344e-12
-4.613916929e-12
-1.76226075e-12
-1.819414487e-12
-2.031542864e-12
-2.207076873e-12
-2.354171341e-12
2.451303277e-13
1.990454983e-13
9.003791003e-14
-1.567134484e-13
-4.109209978e-13
1.29025797e-12
1.245401989e-12
1.198912364e-12
1.638516318e-12
1.680155998e-12
2.773295623e-12
3.098894027e-12
2.845192856e-12
1.812722988e-12
1.975604436e-12
4.880878565e-12
4.948241618e-12
5.089342776e-12
5.266099559e-12
5.416320916e-12
3.513427205e-12
3.62588086e-12
3.866369405e-12
4.232788103e-12
2.858637616e-12
-8.211876974e-12
1.680138385e-12
2.75014868e-12
3.054370444e-12
-9.657539481e-13
2.687806345e-12
2.808443551e-12
2.897752365e-12
2.990229877e-12
2.942233824e-12
3.566597368e-12
2.529207286e-12
2.431816822e-12
1.479761429e-12
2.572852373e-13
-7.602120702e-12
-7.86385785e-12
-8.047844537e-12
-7.733940301e-12
-5.702891351e-12
-2.421615603e-12
-2.216966984e-12
-1.980802224e-12
-3.49798021e-12
-3.129240289e-12
8.585089949e-13
6.028185977e-13
-1.112593793e-12
-1.202317227e-12
-9.022667592e-13
-4.264731562e-13
-4.524989972e-13
-4.919491748e-13
-4.949181385e-13
-3.328671816e-13
-2.180421208e-13
-2.359446053e-13
-2.95200239e-13
-3.38701084e-13
-1.316844992e-13
5.159737349e-12
1.344334971e-12
-7.914944822e-12
-4.818782433e-12
1.193161762e-11
9.387551949e-12
9.79306972e-12
1.204162347e-12
1.596532594e-12
1.573824356e-12
1.511983871e-12
1.586215902e-12
1.648389443e-12
1.700455553e-12
1.622771459e-12
1.499345832e-12
1.498116838e-12
1.466724246e-12
1.392481674e-12
1.179976905e-12
-7.367448889e-13
-7.019233672e-13
-6.149419097e-13
-5.445386819e-13
-5.202090249e-13
-1.713165125e-12
-1.691310825e-12
-1.644389142e-12
-1.550181042e-12
-1.574621926e-12
-1.042599349e-12
-1.006901647e-12
-9.331703085e-13
-8.340483108e-13
-7.599825616e-13
-1.415851041e-12
-1.376988523e-12
-1.298077886e-12
-1.191827709e-12
-1.109671562e-12
-2.382443699e-12
-2.343113532e-12
-2.263661982e-12
-2.157065328e-12
-2.072985235e-12
-3.722195756e-12
-3.629905714e-12
-3.445244107e-12
-2.988399285e-12
-2.741711534e-12
-6.981152765e-12
-6.959370955e-12
-6.875218934e-12
-6.733062578e-12
-6.354596426e-12
-4.339806853e-12
-4.296232713e-12
-4.182322116e-12
-3.996387808e-12
-3.805220141e-12
-3.504822428e-12
-3.4136621e-12
-3.556433011e-12
-3.508123497e-12
-1.410919777e-11
-5.940587729e-12
-5.823596747e-12
-5.707831625e-12
-5.747536434e-12
-6.397431997e-12
-8.719952433e-12
-8.543538866e-12
-8.31755701e-12
-8.196557286e-12
-8.587463076e-12
-1.255428753e-11
-1.235238414e-11
-1.209506793e-11
-1.197179354e-11
-1.242713e-11
-1.448304847e-11
-1.387238745e-11
-1.313589498e-11
-1.228571468e-11
-1.250641771e-11
-2.19367635e-11
-2.191297163e-11
-2.158359502e-11
-2.086638521e-11
-1.928809291e-11
6.425110448e-12
6.491754745e-12
6.835145351e-12
7.813294673e-12
9.066973783e-12
6.761865237e-12
6.938011132e-12
7.399259703e-12
8.300876004e-12
9.13935369e-12
-2.408290413e-05
-7.642588797e-07
1.016131895e-07
-2.623330338e-07
-3.027224278e-07
2.702336407e-07
2.407544188e-07
7.185476825e-07
9.863847147e-07
-9.90853783e-07
-9.522817583e-08
-7.116476654e-08
3.33782495e-08
-9.539979449e-08
-2.894256146e-06
2.958521093e-07
-2.053999234e-07
2.21381621e-06
-2.838087999e-06
4.922935858e-06
3.494215831e-06
1.785001441e-06
9.397547084e-07
4.113639876e-07
1.150160467e-07
3.572668744e-08
1.004300474e-08
3.174937607e-09
6.03120681e-10
3.616287589e-10
1.121361108e-10
3.718722838e-11
9.865588215e-12
2.044845606e-12
-2.032263071e-12
-4.954477071e-12
-2.533642612e-12
-6.603233148e-13
1.967444094e-12
2.974114952e-12
5.423310763e-12
-2.682295888e-12
-3.57519348e-13
2.677899518e-12
-5.337761002e-12
-4.477087545e-12
-1.606467933e-12
-5.470140852e-13
1.463724825e-14
-8.163516694e-13
9.716575443e-12
1.410170271e-12
1.393564685e-12
8.243564504e-13
-5.756498067e-13
-1.583348376e-12
-6.779443644e-13
-1.021828321e-12
-1.981976533e-12
-2.511393365e-12
-5.516155561e-12
-3.961982751e-12
-4.895929357e-11
-7.088524122e-12
-8.838901937e-12
-1.277206797e-11
-1.09979069e-11
-1.458584081e-11
6.724142328e-12
6.198994929e-12
-1.506847473e-06
-1.955850586e-07
-2.517322313e-09
-1.015353588e-08
-1.844665424e-10
-2.781587798e-07
-1.182480443e-05
8.57622236e-08
-7.116677915e-09
1.046040425e-09
7.821235196e-08
-4.192782508e-07
2.902326712e-06
1.981519132e-08
1.067146075e-07
-7.220812718e-06
-9.245466103e-05
1.862587572e-05
-9.075693981e-09
1.781478261e-07
-1.609688814e-07
5.443831015e-06
0.0003084396255
1.3702981e-06
-2.310079594e-07
1.768977771e-07
-1.254415283e-05
-1.075713188e-05
-3.786976347e-06
1.52079468e-07
-1.111082839e-07
-2.718288005e-05
-0.0001090244789
-2.271197991e-05
2.147780915e-07
2.212897063e-07
1.536317697e-05
0.0002700198834
8.185460226e-05
8.243653706e-06
2.736807685e-06
3.144830098e-07
-5.339215513e-05
-7.109301496e-05
-5.778081708e-05
-1.928364336e-06
-6.145349609e-06
-3.949294946e-05
-0.0001304238808
-7.754633306e-06
-4.352030356e-07
-1.9108303e-06
3.406131478e-05
0.0004601198264
-5.533401803e-07
1.874146585e-07
1.281820499e-06
1.008475074e-06
-0.000326178157
0.0004606980681
1.34464436e-06
3.254196718e-05
4.424826764e-06
-1.037407591e-06
-3.702862273e-06
-7.510423421e-07
-6.08881835e-06
3.938658493e-07
4.10151892e-07
-1.664943524e-06
-3.720002184e-07
-7.048515893e-06
1.206461245e-07
-2.316738943e-07
-0.0001157581661
1.144545427e-06
-6.715501465e-06
2.027143383e-05
1.957925622e-06
-0.0003256416794
-2.100800928e-06
-1.075705549e-05
-2.046808468e-05
-1.441789208e-05
-0.0003721861551
-1.254468043e-06
-6.555134999e-06
-2.296014662e-05
-6.210140685e-05
-0.0001215002339
-4.423156251e-06
-1.729655618e-05
-6.148424557e-05
-0.0001812589034
-0.0004304732097
1.655834269e-05
0.0001109641385
0.0006066377613
0.002845902584
0.01211888436
8.779698603e-06
4.127485888e-05
0.000173526649
0.0006239095466
0.00155948678
3.410263503e-06
1.016709373e-05
2.911057466e-05
8.070561543e-05
0.000172475756
1.449062649e-06
2.918313068e-06
5.436527844e-06
9.428045013e-06
1.439643391e-05
5.380239699e-07
7.967301993e-07
1.083404763e-06
1.313320862e-06
1.373516195e-06
1.952179016e-07
1.870564794e-07
2.07839374e-07
2.095176443e-07
1.802162031e-07
3.792166736e-08
4.02968607e-08
3.917550435e-08
3.519976111e-08
2.822471088e-08
1.051299516e-08
1.10027537e-08
8.234695813e-09
7.509844662e-09
5.529652192e-09
3.060658314e-09
3.000728665e-09
3.336496136e-09
2.410902933e-09
1.556502585e-09
-6.1272587e-10
7.697807609e-10
8.87691441e-10
5.904116927e-10
4.044546369e-10
2.721279075e-10
2.025377014e-10
2.554916005e-10
2.139861552e-10
1.914602315e-10
1.115526422e-10
8.450967876e-11
4.830235243e-11
6.346767868e-11
4.985747614e-11
2.717741416e-11
4.240848766e-11
3.76442751e-11
4.716013475e-11
3.08525465e-12
1.099754535e-11
1.010218326e-11
8.883088041e-12
6.256097694e-12
3.832772649e-12
1.61747313e-12
1.192387992e-12
-6.633643664e-13
-2.055150378e-12
-2.873804641e-12
-2.449677765e-12
-3.203266894e-12
-4.609657214e-12
-7.32703011e-12
-5.819323585e-12
-6.489300824e-12
-2.746480825e-12
-3.232236322e-12
-7.424985021e-12
-8.648078118e-12
-2.844968702e-12
-3.761820877e-12
-2.426353544e-12
-5.627392413e-12
-1.432541154e-11
-1.201994368e-12
-2.092309488e-12
1.017987577e-12
1.314486871e-13
-1.120804028e-11
7.596919127e-13
3.67302065e-12
4.002061829e-12
3.176195012e-12
-7.421948015e-12
5.445375832e-12
5.810064955e-12
5.259265647e-12
-5.581787776e-12
-7.556643078e-12
6.031398463e-12
5.797603065e-12
-3.590630311e-12
1.028861456e-12
7.236061103e-12
-5.86086456e-12
4.154913054e-12
3.880763506e-13
5.577395993e-12
5.475392308e-12
3.932265831e-12
3.682462845e-12
4.080025386e-12
4.482974761e-12
-4.061352177e-12
3.447712302e-12
3.956334664e-12
-1.784904399e-12
-5.244151588e-12
-7.454285079e-12
-6.402645975e-12
-5.450361264e-12
-9.107080802e-12
-6.410897569e-12
2.396492461e-12
-1.220891584e-11
8.167711751e-12
-3.417368082e-12
-4.35168446e-12
1.307710583e-12
2.113165422e-12
2.573330164e-11
-3.839840441e-12
-1.211486644e-12
-8.524817083e-13
-1.04954498e-12
-1.173715694e-12
-7.392773872e-13
-5.665469559e-13
-1.779886731e-13
-4.71520316e-13
-4.692467252e-13
-3.284275285e-13
-2.096054562e-13
-1.180676587e-11
-1.438589546e-12
-9.858460326e-12
7.844204149e-12
1.354130595e-11
3.772310524e-13
9.136339807e-12
7.410816675e-13
1.034140359e-11
8.052881683e-13
1.589946072e-12
1.89066617e-12
2.01847801e-12
1.907512692e-12
2.01220079e-12
2.0294872e-12
1.882619577e-12
1.945253511e-12
1.896208375e-12
1.741181767e-12
7.050535422e-13
1.168333749e-12
2.551518119e-13
2.586968187e-13
2.710829651e-13
-5.406433601e-13
-3.954180588e-13
-1.09037543e-12
-1.03378939e-12
-9.082061335e-13
2.533071412e-14
-1.452270627e-12
-3.522672272e-13
-1.979342715e-14
1.669315646e-13
2.792925029e-13
-4.81369794e-13
-2.425927882e-13
-3.244970545e-14
1.461397949e-13
2.53954412e-13
-8.057600011e-13
-5.550881329e-13
-3.2687977e-13
-1.298918937e-13
3.7070079e-14
-1.745022669e-12
-1.437222665e-12
-1.047880417e-12
-3.683082395e-13
4.775567884e-13
-1.802198818e-12
-1.620728376e-12
-5.072094489e-12
-4.932341672e-12
-5.139939602e-12
-6.464821722e-12
-6.401294421e-12
-2.655926439e-12
-2.668410603e-12
-2.240010303e-12
-4.066046187e-12
-3.860332608e-12
-2.742987162e-12
5.673531959e-13
-1.306719607e-12
-1.071377177e-11
-1.112650295e-11
-4.147460732e-12
-2.447526853e-12
-1.746783602e-12
-5.423209562e-12
-3.620275501e-12
-2.773652304e-12
-2.064645562e-12
-1.281999855e-12
-6.497603351e-12
-5.209188483e-12
-4.462110732e-12
-3.786531254e-12
-2.980370748e-12
-1.056039109e-11
-9.374768843e-12
-7.999875835e-12
-5.471907076e-12
-2.716209946e-12
-1.317851328e-11
-1.366704433e-11
-2.298813106e-11
-1.573590449e-11
-1.439714753e-11
-1.990006555e-11
-2.210548248e-11
1.020839404e-11
9.191003958e-12
1.003564474e-11
7.683307281e-12
6.808371639e-12
1.001579755e-11
1.20376487e-11
1.343635876e-11
4.382645467e-12
5.39100907e-12
1.532223998e-11
-1.896354798e-11
-1.618850647e-11
-1.740004893e-11
-2.814080755e-11
3.264676115e-12
1.057465824e-11
1.337444189e-11
1.128299289e-11
1.107355238e-11
1.107087269e-11
1.108724992e-11
1.110247696e-11
1.111401091e-11
1.112308867e-11
1.113036392e-11
1.1130066e-11
1.110501094e-11
1.122963613e-11
1.121645953e-11
1.111612247e-11
1.11481609e-11
1.115386593e-11
1.115382341e-11
1.115290922e-11
1.115151889e-11
1.115007115e-11
1.114864606e-11
1.114735342e-11
1.114640368e-11
1.11458047e-11
1.114567652e-11
1.114603825e-11
1.114682412e-11
1.11480564e-11
1.1149669e-11
1.115147262e-11
1.115339597e-11
1.115536691e-11
1.115724123e-11
1.115892076e-11
1.116035968e-11
1.116150719e-11
1.116232507e-11
1.116280307e-11
1.116298487e-11
1.116285444e-11
1.116242016e-11
1.116172696e-11
1.116081796e-11
1.1159775e-11
1.115865644e-11
1.115749101e-11
1.115630477e-11
1.115513242e-11
1.115400718e-11
1.115291831e-11
1.115181883e-11
1.115057731e-11
1.114853089e-11
1.113948446e-11
1.109742221e-11
1.104752157e-11
-7.78473303e-11
-1.932687125e-10
-1.411829552e-12
1.01947583e-11
7.654418225e-12
9.957278008e-12
1.030979561e-11
1.032953194e-11
1.033153748e-11
1.033332535e-11
1.033544658e-11
1.03376666e-11
1.033960517e-11
1.034404738e-11
1.036856318e-11
1.021189423e-11
1.019590193e-11
1.036103469e-11
1.034111693e-11
1.033862496e-11
1.033940332e-11
1.034133149e-11
1.034401961e-11
1.034742456e-11
1.035050192e-11
1.035358291e-11
1.03560399e-11
1.035776427e-11
1.035902186e-11
1.035953845e-11
1.035969529e-11
1.035946439e-11
1.035888781e-11
1.035812869e-11
1.035759553e-11
1.035716826e-11
1.035674814e-11
1.035650278e-11
1.035644595e-11
1.03565896e-11
1.035695739e-11
1.035755539e-11
1.035829257e-11
1.035911697e-11
1.035988078e-11
1.036066218e-11
1.036133582e-11
1.036199263e-11
1.03626652e-11
1.036344665e-11
1.036435216e-11
1.036538276e-11
1.036658799e-11
1.036789565e-11
1.036926757e-11
1.037071985e-11
1.037245787e-11
1.037341084e-11
1.035800924e-11
1.034014326e-11
6.985314079e-10
-7.750366662e-10
1.13716955e-12
-1.799691615e-11
9.954486272e-12
9.418290081e-12
9.513233499e-12
9.524839616e-12
9.537299368e-12
9.552464921e-12
9.568170159e-12
9.583419745e-12
9.597629882e-12
9.61444137e-12
9.654253255e-12
9.507314187e-12
9.508296005e-12
9.659118026e-12
9.643119393e-12
9.643955434e-12
9.646571245e-12
9.649076096e-12
9.651554699e-12
9.654226475e-12
9.657067585e-12
9.659631487e-12
9.661385911e-12
9.662325478e-12
9.662383179e-12
9.661599527e-12
9.660197692e-12
9.658100503e-12
9.655648868e-12
9.653093519e-12
9.650571848e-12
9.648228546e-12
9.64620998e-12
9.644569307e-12
9.643275308e-12
9.642370447e-12
9.641880144e-12
9.641882827e-12
9.642290143e-12
9.642929085e-12
9.643701637e-12
9.644500678e-12
9.645165245e-12
9.645713993e-12
9.646163272e-12
9.646567767e-12
9.647042438e-12
9.647574277e-12
9.648176751e-12
9.648816418e-12
9.649517364e-12
9.65049109e-12
9.652561015e-12
9.657932373e-12
9.665223514e-12
9.676271462e-12
-4.04722683e-09
-2.202660508e-10
-5.336422789e-11
-7.836958558e-12
1.016758998e-11
9.274421105e-12
9.388374879e-12
9.405385723e-12
9.422368511e-12
9.445103215e-12
9.470409153e-12
9.496085766e-12
9.520727512e-12
9.549810319e-12
9.604156497e-12
9.422307396e-12
9.447311647e-12
9.613677553e-12
9.597426088e-12
9.599331476e-12
9.602999892e-12
9.606118113e-12
9.608729343e-12
9.610974347e-12
9.613014186e-12
9.614916207e-12
9.616702785e-12
9.618336297e-12
9.619805094e-12
9.621180922e-12
9.622432304e-12
9.623360958e-12
9.623846646e-12
9.623846276e-12
9.623479e-12
9.622783568e-12
9.621749765e-12
9.620550736e-12
9.619387527e-12
9.618315637e-12
9.617423901e-12
9.616755034e-12
9.616319012e-12
9.61614546e-12
9.616176391e-12
9.6162872e-12
9.616388185e-12
9.61638597e-12
9.616207717e-12
9.615831441e-12
9.615402412e-12
9.614994153e-12
9.614643488e-12
9.614360223e-12
9.614250229e-12
9.614651031e-12
9.616680434e-12
9.622699509e-12
9.631446596e-12
9.64360897e-12
-2.211965229e-08
-1.349495583e-09
1.97368888e-10
-5.698910317e-11
1.032886341e-11
9.216075094e-12
9.353898406e-12
9.398262769e-12
9.409135646e-12
9.42401489e-12
9.443191241e-12
9.465070636e-12
9.48945239e-12
9.525454548e-12
9.591938096e-12
9.363644339e-12
9.410830232e-12
9.604461086e-12
9.587054013e-12
9.589787445e-12
9.594547643e-12
9.598520729e-12
9.601813315e-12
9.604590749e-12
9.60699745e-12
9.609122661e-12
9.611036372e-12
9.612755741e-12
9.614307913e-12
9.615723377e-12
9.616979998e-12
9.618049158e-12
9.618893084e-12
9.619515089e-12
9.619969017e-12
9.620317807e-12
9.620607475e-12
9.620879578e-12
9.621175583e-12
9.621465665e-12
9.621743458e-12
9.622026288e-12
9.622291316e-12
9.622530757e-12
9.622742708e-12
9.622796789e-12
9.622644305e-12
9.622354829e-12
9.621889754e-12
9.621182257e-12
9.620335611e-12
9.619345913e-12
9.618301028e-12
9.617336563e-12
9.616598248e-12
9.616515419e-12
9.618423156e-12
9.624094713e-12
9.631434307e-12
9.642015679e-12
1.247799819e-08
-7.494692812e-09
-5.726346104e-10
-2.609510652e-10
8.81132309e-13
-4.137534171e-12
9.234313623e-12
9.389420981e-12
9.401174744e-12
9.411332727e-12
9.426641108e-12
9.445083801e-12
9.467548349e-12
9.508323219e-12
9.581749076e-12
9.297133249e-12
9.366433991e-12
9.59446038e-12
9.575937059e-12
9.580125181e-12
9.586738535e-12
9.592093396e-12
9.596413821e-12
9.599990774e-12
9.603021532e-12
9.605631031e-12
9.607903397e-12
9.609887588e-12
9.61162671e-12
9.613151739e-12
9.614474311e-12
9.615614767e-12
9.616590969e-12
9.617430852e-12
9.618162044e-12
9.618822354e-12
9.619439562e-12
9.620033277e-12
9.620626738e-12
9.621213427e-12
9.62179444e-12
9.622371842e-12
9.622938174e-12
9.623489843e-12
9.623995059e-12
9.624354156e-12
9.624568132e-12
9.624680048e-12
9.624640415e-12
9.62435131e-12
9.623801854e-12
9.622936968e-12
9.621838127e-12
9.620660947e-12
9.619649843e-12
9.619415151e-12
9.621342463e-12
9.626581585e-12
9.632726537e-12
9.642017824e-12
-3.071659282e-08
-4.739417945e-08
-4.397446609e-09
-1.573495661e-10
-1.321429996e-10
-3.821495122e-12
1.641744419e-12
9.340003216e-12
9.387687984e-12
9.397479962e-12
9.411009126e-12
9.428243758e-12
9.450589522e-12
9.497069927e-12
9.574320525e-12
9.233224796e-12
9.321271404e-12
9.582323254e-12
9.562257292e-12
9.567820147e-12
9.576806445e-12
9.584057582e-12
9.589773054e-12
9.594384947e-12
9.598206632e-12
9.601438903e-12
9.60420947e-12
9.606600823e-12
9.608675132e-12
9.610477518e-12
9.612042264e-12
9.613401791e-12
9.61458746e-12
9.615633277e-12
9.616567537e-12
9.617422177e-12
9.618221194e-12
9.618983843e-12
9.61972863e-12
9.620461511e-12
9.621187335e-12
9.621904042e-12
9.622606357e-12
9.623286124e-12
9.623927081e-12
9.624482255e-12
9.624927429e-12
9.625240083e-12
9.625394427e-12
9.625344406e-12
9.625039097e-12
9.624412639e-12
9.623506311e-12
9.622434143e-12
9.621511526e-12
9.621500616e-12
9.623678009e-12
9.628574518e-12
9.633858316e-12
9.641943489e-12
6.924100503e-07
-1.440008283e-07
-2.889314808e-08
-2.114635067e-09
-3.485470189e-10
-7.094608588e-11
-1.018760731e-12
9.180584241e-12
9.365308782e-12
9.386386868e-12
9.397894498e-12
9.413972256e-12
9.436900933e-12
9.489527196e-12
9.568526991e-12
9.17835719e-12
9.281476659e-12
9.56990698e-12
9.547815393e-12
9.55396227e-12
9.565216775e-12
9.574588588e-12
9.581991689e-12
9.587880101e-12
9.592667821e-12
9.596649744e-12
9.600021864e-12
9.602909946e-12
9.605403036e-12
9.607564781e-12
9.609445284e-12
9.611086415e-12
9.612527053e-12
9.613805024e-12
9.61495346e-12
9.616004179e-12
9.616982866e-12
9.617909901e-12
9.618803063e-12
9.619671635e-12
9.620522574e-12
9.62135468e-12
9.622163771e-12
9.622937869e-12
9.623662345e-12
9.624311031e-12
9.624863403e-12
9.625281806e-12
9.625527614e-12
9.625570093e-12
9.625378225e-12
9.624945971e-12
9.624291024e-12
9.623481438e-12
9.622845893e-12
9.62314566e-12
9.62546623e-12
9.630108331e-12
9.634868381e-12
9.641882873e-12
-4.301639285e-06
-4.234999718e-07
-1.067027746e-07
-1.180244367e-08
-7.335551224e-10
-7.386165094e-11
2.658649471e-11
9.860612796e-12
9.312875357e-12
9.37610625e-12
9.385922828e-12
9.399377762e-12
9.422725226e-12
9.481707831e-12
9.561060373e-12
9.127006011e-12
9.244440144e-12
9.557517994e-12
9.533361537e-12
9.539295111e-12
9.552370109e-12
9.563798641e-12
9.573043122e-12
9.580425351e-12
9.586371522e-12
9.591253567e-12
9.595342147e-12
9.598818495e-12
9.601806739e-12
9.604393245e-12
9.606644108e-12
9.60861188e-12
9.610343527e-12
9.61188223e-12
9.613267104e-12
9.614531488e-12
9.615703776e-12
9.616806086e-12
9.617857113e-12
9.618868173e-12
9.619848556e-12
9.620798413e-12
9.621714042e-12
9.622584177e-12
9.623395311e-12
9.624123435e-12
9.624747434e-12
9.625236682e-12
9.6255552e-12
9.625672666e-12
9.625556732e-12
9.625207038e-12
9.624644806e-12
9.624e-12
9.623642212e-12
9.624302409e-12
9.626896619e-12
9.631477429e-12
9.635886633e-12
9.642180834e-12
8.338831426e-07
-3.354808201e-08
-3.831689061e-07
-5.02374537e-08
-3.461455776e-09
-1.428996438e-11
-7.071934325e-11
3.212334931e-12
9.23381611e-12
9.350255158e-12
9.37074442e-12
9.382327013e-12
9.406341407e-12
9.472074045e-12
9.550139615e-12
9.074138618e-12
9.20589488e-12
9.544647522e-12
9.518744939e-12
9.523999699e-12
9.538575207e-12
9.551947933e-12
9.563122055e-12
9.572191342e-12
9.579493892e-12
9.585429927e-12
9.590341017e-12
9.594475892e-12
9.598007296e-12
9.601055601e-12
9.603705528e-12
9.606024655e-12
9.608066957e-12
9.609884846e-12
9.611520869e-12
9.613010149e-12
9.61438383e-12
9.615665929e-12
9.616880792e-12
9.618040793e-12
9.619156957e-12
9.620229394e-12
9.621255789e-12
9.622228411e-12
9.623134638e-12
9.623950602e-12
9.624651088e-12
9.625206056e-12
9.625587139e-12
9.625773366e-12
9.62574078e-12
9.625479702e-12
9.625025681e-12
9.624551264e-12
9.624470623e-12
9.625481795e-12
9.628325503e-12
9.632817772e-12
9.636921294e-12
9.64249475e-12
3.238195592e-07
-1.274784193e-05
-5.439271023e-07
-1.71642339e-07
-1.450503237e-08
3.172320272e-11
4.920326819e-10
5.828860878e-11
6.604501224e-12
9.270944493e-12
9.357326741e-12
9.36794049e-12
9.390831844e-12
9.462355499e-12
9.536875005e-12
9.020123065e-12
9.16583236e-12
9.53074814e-12
9.503584315e-12
9.507832049e-12
9.523682668e-12
9.53888601e-12
9.552039041e-12
9.562976062e-12
9.571871085e-12
9.579072818e-12
9.584964402e-12
9.589868285e-12
9.594018885e-12
9.597583464e-12
9.600672679e-12
9.603371911e-12
9.605744877e-12
9.607852927e-12
9.609738318e-12
9.611449834e-12
9.613027226e-12
9.614497289e-12
9.615883018e-12
9.617198149e-12
9.618452998e-12
9.619653828e-12
9.620799037e-12
9.621877601e-12
9.622876063e-12
9.623778384e-12
9.624563929e-12
9.625204983e-12
9.625665783e-12
9.625924275e-12
9.625970036e-12
9.62579964e-12
9.625479541e-12
9.62520883e-12
9.625413028e-12
9.626747785e-12
9.629785485e-12
9.634147913e-12
9.637952239e-12
9.642361625e-12
3.393175327e-05
1.337479639e-06
-9.380415191e-07
-6.036152028e-07
-4.597355845e-08
7.949198288e-10
2.818410333e-10
-5.185272878e-11
1.657260593e-11
9.299878129e-12
9.277160072e-12
9.352283781e-12
9.379919417e-12
9.455274142e-12
9.524594608e-12
8.972223777e-12
9.129800266e-12
9.516932633e-12
9.488992581e-12
9.491902657e-12
9.508587357e-12
9.525256401e-12
9.54017651e-12
9.552948208e-12
9.563540588e-12
9.572176316e-12
9.579207779e-12
9.585000669e-12
9.589850003e-12
9.593976736e-12
9.597533806e-12
9.600631706e-12
9.603354823e-12
9.605770148e-12
9.607931944e-12
9.609891374e-12
9.611685665e-12
9.613347901e-12
9.6149036e-12
9.616376114e-12
9.617772504e-12
9.619100747e-12
9.620356928e-12
9.621538086e-12
9.622636396e-12
9.623632595e-12
9.624504515e-12
9.625228024e-12
9.625768495e-12
9.626112265e-12
9.626249586e-12
9.626186131e-12
9.626015635e-12
9.625966681e-12
9.626452107e-12
9.628073817e-12
9.631259886e-12
9.635491108e-12
9.639040173e-12
9.642730331e-12
-2.04482281e-06
-3.393245253e-07
-6.704658129e-07
-2.061770457e-06
-1.166427971e-07
4.830916612e-09
1.327537758e-09
6.847663782e-10
6.074441522e-11
9.795043541e-12
9.217443362e-12
9.342759571e-12
9.377541106e-12
9.452911178e-12
9.51665259e-12
8.937721983e-12
9.1046187e-12
9.505026039e-12
9.476662029e-12
9.478048946e-12
9.494860998e-12
9.512297997e-12
9.528413695e-12
9.542658423e-12
9.554801657e-12
9.564885525e-12
9.573146899e-12
9.57992614e-12
9.585553875e-12
9.590295898e-12
9.594351906e-12
9.597864708e-12
9.600941435e-12
9.603661777e-12
9.606094484e-12
9.608294247e-12
9.610307193e-12
9.612168389e-12
9.613902887e-12
9.615535762e-12
9.617075171e-12
9.618534586e-12
9.619912314e-12
9.62120859e-12
9.622411561e-12
9.623503495e-12
9.624466223e-12
9.625276976e-12
9.625905391e-12
9.626341941e-12
9.626576239e-12
9.626633667e-12
9.626625434e-12
9.626802601e-12
9.62756932e-12
9.629453422e-12
9.632747547e-12
9.6368535e-12
9.640206587e-12
9.64389164e-12
-1.421752335e-06
-6.146122832e-07
1.167008851e-05
-5.601133057e-06
-3.419684941e-08
5.022105075e-08
6.423105803e-09
2.697380697e-09
4.078833651e-10
1.838569114e-11
8.147494195e-12
9.213680181e-12
9.377165192e-12
9.456608634e-12
9.51585228e-12
8.922823402e-12
9.096074568e-12
9.497181765e-12
9.468462662e-12
9.468429497e-12
9.484521933e-12
9.501768397e-12
9.518188489e-12
9.533186202e-12
9.546382233e-12
9.55763412e-12
9.567019706e-12
9.574772644e-12
9.581201721e-12
9.586590456e-12
9.591169895e-12
9.595114402e-12
9.598552958e-12
9.601583315e-12
9.604286719e-12
9.606726225e-12
9.608953274e-12
9.61100647e-12
9.612915472e-12
9.614705052e-12
9.616389085e-12
9.617981168e-12
9.619482566e-12
9.620894187e-12
9.622203309e-12
9.623395514e-12
9.624453996e-12
9.625357196e-12
9.626081239e-12
9.626617178e-12
9.626954886e-12
9.627144209e-12
9.627317188e-12
9.627720578e-12
9.628751589e-12
9.630870382e-12
9.634233901e-12
9.638209245e-12
9.641341396e-12
9.644055593e-12
-2.238742118e-06
-7.351736794e-07
-1.20314655e-06
-1.012065152e-05
1.434329742e-06
2.731268113e-07
2.693333223e-08
1.169592719e-09
1.833392632e-10
7.596632162e-11
2.998073527e-12
9.546478882e-12
9.379150658e-12
9.465871776e-12
9.523915905e-12
8.929693247e-12
9.106140433e-12
9.494799493e-12
9.465579001e-12
9.464443391e-12
9.479019885e-12
9.49508203e-12
9.510807922e-12
9.525640403e-12
9.539142628e-12
9.551028084e-12
9.561207865e-12
9.569768888e-12
9.576927736e-12
9.582940369e-12
9.588038233e-12
9.592410704e-12
9.596209094e-12
9.599547839e-12
9.602521083e-12
9.605197127e-12
9.60763417e-12
9.609876133e-12
9.611956916e-12
9.61390299e-12
9.615731604e-12
9.617456532e-12
9.619081936e-12
9.620607583e-12
9.622023806e-12
9.62331856e-12
9.624476382e-12
9.625476212e-12
9.626300771e-12
9.626939329e-12
9.627390019e-12
9.627723933e-12
9.62808297e-12
9.628710773e-12
9.629987468e-12
9.632307812e-12
9.635707083e-12
9.63953722e-12
9.642451338e-12
9.644257068e-12
-5.417032646e-05
-3.73884579e-05
-4.226502797e-06
-2.259378341e-05
6.367640438e-06
9.43335837e-07
8.99445265e-08
1.366171161e-09
8.689525857e-10
1.178422574e-10
-2.260095556e-12
1.303045711e-11
9.311131731e-12
9.473689233e-12
9.539206308e-12
8.952742657e-12
9.130151408e-12
9.497264225e-12
9.467616436e-12
9.465819844e-12
9.478440845e-12
9.492615535e-12
9.506831753e-12
9.520660224e-12
9.533697607e-12
9.545586824e-12
9.556100458e-12
9.565180794e-12
9.572908302e-12
9.579456339e-12
9.585026699e-12
9.589801059e-12
9.593944012e-12
9.597579718e-12
9.600811211e-12
9.60371614e-12
9.60635653e-12
9.608782661e-12
9.611030523e-12
9.613130828e-12
9.615102315e-12
9.616959874e-12
9.618708955e-12
9.620350003e-12
9.621875946e-12
9.623276097e-12
9.624535438e-12
9.625633741e-12
9.626558709e-12
9.627299085e-12
9.627871624e-12
9.628357228e-12
9.628897971e-12
9.629748651e-12
9.631252288e-12
9.63373518e-12
9.637136e-12
9.640802883e-12
9.643506223e-12
9.64400965e-12
2.754210881e-05
4.803379721e-06
-7.476572181e-06
-8.161998374e-05
3.349510321e-06
9.862116785e-07
1.317074773e-07
1.481307951e-08
2.281067061e-09
2.062907887e-10
1.420746766e-11
1.337431723e-11
8.512818831e-12
9.358818484e-12
9.556432162e-12
8.983697346e-12
9.159676951e-12
9.502331292e-12
9.472573119e-12
9.470594335e-12
9.481402002e-12
9.493571845e-12
9.505936256e-12
9.518253166e-12
9.530241989e-12
9.541575886e-12
9.551963724e-12
9.561212967e-12
9.569275849e-12
9.576217786e-12
9.582180223e-12
9.587315147e-12
9.591777732e-12
9.595693796e-12
9.599170923e-12
9.602296465e-12
9.605131933e-12
9.607737063e-12
9.610146829e-12
9.612398363e-12
9.614509236e-12
9.616498008e-12
9.618369746e-12
9.620126805e-12
9.621763499e-12
9.623269955e-12
9.624631294e-12
9.625831155e-12
9.62685866e-12
9.627704721e-12
9.628409315e-12
9.629056932e-12
9.629787052e-12
9.630859572e-12
9.632579233e-12
9.635202814e-12
9.63859389e-12
9.642099218e-12
9.64460138e-12
9.644111959e-12
-1.316783104e-05
9.635941913e-07
1.161093117e-05
0.0002190933966
3.074085313e-05
2.863290318e-06
2.032192872e-07
1.311322297e-08
1.694551545e-09
1.269359294e-10
7.080308758e-12
1.318713342e-11
-5.202075797e-12
9.574470312e-12
9.578410254e-12
9.018571326e-12
9.188816529e-12
9.506854944e-12
9.477259667e-12
9.475540709e-12
9.485225302e-12
9.495956919e-12
9.506789362e-12
9.517651513e-12
9.528447539e-12
9.539089945e-12
9.549223122e-12
9.558351198e-12
9.566497095e-12
9.573660008e-12
9.5798983e-12
9.5853141e-12
9.590040553e-12
9.594194664e-12
9.597883447e-12
9.601196451e-12
9.604204669e-12
9.60696778e-12
9.609525514e-12
9.611916772e-12
9.614157689e-12
9.616271449e-12
9.618260094e-12
9.620130007e-12
9.62187439e-12
9.623485249e-12
9.624948015e-12
9.626249869e-12
9.627377333e-12
9.62833709e-12
9.629181883e-12
9.629983402e-12
9.630886256e-12
9.632144278e-12
9.634026109e-12
9.636723681e-12
9.640045879e-12
9.643352805e-12
9.64565941e-12
9.644205796e-12
-7.346023403e-05
-0.000142159847
-0.0009784345062
-0.0001140768682
-8.920814408e-06
-2.683851064e-08
4.438864005e-08
7.695061447e-09
1.0800097e-09
8.28020585e-11
1.141994577e-11
-1.248552271e-12
1.355125847e-11
5.6737569e-12
9.69250228e-12
9.065939051e-12
9.224660952e-12
9.509199926e-12
9.479331924e-12
9.4780334e-12
9.487297853e-12
9.49750585e-12
9.507854515e-12
9.518279523e-12
9.530317381e-12
9.545201102e-12
9.532226092e-12
9.541670109e-12
9.550232384e-12
9.558143915e-12
9.56516101e-12
9.571312296e-12
9.576698248e-12
9.581433933e-12
9.585638912e-12
9.589402598e-12
9.592814385e-12
9.595933054e-12
9.598810407e-12
9.601486211e-12
9.603987957e-12
9.606340331e-12
9.608547388e-12
9.610619704e-12
9.612551388e-12
9.614338732e-12
9.615969487e-12
9.617437971e-12
9.61873592e-12
9.619909415e-12
9.62102269e-12
9.622174551e-12
9.623595365e-12
9.625603001e-12
9.628518245e-12
9.632531752e-12
9.637355001e-12
9.642138102e-12
9.64561738e-12
9.643599189e-12
0.001816967613
-0.007265487358
0.0002643813944
4.752222265e-05
3.412665606e-06
2.430435111e-07
1.93852503e-08
5.49569735e-09
3.793446063e-10
1.286574709e-10
-6.674352118e-11
1.704796268e-12
-1.015377411e-11
-1.631110558e-11
9.830088813e-12
9.095339228e-12
9.281658156e-12
9.510103779e-12
9.478716037e-12
9.477639514e-12
9.487085747e-12
9.500848251e-12
9.517785945e-12
9.511442099e-12
9.554654187e-12
9.303565465e-12
9.274316063e-12
9.465290074e-12
9.45983023e-12
9.465773948e-12
9.472869107e-12
9.479256093e-12
9.484901504e-12
9.489915061e-12
9.49439415e-12
9.498421e-12
9.50210457e-12
9.50548532e-12
9.50863634e-12
9.51157548e-12
9.514343906e-12
9.516953741e-12
9.519409469e-12
9.521726044e-12
9.523894094e-12
9.525910281e-12
9.527764838e-12
9.529449655e-12
9.530950716e-12
9.532356362e-12
9.533731083e-12
9.535155027e-12
9.536887564e-12
9.539245235e-12
9.54251631e-12
9.546882221e-12
9.551986818e-12
9.557019131e-12
9.560708375e-12
9.55813563e-12
-6.790859988e-05
0.0003095721685
9.558407146e-05
1.049433798e-05
8.634588031e-07
7.262980925e-08
1.725112619e-08
-3.97286907e-09
-4.176208907e-12
-7.067126204e-11
-1.339961737e-11
-6.674996763e-11
3.257325952e-12
4.879192458e-12
-9.923587585e-12
1.083512845e-11
9.293216134e-12
9.511358376e-12
9.479157448e-12
9.478786004e-12
9.505858779e-12
9.561608797e-12
9.224058491e-12
9.196933169e-12
9.447968345e-12
9.442171707e-12
9.577597889e-12
9.567765862e-12
9.571164324e-12
9.578432692e-12
9.585297633e-12
9.591453018e-12
9.596917722e-12
9.601772067e-12
9.606106401e-12
9.610016335e-12
9.613580303e-12
9.616865953e-12
9.619919318e-12
9.622777213e-12
9.625472022e-12
9.628015984e-12
9.630422636e-12
9.632691805e-12
9.63482639e-12
9.63681292e-12
9.638648851e-12
9.640308812e-12
9.641817451e-12
9.643205412e-12
9.644485479e-12
9.64575635e-12
9.647162914e-12
9.648875743e-12
9.651028297e-12
9.653637532e-12
9.656406849e-12
9.658813592e-12
9.660272887e-12
9.655900715e-12
8.466942023e-05
4.939182618e-05
9.937613743e-06
1.273245546e-06
1.484329078e-07
1.707852365e-08
-8.846287728e-09
1.180979601e-10
2.310064456e-10
-1.864521433e-10
6.789813207e-10
-6.650288554e-11
-6.034925507e-11
8.641104027e-12
1.192981932e-11
1.564030372e-11
1.012870596e-11
9.49463303e-12
9.472135373e-12
9.462028502e-12
9.486753758e-12
9.545808654e-12
9.191114136e-12
9.329299758e-12
9.565292606e-12
9.544089067e-12
9.543124715e-12
9.548627428e-12
9.556848378e-12
9.564761975e-12
9.571969009e-12
9.5784119e-12
9.584112094e-12
9.589145034e-12
9.593610487e-12
9.597613976e-12
9.601245677e-12
9.60458152e-12
9.60767554e-12
9.610570514e-12
9.6132991e-12
9.615876183e-12
9.618318234e-12
9.620624041e-12
9.622796322e-12
9.624833319e-12
9.626719647e-12
9.628451596e-12
9.630049552e-12
9.631542641e-12
9.632958398e-12
9.63440796e-12
9.636041871e-12
9.638016848e-12
9.640446827e-12
9.643326578e-12
9.64633763e-12
9.648946866e-12
9.65056771e-12
9.645554957e-12
9.124744774e-06
3.943586922e-06
9.005913539e-07
1.649415087e-07
2.731450409e-08
-6.602485419e-09
1.265785849e-09
1.660269642e-10
9.272346758e-11
-1.911830277e-10
-1.959148435e-10
6.160525872e-10
-6.241359462e-11
-4.446916327e-11
-3.154204231e-12
4.653254727e-12
5.849212257e-12
1.001724812e-11
9.430285992e-12
9.391423289e-12
9.404426416e-12
9.454809251e-12
9.073680548e-12
9.317471104e-12
9.553785984e-12
9.530149135e-12
9.533617557e-12
9.542925281e-12
9.552144598e-12
9.560688804e-12
9.568437181e-12
9.575344198e-12
9.581426391e-12
9.586758917e-12
9.591452666e-12
9.595628762e-12
9.599396101e-12
9.602842275e-12
9.606035203e-12
9.609018259e-12
9.611833424e-12
9.614491869e-12
9.617017024e-12
9.61940825e-12
9.621662776e-12
9.623789166e-12
9.625764372e-12
9.627604646e-12
9.629311949e-12
9.630932431e-12
9.632498297e-12
9.634111332e-12
9.635920375e-12
9.638056934e-12
9.64061411e-12
9.643536527e-12
9.646506215e-12
9.649007912e-12
9.650514202e-12
9.644967978e-12
8.593158235e-07
3.648456932e-07
1.103091755e-07
2.755342485e-08
6.312563316e-09
1.271713861e-08
-1.489714154e-10
1.581500312e-11
1.407560862e-11
4.862248784e-11
3.879601918e-11
-2.031983769e-10
6.331302415e-10
-8.087252454e-11
-4.281045281e-11
1.053569299e-12
-1.193272588e-11
8.450921433e-12
9.541246543e-12
9.530255368e-12
9.529915818e-12
9.57736946e-12
9.185835105e-12
9.29133279e-12
9.54627938e-12
9.523693538e-12
9.527692376e-12
9.537748125e-12
9.547725783e-12
9.557023675e-12
9.565477117e-12
9.573006351e-12
9.579606018e-12
9.5853437e-12
9.590339344e-12
9.594733874e-12
9.598660309e-12
9.602227684e-12
9.605519022e-12
9.608587778e-12
9.61148401e-12
9.614218827e-12
9.616824014e-12
9.619293065e-12
9.621627409e-12
9.623839716e-12
9.625905157e-12
9.627847194e-12
9.6296729e-12
9.631430419e-12
9.633143126e-12
9.634915667e-12
9.636882455e-12
9.639152098e-12
9.641790102e-12
9.644702485e-12
9.647567805e-12
9.649883689e-12
9.651210364e-12
9.644966699e-12
1.104648101e-07
5.082301782e-08
1.861587295e-08
5.57626375e-09
1.495183751e-09
3.804453329e-10
1.055337947e-10
2.05068733e-11
1.21242183e-11
1.830137092e-11
3.742591117e-11
3.266274282e-11
-2.264543841e-10
6.667624956e-10
-6.891214246e-11
-5.911408052e-12
-2.735110533e-12
-4.468220331e-12
1.033626503e-11
9.492050886e-12
9.543701042e-12
9.578638024e-12
9.175279396e-12
9.281043671e-12
9.542307123e-12
9.51847768e-12
9.521889322e-12
9.53224506e-12
9.54282676e-12
9.552860532e-12
9.562082596e-12
9.570340421e-12
9.577576872e-12
9.583830375e-12
9.589216058e-12
9.593889966e-12
9.5980111e-12
9.601715882e-12
9.605108404e-12
9.60825942e-12
9.611225892e-12
9.614027372e-12
9.616697629e-12
9.619231903e-12
9.621636447e-12
9.623925312e-12
9.626077793e-12
9.628114522e-12
9.630052437e-12
9.63193441e-12
9.633786441e-12
9.635710967e-12
9.637823088e-12
9.640208029e-12
9.642896334e-12
9.645774398e-12
9.648508112e-12
9.650645672e-12
9.651798559e-12
9.644983662e-12
1.798600272e-08
9.131484667e-09
3.85880908e-09
1.661095515e-09
5.026984214e-10
1.420455952e-10
9.02455507e-11
-1.266905072e-12
1.879046548e-11
-1.434993461e-11
2.371119465e-11
2.485760712e-10
-1.851272971e-10
-1.199846206e-10
1.534971399e-10
9.909897495e-13
1.954768305e-11
1.020056957e-11
-1.825050976e-11
1.068454724e-11
9.580908906e-12
9.602810264e-12
9.187773804e-12
9.28510051e-12
9.539709794e-12
9.514506464e-12
9.516963406e-12
9.527136301e-12
9.537981373e-12
9.548545603e-12
9.558441182e-12
9.567415956e-12
9.575332512e-12
9.58217206e-12
9.58802105e-12
9.59303496e-12
9.597392049e-12
9.601256708e-12
9.604758188e-12
9.607989159e-12
9.611017109e-12
9.613874269e-12
9.616594665e-12
9.619182989e-12
9.621647787e-12
9.623999001e-12
9.626225222e-12
9.628352456e-12
9.63040787e-12
9.632413179e-12
9.63440147e-12
9.63647296e-12
9.638718729e-12
9.641196201e-12
9.643916817e-12
9.646750107e-12
9.649365437e-12
9.651346937e-12
9.652327336e-12
9.645556345e-12
3.776060023e-09
2.045622655e-09
6.364302751e-10
1.270633257e-10
9.791463879e-11
-1.448348045e-11
4.858714277e-12
-1.550153615e-11
1.931822531e-11
9.292547464e-12
-1.591740966e-11
2.723491661e-11
-1.341516135e-10
-2.044838999e-10
-1.528017144e-10
-6.608251783e-12
-5.567337882e-11
1.520924459e-11
-1.175270262e-11
1.107088078e-11
1.020254756e-11
9.64418636e-12
9.228870202e-12
9.307894862e-12
9.539190762e-12
9.512598837e-12
9.513794141e-12
9.523203891e-12
9.533846874e-12
9.54459585e-12
9.554925239e-12
9.564471266e-12
9.573001294e-12
9.580418648e-12
9.586757005e-12
9.592149093e-12
9.596776996e-12
9.600826079e-12
9.604448356e-12
9.607763572e-12
9.610847154e-12
9.613753004e-12
9.616513124e-12
9.619142586e-12
9.62165811e-12
9.624062363e-12
9.626361423e-12
9.628574035e-12
9.630734509e-12
9.632852012e-12
9.634969283e-12
9.637175323e-12
9.639550783e-12
9.642131997e-12
9.644900579e-12
9.647708654e-12
9.650234197e-12
9.652064267e-12
9.652898818e-12
9.647021933e-12
1.102749731e-09
9.127075836e-10
1.017387004e-09
1.438340734e-10
6.928288215e-11
1.041984855e-10
1.459054397e-11
2.273523715e-11
-2.538646746e-11
-2.943889934e-12
-1.832850117e-11
2.043839895e-11
-2.053274542e-10
1.515793722e-10
-1.925266618e-10
-1.237831292e-10
6.408352212e-12
-5.371221534e-11
1.094854233e-11
4.095752662e-13
1.295770075e-11
9.618117645e-12
9.301750004e-12
9.356652101e-12
9.541391957e-12
9.513478104e-12
9.513110964e-12
9.52107598e-12
9.530985351e-12
9.541507712e-12
9.551951967e-12
9.561833229e-12
9.570818218e-12
9.578723066e-12
9.585513172e-12
9.591278322e-12
9.596186241e-12
9.600430694e-12
9.604180771e-12
9.607580404e-12
9.610715378e-12
9.613663426e-12
9.616452176e-12
9.61911359e-12
9.621668629e-12
9.624112467e-12
9.626473507e-12
9.628757689e-12
9.631012484e-12
9.633235871e-12
9.635471795e-12
9.637800728e-12
9.640289305e-12
9.642953079e-12
9.645755389e-12
9.648532185e-12
9.650962721e-12
9.652675488e-12
9.653472489e-12
9.649372258e-12
3.470110206e-10
-4.31660353e-10
1.258021125e-10
5.873826288e-11
2.673816354e-11
1.095900654e-11
3.871576935e-12
-2.021185562e-11
-5.449409586e-11
-3.219559035e-10
-2.148412778e-11
-2.817843362e-11
1.884341966e-11
1.49882254e-10
4.850268728e-11
-1.800852969e-10
2.408212214e-10
-3.663144933e-11
1.994607306e-11
5.954293295e-13
-1.741773581e-11
1.107909152e-11
9.401102121e-12
9.435645484e-12
9.548720874e-12
9.517977188e-12
9.515519552e-12
9.521425864e-12
9.529970395e-12
9.539782258e-12
9.549964213e-12
9.559872131e-12
9.569068103e-12
9.577282487e-12
9.58440898e-12
9.590483418e-12
9.595644228e-12
9.60007612e-12
9.603955418e-12
9.607438312e-12
9.610624958e-12
9.61360589e-12
9.616417464e-12
9.619101576e-12
9.621682038e-12
9.624158044e-12
9.626564597e-12
9.628909072e-12
9.631241291e-12
9.633551589e-12
9.635886441e-12
9.638310862e-12
9.640866917e-12
9.643560878e-12
9.64635024e-12
9.649066898e-12
9.651407788e-12
9.653053918e-12
9.653881835e-12
9.651047226e-12
1.153544403e-10
7.142563529e-11
3.849553872e-11
1.355059172e-11
5.719635401e-12
-1.702590888e-13
-5.67655266e-12
-8.307408321e-12
-4.978599314e-12
-3.839512476e-10
-3.942226753e-11
-1.54869404e-11
-2.142299831e-11
2.038512263e-11
-2.889647171e-10
-2.008411282e-10
-1.707827117e-10
1.040904646e-11
-5.770373674e-11
9.925286643e-12
-5.466444128e-12
2.619861814e-13
9.957959507e-12
9.523613178e-12
9.56795018e-12
9.529801651e-12
9.521351603e-12
9.524099454e-12
9.530940761e-12
9.53963126e-12
9.549165684e-12
9.558788868e-12
9.567937621e-12
9.576255045e-12
9.58356766e-12
9.58985494e-12
9.59521343e-12
9.599804196e-12
9.603799524e-12
9.607356275e-12
9.610591466e-12
9.613597506e-12
9.61642852e-12
9.619127226e-12
9.621721521e-12
9.62422526e-12
9.626664475e-12
9.629060575e-12
9.631456215e-12
9.633837017e-12
9.636248663e-12
9.638746028e-12
9.641358655e-12
9.644073954e-12
9.646831499e-12
9.649455102e-12
9.651666329e-12
9.653164546e-12
9.653866172e-12
9.649240965e-12
4.858735578e-11
2.218165896e-11
1.668741486e-11
1.581501102e-11
-3.044671282e-12
-2.495216229e-12
-1.006034771e-11
5.689833258e-12
-1.638318285e-11
9.225680067e-12
-3.19755145e-11
4.041765667e-12
-9.20597914e-12
1.584308068e-11
2.446360522e-10
2.375908593e-12
-2.174534338e-10
-9.963555603e-11
-2.585092299e-12
-6.526186857e-11
6.809640781e-12
1.765411521e-12
1.280486535e-11
9.558169319e-12
9.597208592e-12
9.553998855e-12
9.533616275e-12
9.529947288e-12
9.533933058e-12
9.541198626e-12
9.549793349e-12
9.558795949e-12
9.567616978e-12
9.575809805e-12
9.583130194e-12
9.589499122e-12
9.59496651e-12
9.59966055e-12
9.603739988e-12
9.607353718e-12
9.610627358e-12
9.613652639e-12
9.616496463e-12
9.6192036e-12
9.621805649e-12
9.624328678e-12
9.626792498e-12
9.629232315e-12
9.631680348e-12
9.634117227e-12
9.636587664e-12
9.639139616e-12
9.64179806e-12
9.644521111e-12
9.647228496e-12
9.649741439e-12
9.651789489e-12
9.65307506e-12
9.653552723e-12
9.646592104e-12
1.203554798e-11
7.039856e-12
9.228962215e-12
-5.259662436e-12
-2.691086459e-12
-4.212311066e-12
-1.472612434e-11
-8.254836629e-12
-2.171579492e-12
2.043608433e-11
-2.882278899e-11
-4.385954164e-12
-1.967705155e-12
-1.655589019e-10
-6.840792599e-11
-1.548571126e-10
1.054997229e-10
-4.71097797e-11
2.431580494e-11
-3.824307605e-11
8.194643791e-12
1.125472131e-11
-6.530846925e-12
1.090987654e-11
9.629779459e-12
9.58716565e-12
9.554752712e-12
9.540672109e-12
9.539559382e-12
9.544328059e-12
9.551673582e-12
9.559892139e-12
9.568159733e-12
9.57602267e-12
9.583182776e-12
9.589500002e-12
9.594977872e-12
9.599707234e-12
9.603825211e-12
9.60746703e-12
9.61075861e-12
9.613791136e-12
9.616635251e-12
9.619342149e-12
9.621945033e-12
9.624476429e-12
9.626957801e-12
9.629432875e-12
9.631920834e-12
9.634398986e-12
9.636914771e-12
9.639497e-12
9.642154299e-12
9.644837864e-12
9.647459723e-12
9.649841411e-12
9.651726281e-12
9.65283983e-12
9.653167327e-12
9.645743419e-12
9.861589563e-13
-1.342754039e-12
-3.089042959e-12
-5.325236788e-12
-9.053908318e-12
9.085568874e-13
-1.240329758e-11
-1.103611203e-11
-2.308137899e-12
-1.322208594e-11
5.596094049e-12
-2.987220913e-11
-4.659895493e-12
-9.59405239e-12
-1.919774622e-11
-1.310056379e-10
2.270606244e-11
-1.928824439e-10
-7.607844636e-11
8.679131605e-12
-6.347801118e-11
6.586631957e-12
8.556917795e-12
1.416561133e-11
9.934381098e-12
9.620474842e-12
9.583797469e-12
9.557623912e-12
9.548598575e-12
9.549535109e-12
9.554788745e-12
9.561904786e-12
9.56951203e-12
9.576900863e-12
9.583754334e-12
9.589903638e-12
9.595302112e-12
9.600000456e-12
9.60410896e-12
9.607748235e-12
9.61103426e-12
9.614057614e-12
9.616888941e-12
9.619582978e-12
9.622176355e-12
9.624705114e-12
9.627195034e-12
9.629691205e-12
9.632202232e-12
9.634701128e-12
9.637225637e-12
9.639799762e-12
9.642422941e-12
9.645035716e-12
9.647544625e-12
9.649773648e-12
9.651496461e-12
9.652475316e-12
9.6527017e-12
9.645125974e-12
-4.32148362e-12
-6.490599283e-12
-8.235289048e-12
-8.825549791e-12
-1.381750534e-11
-1.800509411e-11
6.34931324e-11
-2.072398975e-11
-1.177300568e-11
-5.418399131e-12
2.021389492e-12
-3.403266356e-11
-1.801593072e-12
-7.911792465e-12
-1.696451657e-10
-3.336160895e-10
-1.022106928e-10
7.539624117e-11
-1.041776501e-10
5.522808018e-11
2.613139976e-11
-3.605850852e-11
1.533031994e-11
2.547620775e-13
1.186712368e-11
9.625119327e-12
9.615229863e-12
9.582156473e-12
9.561943127e-12
9.557025006e-12
9.559456822e-12
9.564874992e-12
9.571502474e-12
9.578318484e-12
9.584783322e-12
9.590668692e-12
9.595908087e-12
9.600519228e-12
9.604578364e-12
9.608189323e-12
9.611455011e-12
9.614459785e-12
9.617273487e-12
9.619950292e-12
9.622529871e-12
9.625049875e-12
9.627539493e-12
9.630044473e-12
9.632563664e-12
9.635065684e-12
9.637593628e-12
9.640166227e-12
9.642760833e-12
9.645303848e-12
9.647706001e-12
9.649800892e-12
9.651365399e-12
9.652162924e-12
9.652219987e-12
9.644495118e-12
-7.159245039e-12
-1.209021589e-11
-1.15004819e-11
-9.615331795e-12
4.781157052e-12
-1.543890509e-11
-1.056387227e-11
-1.976191294e-11
-2.533255527e-11
-6.769984762e-12
-4.561427071e-12
1.993741317e-12
-1.137544386e-11
-1.107816952e-11
-4.319722449e-11
-1.857828335e-11
-1.330727778e-09
5.539097357e-11
-1.809063399e-10
3.535071258e-12
-1.716209169e-11
-5.71171407e-11
5.4429264e-12
1.228220238e-11
-2.516252776e-12
1.13716019e-11
9.643114562e-12
9.611161047e-12
9.581795186e-12
9.567304232e-12
9.56540005e-12
9.568736216e-12
9.574093258e-12
9.580136431e-12
9.586120909e-12
9.59169519e-12
9.596735799e-12
9.601227094e-12
9.605214476e-12
9.608783237e-12
9.612016889e-12
9.614996494e-12
9.617787585e-12
9.620443999e-12
9.623013678e-12
9.625528043e-12
9.628019038e-12
9.630530909e-12
9.633046189e-12
9.635548052e-12
9.638085861e-12
9.640650413e-12
9.643207191e-12
9.64567968e-12
9.647966849e-12
9.649907662e-12
9.65128092e-12
9.651861049e-12
9.651717093e-12
9.643822106e-12
-1.154901356e-11
-1.313773011e-11
-1.207207202e-11
-1.017488925e-11
-9.053918372e-12
-1.073109345e-11
-8.355105394e-12
-1.835257265e-11
-2.164087938e-12
-7.204170581e-12
-5.415333256e-11
2.604132365e-12
-1.408384364e-11
2.160924006e-13
-5.766268474e-12
-1.683040873e-10
-5.59374798e-10
-1.117997158e-10
6.542407591e-11
-8.006209051e-11
1.977495517e-10
4.828097924e-11
-5.261117521e-11
8.802886252e-12
1.394605453e-11
-7.050642516e-12
9.699193287e-12
9.635634282e-12
9.607010989e-12
9.582999202e-12
9.573433211e-12
9.57349126e-12
9.577235935e-12
9.582320692e-12
9.587742488e-12
9.592962954e-12
9.597760141e-12
9.602096684e-12
9.605987953e-12
9.609494855e-12
9.612687988e-12
9.615640196e-12
9.618414293e-12
9.621060662e-12
9.62362355e-12
9.62613243e-12
9.628628061e-12
9.631137216e-12
9.63363593e-12
9.636123008e-12
9.638628875e-12
9.641139916e-12
9.643614259e-12
9.645971788e-12
9.648106678e-12
9.649869174e-12
9.651050838e-12
9.651448501e-12
9.651138146e-12
9.642828591e-12
-1.727805973e-11
-1.100657355e-11
-9.978585788e-12
-7.136595678e-12
-1.012958024e-11
-6.627340684e-12
-3.496021916e-12
-1.421736347e-11
1.892496919e-13
-2.600830776e-12
1.433991818e-11
5.894986073e-12
-2.87549776e-11
-9.549259283e-12
-6.231537121e-12
-1.736642334e-10
-1.550014392e-10
-1.166978946e-10
3.604427076e-11
-2.165525804e-10
-3.942961484e-10
-5.986362076e-11
-7.368575638e-11
-2.080019548e-11
-2.070698802e-12
-2.202455066e-12
1.308960049e-11
9.655136014e-12
9.632005475e-12
9.604087438e-12
9.585308349e-12
9.579628735e-12
9.580966978e-12
9.584835166e-12
9.589534107e-12
9.594345737e-12
9.598912542e-12
9.603109301e-12
9.606917529e-12
9.610373276e-12
9.613530318e-12
9.616456209e-12
9.619207272e-12
9.621830322e-12
9.624372835e-12
9.626867652e-12
9.629353456e-12
9.631840571e-12
9.634302711e-12
9.636746858e-12
9.639192096e-12
9.641620236e-12
9.643978133e-12
9.64618611e-12
9.648140004e-12
9.649712997e-12
9.650727826e-12
9.650978773e-12
9.65052905e-12
9.641770553e-12
-1.408313223e-11
-7.375547508e-12
-5.911741339e-12
-2.630058683e-12
-5.384188166e-12
-1.490030601e-12
1.676402204e-12
-8.8441044e-12
6.059567388e-12
1.917225917e-12
5.45747818e-12
9.924527948e-12
-2.605881083e-11
-7.444362873e-12
-2.64473935e-12
-2.573762401e-11
-5.04897535e-11
7.031521068e-11
3.400240931e-12
2.100259587e-11
-2.406105734e-10
-3.029407326e-10
-6.778942733e-11
-6.286725927e-11
3.735545677e-12
1.284983824e-11
9.296180689e-12
1.02014227e-11
9.649668424e-12
9.627454247e-12
9.602018751e-12
9.588182613e-12
9.585531777e-12
9.587739718e-12
9.591591254e-12
9.595917884e-12
9.60018928e-12
9.60421517e-12
9.607934061e-12
9.611339868e-12
9.614463754e-12
9.617365797e-12
9.62009612e-12
9.62270682e-12
9.62524416e-12
9.627728387e-12
9.630188577e-12
9.632648928e-12
9.635092932e-12
9.637513904e-12
9.639913026e-12
9.642263683e-12
9.644511604e-12
9.646576956e-12
9.648365256e-12
9.649760123e-12
9.650575493e-12
9.650598623e-12
9.649946989e-12
9.640688443e-12
-1.3133892e-11
3.800337249e-12
-4.643413749e-12
1.950563642e-12
-6.660581475e-13
2.083564615e-12
1.947666763e-12
6.460782787e-12
8.684645084e-12
6.103967534e-12
5.696151219e-12
1.340054452e-11
1.225122221e-11
6.424179843e-12
-9.976851839e-13
-2.745728707e-11
-1.520556099e-10
9.213088146e-11
3.364782312e-11
3.016597652e-11
-2.354289358e-10
-4.024276261e-10
-5.493809937e-11
-2.522312425e-11
-1.106406256e-10
2.884817042e-11
2.341547503e-11
9.669708029e-12
9.65785991e-12
9.645972299e-12
9.622720326e-12
9.601115388e-12
9.591748652e-12
9.591219621e-12
9.59392499e-12
9.597663785e-12
9.601641254e-12
9.60548486e-12
9.609080284e-12
9.612421785e-12
9.615515121e-12
9.61840226e-12
9.621128275e-12
9.62374099e-12
9.626263427e-12
9.62871527e-12
9.631152276e-12
9.633604001e-12
9.636028753e-12
9.638415118e-12
9.640765186e-12
9.643043341e-12
9.645191544e-12
9.647123649e-12
9.648748574e-12
9.649938099e-12
9.650497444e-12
9.650247663e-12
9.649373703e-12
9.63948275e-12
6.478165193e-12
8.038193767e-12
-4.366233485e-12
5.303181063e-12
8.641767718e-13
4.228323942e-12
2.571235283e-12
7.423637391e-12
9.308510297e-12
7.182247374e-12
6.269758427e-12
1.338065815e-11
1.19285259e-11
3.930232031e-12
-1.024894125e-11
-3.724720121e-11
-2.128388058e-10
2.455994531e-10
5.236905513e-11
1.306750351e-11
-2.031343484e-10
-2.407300912e-10
-1.996912535e-10
-7.315538916e-11
-5.284765301e-11
1.189473574e-11
1.419729111e-11
4.609932399e-12
1.056979038e-11
9.65950717e-12
9.642352427e-12
9.618782217e-12
9.601811113e-12
9.596103502e-12
9.596810941e-12
9.599713152e-12
9.603288272e-12
9.606940064e-12
9.610431205e-12
9.613699073e-12
9.616754047e-12
9.619628451e-12
9.622334378e-12
9.624908746e-12
9.627384633e-12
9.629803105e-12
9.63221288e-12
9.634616739e-12
9.636975886e-12
9.639289241e-12
9.641554623e-12
9.643728557e-12
9.645751153e-12
9.647530228e-12
9.648973999e-12
9.649954444e-12
9.650280318e-12
9.649812201e-12
9.64875585e-12
9.637994467e-12
7.253198442e-12
-1.594686234e-12
5.264642845e-12
-2.037348125e-12
2.041625566e-12
5.32480691e-12
1.169849711e-11
7.035804649e-12
8.012930943e-12
5.539891138e-12
4.517344322e-12
1.135389255e-11
9.588250491e-12
7.457410026e-13
-4.563971148e-12
-3.202580732e-11
-2.902321615e-11
-4.288850002e-11
1.232733229e-11
-3.37434685e-12
3.623467611e-11
-2.315048818e-10
-6.522480827e-10
-7.785199614e-11
-4.583631177e-11
-5.576731094e-11
1.786847486e-11
2.084417067e-11
3.400187909e-12
9.670643626e-12
9.654523089e-12
9.63798287e-12
9.616212221e-12
9.603632272e-12
9.600695981e-12
9.602166348e-12
9.605104106e-12
9.608476857e-12
9.611849009e-12
9.615051616e-12
9.618050809e-12
9.620873873e-12
9.623542376e-12
9.626092027e-12
9.628551134e-12
9.630952338e-12
9.633331222e-12
9.635676429e-12
9.637949934e-12
9.640157997e-12
9.642294882e-12
9.644314426e-12
9.64616128e-12
9.647753291e-12
9.649017413e-12
9.649823857e-12
9.649976054e-12
9.649351804e-12
9.648147812e-12
9.636629704e-12
1.074852424e-13
-5.93384852e-12
3.337770232e-12
-1.239716941e-12
-5.451148366e-12
-2.565700853e-13
4.10821982e-12
5.095951971e-12
-6.792234022e-13
2.826989528e-12
6.650967935e-12
9.638144883e-12
8.555731363e-12
4.024590827e-13
1.07962069e-12
-6.172311458e-12
-2.627769252e-11
2.225343358e-12
1.155735242e-10
1.408263933e-11
3.142422007e-11
-2.034196216e-10
-2.432250221e-10
-2.34302482e-10
-5.740197249e-11
-5.745155879e-11
6.281185756e-12
1.237254118e-11
-3.037351076e-12
1.157047194e-11
9.660332445e-12
9.652429577e-12
9.63357337e-12
9.614872861e-12
9.606389775e-12
9.60554718e-12
9.607530273e-12
9.610381848e-12
9.61347844e-12
9.61654665e-12
9.619474115e-12
9.622241901e-12
9.62486565e-12
9.627390296e-12
9.629844537e-12
9.63224466e-12
9.634608975e-12
9.636908482e-12
9.639113397e-12
9.641230061e-12
9.64324165e-12
9.64510472e-12
9.646767709e-12
9.648163041e-12
9.649207829e-12
9.649764688e-12
9.649697992e-12
9.648883199e-12
9.64753224e-12
9.635232015e-12
-8.341083827e-12
-2.722454993e-12
2.252969639e-13
-2.46471168e-13
-9.002819919e-12
8.240339282e-12
1.942442661e-12
4.274839364e-12
6.406376273e-13
-1.09885905e-12
-4.762595478e-12
9.70138058e-12
3.980897637e-12
1.605372419e-13
5.260022727e-13
1.734757181e-12
-3.966530946e-11
-2.086456503e-10
2.19487839e-10
2.167701272e-12
2.393518055e-11
3.532976708e-11
-2.376582923e-10
-3.648427005e-10
-6.550930235e-11
-5.004562054e-11
-6.580764893e-11
1.193119226e-11
1.886082283e-11
-8.683370714e-13
9.729083848e-12
9.65669974e-12
9.64667077e-12
9.62489374e-12
9.608320219e-12
9.60254381e-12
9.602912895e-12
9.605218132e-12
9.608109335e-12
9.611136072e-12
9.614138437e-12
9.617061557e-12
9.619882997e-12
9.622625455e-12
9.625309642e-12
9.627974044e-12
9.630646814e-12
9.633276321e-12
9.635838705e-12
9.638339934e-12
9.640746195e-12
9.643000532e-12
9.645033119e-12
9.646760594e-12
9.648076058e-12
9.648823141e-12
9.648910713e-12
9.648106834e-12
9.646643264e-12
9.633370626e-12
-2.764798207e-12
-3.843482457e-13
-2.02236731e-12
-1.053769123e-11
-7.21711743e-12
1.225728694e-11
3.561060382e-12
3.792963294e-12
4.032033396e-13
-1.621794527e-12
-4.307284673e-12
9.89144296e-12
5.358331998e-12
-7.572580306e-12
-7.161124755e-12
1.483221842e-12
3.778935392e-12
-2.905559728e-11
-4.019591373e-11
1.306798544e-11
2.692507826e-12
2.281484634e-11
-2.4854291e-10
8.808648678e-10
1.392918376e-10
6.149156526e-11
-4.528936235e-11
4.345403059e-12
1.035861463e-11
6.178300164e-12
1.158650569e-11
9.599605017e-12
9.5987288e-12
9.582441355e-12
9.561806364e-12
9.550159199e-12
9.547218643e-12
9.548028137e-12
9.549923502e-12
9.552100001e-12
9.554336115e-12
9.55655453e-12
9.558724506e-12
9.560867463e-12
9.562995577e-12
9.56514231e-12
9.567326595e-12
9.569499574e-12
9.571653022e-12
9.573779505e-12
9.575836151e-12
9.577753772e-12
9.579462529e-12
9.580873773e-12
9.5818881e-12
9.582388936e-12
9.582265694e-12
9.581267912e-12
9.579707593e-12
9.56585726e-12
-1.713551431e-14
-1.510281423e-12
1.839162936e-13
-1.042308193e-11
1.67682616e-11
9.886027604e-13
3.583208475e-12
-1.254190434e-12
7.899439556e-13
-2.456909897e-12
-3.568844147e-12
9.069488058e-12
5.297779938e-12
-8.700000743e-12
3.71498151e-12
-6.263435381e-12
-2.33873713e-12
-2.95353247e-11
9.298616295e-13
1.098589923e-11
2.676439603e-11
2.066700208e-11
3.771084165e-11
-2.553497304e-10
-2.033728249e-10
-6.454246385e-11
-4.647295122e-11
-6.224313138e-11
1.975431926e-11
1.902243063e-11
-4.474870397e-12
9.759167017e-12
9.664204485e-12
9.663330845e-12
9.648362327e-12
9.633718377e-12
9.627401826e-12
9.626824063e-12
9.628206103e-12
9.63010622e-12
9.632170828e-12
9.634283644e-12
9.636412908e-12
9.63854694e-12
9.640659395e-12
9.642761916e-12
9.644847084e-12
9.646861666e-12
9.64878006e-12
9.650574609e-12
9.65221646e-12
9.653635797e-12
9.654771308e-12
9.655545507e-12
9.655869764e-12
9.65571148e-12
9.654919911e-12
9.653374009e-12
9.651578942e-12
9.636776807e-12
-1.106062973e-12
1.08416866e-13
-1.261257029e-11
-8.282435641e-12
1.6665267e-12
5.899595424e-13
3.719119404e-12
5.177211968e-13
9.784490426e-13
-1.136596853e-12
-3.745921799e-12
1.048781958e-11
7.801880107e-12
-5.678043335e-12
5.900423684e-13
-1.342945349e-11
-3.782496449e-11
-3.818703877e-11
1.011486364e-13
1.307382302e-10
-1.071479106e-11
1.570350945e-11
2.440532717e-11
-2.425579183e-10
1.013236623e-10
2.986130972e-11
3.355440223e-11
-3.956806552e-11
1.386115035e-11
1.205714681e-11
1.180486145e-11
1.211950871e-11
9.659084765e-12
9.662247959e-12
9.654934745e-12
9.640210647e-12
9.630079511e-12
9.626971195e-12
9.627217174e-12
9.628306419e-12
9.629655755e-12
9.631142613e-12
9.63274342e-12
9.634442477e-12
9.63620317e-12
9.638008689e-12
9.639847518e-12
9.641662995e-12
9.64341396e-12
9.645073166e-12
9.646611002e-12
9.647953825e-12
9.649041995e-12
9.649777034e-12
9.650054791e-12
9.649821486e-12
9.64893411e-12
9.647283468e-12
9.645411135e-12
9.629969192e-12
1.860404826e-14
-1.371474663e-11
9.942391895e-12
1.313985805e-11
9.547372654e-13
3.7683861e-12
-1.169242522e-12
3.488520776e-13
-5.298872658e-13
2.286015183e-12
-1.972125868e-12
8.059578589e-12
7.921948169e-12
-9.432510476e-12
-4.487885215e-12
-2.01707255e-11
-4.637700307e-11
-5.064043241e-11
-6.399233182e-11
1.364633053e-10
-2.509753229e-11
6.941698286e-12
1.477525921e-11
-2.202032422e-10
-1.452610971e-10
-1.665122171e-10
-5.46976377e-11
-4.132217301e-11
-7.040193261e-11
2.054029465e-11
2.74523575e-11
-2.427036924e-12
9.718061771e-12
9.656068032e-12
9.662354634e-12
9.653143208e-12
9.642638613e-12
9.637696024e-12
9.636445006e-12
9.636408089e-12
9.636724912e-12
9.637229336e-12
9.637880695e-12
9.63867589e-12
9.63962247e-12
9.64072772e-12
9.641967998e-12
9.643286789e-12
9.644627608e-12
9.645949892e-12
9.647213009e-12
9.648319791e-12
9.649192096e-12
9.649687402e-12
9.64973997e-12
9.649316928e-12
9.648270729e-12
9.646506412e-12
9.644580656e-12
9.628505037e-12
-1.090699793e-11
-9.186015966e-12
1.556806349e-11
5.316281178e-13
7.696249887e-13
3.615999858e-12
3.108585342e-13
-2.36944739e-13
5.696847499e-12
1.481725631e-11
-2.400353583e-12
6.684517829e-12
5.468123917e-12
-1.214260996e-11
-7.606964298e-12
-2.21036112e-11
-2.174517303e-11
-5.435715644e-11
-4.732043154e-11
1.507686576e-12
-8.217705241e-12
4.714687172e-12
4.323891193e-12
2.012976632e-11
-2.600713518e-10
5.672638382e-11
-6.283783694e-11
-2.051321228e-11
-4.633093229e-11
1.743640916e-11
2.001343385e-11
1.003543618e-11
1.190460247e-11
9.652411266e-12
9.661117937e-12
9.661782103e-12
9.654894309e-12
9.650446826e-12
9.649103374e-12
9.648391125e-12
9.647721432e-12
9.647129118e-12
9.646657669e-12
9.646346814e-12
9.646253926e-12
9.646377739e-12
9.646700108e-12
9.647195828e-12
9.647818745e-12
9.648499024e-12
9.649177204e-12
9.649741387e-12
9.650108888e-12
9.650128482e-12
9.64982409e-12
9.649193096e-12
9.648006918e-12
9.64616326e-12
9.644232713e-12
9.627868476e-12
1.445002911e-11
1.022342421e-11
7.205725351e-13
2.109960032e-12
4.382041024e-12
-6.981646486e-13
4.807458677e-13
3.050520714e-13
1.466412993e-12
-2.143063039e-12
-2.192928036e-12
6.964326113e-12
2.583414081e-12
-1.134840321e-11
-6.377487262e-12
-2.007128297e-11
-1.690102714e-11
-5.228475196e-11
-4.549272608e-11
-2.796123852e-12
-3.75810119e-12
-1.3519412e-11
6.026247665e-12
1.259252343e-11
-2.256445127e-10
-1.533434205e-10
-1.615683598e-10
-5.664485397e-11
-5.908252947e-11
-1.239321824e-11
4.477337207e-12
2.072064611e-11
7.197823401e-13
9.690591431e-12
9.652179486e-12
9.664541604e-12
9.662306281e-12
9.658020415e-12
9.656337038e-12
9.655840496e-12
9.655430984e-12
9.655022047e-12
9.654621124e-12
9.65422423e-12
9.653820311e-12
9.653416918e-12
9.653042735e-12
9.652709724e-12
9.652425828e-12
9.652155733e-12
9.651897962e-12
9.651565976e-12
9.651135323e-12
9.650567073e-12
9.649957154e-12
9.649164781e-12
9.64785992e-12
9.645960565e-12
9.64403869e-12
9.626712023e-12
1.750546034e-12
1.484578494e-12
1.813854577e-12
8.97075721e-13
-9.861380277e-13
3.280565002e-13
6.405146543e-13
2.752217772e-12
-6.426240019e-13
-1.634668064e-12
-1.799621058e-12
8.032035059e-12
4.593120842e-12
-8.034429017e-12
-1.411893574e-12
-1.375140986e-11
-8.7525754e-12
-4.206668024e-11
-4.587657251e-11
-6.186936222e-11
-2.109948863e-12
-3.541928315e-12
1.370334767e-11
1.193073669e-11
3.19879911e-11
-1.569062768e-10
-2.338970991e-10
-6.431720129e-11
-4.33376158e-11
-7.411869507e-11
6.74974398e-12
1.429692528e-11
7.858981285e-12
1.098092023e-11
9.640348116e-12
9.659029862e-12
9.665262174e-12
9.662742753e-12
9.660293333e-12
9.659333243e-12
9.658737375e-12
9.658203979e-12
9.657694568e-12
9.657207364e-12
9.656736962e-12
9.656267942e-12
9.655773132e-12
9.655230572e-12
9.65463507e-12
9.653956539e-12
9.653235061e-12
9.652425758e-12
9.65164053e-12
9.650939677e-12
9.650308421e-12
9.649468821e-12
9.648067838e-12
9.646139142e-12
9.64429976e-12
9.626982762e-12
1.925087445e-12
1.949462012e-12
1.152755535e-12
3.868396517e-12
6.136005943e-13
2.345978881e-14
5.398685244e-13
4.52157338e-12
1.479623258e-11
-1.794461212e-12
-1.667635797e-12
9.87088577e-12
-4.021778465e-12
-3.903881407e-12
4.070409471e-12
-7.688313076e-12
-1.972543505e-12
-3.501263174e-11
-3.711141344e-11
-3.473186183e-11
8.667034681e-12
7.233275151e-12
2.515689527e-11
2.043722554e-11
2.866760637e-11
-2.416577465e-10
3.127962175e-10
9.149874e-11
6.257192641e-11
-4.610030616e-11
9.310954933e-13
6.118645745e-12
1.862140758e-11
-8.682925649e-13
9.660971719e-12
9.647650925e-12
9.66360242e-12
9.666003148e-12
9.663943933e-12
9.662357948e-12
9.661363285e-12
9.660470298e-12
9.659655324e-12
9.658897529e-12
9.658174324e-12
9.657468905e-12
9.6567698e-12
9.656068214e-12
9.655344937e-12
9.654575886e-12
9.653795711e-12
9.652986156e-12
9.652270178e-12
9.651620601e-12
9.650930122e-12
9.649976994e-12
9.648484071e-12
9.646586295e-12
9.644952215e-12
9.628505229e-12
1.918871678e-12
4.94914127e-13
7.318350497e-13
2.736577047e-13
2.078867544e-13
1.844208234e-13
3.971904293e-14
-7.613793837e-12
1.041991698e-11
-1.512383431e-12
-1.769639605e-12
1.06240276e-11
-4.000207511e-12
-3.633844075e-12
4.565858472e-12
-5.233465351e-12
-1.363429377e-13
-3.324883294e-11
-3.487194112e-11
-3.102864424e-11
1.37405731e-11
1.116612007e-11
3.304508986e-12
1.799298092e-11
2.021577212e-11
-2.212581442e-10
-1.509227742e-10
-1.482801852e-10
-6.979445796e-11
-5.831320541e-11
-7.383286121e-11
9.084211612e-12
1.705406247e-11
9.257804494e-12
9.969174175e-12
9.626998135e-12
9.655725474e-12
9.666542894e-12
9.667318892e-12
9.665718355e-12
9.664301009e-12
9.663084757e-12
9.661959977e-12
9.660921959e-12
9.659938737e-12
9.65899794e-12
9.658085644e-12
9.657201309e-12
9.656341744e-12
9.655516239e-12
9.654746672e-12
9.654023239e-12
9.653359552e-12
9.65266525e-12
9.651855679e-12
9.650752421e-12
9.649227657e-12
9.64744247e-12
9.646125998e-12
9.632547705e-12
4.202942868e-13
-7.623083783e-13
-2.411957434e-14
3.168213547e-14
8.58386e-15
1.401949504e-13
1.209030945e-12
1.142663119e-11
-1.493134562e-12
-1.86367085e-12
-2.281610232e-12
6.831918935e-12
-4.466305816e-12
-3.284614192e-12
-6.332490534e-12
-4.01356618e-12
7.855254108e-13
-1.049817893e-12
-3.317625667e-11
-2.002423445e-11
3.124519979e-11
1.985305731e-11
1.217214894e-12
1.479318766e-11
1.112318499e-11
3.114827315e-11
-1.570422692e-10
-2.109278477e-10
-6.453242419e-11
-3.581957495e-11
-6.020620291e-11
1.113208785e-11
1.762523009e-11
2.39229949e-11
8.681142244e-12
9.635025931e-12
9.640707995e-12
9.660875702e-12
9.667737338e-12
9.667796717e-12
9.666473334e-12
9.665212669e-12
9.663980055e-12
9.662805804e-12
9.661700917e-12
9.660649067e-12
9.659625307e-12
9.658643407e-12
9.65771463e-12
9.656837145e-12
9.656006147e-12
9.655207818e-12
9.654432904e-12
9.653646831e-12
9.652764901e-12
9.651597545e-12
9.650150368e-12
9.648578245e-12
9.647729942e-12
9.638497663e-12
3.066718468e-13
3.03032767e-14
7.275139426e-14
3.717628231e-14
-3.572112875e-14
-8.053188867e-14
-4.513726547e-13
4.872249577e-12
-1.094353068e-12
-2.278601359e-12
-3.200427777e-12
5.539724416e-12
-4.782738516e-12
-3.35397404e-12
-5.731062659e-13
-6.203374927e-12
1.204312956e-12
-4.52795481e-12
-3.601631847e-11
-2.89561281e-11
1.349839197e-10
1.224765736e-11
6.81081943e-13
1.760014389e-11
1.324137729e-11
1.811639598e-11
-2.31533617e-10
-1.182047689e-10
-1.744977757e-10
-3.201090523e-11
-3.300484688e-11
-1.125625761e-10
3.600252236e-11
3.196081753e-11
1.999192552e-12
9.879020588e-12
9.619685708e-12
9.651729679e-12
9.665478678e-12
9.668419762e-12
9.667572286e-12
9.666244258e-12
9.665027009e-12
9.663854715e-12
9.662745723e-12
9.661699865e-12
9.66069074e-12
9.659706499e-12
9.65876268e-12
9.657868728e-12
9.657019521e-12
9.656200928e-12
9.655392934e-12
9.654524765e-12
9.653515953e-12
9.652293078e-12
9.650897021e-12
9.649458979e-12
9.648816025e-12
9.640051892e-12
2.121901451e-13
1.70112663e-13
8.307674652e-14
-1.059899047e-14
-1.703395218e-13
3.220712748e-13
5.675181221e-12
-2.831386723e-12
-2.676015731e-12
-2.197660378e-12
-1.557526857e-12
-4.661755487e-12
-3.630857344e-12
-3.883885682e-12
-4.844233276e-12
3.454442325e-12
1.401946956e-12
1.377098081e-12
-3.196271571e-11
-3.544635783e-11
-3.905974945e-11
9.17057568e-12
1.054354052e-11
6.945798615e-12
2.14564026e-11
2.254034345e-11
-2.225694111e-10
-1.511219642e-10
-2.033650528e-10
-6.222610294e-11
-3.884245576e-11
-5.442369888e-11
1.951627012e-11
2.110477835e-11
2.356320293e-11
1.296762038e-11
9.622076113e-12
9.634042322e-12
9.656945111e-12
9.666332241e-12
9.667603772e-12
9.666600949e-12
9.665440948e-12
9.664340434e-12
9.663284128e-12
9.662275557e-12
9.661303747e-12
9.660364627e-12
9.65946701e-12
9.658608496e-12
9.65777225e-12
9.656928172e-12
9.656046566e-12
9.655077972e-12
9.653997018e-12
9.652793762e-12
9.651481489e-12
9.650164856e-12
9.649645442e-12
9.640214446e-12
2.871408433e-13
1.677207041e-13
4.413759699e-14
4.953964305e-14
4.749217314e-13
4.219042628e-13
1.269605919e-12
-2.125783286e-12
-2.925457617e-12
-3.399221166e-12
-9.40406631e-12
-6.752540328e-12
-5.984594168e-12
-6.248914171e-12
-2.626895194e-11
6.071478884e-12
-1.452754037e-12
-2.485707999e-12
8.790616114e-12
1.183295276e-11
-1.106550367e-11
1.157704379e-11
1.218710516e-11
9.306364382e-12
2.673891136e-11
2.31301483e-11
3.254981127e-11
-1.489551302e-10
-4.716744645e-10
5.026324222e-11
4.605885469e-11
-3.89032291e-11
1.566713405e-13
4.035367497e-12
1.848978075e-11
4.637477082e-12
9.716507463e-12
9.614052732e-12
9.64498765e-12
9.661472313e-12
9.66641828e-12
9.666384176e-12
9.665409833e-12
9.66442315e-12
9.663473965e-12
9.662556805e-12
9.661668367e-12
9.6608034e-12
9.659959972e-12
9.659130958e-12
9.658295657e-12
9.657426939e-12
9.656504675e-12
9.655504215e-12
9.654428991e-12
9.65328224e-12
9.652054494e-12
9.650840238e-12
9.6504241e-12
9.640174985e-12
2.69592691e-13
1.493019534e-13
-1.10810787e-13
-6.078247476e-13
4.284003429e-13
5.958986584e-12
-2.850526428e-12
-2.951901576e-12
-2.954046222e-12
-2.781907852e-12
-2.661118731e-12
-6.143249856e-12
-5.933618582e-12
-6.06370621e-12
-1.868181402e-11
-5.357914737e-12
-9.375055389e-13
-2.676610745e-12
8.539326946e-12
1.761849799e-12
2.094464108e-11
6.970804708e-12
7.679239516e-12
5.970590875e-12
2.465419097e-11
2.180771603e-11
2.739481582e-11
-2.413260914e-10
-1.39329048e-10
-1.538239872e-10
-6.058540141e-11
-5.632155317e-11
-7.691633458e-11
5.813899606e-12
1.515003863e-11
2.174110547e-11
1.083553039e-11
9.596743016e-12
9.627202023e-12
9.652533159e-12
9.663904695e-12
9.665899045e-12
9.66524694e-12
9.664375657e-12
9.663536356e-12
9.662719976e-12
9.661912063e-12
9.661112025e-12
9.660314808e-12
9.659512107e-12
9.658687752e-12
9.65782356e-12
9.656910334e-12
9.655936415e-12
9.654910129e-12
9.65383391e-12
9.652687076e-12
9.651562998e-12
9.651237425e-12
9.640153303e-12
3.014097558e-13
6.322486829e-13
6.473937238e-13
2.33490023e-12
5.7475552e-12
-2.864731955e-12
-2.715767656e-12
-1.898899242e-12
-2.185650454e-12
-1.568386244e-11
-4.817236661e-12
-4.826271031e-12
-5.31023738e-12
-5.729528606e-12
-9.199613208e-12
2.979399324e-12
-3.827833623e-14
-1.873723847e-12
1.520081508e-11
-7.082504865e-13
-6.824289293e-12
2.532360451e-12
4.54840084e-12
3.561215663e-12
2.318163169e-11
1.826101762e-11
2.264499779e-11
-2.189780202e-10
-1.506071392e-10
-2.209125215e-10
-5.8967981e-11
-4.247667089e-11
-6.655948381e-11
7.032589776e-12
1.521321197e-11
2.344714054e-11
4.355413306e-12
9.61845082e-12
9.607867013e-12
9.638620449e-12
9.657683563e-12
9.664663114e-12
9.665231071e-12
9.664499321e-12
9.66375907e-12
9.663025116e-12
9.662290518e-12
9.661552979e-12
9.660805282e-12
9.660039869e-12
9.659245268e-12
9.658410959e-12
9.657531091e-12
9.656595267e-12
9.6556119e-12
9.654583909e-12
9.653483684e-12
9.652407064e-12
9.652115404e-12
9.640239515e-12
-3.109095329e-12
-3.83987473e-12
4.514819402e-12
1.971888182e-12
-3.266289076e-12
-2.261920772e-12
-2.96933821e-12
-3.379915436e-12
-2.749141496e-12
-8.009595944e-12
-1.057146582e-11
-1.106989839e-11
-1.217834228e-11
-1.320829205e-11
-1.501017344e-11
-7.124169378e-12
-7.074048237e-12
-9.857907089e-12
-4.324799397e-11
-4.476369223e-11
-3.781469488e-11
4.256880001e-11
4.471676808e-12
-1.389503703e-12
-8.405707176e-13
1.375498391e-11
1.208465985e-11
3.474299644e-11
-1.505168739e-10
-1.990191082e-10
1.299211157e-10
7.467992625e-11
-2.401705606e-11
-6.976578299e-11
2.407005486e-11
2.911110374e-11
1.577614315e-11
9.806626942e-12
9.588720726e-12
9.622407988e-12
9.649327804e-12
9.662299014e-12
9.6651118e-12
9.664794567e-12
9.66415841e-12
9.663511779e-12
9.662851327e-12
9.662176375e-12
9.661479454e-12
9.660752474e-12
9.659987776e-12
9.659176732e-12
9.658314832e-12
9.657395111e-12
9.656428948e-12
9.655416778e-12
9.654328612e-12
9.653259601e-12
9.652989201e-12
9.6402284e-12
-1.774394048e-12
-1.278577441e-12
9.55750567e-12
-2.829504294e-12
-3.086035735e-12
-3.719146924e-12
-4.324123809e-12
-6.057255006e-12
-1.528041165e-11
-1.251147755e-11
-1.389743055e-11
-1.699436339e-11
-2.003450331e-11
-2.308723389e-11
-2.74467132e-11
-1.937825363e-11
-1.942747722e-11
-2.232614425e-11
-5.581929886e-11
-5.832240143e-11
-5.182634492e-11
1.641240233e-10
-6.582285503e-12
-9.36401551e-12
-1.085760596e-11
8.346952808e-12
7.077640624e-12
1.224731692e-11
-1.305297081e-10
-1.457853464e-10
-1.304972446e-10
-5.51744125e-11
-5.227921691e-11
-6.864324603e-11
1.215958715e-11
1.875567954e-11
2.358752963e-11
-3.033842028e-12
9.596477744e-12
9.60288479e-12
9.633368631e-12
9.654723226e-12
9.663656709e-12
9.665063083e-12
9.664650129e-12
9.664125633e-12
9.66357246e-12
9.662978701e-12
9.662340766e-12
9.661654584e-12
9.660918399e-12
9.660123593e-12
9.659261217e-12
9.658324643e-12
9.65733724e-12
9.65631073e-12
9.655235867e-12
9.654192893e-12
9.653965808e-12
9.641011624e-12
-4.479919094e-13
-5.524138358e-13
-1.906199801e-12
-2.381102742e-12
-2.99388014e-12
-3.752058735e-12
-6.117437617e-12
-2.485430408e-11
1.68573802e-11
-1.571486537e-11
-1.608576708e-11
-1.921310548e-11
-2.308493451e-11
-2.9776748e-11
-2.063341614e-11
-2.369853095e-11
-2.392480199e-11
-2.658563495e-11
-6.010498331e-11
-6.349160264e-11
-5.48774328e-11
1.607586555e-10
-1.073557739e-11
-8.677633938e-12
-9.014061647e-12
9.488252652e-12
6.620030664e-12
1.423349178e-11
-2.48458424e-10
-1.480511214e-10
-1.870774586e-10
-6.058057082e-11
-4.740329173e-11
-6.795704859e-11
8.472890081e-12
1.500331868e-11
2.361011321e-11
-2.268723492e-13
9.635017041e-12
9.583718383e-12
9.615366021e-12
9.642709144e-12
9.658832612e-12
9.664247399e-12
9.664865087e-12
9.664580951e-12
9.664177467e-12
9.663679383e-12
9.663101406e-12
9.662437984e-12
9.661681464e-12
9.660856137e-12
9.6599909e-12
9.659086313e-12
9.658154281e-12
9.657179601e-12
9.656160451e-12
9.655156099e-12
9.654994244e-12
9.641547569e-12
-2.247936749e-12
-1.576783341e-12
-1.15210078e-12
-8.501275486e-13
-6.104406995e-13
-1.060895607e-12
-7.922766714e-12
-9.777011453e-12
-6.985538197e-12
-8.511192031e-12
-1.186917899e-11
-1.538070909e-11
-1.979684677e-11
-4.510451581e-11
-1.462457046e-11
-1.741622503e-11
-1.721368872e-11
-1.927919513e-11
-5.1631447e-11
-5.233838981e-11
-4.167942103e-11
1.297832853e-10
5.744528171e-13
3.358476446e-12
5.803128718e-13
1.831796498e-11
1.474062706e-11
2.129674458e-11
-2.230051683e-10
-1.401266046e-10
-5.685413185e-10
1.006498651e-10
7.307763655e-11
-1.158939141e-12
-1.183794155e-10
3.998967582e-11
3.073938921e-11
2.581133436e-11
9.909284038e-12
9.566662556e-12
9.597177178e-12
9.626134223e-12
9.649648159e-12
9.661069128e-12
9.663877779e-12
9.664201534e-12
9.664143538e-12
9.663854114e-12
9.663395095e-12
9.662818097e-12
9.662166811e-12
9.661467842e-12
9.660718821e-12
9.65991404e-12
9.659068958e-12
9.658166082e-12
9.657216078e-12
9.656268558e-12
9.656191429e-12
9.642533833e-12
-6.82567139e-13
1.99101195e-13
1.013809256e-12
1.931775654e-12
2.209404817e-12
-4.028052362e-12
-7.537182235e-12
2.883569262e-11
-3.36410494e-12
-2.497599302e-12
-4.083573125e-12
-6.00457947e-12
-7.85668008e-12
-2.056007101e-11
-3.503786918e-12
-3.485007113e-12
-3.54729383e-12
-6.03456958e-12
-3.914781349e-11
-4.075409857e-11
-3.049126349e-11
1.384281663e-10
8.144888691e-12
8.992982236e-12
5.862376247e-12
2.539292105e-11
1.705551489e-11
1.377200031e-11
2.161063755e-11
-1.360180291e-10
-1.47398361e-10
-1.019539429e-10
-5.481168439e-11
-5.346766894e-11
-6.490555406e-11
1.127176248e-11
1.809076975e-11
2.394399292e-11
1.601212672e-12
9.589032814e-12
9.580427305e-12
9.609068557e-12
9.635165619e-12
9.653284168e-12
9.661231219e-12
9.663119434e-12
9.663403789e-12
9.663418472e-12
9.663238437e-12
9.662883659e-12
9.662408845e-12
9.66185522e-12
9.66123743e-12
9.66055643e-12
9.659819035e-12
9.659004688e-12
9.658123686e-12
9.657236001e-12
9.657217254e-12
9.641830934e-12
-3.302793028e-13
4.702513873e-13
2.124424174e-12
4.104113253e-12
-1.168481854e-11
-6.33131317e-12
3.134168463e-11
-5.610316781e-14
2.715483987e-12
2.923672982e-12
2.803994773e-12
2.017502381e-12
4.267160879e-13
9.732544622e-12
8.025471177e-12
8.340169708e-12
7.976438223e-12
4.887828205e-12
-2.887411128e-11
-3.136714557e-11
-3.201137834e-11
1.422583903e-10
8.275547509e-12
7.625861604e-12
6.20643764e-12
4.04464627e-12
1.791975786e-11
1.168141272e-11
8.790619458e-12
-1.380426858e-10
-1.506467005e-10
-1.666011799e-10
-6.69603551e-11
-5.581900382e-11
-7.089319114e-11
9.0691364e-12
1.605022775e-11
2.439583463e-11
7.648343738e-12
9.659496158e-12
9.565245982e-12
9.594194314e-12
9.620586493e-12
9.643083418e-12
9.656390548e-12
9.661270963e-12
9.662477491e-12
9.662883871e-12
9.663005926e-12
9.662893394e-12
9.662621083e-12
9.662240598e-12
9.661781588e-12
9.661243188e-12
9.660637206e-12
9.659961813e-12
9.659214495e-12
9.658458386e-12
9.658572512e-12
9.643647052e-12
-1.449576021e-12
7.232206457e-13
-1.543868105e-12
-9.187567789e-12
2.011664517e-11
2.75396777e-11
-1.217393263e-12
2.190124079e-12
2.504569329e-12
2.729139332e-12
3.258346779e-12
3.756187494e-12
-1.596480605e-11
1.486869826e-11
1.228792317e-11
1.263357376e-11
1.228671602e-11
9.215503369e-12
-2.540639913e-11
-3.097327148e-11
-4.077936355e-11
1.377204558e-10
3.948715286e-12
4.100330935e-12
4.063015812e-12
1.062127793e-12
1.744611696e-11
1.119011944e-11
1.252148679e-11
-2.842918219e-10
-1.539937386e-10
-1.926323875e-10
1.668724034e-11
3.441638489e-11
-1.28623141e-12
-1.30373781e-10
4.862537294e-11
3.530938328e-11
2.875916366e-11
9.981269967e-12
9.551790351e-12
9.580441847e-12
9.607111796e-12
9.632000038e-12
9.650017806e-12
9.658539316e-12
9.661158039e-12
9.661946261e-12
9.662320356e-12
9.662463146e-12
9.662403324e-12
9.662206836e-12
9.661912279e-12
9.661529347e-12
9.661078497e-12
9.660554878e-12
9.659957296e-12
9.659331103e-12
9.659540672e-12
9.642369843e-12
-5.669074625e-12
-1.021068824e-11
-1.2449844e-11
1.966629272e-11
2.320867863e-11
-3.499106395e-12
-1.388697336e-12
-5.78965276e-13
6.71049942e-14
6.033106131e-13
6.044113942e-13
1.600358689e-12
3.581146801e-11
1.123508219e-11
1.111571749e-11
1.178160589e-11
1.127711237e-11
5.792488103e-12
-2.626170956e-11
-2.724239559e-11
1.139914495e-10
1.383102246e-10
1.108587918e-14
2.379782249e-12
5.603448058e-12
4.872788571e-12
2.222377775e-11
1.510464769e-11
1.519781704e-11
-2.505271529e-10
-1.298382946e-10
-1.186442581e-10
-1.557177979e-10
-2.356034025e-11
-4.158721901e-11
-5.771343138e-11
1.629879025e-11
2.043801145e-11
2.512568756e-11
-1.404519347e-12
9.582638834e-12
9.567276882e-12
9.594505273e-12
9.619589981e-12
9.641222195e-12
9.654568352e-12
9.659835218e-12
9.661357087e-12
9.66198059e-12
9.662304049e-12
9.662421875e-12
9.662400385e-12
9.662262767e-12
9.66202926e-12
9.661733997e-12
9.661368263e-12
9.660929907e-12
9.660463786e-12
9.660828847e-12
9.643540704e-12
-1.523608118e-11
1.545140191e-11
1.627121566e-11
3.593257796e-11
-6.977770825e-12
-5.965522878e-12
-5.338624443e-12
-4.531481934e-12
-2.303187268e-12
-1.007051968e-12
-1.757119146e-12
-3.378068712e-11
8.847434169e-12
6.385128039e-12
7.179762349e-12
8.577822522e-12
8.580200325e-12
2.475071246e-12
-2.732819932e-11
-2.773690804e-11
1.121996572e-10
1.372198327e-10
-1.383315107e-12
4.863065154e-12
1.177703197e-11
1.329621373e-11
3.255330569e-11
2.740443637e-11
2.397514922e-11
3.116158326e-11
-1.35370394e-10
-1.450724855e-10
-1.451708401e-10
-6.333214467e-11
-5.507689066e-11
-6.932187473e-11
9.074812791e-12
1.715235925e-11
2.514190135e-11
8.377781872e-12
9.623654443e-12
9.555029134e-12
9.582975773e-12
9.608466475e-12
9.632424757e-12
9.649697028e-12
9.657765353e-12
9.660294643e-12
9.66113933e-12
9.661578023e-12
9.661848435e-12
9.662003656e-12
9.66204625e-12
9.661989619e-12
9.661864013e-12
9.661669675e-12
9.661417797e-12
9.661117926e-12
9.661626461e-12
9.641769007e-12
1.165763042e-11
1.731745084e-11
1.652899566e-11
-8.407337921e-12
-5.106833761e-12
-4.631689267e-12
-4.429652287e-12
-4.186840798e-12
-4.472863665e-12
-6.831557759e-12
-8.86108038e-12
2.66642032e-11
5.555795886e-12
1.519277564e-12
9.901514284e-13
3.9144293e-12
5.766388473e-12
5.172323692e-12
-2.890282119e-11
-2.937223695e-11
1.238117539e-10
1.392418056e-10
3.555284631e-12
1.058494589e-11
1.757914345e-11
1.968121727e-11
4.014751985e-11
3.515176493e-11
3.235928924e-11
3.542963034e-11
-1.277377445e-10
-1.500272963e-10
-1.898737653e-10
-2.543998779e-11
-1.33460384e-11
-5.638086963e-11
8.099924121e-11
1.506660697e-11
3.001125451e-11
2.522609373e-11
9.781625887e-12
9.544848031e-12
9.572638484e-12
9.597890518e-12
9.622124889e-12
9.643012701e-12
9.65538568e-12
9.659951774e-12
9.661164379e-12
9.661650162e-12
9.661958335e-12
9.662188845e-12
9.662352677e-12
9.662447805e-12
9.662480373e-12
9.662459072e-12
9.662388218e-12
9.662281963e-12
9.662992604e-12
9.643787891e-12
1.194087138e-11
-1.350603488e-11
-1.046954836e-11
-9.940247183e-12
-1.005016602e-11
-1.014952165e-11
-1.003023601e-11
-9.671232133e-12
-9.246518995e-12
-1.154451513e-11
-4.291064563e-11
-2.358241872e-12
-4.254984627e-13
-6.409685937e-13
-1.890600901e-13
4.586573519e-13
-1.237659332e-12
-3.167190474e-11
-3.451484415e-11
-3.120168526e-11
1.236486824e-10
1.391777252e-10
3.76036287e-12
1.066971869e-11
1.734062321e-11
1.97890809e-11
4.236582065e-11
3.40843076e-11
2.624093151e-11
1.636488608e-11
-1.382464166e-10
-1.547203382e-10
-4.178226856e-10
1.088741691e-10
7.657072096e-11
-1.654835125e-11
-5.600281189e-11
2.374116686e-11
2.803609265e-11
2.877521209e-11
7.268389592e-12
9.537249863e-12
9.564039426e-12
9.589927524e-12
9.614946312e-12
9.637642173e-12
9.652647916e-12
9.658952273e-12
9.66065111e-12
9.661171147e-12
9.661474894e-12
9.661748875e-12
9.662021093e-12
9.662284178e-12
9.662527753e-12
9.662738766e-12
9.662913086e-12
9.663057386e-12
9.66400288e-12
9.642640085e-12
-1.61070686e-11
-1.636909646e-11
-1.706389965e-11
-1.780414722e-11
-1.833787141e-11
-1.836047147e-11
-1.737554725e-11
-1.454381998e-11
-1.170706402e-11
-3.491713278e-11
2.381144829e-11
-2.809247221e-12
-7.763809592e-12
-9.086321082e-12
-9.126252019e-12
-8.764339022e-12
-1.057108749e-11
-4.188875889e-11
-4.251183835e-11
-3.934522069e-11
1.123664977e-10
1.33756848e-10
1.440995601e-13
7.154531912e-12
1.361101064e-11
1.712105674e-11
1.156331899e-11
3.045629589e-11
1.76594934e-11
3.185794658e-12
-3.102950029e-10
-1.495913357e-10
-1.256222819e-10
-1.461568829e-10
-2.946283661e-11
-5.419362363e-11
-7.218293776e-11
9.803653816e-12
1.929960435e-11
2.640301333e-11
1.620190192e-12
9.554831465e-12
9.555797377e-12
9.581627354e-12
9.605233153e-12
9.628618423e-12
9.647919574e-12
9.658246677e-12
9.661448724e-12
9.662126022e-12
9.662393198e-12
9.66265239e-12
9.662923996e-12
9.66320819e-12
9.663510332e-12
9.663806991e-12
9.664075614e-12
9.664303053e-12
9.665281654e-12
9.64246673e-12
)
;

boundaryField
{
    inletCH4
    {
        type            calculated;
        value           uniform 0;
    }
    wallOutside
    {
        type            calculated;
        value           nonuniform List<scalar> 
70
(
1.104752157e-11
1.034014326e-11
9.676271462e-12
9.64360897e-12
9.642015679e-12
9.642017824e-12
9.641943489e-12
9.641882873e-12
9.642180834e-12
9.64249475e-12
9.642361625e-12
9.642730331e-12
9.64389164e-12
9.644055593e-12
9.644257068e-12
9.64400965e-12
9.644111959e-12
9.644205796e-12
9.643599189e-12
9.55813563e-12
9.655900715e-12
9.645554957e-12
9.644967978e-12
9.644966699e-12
9.644983662e-12
9.645556345e-12
9.647021933e-12
9.649372258e-12
9.651047226e-12
9.649240965e-12
9.646592104e-12
9.645743419e-12
9.645125974e-12
9.644495118e-12
9.643822106e-12
9.642828591e-12
9.641770553e-12
9.640688443e-12
9.63948275e-12
9.637994467e-12
9.636629704e-12
9.635232015e-12
9.633370626e-12
9.56585726e-12
9.636776807e-12
9.629969192e-12
9.628505037e-12
9.627868476e-12
9.626712023e-12
9.626982762e-12
9.628505229e-12
9.632547705e-12
9.638497663e-12
9.640051892e-12
9.640214446e-12
9.640174985e-12
9.640153303e-12
9.640239515e-12
9.6402284e-12
9.641011624e-12
9.641547569e-12
9.642533833e-12
9.641830934e-12
9.643647052e-12
9.642369843e-12
9.643540704e-12
9.641769007e-12
9.643787891e-12
9.642640085e-12
9.64246673e-12
)
;
    }
    wallTube
    {
        type            calculated;
        value           nonuniform List<scalar> 
61
(
-3.202325004e-12
5.995334378e-41
5.996054893e-41
5.996347179e-41
5.996631578e-41
5.996895629e-41
5.997142761e-41
5.997379083e-41
6.848143722e-41
6.203822495e-37
4.526001601e-32
3.308416645e-27
2.425806542e-22
1.78579936e-17
1.320015967e-12
1.225816138e-10
-4.179749403e-11
-2.176789415e-11
-3.594201419e-10
6.843107278e-10
-2.408290413e-05
-3.007362586e-10
-9.769206577e-10
-1.206021755e-09
-1.087112364e-10
2.851982065e-10
1.384522621e-10
-1.067496015e-10
-2.625326672e-09
9.771874417e-08
1.004851691e-07
1.054385164e-08
-7.750449512e-10
9.70352467e-09
7.85123837e-09
3.836469305e-09
6.79420976e-09
1.098338872e-08
1.740015401e-08
-5.187457258e-08
-5.665647062e-07
7.601116758e-10
-4.160532712e-09
1.253725799e-09
-2.841321631e-11
-2.444572697e-10
-2.30835784e-11
-5.747156027e-08
-1.430596983e-08
1.351978694e-07
3.457016756e-09
8.930196215e-09
8.626716659e-09
3.995558129e-09
1.539559606e-09
8.974910609e-09
1.698145597e-08
-4.733118713e-08
-2.357378051e-07
-2.37526697e-07
-2.477899896e-09
)
;
    }
    inletPilot
    {
        type            calculated;
        value           uniform 0;
    }
    inletAir
    {
        type            calculated;
        value           uniform 0;
    }
    outlet
    {
        type            calculated;
        value           nonuniform List<scalar> 
71
(
6.017828077e-10
5.9899199e-10
6.032157178e-10
6.09458693e-10
7.017172182e-10
7.120376656e-10
6.079449894e-10
5.980941867e-10
6.024009411e-10
6.618507309e-10
6.722136731e-10
6.664342567e-10
6.660827362e-10
6.640708489e-10
6.588333331e-10
6.563152703e-10
6.546940446e-10
6.654299315e-10
6.516690819e-10
5.842055109e-10
5.93609577e-11
1.693974781e-10
1.396449586e-10
3.373557548e-11
4.03662317e-11
4.564074022e-11
3.75452648e-11
3.878932001e-11
1.400603388e-10
1.356840591e-10
1.391761205e-10
2.85658407e-10
2.901903976e-10
3.982756294e-11
4.568134065e-11
4.789929161e-11
5.247233898e-11
5.402605269e-12
2.912257718e-11
2.666908112e-11
4.722258129e-12
-3.03335196e-10
-1.425772805e-10
-1.177467537e-10
-1.457178537e-10
-2.892796133e-11
-5.417663394e-11
-7.217937367e-11
9.803056065e-12
1.929913873e-11
2.640265368e-11
1.619958918e-12
9.554573752e-12
9.555606919e-12
9.581485308e-12
9.605090701e-12
9.62847687e-12
9.647805254e-12
9.658177729e-12
9.661385601e-12
9.662090629e-12
9.662373112e-12
9.662615472e-12
9.662858835e-12
9.663123462e-12
9.663411119e-12
9.663697937e-12
9.663954434e-12
9.664176989e-12
9.665143349e-12
9.642323611e-12
)
;
    }
    axis
    {
        type            empty;
    }
    frontAndBack_pos
    {
        type            wedge;
    }
    frontAndBack_neg
    {
        type            wedge;
    }
}


// ************************************************************************* //
