/*--------------------------------*- C++ -*----------------------------------*\
  =========                 |
  \\      /  F ield         | OpenFOAM: The Open Source CFD Toolbox
   \\    /   O peration     | Website:  https://openfoam.org
    \\  /    A nd           | Version:  10
     \\/     M anipulation  |
\*---------------------------------------------------------------------------*/
FoamFile
{
    format      ascii;
    class       volScalarField;
    location    "0.02498436188";
    object      ddt0(rho,CH3);
}
// * * * * * * * * * * * * * * * * * * * * * * * * * * * * * * * * * * * * * //

dimensions      [1 -3 -1 0 0 0 0];

internalField   nonuniform List<scalar> 
5170
(
-9.78879514e-07
-9.815754636e-07
-9.813024649e-07
-9.475896616e-07
-2.461602199e-08
-1.27438612e-06
-1.277250686e-06
-1.280880959e-06
-1.279041588e-06
-1.004525515e-06
-1.312379043e-06
-1.317219234e-06
-1.323230069e-06
-1.332804221e-06
-1.307226727e-06
-1.309690779e-06
-1.315727438e-06
-1.323257035e-06
-1.332775247e-06
-1.350224831e-06
-1.30053191e-06
-1.307702033e-06
-1.316971755e-06
-1.326185765e-06
-1.347733321e-06
-1.28725105e-06
-1.294569464e-06
-1.304021414e-06
-1.31625595e-06
-1.338460462e-06
-1.274560448e-06
-1.282040916e-06
-1.291161407e-06
-1.30324705e-06
-1.326843675e-06
-1.266594508e-06
-1.275450221e-06
-1.285057257e-06
-1.29245274e-06
-1.31704069e-06
-1.2661102e-06
-1.274135884e-06
-1.282760823e-06
-1.28942949e-06
-1.313912826e-06
-1.272757233e-06
-1.27996206e-06
-1.283528307e-06
-1.294103012e-06
-1.319428005e-06
-1.281896346e-06
-1.29001423e-06
-1.294749518e-06
-1.302532613e-06
-1.329493519e-06
-1.292536952e-06
-1.301046591e-06
-1.311327727e-06
-1.313472702e-06
-1.341023364e-06
-1.30498051e-06
-1.312753965e-06
-1.322982816e-06
-1.326283723e-06
-1.353065987e-06
-1.316412498e-06
-1.323007005e-06
-1.329936836e-06
-1.336917308e-06
-1.362140455e-06
-1.32315627e-06
-1.329633186e-06
-1.334084005e-06
-1.342754876e-06
-1.365804782e-06
-1.324733329e-06
-1.332189608e-06
-1.335546503e-06
-1.342218704e-06
-1.364118414e-06
-1.321959852e-06
-1.329518123e-06
-1.334026418e-06
-1.336703678e-06
-1.357505385e-06
-1.314996319e-06
-1.322036948e-06
-1.327981297e-06
-1.328123471e-06
-1.346368767e-06
-1.305952111e-06
-1.312497183e-06
-1.315348434e-06
-1.320071954e-06
-1.331773671e-06
-1.292661643e-06
-1.299383011e-06
-1.294874122e-06
-1.252055433e-06
-9.388557245e-07
-4.878814806e-16
2.49390806e-16
4.095514803e-16
4.119321661e-16
4.109702514e-16
-4.941436557e-16
8.076766106e-16
-1.749745122e-16
-8.004767589e-17
-1.163703023e-16
-5.216703088e-16
-1.679812151e-16
2.55600741e-16
2.789831562e-16
1.629088019e-16
6.358022997e-16
-8.889683653e-16
-2.739916588e-15
-1.285198001e-15
-1.276557912e-13
1.061458252e-11
4.419570312e-13
1.256252722e-13
-9.556378768e-13
9.483434849e-11
-9.895162673e-10
-6.614205241e-11
3.850051777e-11
-2.894926817e-11
-1.257921206e-09
-4.505814462e-09
7.764784858e-11
-1.388784954e-09
6.631236808e-08
-3.994655736e-06
-4.20745705e-07
-3.186005484e-08
-5.671654035e-09
-3.351781719e-07
-4.92479247e-06
6.290463924e-07
-3.608857485e-07
-4.017622776e-07
-2.276026441e-06
8.146308241e-06
6.144675869e-06
-1.053162012e-05
-5.043998971e-07
-4.513395936e-06
4.299153311e-07
6.287730127e-07
-3.71739251e-06
-3.551788963e-06
-5.668861312e-07
2.733871022e-09
-1.431154236e-07
1.131545391e-06
1.418931557e-06
9.195387736e-07
4.677209268e-07
7.335724414e-07
3.107039282e-07
5.929302163e-07
1.280695566e-07
1.763020007e-07
4.177821641e-07
-7.439499568e-08
1.182251186e-07
5.221985902e-07
-2.790903242e-08
1.227823407e-07
5.397966684e-07
5.525024211e-07
1.139530069e-07
5.127157066e-07
3.405142673e-07
9.376142917e-08
1.240392302e-07
2.480429032e-07
1.102341566e-06
6.711508991e-07
-1.612969191e-07
-1.893636693e-07
7.531576352e-07
-3.607599463e-06
1.116337831e-06
6.177670415e-07
6.007454084e-07
1.106075684e-06
-1.697024046e-05
-3.89654514e-06
8.30849539e-07
1.006311799e-06
-4.026985755e-06
-1.709703417e-05
-1.316587144e-05
-2.110199337e-06
-1.542175564e-06
1.646643695e-06
-1.982597188e-07
-1.34016414e-06
-1.228764695e-06
-5.106294455e-07
1.633668951e-05
-0.001579613631
-1.199895629e-06
-1.501232989e-06
-5.725246617e-07
2.742000168e-05
0.0003360173987
-1.302369798e-06
-1.714536216e-06
-3.24056866e-05
-2.49740654e-06
4.649149576e-05
-1.202217488e-06
1.368110094e-06
2.648499597e-05
2.593501538e-05
6.501406781e-05
-1.073225947e-06
9.554870585e-07
1.929548508e-05
2.903451449e-05
0.0001522685926
-1.420492725e-06
-2.116557122e-06
1.769002874e-06
1.96619428e-06
-3.964274124e-05
-1.324019641e-06
-2.672285917e-06
-1.535555081e-06
-1.391018503e-05
-5.617619251e-05
1.078599774e-06
3.783798997e-05
5.227418472e-07
-5.066625275e-06
-3.822727783e-05
3.368981183e-06
3.227795594e-05
4.323296609e-06
4.623566486e-06
3.006422807e-05
-9.192868932e-09
1.189294361e-05
1.770405631e-06
-9.390837609e-06
-2.243834433e-05
-2.37002714e-06
-1.252291857e-06
-8.876905294e-06
-1.842304835e-05
-3.665726967e-05
-1.13101605e-05
-1.328933838e-05
-2.088311863e-05
-3.147782678e-05
-5.007801475e-05
-6.41492758e-06
-6.60261292e-06
-7.88052611e-06
-2.99160646e-06
2.054578965e-06
6.631911867e-08
1.62689792e-06
9.729677197e-06
2.927944863e-05
7.032850273e-05
4.825029164e-06
9.635515539e-06
2.526471375e-05
4.222561609e-05
-0.0001495844371
1.691097531e-05
1.399316147e-05
2.442200655e-05
4.361747269e-05
9.092528463e-05
5.309452941e-06
5.913079244e-06
-0.0005496979784
8.454127647e-05
0.001367187041
-8.039225404e-07
3.809158294e-05
-0.0001104288029
0.0001008888523
0.002576034778
0.0003254865644
-5.727358155e-05
-0.0004170627904
-0.002405322609
-0.003764135675
-7.656734011e-05
-0.0001248265025
-0.0001607395294
-0.0002914523259
7.378138354e-05
3.633157488e-05
5.030180368e-05
0.0001181514525
0.0003395919511
0.001011218367
0.0004736413491
0.0005610633858
0.000758824985
0.001074982773
0.001585702309
0.0008758119306
0.0009577737976
0.00111331148
0.001343444774
0.001640028745
0.0007402283022
0.0008290780803
0.0009599331646
0.001000050907
0.001088202309
0.0004719021106
0.0004803744869
0.0004962751273
0.0005377128559
0.0005396076457
0.000224157531
0.0002259461468
0.0002285142436
0.0002309225902
0.0002302992209
0.0001016925968
0.0001015321717
9.962110085e-05
9.871322498e-05
9.591811833e-05
4.407197885e-05
4.317316914e-05
4.259698476e-05
4.094822536e-05
4.088161237e-05
1.921923272e-05
1.919616435e-05
1.926406594e-05
1.873057152e-05
1.607643397e-05
8.675388531e-06
8.724082044e-06
8.707458036e-06
8.44212013e-06
7.890188474e-06
2.112955568e-06
2.073360685e-06
2.55930592e-06
3.995445225e-06
2.968008636e-06
1.250754331e-06
1.245988978e-06
1.223202581e-06
1.265473905e-06
1.202423435e-06
4.828918375e-07
4.619106458e-07
3.571181799e-07
3.024347205e-07
2.926378562e-07
7.581542541e-08
7.172565029e-08
6.142308442e-08
4.695452888e-08
2.780674752e-08
-1.251108491e-07
-1.286765465e-07
-1.233994821e-07
-1.341170163e-07
-1.547296834e-07
-1.992044545e-07
-2.034332078e-07
-2.120891418e-07
-2.240265561e-07
-2.419116084e-07
-1.466970618e-07
-1.518781688e-07
-1.775846078e-07
-1.89949529e-07
-1.964857193e-07
-2.265965196e-08
-2.540378203e-08
-3.398510753e-08
-6.196626046e-08
-7.722434714e-08
1.033545102e-07
1.014210881e-07
9.846655405e-08
1.039804111e-07
8.906055988e-08
2.076523455e-07
2.076321394e-07
2.025735834e-07
2.036419373e-07
2.054263647e-07
2.486795887e-07
2.496485091e-07
2.516125951e-07
2.544076151e-07
2.580060588e-07
2.000303833e-07
2.025573069e-07
2.070630747e-07
2.131095871e-07
2.089273101e-07
4.031282211e-08
6.561278027e-08
8.542580311e-08
9.257328453e-08
1.417671109e-07
-1.152353631e-08
3.205215754e-08
-1.087616974e-08
-3.580974729e-08
4.939395831e-08
-9.084086677e-09
8.375501356e-08
-6.947418492e-08
-2.650637356e-08
5.357966561e-08
8.296494227e-09
6.855791179e-09
-2.284519614e-08
-8.549298844e-09
-2.680218798e-08
3.670096665e-08
4.100261532e-08
5.920313356e-09
1.298404238e-09
-3.058704434e-09
-1.348589384e-08
1.594085589e-08
-2.150277173e-11
2.191584264e-08
2.853584035e-08
-2.244154979e-08
-1.492498523e-08
-2.639291121e-08
-8.561646736e-10
-1.856420944e-08
-5.720853265e-08
-9.146217016e-09
6.926629294e-08
-6.207966058e-08
-2.798768818e-08
-1.310906519e-07
-1.24264809e-07
-1.437450504e-07
-1.365954032e-07
-1.129270684e-07
-4.776154784e-08
-4.376780564e-08
-1.056460262e-07
-9.711352494e-08
-8.772835943e-08
-1.326662483e-07
-1.302788565e-07
-1.257365926e-07
-1.191905565e-07
-1.106020231e-07
-1.448499561e-07
-1.427815521e-07
-1.383058173e-07
-1.317544185e-07
-1.231753664e-07
-1.518035662e-07
-1.492277961e-07
-1.433315009e-07
-1.355407799e-07
-1.249194717e-07
-1.822693881e-07
-1.792102802e-07
-1.731100906e-07
-1.645863482e-07
-1.405621096e-07
-2.323262277e-07
-2.285456576e-07
-2.205838852e-07
-2.091272641e-07
-1.951178076e-07
-3.173360343e-07
-3.128646757e-07
-3.034220383e-07
-2.896963215e-07
-2.726851048e-07
-4.558077535e-07
-4.507128146e-07
-4.398314269e-07
-4.235973845e-07
-4.02615818e-07
-6.122181196e-07
-6.05934145e-07
-5.923964965e-07
-5.659443559e-07
-5.378589859e-07
-8.430059209e-07
-8.389811473e-07
-8.289805071e-07
-8.140732358e-07
-7.827094595e-07
-7.671750589e-07
-7.616641479e-07
-7.499797318e-07
-7.337120363e-07
-7.158206094e-07
-7.37347858e-07
-7.307831685e-07
-7.189938513e-07
-7.405210413e-07
-8.529591149e-07
-7.101438471e-07
-7.059310859e-07
-6.981397335e-07
-6.880316429e-07
-6.803372255e-07
-8.960131431e-07
-8.920994133e-07
-8.841940681e-07
-8.741855831e-07
-8.660391993e-07
-1.217013257e-06
-1.212009621e-06
-1.202653102e-06
-1.189120427e-06
-1.174850956e-06
-1.432491515e-06
-1.413816144e-06
-1.379356701e-06
-1.348184503e-06
-1.307811965e-06
-2.044712323e-06
-2.046547947e-06
-2.043851536e-06
-2.034348345e-06
-1.950256011e-06
-1.148938754e-06
-1.140670103e-06
-1.122243031e-06
-1.091184497e-06
-1.062727574e-06
-1.05086954e-06
-1.048138109e-06
-1.041261231e-06
-1.016994654e-06
-9.961891593e-07
-0.006945845004
-0.0008271990505
6.082468678e-05
2.953098328e-05
0.0004483027571
-0.0002174203757
-0.0001545461691
-6.009671862e-06
0.0001429773655
-0.0001301004778
-4.605411475e-05
-8.365163079e-05
6.066236089e-05
0.0001212702483
-0.001691370426
1.147672037e-05
0.0001296626732
0.00142144103
-0.002147494244
0.001579820397
0.002285295618
0.002179866575
0.001876606239
0.001155807196
0.0005366599961
0.000228255961
9.437563373e-05
4.006929613e-05
1.411818878e-05
7.43057472e-06
2.799691841e-06
1.082332357e-06
3.615608742e-07
1.671009398e-08
-1.676630016e-07
-2.44445072e-07
-2.037289085e-07
-8.28344325e-08
8.37896931e-08
2.058345646e-07
2.612831284e-07
1.726141941e-07
1.416780659e-07
-1.329203113e-08
1.13855615e-07
2.041345715e-08
2.038173559e-08
-8.262567936e-09
2.121649411e-08
-6.573285391e-09
-4.516301489e-08
-8.012284546e-08
-1.03483434e-07
-1.158785091e-07
-1.179234709e-07
-1.303271667e-07
-1.853256424e-07
-2.605658793e-07
-3.868173777e-07
-5.19769676e-07
-7.29687285e-07
-7.113868979e-07
-1.313687554e-06
-6.851536153e-07
-8.645003365e-07
-1.166400119e-06
-1.272720128e-06
-1.987185648e-06
-1.109718021e-06
-1.057656722e-06
-0.0003885578339
-5.072867129e-05
-1.700164436e-06
-5.748773055e-07
2.060822834e-08
-0.0002970915642
-0.004147039095
-3.945829974e-06
-4.819701127e-06
-4.485737909e-07
-0.0001289521137
-0.0005898266299
0.001868658742
1.551122495e-05
5.790629194e-06
-0.003309965123
-0.04471671117
0.002761185859
-3.58455576e-06
1.313569343e-05
2.735766781e-05
0.01519319527
0.1796584385
0.003288394044
-0.000116514569
0.0002789937892
-0.01699307626
-0.0003635461011
-0.001337267231
-0.0001448760444
-0.0001720379666
-0.001562306586
-0.027801759
-0.001296254194
0.000398968221
-0.001080246482
0.003559359476
0.08528756988
0.007864767919
0.0004816382649
0.0007210763307
0.0002102201208
0.01851270555
0.3527807004
0.01431391261
0.0002003770558
-0.0008947642549
-0.02863937861
-0.03357462386
-0.00793744556
-0.0001366234332
-0.0002739892237
0.0227182966
0.1140284131
-0.0002796271171
-0.0001370581634
2.547841559e-06
0.001317115835
-0.04694793681
0.01505885257
0.0002860919212
0.008649841429
0.0005953118511
0.001989409629
-0.000524401699
9.74122829e-05
-0.001206739299
0.0005531811415
0.0004457453016
-0.001011861512
0.0001071233978
-0.001437059891
0.0004923137493
0.0004222986139
-0.1883699672
0.0002772426657
-0.001454193657
0.004597483566
0.002748129162
-0.1372092771
-0.0004658015651
-0.002738443771
-0.003423039779
-0.0020755072
-0.09619845877
-0.001067501979
-0.003236400128
-0.007924356559
-0.01253335463
0.001381752156
-0.002162321824
-0.003812465567
-0.003181406317
0.03251586102
0.4020103565
0.00529124527
0.02290590988
0.05780711898
-0.01395640385
-0.9503847262
0.005174020102
0.01752529276
0.04556406031
0.08276340325
0.05538591095
0.003285716951
0.00715691392
0.01474944924
0.02547031326
0.02995060596
0.002244679451
0.003120147605
0.004337220619
0.005663435637
0.006244666892
0.001245067831
0.001336404293
0.001359455531
0.001314866684
0.001192144541
0.0006065232322
0.0005571540405
0.0004978978281
0.0004125383491
0.0003183634956
0.0002326126971
0.0002198092799
0.0001905952804
0.0001524349829
0.0001129829847
9.44834383e-05
9.350933428e-05
6.706356956e-05
5.897781283e-05
4.240860318e-05
3.721440295e-05
3.509934704e-05
3.780353831e-05
2.673757069e-05
1.857067634e-05
7.703917632e-06
1.337428462e-05
1.333738766e-05
9.349944102e-06
7.386019535e-06
6.477443772e-06
5.425685387e-06
5.449504005e-06
4.682779343e-06
3.388784929e-06
2.756766562e-06
2.301253192e-06
1.938993008e-06
1.742196703e-06
1.272131138e-06
9.336131432e-07
1.244969624e-06
1.110960293e-06
8.658225569e-07
3.95050143e-07
3.58301549e-07
3.151131804e-07
2.551616121e-07
1.587891068e-07
5.768529264e-08
-1.827231288e-08
-5.355175e-08
-9.924670612e-08
-1.643248719e-07
-2.262674929e-07
-1.781325715e-07
-2.128976761e-07
-2.949520972e-07
-3.369487456e-07
-3.816351076e-07
-2.492014523e-07
-2.868354404e-07
-3.302282749e-07
-4.097518884e-07
-4.69318847e-07
-2.301546359e-07
-2.271709602e-07
-2.785495945e-07
-3.443221868e-07
-4.413735662e-07
-1.459811572e-07
-6.178976873e-08
-1.298615827e-07
-1.625114348e-07
-2.526358039e-07
7.363275177e-08
9.623186013e-08
5.708284048e-08
4.250519742e-08
-1.387607276e-08
2.09283842e-07
2.133587e-07
2.061705559e-07
1.396961904e-07
2.874330166e-07
2.663014728e-07
2.688068933e-07
2.14314693e-07
2.914688863e-07
2.978720999e-07
1.672518237e-07
2.127595326e-07
2.723890165e-07
2.715710079e-07
2.875018385e-07
1.456189673e-07
1.580666149e-07
1.764749076e-07
1.955440987e-07
1.979376946e-07
3.541097184e-08
5.295231093e-08
5.319176596e-08
7.259944895e-08
6.426052277e-08
-1.00522551e-07
-2.386490289e-08
-3.640824776e-08
-6.14747889e-08
-1.819768236e-08
-1.327436586e-09
6.303482329e-08
-3.604008516e-08
1.320408235e-08
6.308766266e-09
7.843432614e-10
-4.864970566e-09
3.629494563e-08
1.067263988e-08
2.357477353e-08
1.311872663e-08
-1.949737042e-10
1.34921932e-09
1.400940829e-08
8.092985662e-10
-2.454427867e-08
-1.369229897e-08
-1.529673207e-09
-2.858442666e-08
-1.248835965e-08
-3.681360159e-10
-3.838308406e-08
-7.187145608e-09
-1.005725041e-08
-2.217171236e-08
-4.780191966e-08
-5.705398343e-08
5.170062555e-09
-3.798695718e-08
1.451334186e-08
-6.855460067e-08
-5.152823863e-08
-3.685853826e-08
-2.42875397e-08
-1.423262475e-08
-9.328539064e-08
-7.556581348e-08
-5.81363358e-08
-4.111166377e-08
-1.990804212e-08
-1.058122293e-07
-8.323222339e-08
-5.938305696e-08
-3.530714389e-08
-2.729038237e-08
-1.029268629e-07
-8.548523169e-08
-6.287714544e-08
-4.491277267e-08
-2.281160869e-08
-1.156202083e-07
-9.493625651e-08
-7.526560573e-08
-5.16764355e-08
-3.149399205e-08
-1.629090249e-07
-1.317976847e-07
-1.009309577e-07
-7.184932249e-08
-4.589673127e-08
-2.33820904e-07
-1.950171181e-07
-1.556200805e-07
-1.15774881e-07
-7.447223811e-08
-3.526377234e-07
-3.001120344e-07
-2.438394481e-07
-1.779589018e-07
-1.046080204e-07
-4.59641036e-07
-4.096807635e-07
-5.325126205e-07
-4.506494754e-07
-4.208403576e-07
-7.621585786e-07
-7.170554061e-07
-5.169862463e-07
-4.802290843e-07
-4.48296717e-07
-6.866657745e-07
-6.57691447e-07
-6.09423473e-07
-5.466366186e-07
-4.680835556e-07
-1.006385291e-06
-6.594244266e-07
-5.385866825e-07
-5.120464e-07
-4.891923861e-07
-6.552555445e-07
-6.155734698e-07
-5.900506194e-07
-5.680384802e-07
-5.478985771e-07
-8.276384997e-07
-7.953191278e-07
-7.643511674e-07
-7.298070033e-07
-6.880192702e-07
-1.116000572e-06
-1.057894464e-06
-9.931462418e-07
-8.895644238e-07
-7.280644009e-07
-1.161964473e-06
-1.128553218e-06
-1.933305121e-06
-1.726820145e-06
-1.651701202e-06
-2.06420801e-06
-2.0899464e-06
-1.02841072e-06
-1.021867371e-06
-9.628233725e-07
-1.035654906e-06
-1.044997454e-06
-1.082717238e-06
-1.078783804e-06
-1.052903316e-06
-1.160863805e-06
-1.089302419e-06
-1.684928631e-07
-1.05163118e-06
-9.122077202e-07
-1.038076733e-09
-6.298861318e-07
-7.37707971e-08
-4.030242232e-09
1.240742693e-08
2.845316244e-08
-3.630046545e-08
-3.320121646e-08
-3.444662426e-08
8.297924839e-10
2.588831375e-08
-3.008432601e-08
-7.163515835e-10
3.152001705e-08
2.789293518e-08
-2.332683614e-08
1.087485512e-11
-1.327684959e-08
-1.294751526e-08
1.526971108e-08
3.106076883e-08
3.933468229e-08
2.927785251e-08
1.988323876e-08
1.137823812e-08
3.445603908e-09
-3.892606948e-09
-1.070745383e-08
-1.715015505e-08
-2.31841616e-08
-2.893983063e-08
-3.44238112e-08
-3.894590256e-08
-3.407731283e-08
-2.938191397e-08
-2.497157619e-08
-2.082270835e-08
-1.67864551e-08
-1.294521724e-08
-9.36899832e-09
-5.944299867e-09
-2.684660723e-09
4.811952703e-10
3.691807198e-09
6.687642909e-09
9.519319496e-09
1.220288047e-08
1.478542951e-08
1.728376822e-08
1.966024203e-08
2.192447302e-08
2.412443184e-08
2.62529387e-08
2.828630563e-08
3.076830352e-08
3.887450111e-08
-1.073098838e-08
3.408365904e-08
3.878944538e-08
-3.956260406e-08
-1.039118925e-07
-2.760746589e-06
-2.976231719e-08
-1.743050331e-08
-2.019455548e-08
-4.412122695e-09
1.054794823e-08
2.053991782e-08
1.764636486e-08
1.635317258e-09
-1.804335857e-08
2.063516966e-08
-5.875278441e-10
-2.614698862e-08
-1.197967796e-08
-1.920277905e-08
8.727948133e-09
-7.274312799e-09
-8.300105254e-09
6.685401364e-09
6.869648991e-09
-1.246033737e-08
-1.041676615e-08
2.753133639e-09
1.422842111e-08
2.187866939e-08
1.260078515e-08
4.163863853e-09
-3.511625978e-09
-1.048750657e-08
-1.693207767e-08
-2.289330209e-08
-1.801683054e-08
-1.316996053e-08
-8.688036089e-09
-4.628419337e-09
-9.846311637e-10
2.580685547e-09
6.038926903e-09
9.324596442e-09
1.222609234e-08
1.496339859e-08
1.759168061e-08
2.010340333e-08
2.249832856e-08
2.264053769e-08
2.053332671e-08
1.865139192e-08
1.680877492e-08
1.524014059e-08
1.375353082e-08
1.240991343e-08
1.093233855e-08
9.607385792e-09
6.315629183e-09
-6.788758809e-09
5.844482134e-09
2.530348015e-09
2.819244543e-08
-1.606995397e-08
-3.896354685e-07
4.345550732e-07
-1.344157956e-08
-5.473975234e-08
-5.630418794e-08
-5.344597915e-08
-5.208851342e-08
-5.132070518e-08
-5.081417728e-08
-5.043319834e-08
-5.014287562e-08
-5.007412558e-08
-4.987763219e-08
-4.972371887e-08
-4.977052513e-08
-4.985792344e-08
-4.988657265e-08
-4.957255982e-08
-4.939604493e-08
-4.934629239e-08
-4.929498696e-08
-4.920046321e-08
-4.917489472e-08
-4.918655648e-08
-4.919760679e-08
-4.9200265e-08
-4.915460421e-08
-4.911436637e-08
-4.907798861e-08
-4.904592674e-08
-4.901742286e-08
-4.899140885e-08
-4.900046422e-08
-4.901109858e-08
-4.902117174e-08
-4.903214468e-08
-4.904330227e-08
-4.905315231e-08
-4.906226773e-08
-4.907108007e-08
-4.907979026e-08
-4.908798423e-08
-4.9096565e-08
-4.910464578e-08
-4.911275624e-08
-4.911404808e-08
-4.91082776e-08
-4.910342223e-08
-4.909672748e-08
-4.909275725e-08
-4.908859563e-08
-4.908497537e-08
-4.907936356e-08
-4.907710784e-08
-4.906788954e-08
-4.903730404e-08
-4.910177182e-08
-4.926424527e-08
-5.018113286e-08
-5.129979905e-08
-1.945508118e-06
-3.015117776e-07
-1.3722989e-07
-7.329239185e-08
-6.712429536e-08
-6.55938964e-08
-6.468887429e-08
-6.410762885e-08
-6.374791845e-08
-6.358000641e-08
-6.351097683e-08
-6.352416573e-08
-6.359294185e-08
-6.36959688e-08
-6.384703701e-08
-6.404793331e-08
-6.41598666e-08
-6.416764423e-08
-6.422206305e-08
-6.430729328e-08
-6.439548633e-08
-6.446869016e-08
-6.452841107e-08
-6.457953698e-08
-6.462619527e-08
-6.466945271e-08
-6.471013987e-08
-6.474921262e-08
-6.478667897e-08
-6.482281733e-08
-6.485746499e-08
-6.489041463e-08
-6.492239777e-08
-6.495335487e-08
-6.498240292e-08
-6.501091664e-08
-6.503887411e-08
-6.506480486e-08
-6.508909391e-08
-6.511273054e-08
-6.513559314e-08
-6.515585869e-08
-6.517542475e-08
-6.519344607e-08
-6.521048676e-08
-6.522588192e-08
-6.523980733e-08
-6.525209801e-08
-6.526222796e-08
-6.527192045e-08
-6.528013875e-08
-6.528698909e-08
-6.529198727e-08
-6.529848332e-08
-6.530951698e-08
-6.534649347e-08
-6.546589949e-08
-6.583395994e-08
-6.664113621e-08
-6.712443718e-08
-8.13025916e-06
-1.709012173e-06
2.079558102e-07
-1.839923185e-07
-6.465045711e-08
-5.58667297e-08
-5.543481714e-08
-5.567873878e-08
-5.591585467e-08
-5.616419798e-08
-5.638963844e-08
-5.658945319e-08
-5.679096401e-08
-5.699572378e-08
-5.720187067e-08
-5.74184536e-08
-5.759929683e-08
-5.774580716e-08
-5.7912511e-08
-5.808865013e-08
-5.824928594e-08
-5.838472876e-08
-5.849823218e-08
-5.859620618e-08
-5.868375443e-08
-5.876401847e-08
-5.883824673e-08
-5.890767661e-08
-5.897258653e-08
-5.903317963e-08
-5.909012253e-08
-5.914297851e-08
-5.919221836e-08
-5.92382146e-08
-5.928062126e-08
-5.932025432e-08
-5.93575925e-08
-5.939262878e-08
-5.942572407e-08
-5.945736435e-08
-5.948720595e-08
-5.951417251e-08
-5.953945974e-08
-5.956219001e-08
-5.958300115e-08
-5.9601204e-08
-5.961818717e-08
-5.963296598e-08
-5.96458516e-08
-5.965630473e-08
-5.966495345e-08
-5.967101453e-08
-5.967582351e-08
-5.967883368e-08
-5.968288963e-08
-5.968721864e-08
-5.969244646e-08
-5.966002536e-08
-5.938956035e-08
-5.87588951e-08
-1.595143491e-05
-6.918596973e-06
-9.326366124e-07
-3.279605287e-07
-4.829501628e-08
-4.001129643e-08
-4.1703174e-08
-4.275936559e-08
-4.343263242e-08
-4.393443075e-08
-4.428596013e-08
-4.455763316e-08
-4.47699481e-08
-4.494509566e-08
-4.510375688e-08
-4.525524017e-08
-4.538403009e-08
-4.551012845e-08
-4.566101406e-08
-4.582399775e-08
-4.597764527e-08
-4.610928765e-08
-4.621959545e-08
-4.631346598e-08
-4.639809048e-08
-4.647492558e-08
-4.654445089e-08
-4.660858537e-08
-4.666833607e-08
-4.672188993e-08
-4.677146182e-08
-4.681693603e-08
-4.685836412e-08
-4.689603602e-08
-4.693036048e-08
-4.696167782e-08
-4.699024571e-08
-4.701674881e-08
-4.704129658e-08
-4.706413003e-08
-4.708525456e-08
-4.710462254e-08
-4.712256932e-08
-4.713851426e-08
-4.715296582e-08
-4.716545581e-08
-4.717699717e-08
-4.718685182e-08
-4.719568771e-08
-4.720237225e-08
-4.720771077e-08
-4.721044511e-08
-4.721266533e-08
-4.721109841e-08
-4.720511364e-08
-4.717641525e-08
-4.707878533e-08
-4.676474952e-08
-4.599388311e-08
-4.509695511e-08
1.419774503e-05
-1.736945745e-05
-5.096535833e-06
-4.186228736e-07
-1.618977371e-07
-3.780927311e-08
-3.287530446e-08
-3.34759013e-08
-3.422952944e-08
-3.480390941e-08
-3.521366419e-08
-3.547866685e-08
-3.567156968e-08
-3.580443131e-08
-3.59127255e-08
-3.602011012e-08
-3.609226188e-08
-3.61431755e-08
-3.62228198e-08
-3.632350271e-08
-3.642501528e-08
-3.651694304e-08
-3.659396311e-08
-3.665826352e-08
-3.671543125e-08
-3.676700415e-08
-3.681356283e-08
-3.685595188e-08
-3.689388667e-08
-3.692762835e-08
-3.695807892e-08
-3.698487611e-08
-3.700880738e-08
-3.702992044e-08
-3.70481928e-08
-3.706470766e-08
-3.707878535e-08
-3.70916413e-08
-3.710316816e-08
-3.711348758e-08
-3.712287611e-08
-3.713128557e-08
-3.713904998e-08
-3.714615105e-08
-3.715292587e-08
-3.715884421e-08
-3.716447797e-08
-3.71692242e-08
-3.717393135e-08
-3.71778095e-08
-3.718108936e-08
-3.718307389e-08
-3.718467326e-08
-3.71827319e-08
-3.717422908e-08
-3.71399226e-08
-3.702936577e-08
-3.67186375e-08
-3.608533222e-08
-3.5464199e-08
2.987609014e-05
-1.840903349e-05
-1.862297301e-05
-3.07824411e-06
-1.420871721e-06
-1.18848948e-07
-1.660023333e-08
-2.47459244e-08
-2.811431046e-08
-2.951875053e-08
-3.021194145e-08
-3.057462781e-08
-3.075334251e-08
-3.090001111e-08
-3.100206309e-08
-3.107104816e-08
-3.111515912e-08
-3.112153855e-08
-3.114359387e-08
-3.11927733e-08
-3.125901366e-08
-3.130889635e-08
-3.135730461e-08
-3.139674015e-08
-3.142680803e-08
-3.145494761e-08
-3.14795755e-08
-3.150236654e-08
-3.152152586e-08
-3.153819349e-08
-3.155245394e-08
-3.156391443e-08
-3.157365567e-08
-3.158153957e-08
-3.158778205e-08
-3.159141834e-08
-3.15954054e-08
-3.159698123e-08
-3.159912774e-08
-3.159986664e-08
-3.160082449e-08
-3.160086133e-08
-3.160181146e-08
-3.160262744e-08
-3.16034646e-08
-3.160530332e-08
-3.160739108e-08
-3.160923799e-08
-3.16112245e-08
-3.161446131e-08
-3.161824232e-08
-3.162011021e-08
-3.162270071e-08
-3.162300374e-08
-3.161862475e-08
-3.159537194e-08
-3.152276916e-08
-3.133612628e-08
-3.099894188e-08
-3.069927789e-08
0.0001576765149
-3.909725607e-05
-4.447369837e-05
-1.133228794e-05
-1.183316202e-06
2.533915083e-06
1.921021514e-07
-6.956423399e-09
-2.375109792e-08
-2.672897054e-08
-2.773526458e-08
-2.832031234e-08
-2.863263786e-08
-2.873878705e-08
-2.886586753e-08
-2.896635667e-08
-2.898021556e-08
-2.895430431e-08
-2.896909305e-08
-2.900120023e-08
-2.903850446e-08
-2.907623165e-08
-2.910822178e-08
-2.912764996e-08
-2.915291457e-08
-2.916797519e-08
-2.918214925e-08
-2.919413291e-08
-2.920346185e-08
-2.921147037e-08
-2.921856966e-08
-2.922091474e-08
-2.922287786e-08
-2.922466336e-08
-2.922406853e-08
-2.922046213e-08
-2.92178495e-08
-2.921577487e-08
-2.920923944e-08
-2.920717158e-08
-2.920108268e-08
-2.91994395e-08
-2.91917731e-08
-2.919113881e-08
-2.91888718e-08
-2.918741059e-08
-2.918734552e-08
-2.918815386e-08
-2.918963955e-08
-2.919213336e-08
-2.919538573e-08
-2.91989427e-08
-2.920295139e-08
-2.920591787e-08
-2.92065228e-08
-2.91975033e-08
-2.916550149e-08
-2.908564158e-08
-2.895321593e-08
-2.884258054e-08
-3.336338493e-05
4.953449982e-06
-6.875133459e-05
-3.309490057e-05
-3.613192502e-06
6.445661221e-08
-5.041942353e-08
-9.061126498e-09
-1.99683487e-08
-2.429415149e-08
-2.626594656e-08
-2.709800921e-08
-2.764697071e-08
-2.793254568e-08
-2.804082702e-08
-2.813852483e-08
-2.819055304e-08
-2.815750361e-08
-2.81551429e-08
-2.818999272e-08
-2.822747567e-08
-2.826199689e-08
-2.829119819e-08
-2.831253695e-08
-2.832840383e-08
-2.834162277e-08
-2.835346702e-08
-2.836326333e-08
-2.83707282e-08
-2.837630786e-08
-2.838027759e-08
-2.838225616e-08
-2.838243857e-08
-2.83809645e-08
-2.837778436e-08
-2.837294526e-08
-2.836708928e-08
-2.836039377e-08
-2.835312759e-08
-2.834582445e-08
-2.833927667e-08
-2.833184091e-08
-2.832614275e-08
-2.832144957e-08
-2.831764893e-08
-2.831498159e-08
-2.831356161e-08
-2.831339423e-08
-2.831449824e-08
-2.831686693e-08
-2.832035368e-08
-2.832465222e-08
-2.832959545e-08
-2.833457648e-08
-2.833890861e-08
-2.833970572e-08
-2.833251226e-08
-2.831001195e-08
-2.827307994e-08
-2.82423044e-08
-4.527565075e-05
0.0002274355618
-5.485832447e-05
-8.57616578e-05
-1.131690148e-05
9.130875104e-07
3.964261655e-06
2.716998698e-07
3.558758343e-09
-1.893122198e-08
-2.413562795e-08
-2.617171705e-08
-2.709777781e-08
-2.749357153e-08
-2.769474606e-08
-2.784015874e-08
-2.789551608e-08
-2.78626201e-08
-2.786543199e-08
-2.790340503e-08
-2.79504346e-08
-2.798847815e-08
-2.801899684e-08
-2.804315224e-08
-2.80617528e-08
-2.807695328e-08
-2.809014043e-08
-2.810140569e-08
-2.81103539e-08
-2.811714869e-08
-2.812200391e-08
-2.812476087e-08
-2.812522497e-08
-2.812357509e-08
-2.812009354e-08
-2.811499072e-08
-2.810851082e-08
-2.810094546e-08
-2.809273507e-08
-2.808430246e-08
-2.807602944e-08
-2.806807674e-08
-2.806092913e-08
-2.805481404e-08
-2.804991258e-08
-2.804622505e-08
-2.804390274e-08
-2.804310322e-08
-2.804381092e-08
-2.804600174e-08
-2.804952887e-08
-2.805415521e-08
-2.805972099e-08
-2.806591427e-08
-2.807242796e-08
-2.807837397e-08
-2.808260865e-08
-2.808356613e-08
-2.808127832e-08
-2.807725105e-08
-0.001703570364
-7.918600354e-05
-3.907917006e-05
-0.000191553639
-2.566080295e-05
4.454317795e-06
-1.104723986e-06
7.422758875e-08
4.736076409e-08
-7.32075447e-09
-2.091860905e-08
-2.520035119e-08
-2.658914872e-08
-2.717788003e-08
-2.754634106e-08
-2.769906168e-08
-2.77270672e-08
-2.772808253e-08
-2.773851794e-08
-2.778705707e-08
-2.783073186e-08
-2.787911835e-08
-2.791910582e-08
-2.794635446e-08
-2.796963128e-08
-2.798976863e-08
-2.800635238e-08
-2.802053913e-08
-2.803250895e-08
-2.804193537e-08
-2.804890981e-08
-2.80535533e-08
-2.80557282e-08
-2.805543365e-08
-2.80529419e-08
-2.804855034e-08
-2.804250996e-08
-2.803512516e-08
-2.802677108e-08
-2.801790904e-08
-2.800900672e-08
-2.800039345e-08
-2.799236098e-08
-2.798529438e-08
-2.797952189e-08
-2.797507238e-08
-2.797208764e-08
-2.797075461e-08
-2.797106474e-08
-2.797301142e-08
-2.797647713e-08
-2.79812576e-08
-2.798718696e-08
-2.799408621e-08
-2.80018082e-08
-2.801012938e-08
-2.801884334e-08
-2.802777788e-08
-2.80358129e-08
-2.803930881e-08
-0.0003399818634
-3.902217543e-05
-3.700885955e-05
-0.0003461473204
-3.673660179e-05
1.517401671e-05
2.69634208e-06
5.116745025e-06
1.902966195e-07
1.361365812e-08
-1.616749957e-08
-2.375496394e-08
-2.594340155e-08
-2.686018409e-08
-2.731700382e-08
-2.752033495e-08
-2.760552724e-08
-2.762279515e-08
-2.766037396e-08
-2.771213198e-08
-2.776401589e-08
-2.781135759e-08
-2.78588258e-08
-2.78958012e-08
-2.792430427e-08
-2.794804419e-08
-2.796846206e-08
-2.79865321e-08
-2.800209562e-08
-2.801470815e-08
-2.802452709e-08
-2.803171907e-08
-2.803622566e-08
-2.803802218e-08
-2.803725146e-08
-2.803419697e-08
-2.802916196e-08
-2.802248231e-08
-2.801452847e-08
-2.800573573e-08
-2.799662775e-08
-2.798765778e-08
-2.797914032e-08
-2.797144606e-08
-2.796501073e-08
-2.795998076e-08
-2.795645911e-08
-2.795465088e-08
-2.795460014e-08
-2.795630103e-08
-2.795965888e-08
-2.796451041e-08
-2.797067641e-08
-2.797802529e-08
-2.798646407e-08
-2.799591546e-08
-2.800633963e-08
-2.801770543e-08
-2.802824024e-08
-2.803373493e-08
-0.0004026315464
-9.253777606e-05
-0.0002465429096
-0.0003554888403
-1.780407309e-05
5.817500791e-05
1.101469788e-05
-3.562635544e-07
8.515779599e-07
8.569532481e-08
-5.957034585e-09
-2.131463546e-08
-2.522708217e-08
-2.655421037e-08
-2.708125671e-08
-2.731554001e-08
-2.744262878e-08
-2.751829714e-08
-2.758407669e-08
-2.765165751e-08
-2.770363114e-08
-2.776154578e-08
-2.781051986e-08
-2.785182267e-08
-2.788595622e-08
-2.791402031e-08
-2.793864917e-08
-2.796083816e-08
-2.798019149e-08
-2.799642107e-08
-2.800951582e-08
-2.801954827e-08
-2.802661254e-08
-2.803078193e-08
-2.803213517e-08
-2.803083987e-08
-2.802719293e-08
-2.802157285e-08
-2.801438233e-08
-2.80060587e-08
-2.799711442e-08
-2.798807961e-08
-2.797936956e-08
-2.797134197e-08
-2.796444376e-08
-2.795899015e-08
-2.795507237e-08
-2.795288443e-08
-2.79525447e-08
-2.795402846e-08
-2.795727729e-08
-2.796215595e-08
-2.79684917e-08
-2.797616416e-08
-2.798507775e-08
-2.799515399e-08
-2.800632086e-08
-2.801839139e-08
-2.802922244e-08
-2.80349304e-08
-0.0006545396577
-0.0001699315938
-6.649419199e-05
-0.000334376477
0.000110444395
0.0001708807825
3.193192903e-05
-9.717942844e-06
1.222122583e-06
2.153459563e-07
9.319953934e-09
-1.916898218e-08
-2.462272745e-08
-2.612135141e-08
-2.679515881e-08
-2.720508206e-08
-2.736764669e-08
-2.742718698e-08
-2.748698326e-08
-2.756677078e-08
-2.764304034e-08
-2.771063871e-08
-2.776379857e-08
-2.780779093e-08
-2.784608915e-08
-2.788009867e-08
-2.791015661e-08
-2.793625563e-08
-2.795874388e-08
-2.797819794e-08
-2.799463991e-08
-2.800775653e-08
-2.801751757e-08
-2.802413133e-08
-2.80277235e-08
-2.802836838e-08
-2.802632118e-08
-2.802198004e-08
-2.801578714e-08
-2.800819408e-08
-2.799969065e-08
-2.799084192e-08
-2.798216649e-08
-2.797404739e-08
-2.796691594e-08
-2.796119353e-08
-2.795701461e-08
-2.795457226e-08
-2.795401259e-08
-2.795533068e-08
-2.795849183e-08
-2.796338134e-08
-2.796984232e-08
-2.797775856e-08
-2.798701271e-08
-2.799748685e-08
-2.800903738e-08
-2.802126808e-08
-2.803172067e-08
-2.803639911e-08
-0.0002099298962
0.00182957731
8.834519013e-05
-0.0004456078276
0.0008268641384
0.0004518435162
8.094592615e-05
7.676449537e-06
7.200236957e-06
4.82020249e-07
5.36190572e-08
-1.154362993e-08
-2.287833387e-08
-2.559466679e-08
-2.653597249e-08
-2.701337093e-08
-2.721681787e-08
-2.733393937e-08
-2.74172097e-08
-2.750119285e-08
-2.758803997e-08
-2.766260499e-08
-2.772124555e-08
-2.776856468e-08
-2.780953282e-08
-2.784664179e-08
-2.788049167e-08
-2.791076982e-08
-2.793727671e-08
-2.796018926e-08
-2.7979634e-08
-2.79955073e-08
-2.800783122e-08
-2.801681163e-08
-2.802255674e-08
-2.802510572e-08
-2.802468043e-08
-2.802169146e-08
-2.80165901e-08
-2.800984091e-08
-2.800194928e-08
-2.799347898e-08
-2.79850079e-08
-2.797697611e-08
-2.796980827e-08
-2.796396543e-08
-2.795966155e-08
-2.795707722e-08
-2.795638195e-08
-2.795759633e-08
-2.796070307e-08
-2.796560648e-08
-2.797216474e-08
-2.798026476e-08
-2.79897666e-08
-2.800050697e-08
-2.801225917e-08
-2.802442513e-08
-2.803425134e-08
-2.8037281e-08
0.002308689008
0.0008333787886
-8.584568355e-05
-0.001966380132
0.002616645088
0.0008610144301
0.0001381202625
1.519194741e-05
6.543526166e-06
8.476794856e-07
9.096613484e-08
-4.644011254e-09
-2.123503815e-08
-2.505678772e-08
-2.633473523e-08
-2.686739501e-08
-2.711997937e-08
-2.72436304e-08
-2.735596621e-08
-2.746389902e-08
-2.755285156e-08
-2.762318081e-08
-2.768118467e-08
-2.773192184e-08
-2.777716337e-08
-2.781773507e-08
-2.785443333e-08
-2.78877063e-08
-2.79174352e-08
-2.794333221e-08
-2.796541435e-08
-2.798377402e-08
-2.799841949e-08
-2.800947042e-08
-2.801706093e-08
-2.802127477e-08
-2.802231437e-08
-2.802056996e-08
-2.801650457e-08
-2.801059711e-08
-2.800336366e-08
-2.799537395e-08
-2.798722461e-08
-2.797940759e-08
-2.79723512e-08
-2.796652915e-08
-2.796222061e-08
-2.795960254e-08
-2.795886365e-08
-2.79600432e-08
-2.796314009e-08
-2.79680756e-08
-2.797472301e-08
-2.798296751e-08
-2.799264874e-08
-2.800355458e-08
-2.801538033e-08
-2.802737994e-08
-2.803648727e-08
-2.80377425e-08
0.003745607582
0.0009462215579
-0.000238209851
-0.008732758932
0.002036375795
0.0005911815997
9.92336771e-05
2.115240925e-05
4.209236079e-06
7.174431351e-07
1.072484229e-07
-5.071004343e-09
-2.251936432e-08
-2.560677435e-08
-2.636865716e-08
-2.67877647e-08
-2.698161151e-08
-2.714648746e-08
-2.729359078e-08
-2.741697552e-08
-2.751309989e-08
-2.75896239e-08
-2.765279353e-08
-2.770618757e-08
-2.775247401e-08
-2.779409918e-08
-2.783263703e-08
-2.78683352e-08
-2.79006487e-08
-2.792892283e-08
-2.795308312e-08
-2.797333361e-08
-2.798975256e-08
-2.800239648e-08
-2.801139592e-08
-2.801687923e-08
-2.801905226e-08
-2.801829761e-08
-2.801508668e-08
-2.800990971e-08
-2.800328726e-08
-2.799579426e-08
-2.798802883e-08
-2.79805107e-08
-2.797367947e-08
-2.796800596e-08
-2.796380383e-08
-2.796126621e-08
-2.79605837e-08
-2.79618117e-08
-2.796496591e-08
-2.79699835e-08
-2.797675826e-08
-2.798517099e-08
-2.799504616e-08
-2.800614341e-08
-2.801808232e-08
-2.802993262e-08
-2.803835842e-08
-2.803807105e-08
0.04490159102
0.002371397856
-0.009966489353
0.008735525394
0.002268670637
0.0003361347245
4.901021225e-05
1.18443959e-05
5.432489987e-07
1.475188222e-06
7.586397473e-08
-6.867616447e-08
-3.99676218e-08
-2.874056575e-08
-2.687617966e-08
-2.677886291e-08
-2.68744358e-08
-2.704365956e-08
-2.721642421e-08
-2.736493021e-08
-2.747934987e-08
-2.756581939e-08
-2.763304552e-08
-2.768875093e-08
-2.773827389e-08
-2.778469096e-08
-2.782657034e-08
-2.78626775e-08
-2.789538992e-08
-2.792449155e-08
-2.794972313e-08
-2.797101918e-08
-2.798830126e-08
-2.80016485e-08
-2.801124877e-08
-2.80172743e-08
-2.80199657e-08
-2.801970569e-08
-2.80169573e-08
-2.801220883e-08
-2.800598568e-08
-2.799886123e-08
-2.799142522e-08
-2.798419421e-08
-2.797761765e-08
-2.797215386e-08
-2.796812575e-08
-2.796573669e-08
-2.796516837e-08
-2.796648225e-08
-2.796969808e-08
-2.797474965e-08
-2.798151382e-08
-2.798983398e-08
-2.799949082e-08
-2.801019947e-08
-2.802157023e-08
-2.803264893e-08
-2.804003996e-08
-2.80382446e-08
-0.07428594837
-0.4934233218
-0.002778449412
0.00544966643
0.0009318899146
0.0001056281976
1.734129782e-05
6.576340888e-06
1.704262693e-06
2.057209664e-06
-1.345334215e-06
-2.964715395e-07
-1.420449378e-07
-5.577700169e-08
-3.229572797e-08
-2.775105051e-08
-2.693739307e-08
-2.694555302e-08
-2.712166023e-08
-2.730386487e-08
-2.744842175e-08
-2.755608948e-08
-2.764128044e-08
-2.771527101e-08
-2.779167332e-08
-2.787223001e-08
-2.789448694e-08
-2.79014267e-08
-2.792369052e-08
-2.795087694e-08
-2.797659503e-08
-2.799881835e-08
-2.801676301e-08
-2.803050526e-08
-2.804040962e-08
-2.804673374e-08
-2.804975281e-08
-2.804986273e-08
-2.80475216e-08
-2.804321313e-08
-2.803746514e-08
-2.803084562e-08
-2.802392186e-08
-2.801719303e-08
-2.801111047e-08
-2.800610812e-08
-2.800250226e-08
-2.80005068e-08
-2.800029231e-08
-2.80019352e-08
-2.80054704e-08
-2.801085877e-08
-2.801802058e-08
-2.802682925e-08
-2.803710587e-08
-2.804855575e-08
-2.80607357e-08
-2.807247529e-08
-2.8080015e-08
-2.807736057e-08
0.01330325441
0.01447352265
0.009922129398
0.002091309876
0.0002731801946
3.240890694e-05
1.321431904e-05
2.893039011e-06
1.048193282e-06
6.556301227e-07
9.630338984e-07
-1.382636294e-06
-5.502522692e-07
-1.981435444e-07
-6.253943583e-08
-3.296792944e-08
-2.77256358e-08
-2.696970848e-08
-2.704513863e-08
-2.725035209e-08
-2.743984323e-08
-2.759688182e-08
-2.771785965e-08
-2.775740185e-08
-2.777193058e-08
-2.779248301e-08
-2.780256237e-08
-2.782097804e-08
-2.784913137e-08
-2.787879351e-08
-2.790576647e-08
-2.792793997e-08
-2.794511494e-08
-2.795796947e-08
-2.796705583e-08
-2.79726878e-08
-2.797518721e-08
-2.7974957e-08
-2.797243636e-08
-2.796810222e-08
-2.796247615e-08
-2.795610213e-08
-2.794950845e-08
-2.794315962e-08
-2.793749545e-08
-2.793291503e-08
-2.79297002e-08
-2.792805979e-08
-2.792813643e-08
-2.792999409e-08
-2.793365389e-08
-2.793904912e-08
-2.794607082e-08
-2.795454787e-08
-2.796425766e-08
-2.797486845e-08
-2.798593013e-08
-2.799633199e-08
-2.800239397e-08
-2.799836663e-08
0.0214002632
0.009995040939
0.002843872861
0.0005055429537
6.610814178e-05
1.301838171e-05
1.614841917e-06
1.512372047e-06
7.205945031e-07
2.937584727e-07
1.406682598e-06
5.185737406e-07
-1.499694799e-06
-6.03865462e-07
-1.681401889e-07
-4.986325925e-08
-2.986820451e-08
-2.708148757e-08
-2.693233316e-08
-2.715676728e-08
-2.738679599e-08
-2.757265828e-08
-2.769970111e-08
-2.772183776e-08
-2.771559217e-08
-2.773020414e-08
-2.775691561e-08
-2.779159567e-08
-2.782792986e-08
-2.786098084e-08
-2.788790157e-08
-2.790843259e-08
-2.792374876e-08
-2.793491719e-08
-2.794252717e-08
-2.794692356e-08
-2.794845308e-08
-2.794751342e-08
-2.794452784e-08
-2.793996096e-08
-2.793431688e-08
-2.792810318e-08
-2.792179816e-08
-2.791583439e-08
-2.791061913e-08
-2.790650765e-08
-2.790374231e-08
-2.790252397e-08
-2.790296436e-08
-2.790512895e-08
-2.790903628e-08
-2.791463066e-08
-2.792182419e-08
-2.793049261e-08
-2.794045612e-08
-2.795143853e-08
-2.796291617e-08
-2.797372712e-08
-2.797973117e-08
-2.79750381e-08
0.004986792223
0.002156296017
0.0005639414604
0.0001057593529
2.26002976e-05
3.013006566e-06
4.970007253e-06
1.430815623e-06
5.268077146e-07
9.957889826e-08
2.130020567e-07
1.185753493e-06
1.297592263e-07
-1.530999108e-06
-6.75280652e-07
-1.682111315e-07
-4.80558975e-08
-2.966543461e-08
-2.719080484e-08
-2.708723224e-08
-2.731227675e-08
-2.75387063e-08
-2.769568093e-08
-2.773293254e-08
-2.773225286e-08
-2.775336456e-08
-2.778987858e-08
-2.783105719e-08
-2.786959088e-08
-2.790104261e-08
-2.792454154e-08
-2.794168652e-08
-2.79542068e-08
-2.796311168e-08
-2.796887451e-08
-2.797180795e-08
-2.797224016e-08
-2.797053468e-08
-2.796709946e-08
-2.796238275e-08
-2.795685186e-08
-2.795096031e-08
-2.794512986e-08
-2.793975748e-08
-2.793521084e-08
-2.79317743e-08
-2.792966063e-08
-2.792904814e-08
-2.793002256e-08
-2.793264684e-08
-2.793692632e-08
-2.794282038e-08
-2.795026126e-08
-2.79591594e-08
-2.796934671e-08
-2.798055876e-08
-2.799217898e-08
-2.800296391e-08
-2.800852391e-08
-2.800300682e-08
0.0009012975957
0.0003902765607
0.0001202407307
3.637919446e-05
1.353315158e-05
9.471755477e-06
2.264754023e-06
1.104678197e-06
4.379130238e-07
2.254111718e-07
6.65202315e-08
1.663057267e-08
6.037836488e-07
-3.511292327e-07
-1.680947501e-06
-7.951574371e-07
-1.773917255e-07
-4.670523885e-08
-2.910765676e-08
-2.702871876e-08
-2.708088384e-08
-2.738331916e-08
-2.763109775e-08
-2.773686861e-08
-2.777011953e-08
-2.780475051e-08
-2.784538209e-08
-2.788528265e-08
-2.79194663e-08
-2.794540497e-08
-2.796382559e-08
-2.797690965e-08
-2.798627836e-08
-2.799269947e-08
-2.799651463e-08
-2.799796928e-08
-2.799734288e-08
-2.799497595e-08
-2.799125319e-08
-2.798658835e-08
-2.798139035e-08
-2.797604995e-08
-2.797093768e-08
-2.79664059e-08
-2.796275257e-08
-2.796019617e-08
-2.795892819e-08
-2.795907693e-08
-2.796070583e-08
-2.796385002e-08
-2.796849365e-08
-2.797458478e-08
-2.798203493e-08
-2.799073155e-08
-2.800047716e-08
-2.80109818e-08
-2.802162577e-08
-2.803119708e-08
-2.803541633e-08
-2.802880398e-08
0.0002134404043
0.0001060805908
4.397574495e-05
2.004742173e-05
9.148934686e-06
4.134239641e-06
1.834799092e-06
9.032850542e-07
3.330775993e-07
-1.354863757e-07
-6.153486678e-07
-4.714248705e-07
-3.868785313e-07
8.124137193e-08
-2.375662886e-07
-1.153041921e-06
-6.105803658e-07
-1.40521997e-07
-3.904537692e-08
-2.745321906e-08
-2.671673234e-08
-2.71241781e-08
-2.751179258e-08
-2.771103426e-08
-2.778973076e-08
-2.784114467e-08
-2.788387064e-08
-2.791974074e-08
-2.79482153e-08
-2.796858075e-08
-2.79823745e-08
-2.799178773e-08
-2.799821532e-08
-2.800235792e-08
-2.80044407e-08
-2.800463533e-08
-2.800319668e-08
-2.800043459e-08
-2.799669919e-08
-2.799235134e-08
-2.79877338e-08
-2.798318297e-08
-2.79790194e-08
-2.797552561e-08
-2.797292147e-08
-2.797139367e-08
-2.797108235e-08
-2.797207313e-08
-2.797440512e-08
-2.797807634e-08
-2.798306465e-08
-2.798928725e-08
-2.799664133e-08
-2.800499443e-08
-2.801413189e-08
-2.802375211e-08
-2.803328118e-08
-2.804156237e-08
-2.804440062e-08
-2.803650114e-08
7.377041654e-05
4.196654824e-05
2.230859472e-05
1.186545328e-05
5.233347418e-06
2.263067905e-06
1.374958622e-06
4.140890429e-07
1.238680587e-07
1.897940971e-08
-4.287957151e-07
-5.091531095e-07
-1.093883498e-06
2.633324842e-08
1.994288607e-06
5.289590616e-07
-6.649093897e-07
-3.223958481e-07
-7.230710855e-08
-2.975839152e-08
-2.6419665e-08
-2.681462381e-08
-2.734337346e-08
-2.764004595e-08
-2.777345121e-08
-2.784885652e-08
-2.789810662e-08
-2.793274729e-08
-2.795742233e-08
-2.797381556e-08
-2.798421603e-08
-2.79908963e-08
-2.799517755e-08
-2.799763076e-08
-2.799845992e-08
-2.799785077e-08
-2.799604401e-08
-2.799330874e-08
-2.798993985e-08
-2.798623327e-08
-2.798248651e-08
-2.797898433e-08
-2.797597629e-08
-2.797366889e-08
-2.797223955e-08
-2.797182525e-08
-2.797252068e-08
-2.797437986e-08
-2.797740846e-08
-2.798159548e-08
-2.798690028e-08
-2.799323445e-08
-2.800050212e-08
-2.800857481e-08
-2.801724162e-08
-2.802620266e-08
-2.803493049e-08
-2.804230521e-08
-2.804407821e-08
-2.803477603e-08
3.027110093e-05
1.833079897e-05
7.704480356e-06
4.785251452e-06
2.498037763e-06
1.107595007e-06
6.029157266e-07
1.165153011e-07
1.907714735e-07
-2.043295083e-07
-1.439059456e-07
-7.232047494e-07
-8.73379817e-07
-1.214852981e-06
-4.177605077e-07
-3.027351922e-07
-1.666625279e-07
-6.29519461e-07
-2.216794382e-07
-4.873349487e-08
-2.687168394e-08
-2.625302456e-08
-2.6983405e-08
-2.745348757e-08
-2.76912965e-08
-2.78187333e-08
-2.788908123e-08
-2.792965452e-08
-2.795411365e-08
-2.796864391e-08
-2.797709971e-08
-2.798210863e-08
-2.798506753e-08
-2.798659387e-08
-2.798689885e-08
-2.798615946e-08
-2.798457101e-08
-2.798235598e-08
-2.797977412e-08
-2.797707746e-08
-2.797450833e-08
-2.797228693e-08
-2.797059887e-08
-2.796960378e-08
-2.796942872e-08
-2.797016246e-08
-2.797186718e-08
-2.797456516e-08
-2.797824405e-08
-2.798288344e-08
-2.79884405e-08
-2.799483292e-08
-2.800197814e-08
-2.800975704e-08
-2.80179838e-08
-2.802638654e-08
-2.803446717e-08
-2.804115674e-08
-2.804210958e-08
-2.803159133e-08
1.360422346e-05
1.078286721e-05
7.048276916e-06
2.93299137e-06
1.535726696e-06
1.186290166e-06
2.81227944e-07
-4.733656825e-09
-3.648668606e-07
-3.954265223e-07
-4.992203365e-07
-6.900356399e-07
-6.723347839e-07
-3.528666629e-07
-9.646805475e-07
-2.717614143e-07
-1.749789568e-07
-1.014418542e-07
-5.137678604e-07
-1.304036598e-07
-2.960015093e-08
-2.434376515e-08
-2.60420754e-08
-2.703420919e-08
-2.750836568e-08
-2.774257405e-08
-2.785731796e-08
-2.791369078e-08
-2.794221176e-08
-2.795692407e-08
-2.796464047e-08
-2.796896458e-08
-2.797156063e-08
-2.797304783e-08
-2.797360409e-08
-2.797340755e-08
-2.797263618e-08
-2.797144878e-08
-2.797006268e-08
-2.79686956e-08
-2.7967541e-08
-2.79667632e-08
-2.796650578e-08
-2.796688125e-08
-2.796796586e-08
-2.796982309e-08
-2.7972478e-08
-2.7975933e-08
-2.798016176e-08
-2.798514507e-08
-2.799084375e-08
-2.799719019e-08
-2.800411619e-08
-2.801152597e-08
-2.801926231e-08
-2.802708514e-08
-2.803452318e-08
-2.804056301e-08
-2.804076607e-08
-2.802921229e-08
5.826420396e-06
1.558074415e-06
2.299924592e-06
1.374240092e-06
6.079100243e-07
3.027572364e-07
-1.639529792e-08
-2.305813112e-07
-6.308703365e-07
-1.111221478e-06
-6.390378945e-07
-5.660317207e-07
-6.158903657e-07
-4.087763331e-07
-4.937848117e-07
-2.845301082e-07
4.580197166e-06
4.48034213e-07
-4.248223315e-07
-2.268866638e-07
-5.21318127e-08
-2.194423135e-08
-2.435448649e-08
-2.634197757e-08
-2.721453201e-08
-2.761492373e-08
-2.780105942e-08
-2.788576122e-08
-2.792373848e-08
-2.794078053e-08
-2.794885359e-08
-2.795331198e-08
-2.795627679e-08
-2.795846047e-08
-2.796003965e-08
-2.796103042e-08
-2.796155727e-08
-2.796179243e-08
-2.796191138e-08
-2.796208728e-08
-2.796247698e-08
-2.79632127e-08
-2.796439405e-08
-2.796609328e-08
-2.796836297e-08
-2.797123465e-08
-2.797471145e-08
-2.797878195e-08
-2.798341455e-08
-2.798859948e-08
-2.799430484e-08
-2.80004873e-08
-2.8007103e-08
-2.801407916e-08
-2.80212691e-08
-2.802846684e-08
-2.803521713e-08
-2.804056095e-08
-2.804003843e-08
-2.802795217e-08
2.474264262e-06
1.538132583e-06
1.132844304e-06
3.860214914e-07
2.150641555e-07
-5.927741652e-08
-2.602172759e-07
-4.296547357e-07
-6.106686927e-07
-1.218377182e-06
-4.299315574e-07
-5.715088299e-07
-7.061287448e-07
-6.059722544e-07
-8.451151117e-07
-7.125522972e-07
-8.477354929e-09
1.073500237e-08
-1.13576747e-09
-4.966891883e-07
-1.476135215e-07
-2.141704637e-08
-1.942383318e-08
-2.451785583e-08
-2.655220794e-08
-2.73508153e-08
-2.769140921e-08
-2.783739469e-08
-2.789745231e-08
-2.792130636e-08
-2.793136469e-08
-2.793685389e-08
-2.794091804e-08
-2.794434352e-08
-2.794733359e-08
-2.794991599e-08
-2.795210582e-08
-2.795400815e-08
-2.795577691e-08
-2.795756271e-08
-2.795949618e-08
-2.796168167e-08
-2.796419062e-08
-2.796707655e-08
-2.797035816e-08
-2.797405501e-08
-2.797816141e-08
-2.798265195e-08
-2.798751128e-08
-2.799273479e-08
-2.79983014e-08
-2.800419142e-08
-2.801038381e-08
-2.801683024e-08
-2.802340115e-08
-2.802992295e-08
-2.803595913e-08
-2.804060527e-08
-2.803944337e-08
-2.802740818e-08
1.198126915e-06
5.953814052e-07
4.828645012e-07
2.090007334e-07
-1.280360035e-07
-2.619788598e-07
-3.134681228e-07
-5.372104946e-07
-6.241855631e-07
-7.079610527e-07
-7.139214883e-07
-6.776715897e-07
-5.874981946e-07
-5.857763842e-07
-4.688931477e-07
-7.749255626e-07
-7.444412742e-07
2.367777932e-07
-1.537774095e-07
-3.987788881e-08
-4.135235939e-07
-7.430646793e-08
-6.033052904e-09
-1.86398e-08
-2.480479983e-08
-2.677620186e-08
-2.748102176e-08
-2.775512783e-08
-2.786062417e-08
-2.789952017e-08
-2.791426915e-08
-2.792157725e-08
-2.792705375e-08
-2.793206055e-08
-2.793673965e-08
-2.794104861e-08
-2.794496857e-08
-2.794856911e-08
-2.795196537e-08
-2.795528052e-08
-2.795862261e-08
-2.796208303e-08
-2.79657113e-08
-2.79695431e-08
-2.797360116e-08
-2.797787968e-08
-2.798237921e-08
-2.798708067e-08
-2.799196686e-08
-2.799706032e-08
-2.800235245e-08
-2.80078374e-08
-2.801350555e-08
-2.801934421e-08
-2.802525038e-08
-2.803107486e-08
-2.803642663e-08
-2.804044098e-08
-2.803869171e-08
-2.802697911e-08
3.1210336e-07
1.32287269e-07
-1.009231771e-07
-2.16882384e-07
-3.5446924e-07
-4.653062747e-07
-6.027053651e-07
-6.587647322e-07
-7.471337415e-07
-7.318019765e-07
-7.837171154e-07
-5.148333616e-07
-6.186243571e-07
-7.373092761e-07
-1.32202545e-06
-2.229888758e-07
6.360059179e-07
6.055463549e-08
2.185177495e-07
5.819698801e-08
-4.659720838e-07
-1.28436433e-07
8.185106948e-09
-4.540437171e-09
-2.103320061e-08
-2.576806697e-08
-2.715885222e-08
-2.76366839e-08
-2.781245974e-08
-2.787601569e-08
-2.789901464e-08
-2.790922365e-08
-2.791629637e-08
-2.792279781e-08
-2.79290664e-08
-2.793501691e-08
-2.794056537e-08
-2.794572048e-08
-2.795056064e-08
-2.795518366e-08
-2.795968804e-08
-2.796415046e-08
-2.796862066e-08
-2.797312203e-08
-2.797767329e-08
-2.79822817e-08
-2.798693879e-08
-2.799163794e-08
-2.79963848e-08
-2.80012115e-08
-2.800612183e-08
-2.801113848e-08
-2.801627254e-08
-2.802151978e-08
-2.802679815e-08
-2.803197792e-08
-2.803670306e-08
-2.804009918e-08
-2.803755882e-08
-2.802546196e-08
-6.370742983e-08
-1.962599647e-07
-3.162069451e-07
-4.300297776e-07
-5.379316315e-07
-6.551526498e-07
-7.742622986e-07
-7.993905673e-07
-8.287221631e-07
-7.721831484e-07
-8.0136909e-07
-7.310106066e-07
-6.780559301e-07
-6.313569723e-07
-6.323263898e-07
-4.95601116e-07
-7.456228878e-07
-6.10031098e-07
3.552041944e-07
1.045486338e-08
1.126075338e-07
-3.388105006e-07
-4.525199085e-08
2.173299316e-08
-9.393837985e-09
-2.305909301e-08
-2.646259423e-08
-2.742106396e-08
-2.773703219e-08
-2.784697458e-08
-2.788541847e-08
-2.790062545e-08
-2.790955945e-08
-2.791729001e-08
-2.792481053e-08
-2.793207475e-08
-2.793892853e-08
-2.794532094e-08
-2.79512904e-08
-2.795690578e-08
-2.796225206e-08
-2.796739839e-08
-2.797239483e-08
-2.79772785e-08
-2.798205982e-08
-2.798675285e-08
-2.799136653e-08
-2.799590011e-08
-2.800037947e-08
-2.800485762e-08
-2.800935487e-08
-2.80139066e-08
-2.801853915e-08
-2.802325543e-08
-2.802798144e-08
-2.803259207e-08
-2.80367397e-08
-2.803951733e-08
-2.803618788e-08
-2.802316326e-08
-3.149495539e-07
-4.274850989e-07
-5.335434828e-07
-6.471737641e-07
-7.518975846e-07
-8.511703195e-07
-8.534084749e-07
-9.542587225e-07
-6.15397985e-07
-8.204321223e-07
-7.583649589e-07
-6.66512676e-07
-7.161199757e-07
-5.60549629e-07
-5.898850322e-07
-1.246210796e-06
-6.784727274e-07
3.388616408e-07
-2.870035287e-07
7.119071377e-07
5.685744604e-07
5.01498056e-07
-7.887385706e-08
6.345894047e-08
2.681441685e-08
-1.407456526e-08
-2.457943417e-08
-2.695177179e-08
-2.759811311e-08
-2.780287985e-08
-2.787104821e-08
-2.789528738e-08
-2.790685786e-08
-2.791558654e-08
-2.792388655e-08
-2.793198316e-08
-2.79396996e-08
-2.794691457e-08
-2.795361309e-08
-2.79598472e-08
-2.796568458e-08
-2.797118932e-08
-2.797641269e-08
-2.798139726e-08
-2.798617193e-08
-2.799075785e-08
-2.799517544e-08
-2.799943948e-08
-2.800358906e-08
-2.800768968e-08
-2.801177022e-08
-2.801587202e-08
-2.802003402e-08
-2.802426488e-08
-2.802850046e-08
-2.803261634e-08
-2.803629516e-08
-2.803865648e-08
-2.803465777e-08
-2.802086243e-08
-4.59385757e-07
-5.899304664e-07
-6.623992464e-07
-7.78236164e-07
-1.153406386e-06
-8.704180173e-07
-8.52512874e-07
-9.347957905e-07
-9.423986131e-07
-8.035664809e-07
-5.160671183e-07
-5.663537287e-07
-3.724711003e-07
-5.4708309e-07
-5.449045752e-07
-5.844332988e-07
-8.547058103e-07
-6.265259471e-07
-4.178417653e-07
8.290013319e-07
3.4434471e-07
2.924142908e-07
-2.538673159e-07
-4.579634961e-09
5.860164666e-08
8.752692918e-09
-1.940513205e-08
-2.583238017e-08
-2.730883431e-08
-2.771940293e-08
-2.78482866e-08
-2.78907222e-08
-2.790718337e-08
-2.791704487e-08
-2.792569712e-08
-2.793411533e-08
-2.794220409e-08
-2.794979441e-08
-2.795681884e-08
-2.796329862e-08
-2.796929193e-08
-2.797485867e-08
-2.798005497e-08
-2.798492885e-08
-2.798952145e-08
-2.799386773e-08
-2.799799907e-08
-2.800194398e-08
-2.800575679e-08
-2.800949807e-08
-2.801319805e-08
-2.801690877e-08
-2.802068541e-08
-2.802453512e-08
-2.802839327e-08
-2.803214143e-08
-2.803547296e-08
-2.803750385e-08
-2.803315587e-08
-2.801871929e-08
-5.290177606e-07
-5.860772519e-07
-6.468821153e-07
-6.803472123e-07
-6.804275481e-07
-7.611345249e-07
-7.587212995e-07
-7.250305748e-07
-6.517777297e-07
-6.286113165e-07
-6.8231694e-07
-5.634260282e-07
-2.296416715e-07
-9.111407687e-07
-6.162977881e-07
-4.790463133e-07
-1.116581919e-06
-5.288268619e-07
8.623082375e-07
5.44974558e-07
2.490979881e-06
1.154491067e-06
4.652810794e-07
-2.41408278e-07
-6.288796821e-09
4.631439818e-08
-1.990752854e-09
-2.236189878e-08
-2.658061083e-08
-2.754036009e-08
-2.780340142e-08
-2.788276094e-08
-2.790878253e-08
-2.792052674e-08
-2.792925196e-08
-2.793750896e-08
-2.794551158e-08
-2.795307321e-08
-2.796007561e-08
-2.796650074e-08
-2.797239133e-08
-2.797780605e-08
-2.798280482e-08
-2.798744269e-08
-2.799176876e-08
-2.799582744e-08
-2.799965834e-08
-2.800330552e-08
-2.800683545e-08
-2.80103028e-08
-2.801374665e-08
-2.80172282e-08
-2.802078557e-08
-2.80244168e-08
-2.8028057e-08
-2.803159154e-08
-2.803474511e-08
-2.803660977e-08
-2.803172997e-08
-2.801656964e-08
-3.280858729e-07
-4.451049492e-07
-4.715141461e-07
-4.786709898e-07
-4.583682355e-07
-5.102438592e-07
-5.021146089e-07
-4.74435565e-07
-4.581644837e-07
-4.006166688e-07
-3.278209291e-07
-3.909801009e-07
-4.163547111e-07
-3.639660514e-07
-3.980901508e-07
-4.380876253e-07
-1.082858943e-06
-5.4009255e-07
-4.772374328e-07
-3.590519717e-07
-6.856322849e-07
2.201253512e-07
3.648656811e-08
-6.53691236e-07
-1.430409778e-07
7.464946195e-08
3.85133102e-08
-1.218916893e-08
-2.48003234e-08
-2.718096928e-08
-2.772037155e-08
-2.786618614e-08
-2.790931246e-08
-2.792462709e-08
-2.793347091e-08
-2.79412386e-08
-2.794879074e-08
-2.795600791e-08
-2.796272636e-08
-2.796889124e-08
-2.797451955e-08
-2.797966485e-08
-2.798438535e-08
-2.798874051e-08
-2.799278413e-08
-2.799657068e-08
-2.800015058e-08
-2.800358184e-08
-2.800693646e-08
-2.801026017e-08
-2.80136036e-08
-2.801700689e-08
-2.802050835e-08
-2.80240986e-08
-2.802769168e-08
-2.803114509e-08
-2.803411326e-08
-2.803572702e-08
-2.80307416e-08
-2.801481373e-08
-1.166298352e-07
-2.165262514e-07
-2.238903917e-07
-2.122671465e-07
-1.813830058e-07
-2.306953158e-07
-2.29290856e-07
-2.15115853e-07
-2.207871319e-07
-1.906696853e-07
-1.762125894e-07
-2.340748793e-07
-2.386488165e-07
-2.438375818e-07
-2.814811437e-07
-3.758593505e-07
-4.423472368e-07
2.644499035e-07
-6.467718248e-07
6.6401722e-07
-2.768189893e-07
-2.243746677e-06
3.735348606e-07
1.821214915e-07
-2.94060451e-07
7.667483351e-09
7.944547807e-08
1.688408901e-08
-1.905369705e-08
-2.620317163e-08
-2.752572583e-08
-2.782513732e-08
-2.790425536e-08
-2.792761792e-08
-2.793735193e-08
-2.79445096e-08
-2.795136489e-08
-2.795803824e-08
-2.79643283e-08
-2.797012319e-08
-2.797541875e-08
-2.798025687e-08
-2.798469053e-08
-2.798877951e-08
-2.799258665e-08
-2.79961779e-08
-2.799960899e-08
-2.800293037e-08
-2.800620334e-08
-2.80094863e-08
-2.801282169e-08
-2.801625382e-08
-2.801979603e-08
-2.802341542e-08
-2.802702745e-08
-2.803047304e-08
-2.80334591e-08
-2.803514773e-08
-2.803002978e-08
-2.801368821e-08
1.619344499e-07
5.121420174e-08
3.473185666e-08
4.575268949e-08
3.320895402e-08
2.423250449e-08
7.75958906e-09
-1.998405083e-09
-1.39241157e-08
-1.119171222e-08
-2.279964913e-08
-8.314331493e-08
-3.030008476e-08
-3.128908979e-07
-2.839543071e-07
-3.778779763e-07
-4.472451332e-07
-1.232950415e-06
-6.445163059e-07
-6.220020006e-07
-6.440728041e-07
-3.536283783e-07
1.057275776e-08
7.057886308e-08
1.474687737e-06
-1.425655415e-08
1.522012454e-07
8.829535466e-08
1.597916466e-09
-2.295617617e-08
-2.698736949e-08
-2.771970217e-08
-2.788438454e-08
-2.79268001e-08
-2.793986469e-08
-2.794675478e-08
-2.79528238e-08
-2.795883539e-08
-2.796463465e-08
-2.797004419e-08
-2.797501785e-08
-2.797958083e-08
-2.798378529e-08
-2.798769247e-08
-2.799137573e-08
-2.799489834e-08
-2.799829497e-08
-2.800160674e-08
-2.800491016e-08
-2.80082581e-08
-2.801168576e-08
-2.801523174e-08
-2.80188859e-08
-2.802261266e-08
-2.802630941e-08
-2.802983806e-08
-2.803290472e-08
-2.803464836e-08
-2.802963469e-08
-2.801331487e-08
2.299480687e-07
2.391111092e-07
2.099228894e-07
2.431268617e-07
2.694939962e-07
2.025818335e-07
1.591240499e-07
1.44441488e-07
1.034450584e-07
1.02475346e-07
7.787190209e-08
3.55126275e-10
-6.624079314e-08
-2.244764891e-07
-2.069330145e-07
-3.194352888e-07
-3.135408447e-07
-1.168909734e-06
-7.244345479e-07
-8.111557675e-07
-9.317817287e-07
-9.477815781e-07
-5.65471959e-07
8.045808888e-09
2.289224682e-07
-2.062417762e-07
6.678969057e-08
1.257778133e-07
5.124169362e-08
-1.17025771e-08
-2.535960698e-08
-2.744797182e-08
-2.783166473e-08
-2.79178786e-08
-2.793993527e-08
-2.794776994e-08
-2.79531996e-08
-2.795852511e-08
-2.79638256e-08
-2.796889065e-08
-2.797361594e-08
-2.797800243e-08
-2.798209084e-08
-2.798593885e-08
-2.798961272e-08
-2.799316284e-08
-2.799663167e-08
-2.800007225e-08
-2.800355099e-08
-2.800710115e-08
-2.801074347e-08
-2.801449683e-08
-2.801834595e-08
-2.80222374e-08
-2.80260599e-08
-2.802968371e-08
-2.803281597e-08
-2.803464299e-08
-2.802962273e-08
-2.801299707e-08
3.084438145e-07
3.025857781e-07
3.32423699e-07
3.450819048e-07
3.597544888e-07
2.871366687e-07
3.505681281e-07
2.082299323e-07
1.372600106e-07
1.399034081e-07
8.391502441e-08
2.972115205e-08
-4.04490963e-08
-1.974184156e-07
-1.994013612e-07
-1.394594657e-07
-4.270989344e-07
-4.498667597e-07
-5.133991228e-07
-6.404644073e-07
-6.656935689e-07
-6.971160211e-07
-4.236869774e-07
7.989753525e-08
2.011788642e-07
4.971601624e-07
5.539071655e-08
2.04931745e-07
1.398677706e-07
2.380567941e-08
-1.979437105e-08
-2.669180996e-08
-2.770550068e-08
-2.789397483e-08
-2.793618633e-08
-2.794752641e-08
-2.795285848e-08
-2.795757905e-08
-2.79624211e-08
-2.796721995e-08
-2.797180535e-08
-2.797612029e-08
-2.798018262e-08
-2.798404453e-08
-2.798777256e-08
-2.799142384e-08
-2.799504002e-08
-2.799868401e-08
-2.800241469e-08
-2.800623955e-08
-2.801016393e-08
-2.801419533e-08
-2.801829522e-08
-2.802238263e-08
-2.802633948e-08
-2.803001098e-08
-2.803312172e-08
-2.80348619e-08
-2.802967143e-08
-2.801252683e-08
2.927198336e-07
2.783794849e-07
3.080623636e-07
3.464651607e-07
2.184490391e-07
2.814879026e-07
3.665707795e-07
2.141195305e-07
2.840284583e-07
1.27009128e-07
2.875958513e-08
6.634145432e-09
-6.516020322e-08
-2.270349333e-07
-2.444532485e-07
-5.168093318e-07
-4.878067411e-07
-5.50250017e-07
3.552572107e-07
-7.273201763e-07
-6.568198383e-07
-5.384321243e-07
-1.142029756e-06
-2.697057337e-06
6.103885881e-07
4.185328438e-07
-1.416893173e-07
1.165123271e-07
1.746966992e-07
8.890071492e-08
-1.163127929e-09
-2.415798908e-08
-2.734992289e-08
-2.783253158e-08
-2.792430349e-08
-2.794492445e-08
-2.795135498e-08
-2.795570585e-08
-2.796016836e-08
-2.796476825e-08
-2.79692991e-08
-2.797365372e-08
-2.797780986e-08
-2.798179935e-08
-2.798567295e-08
-2.798949352e-08
-2.799331671e-08
-2.799720958e-08
-2.800121355e-08
-2.800532757e-08
-2.800954773e-08
-2.801386522e-08
-2.801822417e-08
-2.802252448e-08
-2.802663312e-08
-2.803038955e-08
-2.803349948e-08
-2.803523563e-08
-2.803000119e-08
-2.801241313e-08
1.861785881e-07
2.238853285e-07
2.08945447e-07
2.468514623e-07
1.954196687e-07
2.031841117e-07
4.143073208e-07
1.877616428e-07
1.701477942e-07
9.139125078e-08
1.99615176e-07
-3.112748875e-08
-1.097426978e-07
-2.744544872e-07
-2.737194122e-07
-9.051792724e-07
-5.384413203e-07
-5.390137435e-07
-1.397467757e-06
-6.746083325e-07
-6.733895729e-07
-6.227497805e-07
-5.594635959e-07
-1.868945275e-07
2.19827281e-07
2.187923556e-07
4.762184659e-07
5.057807143e-08
2.327161474e-07
1.835233631e-07
5.464438352e-08
-1.394325911e-08
-2.611778597e-08
-2.765823092e-08
-2.789447512e-08
-2.793971861e-08
-2.795016581e-08
-2.795454102e-08
-2.795857754e-08
-2.796294502e-08
-2.796741539e-08
-2.797179743e-08
-2.797604273e-08
-2.79801656e-08
-2.798420397e-08
-2.798819953e-08
-2.799219901e-08
-2.799627702e-08
-2.800044585e-08
-2.800470103e-08
-2.800906031e-08
-2.801351918e-08
-2.801802454e-08
-2.80224747e-08
-2.802672009e-08
-2.803060631e-08
-2.803376999e-08
-2.803558772e-08
-2.803035539e-08
-2.801206251e-08
9.799995762e-08
9.130368592e-08
1.510100749e-07
4.059548227e-08
1.005043596e-07
1.923341268e-07
8.33554999e-08
4.986118474e-08
1.086551004e-07
4.598549181e-08
1.169588084e-07
-6.310606539e-08
-1.389488581e-07
-1.928226937e-07
-2.724596137e-07
-4.084616887e-07
-5.52674897e-07
-6.238158648e-07
-6.557728194e-07
-6.844302042e-07
-7.639009016e-07
-6.901098217e-07
-4.41179942e-07
5.574506674e-07
2.005546232e-06
1.041817916e-06
5.154183136e-07
-1.072620878e-07
1.528177048e-07
2.153359267e-07
1.286094742e-07
1.798827294e-08
-2.170514615e-08
-2.716812046e-08
-2.783736777e-08
-2.794218277e-08
-2.796258246e-08
-2.796829867e-08
-2.797225183e-08
-2.79765777e-08
-2.798120877e-08
-2.798588213e-08
-2.799047675e-08
-2.799497696e-08
-2.799940843e-08
-2.800380315e-08
-2.800819153e-08
-2.801262354e-08
-2.801711445e-08
-2.802163989e-08
-2.802626722e-08
-2.803095341e-08
-2.803567034e-08
-2.804019207e-08
-2.804447907e-08
-2.804831221e-08
-2.805144035e-08
-2.805321819e-08
-2.804817469e-08
-2.80293979e-08
2.104670045e-10
4.246909711e-08
3.510721333e-08
-9.802312203e-09
1.170582014e-07
5.137321479e-08
1.300698379e-08
1.467534041e-07
1.288627455e-07
2.520395946e-08
5.359577452e-09
-7.43458334e-08
-1.463604316e-07
-1.981145776e-07
-2.737026347e-07
-4.209839334e-07
-5.659759992e-07
-6.58075598e-07
-6.910726112e-07
-7.646453946e-07
-8.707949079e-07
-8.363352848e-07
-3.537009346e-07
-9.373565137e-07
-6.801068679e-08
2.964003899e-07
3.169820364e-07
6.118479002e-07
1.626462436e-07
2.994920799e-07
2.272091926e-07
8.402853059e-08
-6.784453436e-09
-2.547269049e-08
-2.759102746e-08
-2.785784057e-08
-2.790157514e-08
-2.791086207e-08
-2.791485004e-08
-2.791880168e-08
-2.792319736e-08
-2.792775197e-08
-2.793227455e-08
-2.793671453e-08
-2.794109487e-08
-2.794545119e-08
-2.79498017e-08
-2.795418979e-08
-2.795863372e-08
-2.79630596e-08
-2.796753286e-08
-2.797201526e-08
-2.797644392e-08
-2.79807177e-08
-2.798474488e-08
-2.79882463e-08
-2.799113473e-08
-2.799275143e-08
-2.798766557e-08
-2.796911656e-08
-1.68548411e-08
-4.702021555e-08
1.057208234e-07
-6.959592432e-08
6.930297472e-09
3.150001775e-08
-2.501632927e-08
4.419370088e-08
1.121909796e-07
-2.143751949e-08
-2.892759697e-08
-1.005746964e-07
-1.6005057e-07
-1.572550025e-07
-4.340638264e-07
-4.670029613e-07
-5.884368968e-07
-6.826249277e-07
-9.604678496e-07
6.088046024e-08
-7.744485329e-07
-7.658188685e-07
-6.44112651e-07
-4.61260346e-07
1.665009179e-07
8.893929869e-07
6.660929015e-07
5.435833852e-07
-3.002365824e-08
2.106752391e-07
2.532035948e-07
1.577296111e-07
3.587236171e-08
-1.862491933e-08
-2.690185803e-08
-2.778451576e-08
-2.789834915e-08
-2.791711366e-08
-2.792200702e-08
-2.792571957e-08
-2.792997581e-08
-2.793455429e-08
-2.793917595e-08
-2.79437446e-08
-2.794827231e-08
-2.795278677e-08
-2.795730179e-08
-2.796185789e-08
-2.796646045e-08
-2.797109471e-08
-2.797572776e-08
-2.798033817e-08
-2.798482675e-08
-2.798912909e-08
-2.799310782e-08
-2.799661033e-08
-2.799941482e-08
-2.800091848e-08
-2.799569632e-08
-2.79768347e-08
-7.443706248e-09
1.613329176e-08
-7.21254875e-08
6.65244196e-08
-4.154100897e-08
1.146831929e-07
9.781995254e-08
3.819041983e-08
1.46638197e-07
-9.944830106e-08
-5.918672851e-08
-1.212176473e-07
-1.642962045e-07
-1.824118283e-07
-4.603804806e-07
-4.733336619e-07
-5.780776939e-07
-6.857368312e-07
-8.175366047e-07
1.247589688e-07
-8.493651296e-07
-8.409837278e-07
-7.941298037e-07
-7.04476435e-07
-3.974259122e-07
-1.80098328e-07
2.721404383e-07
3.243372848e-07
2.122252983e-06
1.940223809e-07
3.323763758e-07
2.518751847e-07
1.065531384e-07
3.485398857e-09
-2.451749898e-08
-2.759538678e-08
-2.790284185e-08
-2.794185282e-08
-2.794863355e-08
-2.795213527e-08
-2.795621991e-08
-2.796080547e-08
-2.796554215e-08
-2.797027722e-08
-2.79749718e-08
-2.797961398e-08
-2.798420708e-08
-2.798878103e-08
-2.79933446e-08
-2.799789067e-08
-2.800239589e-08
-2.80068181e-08
-2.8011099e-08
-2.801515589e-08
-2.801885536e-08
-2.802203884e-08
-2.802450016e-08
-2.802567907e-08
-2.802035328e-08
-2.800148656e-08
4.254211266e-08
2.380355545e-08
-5.406694316e-08
-4.554101481e-08
-9.539672543e-09
2.627242096e-08
1.777646926e-08
3.211872704e-08
2.903361376e-09
2.661555658e-07
-4.367281382e-08
-1.23996987e-07
-1.638503977e-07
-1.910229989e-07
-4.694922263e-07
-4.905658877e-07
-4.780155761e-07
-7.391226495e-07
-8.793757111e-07
-1.00041814e-06
-9.055096852e-07
-8.675128111e-07
-7.383190397e-07
-6.484305305e-07
-7.483326398e-07
-2.349509625e-07
2.739478422e-07
2.945742384e-07
4.729636728e-07
2.052609881e-08
2.650588666e-07
2.879818429e-07
1.815892419e-07
5.055761849e-08
-1.578690913e-08
-2.685953163e-08
-2.785603285e-08
-2.795181629e-08
-2.796277065e-08
-2.796597115e-08
-2.796979612e-08
-2.797425562e-08
-2.797888812e-08
-2.798352207e-08
-2.798811726e-08
-2.799265821e-08
-2.799715512e-08
-2.80016227e-08
-2.800604939e-08
-2.801044078e-08
-2.801476653e-08
-2.801898551e-08
-2.802304062e-08
-2.802683587e-08
-2.803021565e-08
-2.803300887e-08
-2.803505843e-08
-2.803594097e-08
-2.803048855e-08
-2.801155675e-08
-8.392648006e-09
5.110609966e-08
2.335017007e-08
4.618410816e-08
-3.619419792e-09
8.307147433e-08
2.892474962e-08
4.195288964e-08
3.912927769e-09
7.479375021e-08
-2.226765338e-09
-9.136996991e-08
-9.722563971e-08
-1.650726307e-07
-4.421609869e-07
-4.568036849e-07
-4.34894667e-07
-6.779538962e-07
-7.81406749e-07
-8.563561469e-07
-7.956222315e-07
-6.938124426e-07
-6.806325959e-07
-6.076679225e-07
-5.874437881e-07
-4.66106951e-07
-3.532086105e-07
1.593658505e-07
2.634680457e-07
-3.024278137e-07
1.232522275e-07
3.038470947e-07
2.500233135e-07
1.173689212e-07
1.118345231e-08
-2.362372047e-08
-2.762715365e-08
-2.794649135e-08
-2.797356133e-08
-2.797652592e-08
-2.797878483e-08
-2.798162312e-08
-2.798480786e-08
-2.798824823e-08
-2.799194336e-08
-2.799586431e-08
-2.799996271e-08
-2.800418002e-08
-2.800844951e-08
-2.801275073e-08
-2.801701455e-08
-2.802118816e-08
-2.802516922e-08
-2.802877947e-08
-2.803182857e-08
-2.803426881e-08
-2.803602299e-08
-2.803669982e-08
-2.803112929e-08
-2.801249823e-08
-7.658353145e-09
-1.374816644e-08
-4.649527819e-08
-3.214669621e-08
1.147214628e-07
1.992153111e-08
4.283794207e-08
7.306222702e-08
-5.802756657e-08
2.675862323e-08
2.18200752e-08
-5.671568418e-08
-6.181670148e-08
-1.233357131e-07
-3.926174169e-07
-3.976745279e-07
-3.616137662e-07
-5.806639878e-07
-6.262877129e-07
-5.379101118e-07
-6.477420537e-07
-6.155789327e-07
-6.652128251e-07
-6.383299031e-07
5.851099713e-07
-3.811074097e-07
-2.744464622e-07
1.983093201e-07
2.057738277e-07
3.930674219e-07
-1.799115627e-08
2.483430005e-07
2.897802178e-07
1.913934778e-07
6.303394679e-08
-1.110589742e-08
-2.661376872e-08
-2.789738591e-08
-2.798473718e-08
-2.799129028e-08
-2.799289409e-08
-2.799455347e-08
-2.799639229e-08
-2.799840421e-08
-2.800062234e-08
-2.800307659e-08
-2.800580567e-08
-2.800880118e-08
-2.801202161e-08
-2.801543883e-08
-2.801894796e-08
-2.802244875e-08
-2.802575828e-08
-2.80287006e-08
-2.80312019e-08
-2.803329126e-08
-2.803483846e-08
-2.803536387e-08
-2.802961793e-08
-2.801152617e-08
-3.71187433e-09
-4.712075581e-08
-2.708816538e-08
9.013087511e-08
-1.304551706e-07
-5.252017877e-08
4.435598114e-08
1.262226378e-07
3.522571234e-07
5.249582146e-08
3.884926848e-08
-3.543281742e-08
-8.873508077e-10
-8.829528112e-08
-3.430839124e-07
-3.435412416e-07
-2.999107517e-07
-5.008147164e-07
-5.431474697e-07
-5.578557227e-07
-5.599444528e-07
-5.415685141e-07
-5.858262705e-07
-4.903649011e-07
-3.554252513e-07
-4.113396339e-07
6.391995566e-07
1.519641901e-06
9.853270223e-07
5.815498478e-07
-6.691908453e-08
2.086149192e-07
3.165817387e-07
2.575207319e-07
1.276252451e-07
1.78119605e-08
-2.277606274e-08
-2.767136641e-08
-2.798309047e-08
-2.800184255e-08
-2.800393877e-08
-2.800538389e-08
-2.800684266e-08
-2.80083365e-08
-2.800989598e-08
-2.801154616e-08
-2.801331876e-08
-2.801522316e-08
-2.801727384e-08
-2.801946923e-08
-2.802175711e-08
-2.802408761e-08
-2.802635196e-08
-2.802853846e-08
-2.803062284e-08
-2.803246891e-08
-2.803383384e-08
-2.803421934e-08
-2.802825529e-08
-2.801106268e-08
-5.861797643e-09
7.800599241e-09
5.222544331e-08
1.217754602e-07
1.352737728e-07
-1.297563348e-07
1.510333058e-08
-1.745149708e-07
1.663367009e-07
6.035060303e-08
4.27245282e-08
-1.751216623e-08
8.651102499e-09
-8.109388366e-08
-3.391758549e-07
-3.167426749e-07
-2.761442678e-07
-4.751482429e-07
-5.087492611e-07
-5.089985096e-07
-4.873021801e-07
-5.14758423e-07
-5.174669061e-07
-5.716448083e-07
-5.268449396e-07
-4.767245271e-07
-2.417780572e-07
-2.654500963e-08
3.567131008e-07
3.796811695e-07
6.405855199e-07
2.105182997e-07
3.963260203e-07
3.545331924e-07
2.087515345e-07
6.79046758e-08
-9.262091488e-09
-2.663838814e-08
-2.794578332e-08
-2.800620262e-08
-2.800968969e-08
-2.801104662e-08
-2.801236513e-08
-2.801365486e-08
-2.801494744e-08
-2.801625556e-08
-2.80175923e-08
-2.801894958e-08
-2.802034046e-08
-2.802176651e-08
-2.802323574e-08
-2.802479337e-08
-2.802647188e-08
-2.802831655e-08
-2.803021165e-08
-2.803190568e-08
-2.803307514e-08
-2.803327639e-08
-2.802700708e-08
-2.801154542e-08
1.172221597e-09
-6.875816665e-09
-3.674664778e-08
1.425621649e-07
-1.4857898e-07
1.464154886e-07
-1.318462714e-07
2.088317133e-07
3.320319048e-08
3.516638897e-08
2.9439044e-08
9.621714334e-09
-7.9408008e-09
-1.084045137e-07
-3.013100017e-07
-3.222428377e-07
-3.213839819e-07
-4.211437349e-07
-6.069801198e-07
-6.880459713e-07
-1.617625154e-06
-6.975544838e-07
-6.183168468e-07
-6.550899686e-07
-6.300689262e-07
1.374939102e-07
-2.927207028e-07
-8.536963869e-08
4.262084875e-07
4.141927254e-07
5.503859262e-07
8.508271625e-08
3.350494501e-07
3.702935811e-07
2.661202927e-07
1.260411426e-07
1.931173189e-08
-2.224852889e-08
-2.774217179e-08
-2.80044158e-08
-2.801354989e-08
-2.801457854e-08
-2.801550626e-08
-2.801645046e-08
-2.801739747e-08
-2.801835239e-08
-2.801933882e-08
-2.802034755e-08
-2.802138962e-08
-2.802248135e-08
-2.802367571e-08
-2.802502838e-08
-2.802657848e-08
-2.802827795e-08
-2.802996324e-08
-2.803140792e-08
-2.803233698e-08
-2.803228642e-08
-2.802544095e-08
-2.801234927e-08
-3.180452973e-08
-2.70990449e-10
6.564791538e-08
1.365227489e-07
-1.468827406e-07
1.558876062e-07
-1.623004612e-07
5.93270071e-08
-1.806369913e-08
2.880121567e-08
3.964077412e-08
1.140309299e-08
-3.813874694e-08
-1.447752318e-07
-3.05150525e-07
-3.222358635e-07
-3.649700826e-07
-4.576426446e-07
-6.603108978e-07
-7.011959457e-07
3.814346244e-08
-7.066816824e-07
-6.447709032e-07
-6.278152114e-07
-5.140108941e-07
-4.158000296e-07
-9.420720897e-07
2.985531705e-07
-2.498338158e-06
8.034664387e-07
6.370162785e-07
2.099799748e-06
3.442261822e-07
4.330667098e-07
3.433923526e-07
1.943192692e-07
6.438291513e-08
-8.639067372e-09
-2.671193549e-08
-2.798298618e-08
-2.801724284e-08
-2.801833457e-08
-2.801879585e-08
-2.801929304e-08
-2.801981495e-08
-2.802035842e-08
-2.802096273e-08
-2.802164875e-08
-2.802242466e-08
-2.802329779e-08
-2.802431063e-08
-2.80254767e-08
-2.802679281e-08
-2.802820296e-08
-2.802956935e-08
-2.803065442e-08
-2.803131137e-08
-2.803091942e-08
-2.802290115e-08
-2.800944715e-08
-1.012796799e-08
4.322800549e-09
-4.391320312e-08
1.271964463e-07
1.194173614e-07
1.292565579e-07
3.019314772e-08
4.98579847e-08
-3.181337737e-08
3.509364441e-08
1.197750377e-07
3.091049119e-08
-7.790880021e-08
-1.809415622e-07
-3.336014742e-07
-3.236925972e-07
-3.825622669e-07
-4.613696269e-07
-6.234197239e-07
-6.409141413e-07
-7.287248137e-07
-6.219402605e-07
-5.796059229e-07
-4.715080815e-07
-5.541862726e-07
-5.205891061e-07
-5.154791475e-07
-3.087513856e-07
-1.049354215e-07
3.303856655e-07
3.255431979e-07
5.358142404e-07
8.520386333e-08
3.232725795e-07
3.540523959e-07
2.571803715e-07
1.235761324e-07
2.064495303e-08
-2.173934328e-08
-2.779523615e-08
-2.801798078e-08
-2.802138015e-08
-2.802159502e-08
-2.802181361e-08
-2.802207602e-08
-2.802237167e-08
-2.802270965e-08
-2.802312157e-08
-2.802362682e-08
-2.802424183e-08
-2.802499377e-08
-2.802588633e-08
-2.802691519e-08
-2.802799351e-08
-2.802898112e-08
-2.802967609e-08
-2.803009101e-08
-2.802939471e-08
-2.802014911e-08
-2.800472745e-08
-1.276022376e-08
-1.762849233e-09
5.511489286e-08
-9.808201782e-08
4.948473471e-08
-1.916349795e-07
6.505919708e-08
2.345221132e-07
-4.959297384e-08
-1.312361583e-08
-8.831307932e-07
-1.572313243e-08
-7.609777473e-08
-2.201819096e-07
-6.356170378e-07
-6.661799867e-07
-3.971567861e-07
-4.650935872e-07
-6.149274619e-07
-6.089556375e-07
-6.266079377e-07
-5.678029595e-07
-5.328824669e-07
-4.718792847e-07
-4.888434335e-07
-4.326043546e-07
3.428921158e-08
5.398989535e-08
5.301119192e-07
1.230685548e-06
8.679359642e-07
5.839834551e-07
-7.100405814e-08
2.226914765e-07
3.60435407e-07
3.166486276e-07
1.88462246e-07
6.419330691e-08
-7.82278993e-09
-2.66464015e-08
-2.799692131e-08
-2.802318449e-08
-2.802346141e-08
-2.802352035e-08
-2.80236167e-08
-2.802375284e-08
-2.802392481e-08
-2.802415754e-08
-2.802448329e-08
-2.802491382e-08
-2.80254605e-08
-2.802610871e-08
-2.802683677e-08
-2.802754948e-08
-2.802815168e-08
-2.802855064e-08
-2.802880165e-08
-2.802793371e-08
-2.801790277e-08
-2.80006398e-08
-2.157898588e-08
-1.957420613e-09
-5.753117986e-09
-1.753808732e-07
2.475672217e-08
3.283207159e-08
2.074271249e-07
-4.433636418e-07
1.202575733e-08
8.991777106e-08
-1.516795851e-08
-4.002440024e-08
-1.387332471e-07
-2.526529041e-07
-1.211695814e-07
-6.654354445e-07
-4.611514028e-07
-5.193055996e-07
-6.631445922e-07
-6.553748946e-07
-6.51038352e-07
-6.094978725e-07
-5.68257799e-07
-5.052493532e-07
-5.082220547e-07
-4.163554431e-07
-3.604402377e-07
2.852590192e-07
-1.642625571e-07
-5.199348004e-08
2.972563745e-07
2.894251584e-07
5.289702858e-07
1.244151708e-07
3.70603192e-07
3.854586897e-07
2.659548583e-07
1.220398458e-07
2.036429778e-08
-2.121991756e-08
-2.778268941e-08
-2.802196373e-08
-2.802434661e-08
-2.802439309e-08
-2.802444852e-08
-2.802452518e-08
-2.802463414e-08
-2.802478799e-08
-2.802501581e-08
-2.80253185e-08
-2.802569417e-08
-2.802611708e-08
-2.802656432e-08
-2.802697184e-08
-2.802730103e-08
-2.802753127e-08
-2.80276995e-08
-2.802676383e-08
-2.801640247e-08
-2.799827577e-08
-2.318489146e-08
3.485879461e-08
-6.454982497e-08
-6.406595763e-08
9.578944007e-08
1.7970959e-07
3.865167518e-08
-1.178880462e-07
-1.55643395e-08
-7.866247271e-07
-2.348280432e-08
-1.422161608e-07
-2.645201991e-07
-3.805815389e-07
-5.716913087e-07
-8.176774724e-07
-5.986093418e-07
-6.450407078e-07
-7.767554053e-07
-7.448042682e-07
-6.803223542e-07
-6.266606667e-07
-6.059060003e-07
-5.871385255e-07
-6.347722143e-07
-5.796841894e-07
-5.886718424e-07
-7.317010169e-07
-4.492678833e-07
-2.498499206e-07
2.957274382e-07
3.08458225e-07
4.860278992e-07
6.085513024e-08
3.526609952e-07
4.217442551e-07
3.306466169e-07
1.844179651e-07
5.997237502e-08
-7.891059827e-09
-2.644485863e-08
-2.799532341e-08
-2.80243563e-08
-2.80246443e-08
-2.802472239e-08
-2.802480843e-08
-2.802490939e-08
-2.802503377e-08
-2.802520217e-08
-2.802540951e-08
-2.802564905e-08
-2.802589968e-08
-2.802614974e-08
-2.802637023e-08
-2.802655891e-08
-2.802671502e-08
-2.802684719e-08
-2.802591182e-08
-2.801548613e-08
-2.799672179e-08
-2.280634684e-07
-1.815950866e-07
-2.653763504e-08
-2.812573225e-08
3.972013526e-08
1.796667837e-07
-1.278851847e-07
1.201609412e-08
8.327873312e-08
-8.669797754e-07
-2.325960877e-07
-3.453596427e-07
-4.722808161e-07
-5.871750638e-07
-7.705638798e-07
-7.400764627e-07
-8.087281765e-07
-8.375510972e-07
-9.743531766e-07
-9.670052789e-07
-9.54075982e-07
-2.069507147e-06
-8.361194042e-07
-7.165481283e-07
-5.673411835e-07
-6.160125565e-07
-5.774764171e-07
2.210355367e-07
-5.539150837e-08
7.137757999e-07
1.865296979e-06
1.19567658e-06
7.577157595e-07
2.37532689e-06
3.762797031e-07
4.931138724e-07
4.123665367e-07
2.544041592e-07
1.085256019e-07
1.555116101e-08
-2.154728729e-08
-2.777677068e-08
-2.802217008e-08
-2.802458043e-08
-2.802473308e-08
-2.802484588e-08
-2.802496143e-08
-2.802508392e-08
-2.802522172e-08
-2.802537232e-08
-2.802553112e-08
-2.802569057e-08
-2.802584763e-08
-2.802599029e-08
-2.802612071e-08
-2.802624976e-08
-2.802637184e-08
-2.802546402e-08
-2.801510333e-08
-2.799631401e-08
-2.285035665e-07
-1.985566826e-07
1.279698156e-07
-1.258198648e-07
-1.190330458e-07
-1.278136157e-07
-1.323092805e-07
-1.393677533e-07
-7.833024848e-07
-3.186601744e-07
-4.350001757e-07
-5.814947184e-07
-7.141456435e-07
-8.140448398e-07
-9.080409175e-07
-9.319790337e-07
-9.87129951e-07
-9.962617221e-07
-1.113430711e-06
-1.091302276e-06
-1.034580634e-06
-3.771926884e-07
-8.751051325e-07
-7.564147565e-07
-6.242657227e-07
-5.899474786e-07
-4.917078351e-07
-4.164487761e-07
-1.319966683e-07
-1.707160153e-07
-8.858003787e-09
3.156917119e-07
2.948320713e-07
5.48774408e-07
1.46960255e-07
4.052960807e-07
4.310271078e-07
3.184914615e-07
1.683151947e-07
5.069130129e-08
-9.616221375e-09
-2.640146998e-08
-2.79919704e-08
-2.802445087e-08
-2.802481819e-08
-2.802495155e-08
-2.802507222e-08
-2.802518619e-08
-2.802529854e-08
-2.802541534e-08
-2.802552701e-08
-2.802563487e-08
-2.802575137e-08
-2.802588045e-08
-2.802601908e-08
-2.802616072e-08
-2.802628023e-08
-2.802537888e-08
-2.801505027e-08
-2.799596023e-08
-3.787210763e-07
-2.871924152e-07
-2.837776734e-07
-2.784423864e-07
-2.809677585e-07
-2.872611912e-07
-2.983653822e-07
-1.19623434e-06
-2.686561777e-07
-5.851443256e-07
-6.257787251e-07
-7.426313639e-07
-8.679825154e-07
-1.030111658e-06
-1.249273781e-06
-1.00476004e-06
-1.030310228e-06
-1.013559278e-06
-1.10574859e-06
-1.054341937e-06
-9.767897487e-07
-4.807519774e-07
-7.843841199e-07
-6.836864482e-07
-5.715989727e-07
-5.596061086e-07
-4.830083031e-07
-4.796821098e-07
1.807726618e-07
-4.021309643e-07
-2.962894343e-07
2.102264144e-07
2.549457397e-07
4.732759454e-07
7.493156353e-08
3.81267018e-07
4.65299005e-07
3.816240967e-07
2.314571921e-07
9.418397811e-08
1.079006549e-08
-2.183976368e-08
-2.773258652e-08
-2.802139946e-08
-2.802492777e-08
-2.802511754e-08
-2.802527188e-08
-2.802539469e-08
-2.802550599e-08
-2.802563874e-08
-2.802578986e-08
-2.802594575e-08
-2.802608345e-08
-2.802618706e-08
-2.802626375e-08
-2.802633467e-08
-2.802639105e-08
-2.802546174e-08
-2.801516781e-08
-2.799639139e-08
-4.442551622e-07
-4.170974608e-07
-4.00370661e-07
-3.932900095e-07
-3.82514178e-07
-3.149663222e-07
-1.252578364e-07
-9.833842062e-07
-4.954876943e-07
-5.509351901e-07
-6.431625282e-07
-7.410237006e-07
-9.296327963e-07
-1.355570174e-06
-1.26385514e-06
-8.921602217e-07
-9.032401693e-07
-8.806105996e-07
-9.561113196e-07
-8.711753786e-07
-8.03168841e-07
-5.874210858e-07
-5.923724772e-07
-5.278256025e-07
-4.633257118e-07
-4.929692559e-07
-4.729511322e-07
-5.540140184e-07
-8.133682984e-07
-1.809940034e-07
4.895348696e-07
1.476348915e-06
1.10784928e-06
8.67910601e-07
1.775062989e-06
5.282501405e-07
5.784674251e-07
4.720436009e-07
3.022489199e-07
1.449265793e-07
3.852813982e-08
-1.186692292e-08
-2.628906356e-08
-2.797579035e-08
-2.802524883e-08
-2.802578413e-08
-2.802583406e-08
-2.802594094e-08
-2.802607624e-08
-2.802619873e-08
-2.802628572e-08
-2.802634126e-08
-2.802637098e-08
-2.802639052e-08
-2.802641307e-08
-2.80264594e-08
-2.802652135e-08
-2.80256304e-08
-2.801546016e-08
-2.799717211e-08
-4.705067829e-07
-4.559860255e-07
-4.442186224e-07
-4.220488741e-07
-3.393358861e-07
-1.4234154e-07
-1.065552674e-06
-3.304693947e-07
-5.756105552e-07
-5.579791035e-07
-6.332052662e-07
-6.974885231e-07
-7.41888912e-07
-4.595685313e-07
-7.502158494e-07
-7.61069403e-07
-7.490842002e-07
-7.161135236e-07
-7.887361235e-07
-7.029271909e-07
-6.347748607e-07
-4.325773769e-07
-4.547324872e-07
-4.177799243e-07
-3.809430356e-07
-4.212824813e-07
-3.691398961e-07
-3.753559104e-07
-4.804620388e-07
-2.50777326e-07
-2.536884851e-07
-7.095116157e-08
3.191961924e-07
3.553401525e-07
6.396486088e-07
2.199955192e-07
4.557493728e-07
4.734943049e-07
3.57601353e-07
2.033377737e-07
7.660431946e-08
4.870315781e-09
-2.216737601e-08
-2.763133088e-08
-2.801920353e-08
-2.802640124e-08
-2.802650621e-08
-2.80265152e-08
-2.802650809e-08
-2.80265018e-08
-2.802650418e-08
-2.802651236e-08
-2.80265281e-08
-2.80265613e-08
-2.802660901e-08
-2.802668511e-08
-2.802678414e-08
-2.802589614e-08
-2.801571874e-08
-2.799842157e-08
-5.253835463e-07
-4.974743777e-07
-4.44305637e-07
-3.600238411e-07
-1.137808787e-06
-1.075084969e-06
-2.191751721e-07
-4.970493903e-07
-4.651573834e-07
-5.372465384e-07
-5.954452822e-07
-5.857695342e-07
-5.23794064e-07
-8.346987875e-07
-6.148576401e-07
-6.375720737e-07
-6.255567278e-07
-5.955543413e-07
-6.724438941e-07
-5.922786289e-07
-5.693945626e-07
-3.527245979e-07
-3.952120093e-07
-3.684516327e-07
-3.25273618e-07
-2.243782424e-07
-2.976444901e-07
-2.681531252e-07
-3.118009181e-07
-1.937353286e-07
-3.534072482e-07
-3.098572103e-07
1.630444959e-07
2.381976374e-07
4.993918338e-07
1.156432772e-07
4.186695615e-07
5.004344366e-07
4.158914838e-07
2.640838584e-07
1.210123354e-07
2.77447348e-08
-1.425308331e-08
-2.63005382e-08
-2.795263712e-08
-2.802503505e-08
-2.802615768e-08
-2.802621121e-08
-2.802621101e-08
-2.802621825e-08
-2.802625458e-08
-2.802631994e-08
-2.802641333e-08
-2.802652774e-08
-2.802665257e-08
-2.802679414e-08
-2.802695417e-08
-2.802610102e-08
-2.801585827e-08
-2.799826906e-08
-6.269534177e-07
-5.17396066e-07
-3.425575353e-07
-1.10802652e-06
-2.603987989e-07
-3.386039706e-07
-5.470789674e-07
-4.492848478e-07
-5.064986694e-07
-5.7379091e-07
-6.201939394e-07
-6.292546153e-07
-6.336304129e-07
-8.722517649e-07
-5.83853996e-07
-5.843462328e-07
-5.686365563e-07
-5.403304157e-07
-6.223405319e-07
-5.532936457e-07
-5.672976476e-07
-3.359663956e-07
-3.827481791e-07
-3.561312591e-07
-3.10031682e-07
-2.531711203e-07
-2.923098418e-07
-2.883733675e-07
-3.927422177e-07
-1.651191704e-07
-1.895418692e-07
2.603911045e-07
1.018471432e-06
8.959301378e-07
8.788536848e-07
1.954367894e-06
5.811970201e-07
6.134465692e-07
5.066039337e-07
3.335255237e-07
1.708830988e-07
5.642877477e-08
-2.532068163e-09
-2.335512045e-08
-2.764232379e-08
-2.801390041e-08
-2.802539877e-08
-2.802584854e-08
-2.802603049e-08
-2.802614516e-08
-2.802627532e-08
-2.802643401e-08
-2.802662322e-08
-2.802682043e-08
-2.802701717e-08
-2.802721745e-08
-2.802741171e-08
-2.802654576e-08
-2.801620555e-08
-2.799908046e-08
-6.09332319e-07
-1.289922192e-06
-1.377215435e-06
-4.149008022e-07
-4.748511952e-07
-6.683354474e-07
-5.520891299e-07
-5.950299595e-07
-6.482579295e-07
-6.716427576e-07
-6.267780684e-07
-6.427940908e-07
-3.441858164e-06
-6.892121705e-07
-6.17610128e-07
-6.055809874e-07
-5.849044132e-07
-5.501703122e-07
-6.226287289e-07
-5.40024404e-07
-3.060521056e-07
-3.281760441e-07
-3.866058914e-07
-3.557571613e-07
-3.013241466e-07
-2.394265143e-07
-2.798306663e-07
-3.068083797e-07
-5.627697224e-07
-1.70488589e-06
-2.918800062e-07
2.470798219e-07
-2.528763726e-06
9.257105802e-07
6.214019567e-07
7.601873141e-07
2.82281558e-07
4.967169591e-07
5.044374753e-07
3.83427137e-07
2.255960906e-07
9.360994195e-08
1.484308211e-08
-1.791992953e-08
-2.671883284e-08
-2.79537507e-08
-2.802280293e-08
-2.802507465e-08
-2.802550994e-08
-2.802580006e-08
-2.802605646e-08
-2.802631862e-08
-2.802660658e-08
-2.802690363e-08
-2.802719155e-08
-2.802747424e-08
-2.802774387e-08
-2.802695386e-08
-2.801657543e-08
-2.799888526e-08
-1.698332106e-06
-6.838113105e-07
-7.312850926e-07
-6.876755845e-07
-8.400640391e-07
-6.980298033e-07
-7.226006756e-07
-7.632190936e-07
-7.961465649e-07
-8.046980554e-07
-7.344984588e-07
-4.155024526e-07
-9.248411097e-07
-6.425330307e-07
-6.488310799e-07
-6.371167517e-07
-6.152708989e-07
-5.721193171e-07
-6.376534414e-07
-5.461659471e-07
-3.111569222e-07
-3.170963479e-07
-3.683602156e-07
-3.321544077e-07
-2.718668805e-07
-2.005059112e-07
-2.113994748e-07
-1.43513491e-07
-2.131348013e-07
-8.463966867e-07
-1.401997829e-07
-1.345046243e-07
-1.026398809e-08
3.75064584e-07
3.556661677e-07
5.681411431e-07
1.507687483e-07
4.489307773e-07
5.262438394e-07
4.376278655e-07
2.823036056e-07
1.351938476e-07
3.691292883e-08
-9.801992249e-09
-2.489656745e-08
-2.777356842e-08
-2.801629778e-08
-2.802524412e-08
-2.802605546e-08
-2.802650564e-08
-2.802684376e-08
-2.802713911e-08
-2.80274384e-08
-2.802774786e-08
-2.80280582e-08
-2.802836281e-08
-2.802864904e-08
-2.80278463e-08
-2.801747399e-08
-2.800066221e-08
-9.299723242e-07
-9.548740869e-07
-9.877030948e-07
-9.4761461e-07
-8.348679155e-07
-8.550462947e-07
-8.934590438e-07
-9.216165565e-07
-9.043091666e-07
-7.949610313e-07
-7.439736889e-07
-3.489692783e-06
-8.025955877e-07
-7.380414159e-07
-7.294615717e-07
-7.044152938e-07
-6.654510221e-07
-6.189702791e-07
-6.572215112e-07
-5.513939829e-07
-2.646072647e-07
-2.794135069e-07
-3.147632588e-07
-2.85751655e-07
-2.421236035e-07
-1.847869141e-07
-1.987552283e-07
-1.018268878e-07
-8.311730519e-08
-3.012846616e-07
1.081908567e-08
-2.662152162e-08
1.804929919e-07
7.506476918e-07
6.517476788e-07
5.929046881e-07
2.296232714e-07
3.910688562e-07
5.909793149e-07
5.128761907e-07
3.416916272e-07
1.777345205e-07
6.176098309e-08
7.372033547e-10
-2.18893965e-08
-2.731106792e-08
-2.798933585e-08
-2.802456323e-08
-2.802627852e-08
-2.802687207e-08
-2.80273147e-08
-2.802768694e-08
-2.80280288e-08
-2.802836683e-08
-2.802871093e-08
-2.802904821e-08
-2.802937682e-08
-2.802864247e-08
-2.801823741e-08
-2.800046205e-08
-1.067869608e-06
-1.036048005e-06
-9.258170724e-07
-9.2487043e-07
-9.590886577e-07
-1.000959486e-06
-1.035713905e-06
-1.037367501e-06
-9.618730331e-07
-7.558234785e-07
-3.962437297e-07
-7.587940241e-07
-8.350981645e-07
-8.231159216e-07
-7.976416288e-07
-7.630527981e-07
-7.123843022e-07
-7.826720703e-07
-6.81639292e-07
-5.591814085e-07
-2.66688968e-07
-2.716160893e-07
-2.996458617e-07
-2.800711882e-07
-2.540381887e-07
-2.184036558e-07
-2.519107499e-07
-1.812184404e-07
-1.716001718e-07
-2.633718974e-07
-7.843554283e-08
9.407031139e-08
8.166656506e-07
1.871149425e-06
1.393835687e-06
9.583105362e-07
1.022235957e-06
5.39119925e-07
6.745028743e-07
5.86613789e-07
4.045224386e-07
2.237912172e-07
8.946542546e-08
1.342317432e-08
-1.787000581e-08
-2.656184941e-08
-2.79300649e-08
-2.802417276e-08
-2.802803637e-08
-2.802870563e-08
-2.802912289e-08
-2.8029473e-08
-2.802978428e-08
-2.803004881e-08
-2.803030439e-08
-2.803055489e-08
-2.803081531e-08
-2.803002569e-08
-2.801965974e-08
-2.800253264e-08
-9.075872731e-07
-9.131958713e-07
-9.466356027e-07
-9.922637269e-07
-1.045142633e-06
-1.099440249e-06
-1.136932157e-06
-1.10480297e-06
-8.580701245e-07
-2.671516713e-07
-3.564188362e-06
-9.825122892e-07
-9.032333769e-07
-8.835926145e-07
-8.521099763e-07
-8.115184981e-07
-7.5368999e-07
-8.088312184e-07
-7.094948008e-07
-5.834393865e-07
-2.957164088e-07
-2.883886351e-07
-3.136617697e-07
-2.985043407e-07
-2.790857018e-07
-2.364440641e-07
-7.807843577e-08
-2.473116095e-07
-3.504808891e-07
-6.499688149e-07
-4.943802558e-07
-4.088865825e-07
2.376208877e-07
-2.208354333e-06
9.9804321e-07
6.40102788e-07
7.679355948e-07
3.319492432e-07
5.658324108e-07
5.728584657e-07
4.386417003e-07
2.659904206e-07
1.206577157e-07
3.00802494e-08
-1.147450743e-08
-2.49092651e-08
-2.771105586e-08
-2.801349075e-08
-2.802803589e-08
-2.802908996e-08
-2.802955905e-08
-2.802998052e-08
-2.803033855e-08
-2.80306901e-08
-2.803099949e-08
-2.803130273e-08
-2.803162123e-08
-2.80309505e-08
-2.802075325e-08
-2.800316721e-08
)
;

boundaryField
{
    inletCH4
    {
        type            calculated;
        value           uniform 0;
    }
    wallOutside
    {
        type            calculated;
        value           nonuniform List<scalar> 
70
(
-3.956260406e-08
-1.606995397e-08
-5.129979905e-08
-6.712443718e-08
-5.87588951e-08
-4.509695511e-08
-3.5464199e-08
-3.069927789e-08
-2.884258054e-08
-2.82423044e-08
-2.807725105e-08
-2.803930881e-08
-2.803373493e-08
-2.80349304e-08
-2.803639911e-08
-2.8037281e-08
-2.80377425e-08
-2.803807105e-08
-2.80382446e-08
-2.807736057e-08
-2.799836663e-08
-2.79750381e-08
-2.800300682e-08
-2.802880398e-08
-2.803650114e-08
-2.803477603e-08
-2.803159133e-08
-2.802921229e-08
-2.802795217e-08
-2.802740818e-08
-2.802697911e-08
-2.802546196e-08
-2.802316326e-08
-2.802086243e-08
-2.801871929e-08
-2.801656964e-08
-2.801481373e-08
-2.801368821e-08
-2.801331487e-08
-2.801299707e-08
-2.801252683e-08
-2.801241313e-08
-2.801206251e-08
-2.80293979e-08
-2.796911656e-08
-2.79768347e-08
-2.800148656e-08
-2.801155675e-08
-2.801249823e-08
-2.801152617e-08
-2.801106268e-08
-2.801154542e-08
-2.801234927e-08
-2.800944715e-08
-2.800472745e-08
-2.80006398e-08
-2.799827577e-08
-2.799672179e-08
-2.799631401e-08
-2.799596023e-08
-2.799639139e-08
-2.799717211e-08
-2.799842157e-08
-2.799826906e-08
-2.799908046e-08
-2.799888526e-08
-2.800066221e-08
-2.800046205e-08
-2.800253264e-08
-2.800316721e-08
)
;
    }
    wallTube
    {
        type            calculated;
        value           nonuniform List<scalar> 
61
(
-2.461602199e-08
-1.004525515e-06
-1.307226727e-06
-1.350224831e-06
-1.347733321e-06
-1.338460462e-06
-1.326843675e-06
-1.31704069e-06
-1.313912826e-06
-1.319428005e-06
-1.329493519e-06
-1.341023364e-06
-1.353065987e-06
-1.362140455e-06
-1.365804782e-06
-1.364118414e-06
-1.357505385e-06
-1.346368767e-06
-1.331773671e-06
-9.388557245e-07
-0.006945845004
-4.878814806e-16
-4.941436557e-16
-5.216703088e-16
6.358022997e-16
1.061458252e-11
-9.895162673e-10
-4.505814462e-09
-4.20745705e-07
6.290463924e-07
6.144675869e-06
6.287730127e-07
-1.431154236e-07
7.335724414e-07
4.177821641e-07
1.227823407e-07
3.405142673e-07
6.711508991e-07
1.116337831e-06
-3.89654514e-06
-1.316587144e-05
4.109702514e-16
-1.163703023e-16
1.629088019e-16
-1.276557912e-13
9.483434849e-11
-1.257921206e-09
-3.994655736e-06
-4.92479247e-06
8.146308241e-06
4.299153311e-07
2.733871022e-09
4.677209268e-07
1.763020007e-07
-2.790903242e-08
5.127157066e-07
1.102341566e-06
-3.607599463e-06
-1.697024046e-05
-1.709703417e-05
-1.982597188e-07
)
;
    }
    inletPilot
    {
        type            calculated;
        value           uniform 0;
    }
    inletAir
    {
        type            calculated;
        value           uniform 0;
    }
    outlet
    {
        type            calculated;
        value           nonuniform List<scalar> 
71
(
1.605989733e-05
1.604612581e-05
1.606948466e-05
1.606799513e-05
1.609945163e-05
1.565865689e-05
1.603283959e-05
1.616162153e-05
1.705689766e-05
1.632627305e-05
1.648614227e-05
1.652022147e-05
1.651586979e-05
1.648182317e-05
1.642580152e-05
1.6364613e-05
1.62882776e-05
1.627007604e-05
1.626165307e-05
1.619758166e-05
6.173025412e-06
2.863728971e-06
5.432158928e-06
5.385337143e-06
5.39915228e-06
5.438782576e-06
5.448585257e-06
5.545555683e-06
5.751896973e-06
5.821027943e-06
5.934678815e-06
6.190121575e-06
6.06667127e-06
1.161644311e-06
1.174468595e-06
1.177952411e-06
1.197805989e-06
1.246778197e-06
1.086663215e-06
9.860356302e-07
6.906055104e-07
8.303427119e-07
9.139248807e-07
1.551296915e-06
-2.206205379e-06
1.003191076e-06
6.404950412e-07
7.680898961e-07
3.320763805e-07
5.659612259e-07
5.729845608e-07
4.387719492e-07
2.661002721e-07
1.20807081e-07
3.023878394e-08
-1.133214621e-08
-2.482830053e-08
-2.762396054e-08
-2.790754425e-08
-2.790609145e-08
-2.790383522e-08
-2.79055124e-08
-2.79068266e-08
-2.790819593e-08
-2.790857228e-08
-2.790907591e-08
-2.790894698e-08
-2.790921107e-08
-2.790887278e-08
-2.789956758e-08
-2.788044421e-08
)
;
    }
    axis
    {
        type            empty;
    }
    frontAndBack_pos
    {
        type            wedge;
    }
    frontAndBack_neg
    {
        type            wedge;
    }
}


// ************************************************************************* //
