/*--------------------------------*- C++ -*----------------------------------*\
  =========                 |
  \\      /  F ield         | OpenFOAM: The Open Source CFD Toolbox
   \\    /   O peration     | Website:  https://openfoam.org
    \\  /    A nd           | Version:  10
     \\/     M anipulation  |
\*---------------------------------------------------------------------------*/
FoamFile
{
    format      ascii;
    class       volScalarField;
    location    "0.02498436188";
    object      HO2_0;
}
// * * * * * * * * * * * * * * * * * * * * * * * * * * * * * * * * * * * * * //

dimensions      [0 0 0 0 0 0 0];

internalField   nonuniform List<scalar> 
5170
(
8.101093084e-09
8.086922696e-09
7.993293891e-09
7.330378033e-09
5.683056265e-10
1.624811548e-08
1.620403448e-08
1.600550139e-08
1.49906827e-08
9.235127144e-09
2.43273833e-08
2.425453928e-08
2.396531241e-08
2.275678661e-08
1.799230289e-08
3.230377747e-08
3.220563808e-08
3.18492849e-08
3.056566774e-08
2.678013879e-08
4.01751145e-08
4.005614327e-08
3.965843595e-08
3.839454609e-08
3.5571624e-08
4.794457923e-08
4.781243776e-08
4.739967065e-08
4.624164009e-08
4.436841592e-08
5.562370745e-08
5.548512414e-08
5.508276192e-08
5.41141325e-08
5.317846681e-08
6.322937606e-08
6.309381496e-08
6.272605525e-08
6.201577935e-08
6.201136812e-08
7.077487812e-08
7.064994759e-08
7.034284299e-08
6.995774524e-08
7.087604101e-08
7.827328834e-08
7.816452609e-08
7.793539927e-08
7.795004147e-08
7.978075842e-08
8.573132971e-08
8.564476055e-08
8.550969444e-08
8.599636452e-08
8.872528117e-08
9.314984493e-08
9.30928352e-08
9.308442895e-08
9.409454887e-08
9.770026798e-08
1.005311962e-07
1.005111329e-07
1.006657587e-07
1.022445968e-07
1.066964165e-07
1.078771671e-07
1.07901925e-07
1.082523262e-07
1.104450208e-07
1.157041244e-07
1.151884276e-07
1.152675914e-07
1.158450606e-07
1.186904244e-07
1.247119691e-07
1.224639689e-07
1.226083132e-07
1.234555025e-07
1.269814205e-07
1.33698071e-07
1.297048688e-07
1.299263415e-07
1.310760507e-07
1.353017909e-07
1.426694966e-07
1.36913146e-07
1.37225647e-07
1.387295733e-07
1.436621213e-07
1.515960704e-07
1.440909975e-07
1.445117117e-07
1.464271826e-07
1.520830838e-07
1.60543537e-07
1.512872775e-07
1.520173705e-07
1.552833675e-07
1.661131508e-07
1.912495262e-07
3.004587601e-06
3.00262257e-06
3.002627821e-06
3.001007206e-06
2.999257633e-06
2.345738024e-06
2.439553148e-06
2.441793241e-06
2.418784597e-06
2.278677411e-06
1.80925405e-06
1.938194118e-06
1.940043398e-06
1.888740817e-06
1.719588295e-06
1.506159428e-06
1.626044585e-06
1.630192493e-06
1.565191438e-06
1.42814278e-06
1.326824475e-06
1.429563733e-06
1.432770672e-06
1.372968375e-06
1.254551178e-06
1.232349944e-06
1.30729759e-06
1.314706666e-06
1.257637225e-06
1.169407541e-06
1.15609411e-06
1.230347026e-06
1.237061472e-06
1.193656836e-06
1.136823867e-06
1.127903562e-06
1.167142091e-06
1.173123011e-06
1.154226729e-06
1.112765912e-06
1.10988553e-06
1.1384331e-06
1.143070523e-06
1.124978428e-06
1.089984796e-06
1.094345224e-06
1.124264624e-06
1.122815818e-06
1.103091256e-06
1.081923829e-06
1.083708558e-06
1.106834468e-06
1.104151748e-06
1.086094477e-06
1.075723342e-06
1.076382516e-06
1.086647069e-06
1.086164399e-06
1.079548199e-06
1.070740675e-06
1.07054395e-06
1.079439172e-06
1.080269833e-06
1.07354118e-06
1.06641136e-06
1.065949717e-06
1.072825076e-06
1.073815496e-06
1.068594045e-06
1.0621025e-06
1.061930015e-06
1.067879224e-06
1.068647002e-06
1.064112893e-06
1.057423371e-06
1.058593019e-06
1.063781189e-06
1.064334258e-06
1.060256045e-06
1.053356044e-06
1.054768126e-06
1.059994054e-06
1.060331554e-06
1.05594628e-06
1.048853854e-06
1.051064256e-06
1.05600595e-06
1.056030322e-06
1.05131905e-06
1.043769327e-06
1.056948024e-06
1.053788421e-06
1.051782739e-06
1.046800591e-06
1.038275545e-06
2.122047983e-06
1.227491673e-06
1.078679009e-06
1.047841513e-06
1.033060552e-06
1.587621207e-07
1.645189289e-07
2.507335732e-07
1.49818026e-06
1.300829649e-05
1.6885131e-07
1.923983704e-07
4.928008025e-07
3.539950108e-06
1.924634525e-05
1.847682132e-07
2.507783973e-07
9.583477488e-07
5.59001285e-06
2.166306405e-05
2.110816787e-07
3.527515336e-07
1.586045291e-06
7.481433799e-06
2.186390322e-05
2.568151964e-07
5.350842218e-07
2.652650445e-06
9.027751742e-06
2.066846478e-05
3.305446972e-07
7.910270496e-07
3.453222943e-06
1.006746559e-05
1.903893871e-05
4.442948474e-07
1.141865842e-06
4.322368885e-06
1.072619185e-05
1.787718927e-05
6.161485246e-07
1.619217559e-06
5.187784672e-06
1.113363275e-05
1.702378369e-05
8.721273706e-07
2.260760785e-06
5.995736171e-06
1.133512296e-05
1.617281456e-05
1.221477226e-06
2.894747726e-06
6.683664067e-06
1.130718878e-05
1.507377518e-05
1.695598498e-06
3.615468937e-06
7.251908861e-06
1.12010752e-05
1.424346617e-05
2.352069401e-06
4.382823823e-06
7.705363119e-06
1.105403131e-05
1.349723434e-05
3.216459321e-06
5.15513226e-06
8.053545894e-06
1.080483429e-05
1.260833583e-05
4.182163002e-06
5.894858464e-06
8.331373503e-06
1.054456698e-05
1.184882836e-05
5.240939577e-06
6.612366005e-06
8.564353239e-06
1.028492368e-05
1.116811748e-05
6.261064449e-06
7.287589305e-06
8.778094199e-06
1.004486207e-05
1.056644464e-05
7.220119989e-06
7.942303887e-06
9.014927144e-06
9.891011561e-06
1.016174344e-05
8.124959839e-06
8.594047999e-06
9.304489998e-06
9.853531348e-06
9.982413996e-06
9.027242958e-06
9.345719128e-06
9.834323066e-06
1.020115586e-05
1.036265302e-05
9.936477836e-06
1.014888284e-05
1.048108694e-05
1.078031306e-05
1.117668734e-05
1.104806116e-05
1.12210981e-05
1.156097916e-05
1.207312007e-05
1.294556577e-05
1.339271903e-05
1.365161464e-05
1.424808134e-05
1.52418065e-05
1.677347162e-05
1.711240104e-05
1.74585956e-05
1.825637842e-05
1.954706189e-05
2.141108318e-05
1.96687203e-05
1.993980793e-05
2.054550699e-05
2.147676863e-05
2.272535797e-05
1.89248339e-05
1.903718155e-05
1.927240678e-05
1.960234215e-05
1.999811134e-05
1.565055029e-05
1.565321501e-05
1.564590374e-05
1.561349134e-05
1.554133509e-05
1.19645515e-05
1.192995859e-05
1.184291235e-05
1.169944978e-05
1.149814624e-05
8.78910145e-06
8.750395425e-06
8.658298607e-06
8.513925497e-06
8.319982605e-06
6.381501915e-06
6.350208205e-06
6.277566415e-06
6.165178109e-06
6.016827946e-06
4.667490793e-06
4.64570845e-06
4.595921584e-06
4.516586167e-06
4.41162928e-06
3.481810481e-06
3.46687184e-06
3.43276807e-06
3.381534839e-06
3.313587454e-06
2.688126951e-06
2.677881952e-06
2.654637583e-06
2.619402556e-06
2.573416449e-06
2.151132499e-06
2.144203356e-06
2.12853386e-06
2.104975169e-06
2.07413205e-06
1.791304888e-06
1.786490007e-06
1.775709035e-06
1.759446406e-06
1.738222978e-06
1.550897263e-06
1.547265326e-06
1.539181892e-06
1.52707583e-06
1.511218084e-06
1.385802705e-06
1.383103986e-06
1.377164917e-06
1.368249031e-06
1.35658124e-06
1.273220622e-06
1.27097658e-06
1.266079139e-06
1.258710287e-06
1.248992711e-06
1.189309417e-06
1.187429161e-06
1.183363054e-06
1.177315644e-06
1.169391499e-06
1.127189019e-06
1.12551741e-06
1.121920348e-06
1.116574983e-06
1.109582823e-06
1.075848403e-06
1.074304955e-06
1.070969996e-06
1.065970845e-06
1.059319092e-06
1.030919382e-06
1.029422533e-06
1.026206537e-06
1.021412188e-06
1.015091734e-06
9.893214673e-07
9.879401934e-07
9.849813919e-07
9.805850736e-07
9.748074442e-07
9.530130441e-07
9.517889491e-07
9.489647182e-07
9.447360107e-07
9.391682701e-07
9.176035153e-07
9.163256362e-07
9.135829495e-07
9.094981284e-07
9.041125737e-07
8.834292287e-07
8.822173868e-07
8.796189966e-07
8.757535831e-07
8.706938648e-07
8.515350102e-07
8.503763481e-07
8.478905219e-07
8.4418642e-07
8.393035049e-07
8.210417977e-07
8.19942248e-07
8.175913031e-07
8.141019854e-07
8.095206112e-07
7.969029615e-07
7.958397688e-07
7.93591029e-07
7.902011007e-07
7.85735071e-07
7.736144219e-07
7.7256584e-07
7.703230779e-07
7.669893933e-07
7.626000481e-07
7.520054108e-07
7.51009784e-07
7.488822667e-07
7.457204805e-07
7.415550128e-07
7.346049885e-07
7.336440671e-07
7.31586053e-07
7.285236596e-07
7.244821356e-07
7.179049414e-07
7.169515197e-07
7.149325058e-07
7.118528361e-07
7.077730239e-07
7.016578985e-07
7.007044717e-07
6.986663371e-07
6.956366437e-07
6.916471887e-07
6.87104989e-07
6.86200444e-07
6.842703964e-07
6.81409394e-07
6.776526125e-07
6.760569326e-07
6.751667995e-07
6.732690045e-07
6.70458847e-07
6.667714591e-07
6.673589975e-07
6.664960115e-07
6.646539963e-07
6.61916498e-07
6.583043818e-07
6.612935484e-07
6.604204356e-07
6.585550199e-07
6.557817542e-07
6.521235731e-07
6.570347545e-07
6.561567095e-07
6.542818268e-07
6.514966376e-07
6.478258779e-07
6.549685509e-07
6.540875079e-07
6.522076123e-07
6.494170018e-07
6.457415778e-07
6.536727288e-07
6.527918531e-07
6.509133112e-07
6.48126896e-07
6.444617835e-07
6.500674783e-07
6.492150706e-07
6.473988689e-07
6.447082669e-07
6.411734215e-07
6.417010069e-07
6.409249971e-07
6.392757168e-07
6.368417459e-07
6.336575035e-07
6.288017917e-07
6.280935671e-07
6.265843735e-07
6.243447791e-07
6.213678248e-07
6.107514345e-07
6.100539851e-07
6.085581253e-07
6.06327784e-07
6.033800426e-07
5.847284927e-07
5.840559173e-07
5.826107123e-07
5.804551116e-07
5.77608778e-07
5.568268499e-07
5.561980261e-07
5.548477607e-07
5.528371121e-07
5.501884655e-07
5.341352906e-07
5.335601861e-07
5.323266045e-07
5.304890355e-07
5.280662888e-07
5.201056003e-07
5.195387526e-07
5.183273985e-07
5.1653202e-07
5.141797564e-07
5.129915489e-07
5.124509008e-07
5.112986687e-07
5.095943559e-07
5.073619822e-07
5.115383436e-07
5.110222139e-07
5.099224242e-07
5.082920262e-07
5.061510507e-07
2.297737976e-05
2.697364105e-05
2.728703025e-05
2.543000828e-05
2.269104328e-05
2.022221905e-05
1.90514221e-05
1.807019824e-05
1.686751643e-05
1.534939458e-05
1.441275194e-05
1.354933425e-05
1.2526354e-05
1.170816747e-05
1.099606542e-05
1.041127125e-05
1.005766889e-05
1.001262109e-05
1.061434044e-05
1.180483851e-05
1.39569296e-05
1.823103654e-05
2.305585754e-05
2.37459426e-05
2.030360077e-05
1.548413193e-05
1.134811477e-05
8.177348639e-06
5.907870506e-06
4.334279152e-06
3.262181992e-06
2.539278789e-06
2.050967986e-06
1.722101064e-06
1.498848022e-06
1.347363125e-06
1.241084779e-06
1.162902791e-06
1.103635389e-06
1.053715455e-06
1.009767418e-06
9.699448253e-07
9.344432978e-07
8.99550812e-07
8.663842769e-07
8.351610253e-07
8.056449159e-07
7.819271266e-07
7.588721117e-07
7.380073837e-07
7.210311325e-07
7.042912216e-07
6.882515161e-07
6.744561437e-07
6.636332709e-07
6.552255229e-07
6.489902729e-07
6.446819719e-07
6.42592107e-07
6.413247544e-07
6.381512381e-07
6.309393536e-07
6.188079716e-07
6.008695115e-07
5.751984717e-07
5.479525284e-07
5.26008969e-07
5.121826045e-07
5.05464685e-07
5.043169333e-07
1.034537948e-05
3.326580264e-06
3.324281559e-06
1.83795327e-06
2.920196661e-06
1.540719538e-05
1.954120359e-05
5.674190677e-06
6.252976398e-06
9.529809401e-06
2.000951384e-05
1.79173063e-05
4.566874094e-06
1.033188393e-05
2.066561064e-05
1.980628509e-05
1.673506317e-05
5.057600953e-06
1.071246017e-05
2.412682566e-05
1.815786876e-05
1.520820701e-05
1.041964683e-05
8.950515475e-06
1.974899871e-05
1.671975085e-05
1.518976516e-05
1.455388777e-05
6.984108871e-06
1.565617127e-05
1.693024294e-05
1.822982297e-05
1.641043081e-05
5.353824406e-06
1.188998902e-05
1.660850304e-05
1.761323375e-05
1.562714919e-05
4.694560591e-06
9.010242195e-06
1.550124727e-05
1.607430656e-05
1.582078512e-05
6.548483978e-06
7.074472064e-06
1.41621873e-05
1.465408929e-05
1.45637255e-05
7.978034505e-06
5.494288472e-06
1.336553056e-05
1.402663675e-05
1.432278969e-05
8.836470022e-06
4.301344093e-06
1.265978887e-05
1.359115165e-05
1.494849809e-05
9.892103927e-06
3.608493798e-06
1.186326406e-05
1.292683072e-05
1.434818301e-05
1.068959019e-05
4.080992617e-06
1.113494965e-05
1.235099727e-05
1.389195384e-05
1.136021045e-05
4.966343664e-06
1.055158472e-05
1.189330829e-05
1.364599473e-05
1.179524003e-05
5.647139986e-06
1.013312188e-05
1.15944301e-05
1.351952729e-05
1.211908135e-05
6.313034828e-06
9.934280952e-06
1.147395631e-05
1.351107556e-05
1.245131094e-05
7.009692355e-06
1.015139466e-05
1.202606564e-05
1.400575964e-05
1.286469619e-05
7.448016565e-06
1.109875488e-05
1.350610874e-05
1.564328687e-05
1.397730451e-05
8.053937072e-06
1.29204687e-05
1.717781837e-05
2.399324502e-05
3.13851415e-05
3.280382905e-05
1.557572984e-05
2.116103778e-05
3.199407418e-05
5.230976234e-05
8.516482812e-05
2.037013192e-05
2.65311134e-05
3.71314539e-05
5.408452452e-05
7.722388664e-05
2.552270586e-05
3.119048627e-05
3.859835705e-05
4.657883919e-05
5.259437089e-05
2.535863856e-05
2.812309452e-05
3.060757529e-05
3.199431395e-05
3.148584748e-05
2.088989807e-05
2.147280047e-05
2.147094604e-05
2.068254466e-05
1.902912114e-05
1.552116981e-05
1.521670948e-05
1.44987182e-05
1.338653558e-05
1.195098942e-05
1.122035334e-05
1.075384472e-05
1.003583985e-05
9.124305323e-06
8.089484684e-06
8.031922495e-06
7.627658997e-06
7.073502381e-06
6.417042489e-06
5.713182232e-06
5.789048413e-06
5.492053693e-06
5.103581312e-06
4.652455377e-06
4.175152311e-06
4.247140798e-06
4.035802701e-06
3.775085496e-06
3.479844188e-06
3.166047261e-06
3.202291752e-06
3.062551475e-06
2.886135954e-06
2.690489494e-06
2.483586397e-06
2.49851235e-06
2.404542943e-06
2.286192622e-06
2.154137655e-06
2.014274036e-06
2.022103288e-06
1.957894675e-06
1.879391603e-06
1.78868769e-06
1.691535909e-06
1.701302463e-06
1.654718156e-06
1.597156244e-06
1.533562749e-06
1.467180298e-06
1.481760559e-06
1.446955789e-06
1.405596559e-06
1.360573633e-06
1.310403116e-06
1.334020359e-06
1.307160491e-06
1.275128619e-06
1.239406965e-06
1.201124206e-06
1.228978688e-06
1.20622196e-06
1.180459595e-06
1.152689642e-06
1.122620777e-06
1.152561681e-06
1.133520785e-06
1.112076966e-06
1.087690038e-06
1.060937477e-06
1.093864992e-06
1.076298188e-06
1.056499959e-06
1.03446095e-06
1.010551523e-06
1.044407891e-06
1.027819495e-06
1.009410133e-06
9.893467186e-07
9.678901846e-07
1.000845889e-06
9.854058027e-07
9.686365041e-07
9.506442537e-07
9.3102159e-07
9.617011096e-07
9.476547589e-07
9.319757141e-07
9.14821574e-07
8.961312894e-07
9.264507209e-07
9.125381554e-07
8.973120057e-07
8.808311607e-07
8.632338761e-07
8.918213298e-07
8.785310114e-07
8.641415978e-07
8.486145219e-07
8.320120268e-07
8.590462578e-07
8.464868455e-07
8.328898814e-07
8.181307735e-07
8.024225759e-07
8.281082174e-07
8.160154023e-07
8.030465601e-07
7.892515246e-07
7.747961689e-07
7.99015513e-07
7.87892453e-07
7.762520698e-07
7.632915553e-07
7.492291418e-07
7.754006316e-07
7.64350403e-07
7.523789882e-07
7.394885515e-07
7.257474039e-07
7.524912965e-07
7.416599764e-07
7.300491868e-07
7.176344959e-07
7.044908871e-07
7.318919098e-07
7.215537792e-07
7.105033653e-07
6.98674293e-07
6.859168848e-07
7.150699039e-07
7.04877702e-07
6.93896121e-07
6.820993671e-07
6.694316233e-07
6.983043365e-07
6.881245726e-07
6.772086072e-07
6.655684884e-07
6.532912394e-07
6.8240558e-07
6.725419855e-07
6.620669187e-07
6.510235533e-07
6.395177379e-07
6.68917801e-07
6.596889861e-07
6.496819886e-07
6.389908512e-07
6.276782352e-07
6.581873628e-07
6.490632631e-07
6.393233888e-07
6.288967725e-07
6.178634189e-07
6.498281812e-07
6.408447712e-07
6.311287465e-07
6.20678103e-07
6.095598212e-07
6.435416115e-07
6.343631888e-07
6.245797282e-07
6.141642815e-07
6.031592828e-07
6.392037865e-07
6.300145141e-07
6.202681042e-07
6.099446118e-07
5.990918858e-07
6.370881767e-07
6.278956459e-07
6.181891979e-07
6.079543544e-07
5.972551784e-07
6.358379383e-07
6.267222272e-07
6.171508659e-07
6.071535094e-07
5.968225673e-07
6.328633212e-07
6.241290209e-07
6.150377702e-07
6.056340065e-07
5.959374992e-07
6.261623417e-07
6.182538823e-07
6.099273603e-07
6.011475467e-07
5.919932318e-07
6.143394273e-07
6.071838864e-07
5.995061375e-07
5.909662449e-07
5.816635468e-07
5.965814581e-07
5.892176048e-07
5.812240551e-07
5.725627248e-07
5.632631721e-07
5.711314604e-07
5.640873438e-07
5.564225848e-07
5.481566364e-07
5.393514772e-07
5.441858923e-07
5.376873832e-07
5.306542666e-07
5.231208101e-07
5.151488505e-07
5.224914936e-07
5.164717779e-07
5.100323737e-07
5.030898747e-07
4.957144361e-07
5.087341499e-07
5.028963407e-07
4.967350458e-07
4.901746771e-07
4.833294297e-07
5.021660128e-07
4.967045036e-07
4.909772057e-07
4.84890959e-07
4.784347473e-07
5.010708006e-07
4.956268439e-07
4.899028095e-07
4.838177688e-07
4.773061226e-07
1.051856131e-06
8.052480575e-08
7.644705667e-11
0
0
0
0
0
0
0
0
0
0
0
0
0
0
0
0
0
0
0
0
0
0
0
0
0
0
0
0
0
0
0
0
0
0
0
0
0
0
0
0
0
0
0
0
0
0
0
0
0
0
0
0
0
0
0
0
0
2.189075508e-06
3.341334035e-07
9.278759636e-09
0
0
0
0
0
0
0
0
0
0
0
0
0
0
0
0
0
0
0
0
0
0
0
0
0
0
0
0
0
0
0
0
0
0
0
0
0
0
0
0
0
0
0
0
0
0
0
0
0
0
0
0
0
0
0
0
0
5.506485553e-06
1.839144011e-07
1.947462825e-08
0
0
0
0
0
0
0
0
0
0
0
0
0
0
0
0
0
0
0
0
0
0
0
0
0
0
0
0
0
0
0
0
0
0
0
0
0
0
0
0
0
0
0
0
0
0
0
0
0
0
0
0
0
0
0
0
0
1.97949077e-05
1.942106504e-06
2.008290176e-07
1.514069319e-08
2.577265667e-09
1.088652088e-09
8.090917514e-10
6.934303472e-10
5.778706354e-10
4.361712076e-10
2.740442484e-10
1.087659623e-10
0
0
0
0
0
0
0
0
0
0
0
0
0
0
0
0
0
0
0
0
0
0
0
0
0
0
0
0
0
0
0
0
0
0
0
0
0
0
0
0
0
0
0
0
0
0
0
0
3.334508636e-05
6.557045563e-06
8.832770834e-07
1.278396794e-07
2.588470515e-08
1.448160425e-08
1.218367406e-08
1.13264143e-08
1.080790323e-08
1.039176533e-08
1.002167475e-08
9.693388942e-09
9.418029736e-09
9.195093641e-09
8.99103297e-09
8.732328288e-09
8.272417956e-09
7.612496533e-09
6.945121494e-09
6.388380396e-09
5.984102e-09
5.707566468e-09
5.512765005e-09
5.363188672e-09
5.238200196e-09
5.128052605e-09
5.028455234e-09
4.937359174e-09
4.853473278e-09
4.775885343e-09
4.703814824e-09
4.636637336e-09
4.57396724e-09
4.515395659e-09
4.460415698e-09
4.408892684e-09
4.360453451e-09
4.314495619e-09
4.270758579e-09
4.229313318e-09
4.190102231e-09
4.15276632e-09
4.117449837e-09
4.084042253e-09
4.052360532e-09
4.022272888e-09
3.993622238e-09
3.966231136e-09
3.939960211e-09
3.91527104e-09
3.891769241e-09
3.869549822e-09
3.847547392e-09
3.825765849e-09
3.800092237e-09
3.768704363e-09
3.733899541e-09
3.750723741e-09
3.978482077e-09
4.324337925e-09
3.079426424e-05
1.918075504e-05
3.183209221e-06
7.145706948e-07
9.960455604e-08
3.450398662e-08
2.560251334e-08
2.328648295e-08
2.226645449e-08
2.162795005e-08
2.114279382e-08
2.074711711e-08
2.04214565e-08
2.01419267e-08
1.985334966e-08
1.946439642e-08
1.88063769e-08
1.788283134e-08
1.692297772e-08
1.609429747e-08
1.547441569e-08
1.504206139e-08
1.473498202e-08
1.449915158e-08
1.430238051e-08
1.412922925e-08
1.397280501e-08
1.382967398e-08
1.369774345e-08
1.357561446e-08
1.346202047e-08
1.33560059e-08
1.325691294e-08
1.316410693e-08
1.307683708e-08
1.299480942e-08
1.291750045e-08
1.284425658e-08
1.277472037e-08
1.27088683e-08
1.264656059e-08
1.258724647e-08
1.253102557e-08
1.247765699e-08
1.242687804e-08
1.237868451e-08
1.233293329e-08
1.228931757e-08
1.224749469e-08
1.220786311e-08
1.216997469e-08
1.213407505e-08
1.209846237e-08
1.206271287e-08
1.202112512e-08
1.197214607e-08
1.192559048e-08
1.19629371e-08
1.222906871e-08
1.256412289e-08
2.436305249e-05
3.12281016e-05
9.044273883e-06
1.973036902e-06
4.292684952e-07
7.757095991e-08
3.890162247e-08
3.234554357e-08
3.037897218e-08
2.948310595e-08
2.893896861e-08
2.853894839e-08
2.820559003e-08
2.788668871e-08
2.751530177e-08
2.700472536e-08
2.621457594e-08
2.516226125e-08
2.406420769e-08
2.309499385e-08
2.235012264e-08
2.182092365e-08
2.144429602e-08
2.11581385e-08
2.092278267e-08
2.071814611e-08
2.053476369e-08
2.036784722e-08
2.021458244e-08
2.007300514e-08
1.994154969e-08
1.981903928e-08
1.970453347e-08
1.959723585e-08
1.949634355e-08
1.940136245e-08
1.931174439e-08
1.922692882e-08
1.914653141e-08
1.907036582e-08
1.899819136e-08
1.892953002e-08
1.886432839e-08
1.880231861e-08
1.874322372e-08
1.868699068e-08
1.863348028e-08
1.85825282e-08
1.85337723e-08
1.848725665e-08
1.844258543e-08
1.83998199e-08
1.83570763e-08
1.831256068e-08
1.825879291e-08
1.818896077e-08
1.8103538e-08
1.804858427e-08
1.809278967e-08
1.818903489e-08
1.876812827e-05
3.125993419e-05
1.957023339e-05
5.819737083e-06
1.689723957e-06
2.783453445e-07
6.429427713e-08
4.020848817e-08
3.545329124e-08
3.394830254e-08
3.328104211e-08
3.288167521e-08
3.25596585e-08
3.221954791e-08
3.178207129e-08
3.116935281e-08
3.027640456e-08
2.913868047e-08
2.795169822e-08
2.688121716e-08
2.603205596e-08
2.541225013e-08
2.496694475e-08
2.463177265e-08
2.436126251e-08
2.413028041e-08
2.392617108e-08
2.374226285e-08
2.357463877e-08
2.342064071e-08
2.327827756e-08
2.314604749e-08
2.302273582e-08
2.290736929e-08
2.279907391e-08
2.269719052e-08
2.2601116e-08
2.251030175e-08
2.242432323e-08
2.234285881e-08
2.2265592e-08
2.219212978e-08
2.212228146e-08
2.20558087e-08
2.199247841e-08
2.193213947e-08
2.187458236e-08
2.18196739e-08
2.176715785e-08
2.171691447e-08
2.166854447e-08
2.162166549e-08
2.157415422e-08
2.152239654e-08
2.145637388e-08
2.136243026e-08
2.122682434e-08
2.10570019e-08
2.088555975e-08
2.079720006e-08
1.483395714e-05
2.678554949e-05
2.979077751e-05
1.289371089e-05
4.485184271e-06
1.162019754e-06
1.529912327e-07
5.299536715e-08
3.97111092e-08
3.662567118e-08
3.560759332e-08
3.515194008e-08
3.483374276e-08
3.448346774e-08
3.400168138e-08
3.331588231e-08
3.234660135e-08
3.114269809e-08
2.988753533e-08
2.873633658e-08
2.779414273e-08
2.708284085e-08
2.656080417e-08
2.616742013e-08
2.585419732e-08
2.55915107e-08
2.536315332e-08
2.5160119e-08
2.497695389e-08
2.48099988e-08
2.465665015e-08
2.451494914e-08
2.438335545e-08
2.426066728e-08
2.414585464e-08
2.40381088e-08
2.393672057e-08
2.384108936e-08
2.37507107e-08
2.366516749e-08
2.35840798e-08
2.350707308e-08
2.343387062e-08
2.336421311e-08
2.329787296e-08
2.323465814e-08
2.317435504e-08
2.311678057e-08
2.306170801e-08
2.300893329e-08
2.295798873e-08
2.290804043e-08
2.285652974e-08
2.279800412e-08
2.272025224e-08
2.260460874e-08
2.242903127e-08
2.218355452e-08
2.189960646e-08
2.173713844e-08
1.172103473e-05
2.18448383e-05
3.262475686e-05
2.211517086e-05
9.407355176e-06
2.954158664e-06
4.923428976e-07
8.514089842e-08
4.563419303e-08
3.88467423e-08
3.708268859e-08
3.647423862e-08
3.613503763e-08
3.577484729e-08
3.526303667e-08
3.452773008e-08
3.35053228e-08
3.225310056e-08
3.094711892e-08
2.973304158e-08
2.871275192e-08
2.791680917e-08
2.731639482e-08
2.685846854e-08
2.649525117e-08
2.61944973e-08
2.593693543e-08
2.571109023e-08
2.550969378e-08
2.532782766e-08
2.516204343e-08
2.500979277e-08
2.486914544e-08
2.47385911e-08
2.46169043e-08
2.450309258e-08
2.439632431e-08
2.429589678e-08
2.420121614e-08
2.411177741e-08
2.402713536e-08
2.394689133e-08
2.387070823e-08
2.379828765e-08
2.372937198e-08
2.366373337e-08
2.360115523e-08
2.354142719e-08
2.348430609e-08
2.342950428e-08
2.337642698e-08
2.332380244e-08
2.326844625e-08
2.320338793e-08
2.311487065e-08
2.298201176e-08
2.278118347e-08
2.250041751e-08
2.218108118e-08
2.20125826e-08
9.401414252e-06
1.704246059e-05
2.896964934e-05
3.266111458e-05
1.676150481e-05
6.24484805e-06
1.444087698e-06
1.766183646e-07
5.634755923e-08
4.132669728e-08
3.82482013e-08
3.739255062e-08
3.701271245e-08
3.664099509e-08
3.610821541e-08
3.534098078e-08
3.428550003e-08
3.300343639e-08
3.166483812e-08
3.040644374e-08
2.93254881e-08
2.845730144e-08
2.778350698e-08
2.725995703e-08
2.684258437e-08
2.649893105e-08
2.620790738e-08
2.595594129e-08
2.573390003e-08
2.553541157e-08
2.535595753e-08
2.519226006e-08
2.504188924e-08
2.490297705e-08
2.477405088e-08
2.465391962e-08
2.454160186e-08
2.443627518e-08
2.433724464e-08
2.424391883e-08
2.415578349e-08
2.407239365e-08
2.39933614e-08
2.391834781e-08
2.384705708e-08
2.377922208e-08
2.371460263e-08
2.365295946e-08
2.359401206e-08
2.353737748e-08
2.348228385e-08
2.34270125e-08
2.336765677e-08
2.32960588e-08
2.319754959e-08
2.30511779e-08
2.28353259e-08
2.254235762e-08
2.222339555e-08
2.207681852e-08
7.230070966e-06
1.407095376e-05
2.423941242e-05
3.951177334e-05
2.686020935e-05
1.119795168e-05
3.078336001e-06
4.169426419e-07
8.092600603e-08
4.497479775e-08
3.93614589e-08
3.811851072e-08
3.76752496e-08
3.728639846e-08
3.673615623e-08
3.594909647e-08
3.487842591e-08
3.358619336e-08
3.223510376e-08
3.095280736e-08
2.983062554e-08
2.890599327e-08
2.816871858e-08
2.758324552e-08
2.711099322e-08
2.672152134e-08
2.639362534e-08
2.611254992e-08
2.586759946e-08
2.565090477e-08
2.545671672e-08
2.528086186e-08
2.5120281e-08
2.497267782e-08
2.483627669e-08
2.47096651e-08
2.459169108e-08
2.448140008e-08
2.437798835e-08
2.428077491e-08
2.418917463e-08
2.410268565e-08
2.402087176e-08
2.394335008e-08
2.386978516e-08
2.379987114e-08
2.373333613e-08
2.3669903e-08
2.36092334e-08
2.355082125e-08
2.349366372e-08
2.343557172e-08
2.337189568e-08
2.329356554e-08
2.318556768e-08
2.302806139e-08
2.280274033e-08
2.250783178e-08
2.220182529e-08
2.2086383e-08
5.795635312e-06
1.167874387e-05
2.054852885e-05
3.95924415e-05
3.927335602e-05
1.801207705e-05
5.416001445e-06
9.568477812e-07
1.281922074e-07
5.040730976e-08
4.044003999e-08
3.868517585e-08
3.816806585e-08
3.775679088e-08
3.718961713e-08
3.639075214e-08
3.531871668e-08
3.403521508e-08
3.269405422e-08
3.141120339e-08
3.027105572e-08
2.931060163e-08
2.85254196e-08
2.788751863e-08
2.736446329e-08
2.692947997e-08
2.656302275e-08
2.625053779e-08
2.598058042e-08
2.574407912e-08
2.553406049e-08
2.53453371e-08
2.517409863e-08
2.501752271e-08
2.487346767e-08
2.474026064e-08
2.461655928e-08
2.450126312e-08
2.439345416e-08
2.429235816e-08
2.419731545e-08
2.410776218e-08
2.402321018e-08
2.394323154e-08
2.386744959e-08
2.37955208e-08
2.372713726e-08
2.36619754e-08
2.359962074e-08
2.353940789e-08
2.348004747e-08
2.341885937e-08
2.335048823e-08
2.326520208e-08
2.314810289e-08
2.29810119e-08
2.274923789e-08
2.245671935e-08
2.216731808e-08
2.208627099e-08
4.684879376e-06
9.981875713e-06
1.803908726e-05
3.527598903e-05
5.208684973e-05
2.669481626e-05
8.590492476e-06
1.951424557e-06
2.159070062e-07
5.86074232e-08
4.149744462e-08
3.906861693e-08
3.846796753e-08
3.803160705e-08
3.744958269e-08
3.664681509e-08
3.558636067e-08
3.432927478e-08
3.301970909e-08
3.176146422e-08
3.062989589e-08
2.965922868e-08
2.884784209e-08
2.817374661e-08
2.761030994e-08
2.71352048e-08
2.673193794e-08
2.638770132e-08
2.609154552e-08
2.583395832e-08
2.560707219e-08
2.540475039e-08
2.522238185e-08
2.505654203e-08
2.490465981e-08
2.476475719e-08
2.463527404e-08
2.451494745e-08
2.440273704e-08
2.429777053e-08
2.419930982e-08
2.41067238e-08
2.401946904e-08
2.393707061e-08
2.385911069e-08
2.378520993e-08
2.371501586e-08
2.36481468e-08
2.358409104e-08
2.352198882e-08
2.346022228e-08
2.339561639e-08
2.332218663e-08
2.322977881e-08
2.310395518e-08
2.29284534e-08
2.269215244e-08
2.240408141e-08
2.213217197e-08
2.208672154e-08
3.807502972e-06
8.626121105e-06
1.581301787e-05
3.221354588e-05
6.420554741e-05
3.588671379e-05
1.181850486e-05
3.151422664e-06
3.83608157e-07
7.438155072e-08
4.282380533e-08
3.92929359e-08
3.856758189e-08
3.80906256e-08
3.748984041e-08
3.668775197e-08
3.564970461e-08
3.443482866e-08
3.317783007e-08
3.196943824e-08
3.087471786e-08
2.992207877e-08
2.91105284e-08
2.842210554e-08
2.783489419e-08
2.733092923e-08
2.689743573e-08
2.652452025e-08
2.620305621e-08
2.592420402e-08
2.567992117e-08
2.546347593e-08
2.526957798e-08
2.509420967e-08
2.493433993e-08
2.478765474e-08
2.46523493e-08
2.45269825e-08
2.441037992e-08
2.430156498e-08
2.419971583e-08
2.410413124e-08
2.401420938e-08
2.392942782e-08
2.384932719e-08
2.377348924e-08
2.37015079e-08
2.363292738e-08
2.35671137e-08
2.350298375e-08
2.343856687e-08
2.337020927e-08
2.329140142e-08
2.319179969e-08
2.305768456e-08
2.287482159e-08
2.263549077e-08
2.235306415e-08
2.209855318e-08
2.208771419e-08
3.215570737e-06
7.514818703e-06
1.503211217e-05
3.254972692e-05
7.61783703e-05
4.219791706e-05
1.366543609e-05
3.866330968e-06
6.016137143e-07
1.019663986e-07
4.508596249e-08
3.946864252e-08
3.848651926e-08
3.79318152e-08
3.730213817e-08
3.650291026e-08
3.549622057e-08
3.433825332e-08
3.315273232e-08
3.201772451e-08
3.098471132e-08
3.007647045e-08
2.929082336e-08
2.861171218e-08
2.802060494e-08
2.750321658e-08
2.705037978e-08
2.665557087e-08
2.631242401e-08
2.601388227e-08
2.575267323e-08
2.552209455e-08
2.531651302e-08
2.513146218e-08
2.496349633e-08
2.480996709e-08
2.466881522e-08
2.453841011e-08
2.441743322e-08
2.430479739e-08
2.419959267e-08
2.410104552e-08
2.400849495e-08
2.392136913e-08
2.383916411e-08
2.376141581e-08
2.368765544e-08
2.361733592e-08
2.354967532e-08
2.348334302e-08
2.341600672e-08
2.33435678e-08
2.325911301e-08
2.315232018e-08
2.301037954e-08
2.282113074e-08
2.258003798e-08
2.230409598e-08
2.206653291e-08
2.208799356e-08
3.184802973e-06
7.501269418e-06
1.663426117e-05
4.00767198e-05
8.727365079e-05
4.117944388e-05
1.299667769e-05
3.763388892e-06
8.341041983e-07
1.422041168e-07
4.914948602e-08
3.969617858e-08
3.823427455e-08
3.756313688e-08
3.690017155e-08
3.611025017e-08
3.514611455e-08
3.406118539e-08
3.296382104e-08
3.191800503e-08
3.096560395e-08
3.012270046e-08
2.938452377e-08
2.873559203e-08
2.815960312e-08
2.76450054e-08
2.718554988e-08
2.677784628e-08
2.641864816e-08
2.610348432e-08
2.582675769e-08
2.558254188e-08
2.536534865e-08
2.517052989e-08
2.499435008e-08
2.483387307e-08
2.468679706e-08
2.455129995e-08
2.44259136e-08
2.430943507e-08
2.420086337e-08
2.409934995e-08
2.400417345e-08
2.391470888e-08
2.383040199e-08
2.375073402e-08
2.367516299e-08
2.360303155e-08
2.353338108e-08
2.34646098e-08
2.339402113e-08
2.331711059e-08
2.322667244e-08
2.311257472e-08
2.29630622e-08
2.276807308e-08
2.252606243e-08
2.225703634e-08
2.203568152e-08
2.208691956e-08
4.079478689e-06
1.027017875e-05
2.729307771e-05
9.373506237e-05
8.826981354e-05
3.245151142e-05
1.015155799e-05
3.06325644e-06
8.742073314e-07
2.081824825e-07
6.347802556e-08
4.158058153e-08
3.816849528e-08
3.712031165e-08
3.63667663e-08
3.557951124e-08
3.466431595e-08
3.366232888e-08
3.266453682e-08
3.172094895e-08
3.086327398e-08
3.010132131e-08
2.942764836e-08
2.882663387e-08
2.828296198e-08
2.77863328e-08
2.733209169e-08
2.691936307e-08
2.654854149e-08
2.621874852e-08
2.592700943e-08
2.566885026e-08
2.543935476e-08
2.523394769e-08
2.50487408e-08
2.4880572e-08
2.472691484e-08
2.458575342e-08
2.445546262e-08
2.433471293e-08
2.422240175e-08
2.411759985e-08
2.401951635e-08
2.392746436e-08
2.38408284e-08
2.375901923e-08
2.368140171e-08
2.360717413e-08
2.353515018e-08
2.346339707e-08
2.338880433e-08
2.33064137e-08
2.320868812e-08
2.308566332e-08
2.292661416e-08
2.272358733e-08
2.247815115e-08
2.221355785e-08
2.200620087e-08
2.208502065e-08
7.735916996e-06
1.94026914e-05
4.647168695e-05
0.0001185506319
6.280795318e-05
2.162920802e-05
7.098731418e-06
2.465753316e-06
8.425788747e-07
3.130581185e-07
1.124361662e-07
5.265111791e-08
3.972745722e-08
3.696870605e-08
3.58588219e-08
3.501181839e-08
3.413928091e-08
3.323439729e-08
3.235618831e-08
3.153657831e-08
3.079700709e-08
3.014183523e-08
2.956099495e-08
2.90371713e-08
2.855290087e-08
2.809529217e-08
2.765788654e-08
2.724054233e-08
2.68535182e-08
2.650380194e-08
2.619279129e-08
2.591748458e-08
2.567306408e-08
2.545471646e-08
2.525830547e-08
2.508043907e-08
2.491837529e-08
2.476990329e-08
2.463322991e-08
2.450688541e-08
2.438965165e-08
2.428050298e-08
2.417856437e-08
2.408307024e-08
2.399332267e-08
2.390863325e-08
2.382822721e-08
2.375108723e-08
2.367567897e-08
2.359956638e-08
2.351900898e-08
2.342824423e-08
2.331884713e-08
2.318026281e-08
2.300167468e-08
2.277591118e-08
2.250647982e-08
2.222053955e-08
2.200144528e-08
2.209417098e-08
3.431471135e-05
9.605083929e-05
0.0001398081602
9.623958895e-05
3.908340596e-05
1.417789071e-05
5.184103988e-06
2.046015908e-06
8.452744535e-07
4.003158774e-07
2.00821044e-07
9.250505373e-08
4.926988344e-08
3.837449844e-08
3.570675946e-08
3.45625043e-08
3.370117425e-08
3.292501876e-08
3.221753257e-08
3.15795749e-08
3.101843283e-08
3.053092421e-08
3.010144581e-08
2.970641068e-08
2.932038077e-08
2.892843815e-08
2.848927686e-08
2.801958925e-08
2.758174151e-08
2.719306058e-08
2.685686955e-08
2.656642328e-08
2.631236035e-08
2.608698584e-08
2.588488184e-08
2.570219053e-08
2.553598332e-08
2.538393589e-08
2.524416602e-08
2.511512227e-08
2.499552195e-08
2.488429159e-08
2.478050382e-08
2.468334978e-08
2.45920741e-08
2.45059212e-08
2.44240054e-08
2.434516457e-08
2.426763714e-08
2.418879074e-08
2.410463228e-08
2.400933788e-08
2.389471884e-08
2.375120287e-08
2.356948045e-08
2.334470367e-08
2.308211143e-08
2.280995474e-08
2.260984615e-08
2.273062943e-08
0.0001198236817
0.0001383601024
0.0001066078477
5.37589725e-05
2.301199736e-05
9.416005595e-06
3.926207304e-06
1.766545624e-06
8.509586657e-07
4.60165021e-07
2.877931857e-07
1.706791977e-07
8.707254231e-08
4.771308901e-08
3.715231915e-08
3.457556442e-08
3.355077944e-08
3.292197682e-08
3.2443621e-08
3.204380097e-08
3.169576035e-08
3.137532899e-08
3.105322074e-08
3.066230266e-08
3.019090278e-08
2.967060187e-08
2.910385154e-08
2.854399483e-08
2.803520596e-08
2.759997205e-08
2.723719972e-08
2.69325304e-08
2.667042985e-08
2.643978531e-08
2.623375384e-08
2.604798163e-08
2.587934223e-08
2.57253826e-08
2.558411604e-08
2.545390846e-08
2.533340811e-08
2.522148131e-08
2.51171482e-08
2.50195452e-08
2.492785662e-08
2.48412507e-08
2.475873969e-08
2.467901045e-08
2.46001329e-08
2.451932139e-08
2.443247967e-08
2.433386937e-08
2.421579203e-08
2.406965782e-08
2.38877714e-08
2.366707828e-08
2.341449382e-08
2.315818131e-08
2.297859232e-08
2.312611741e-08
9.912648752e-05
8.545321782e-05
5.408927667e-05
2.855755429e-05
1.370324032e-05
6.379614289e-06
3.028546391e-06
1.534102045e-06
8.489516873e-07
5.169360232e-07
3.441775271e-07
2.504950733e-07
1.588918309e-07
8.255220812e-08
4.508089079e-08
3.578680354e-08
3.381120841e-08
3.322523493e-08
3.294770109e-08
3.27398676e-08
3.251966379e-08
3.223427755e-08
3.184219737e-08
3.128170842e-08
3.059960299e-08
2.987996311e-08
2.91700635e-08
2.851885488e-08
2.795815968e-08
2.749498038e-08
2.711605601e-08
2.680030705e-08
2.652946098e-08
2.629156407e-08
2.607954583e-08
2.588890052e-08
2.571632566e-08
2.555919278e-08
2.541535162e-08
2.528304128e-08
2.516081018e-08
2.504744098e-08
2.494188816e-08
2.48432141e-08
2.475052446e-08
2.466288595e-08
2.457918468e-08
2.449792038e-08
2.441695978e-08
2.433327578e-08
2.424268347e-08
2.413938261e-08
2.401599095e-08
2.38645396e-08
2.367862444e-08
2.345653015e-08
2.320702938e-08
2.295867622e-08
2.279285765e-08
2.296361326e-08
5.314741322e-05
4.183709246e-05
2.737857291e-05
1.582514904e-05
8.557100666e-06
4.564894616e-06
2.485453677e-06
1.404633546e-06
8.572704961e-07
5.625943215e-07
3.985235033e-07
2.971274477e-07
2.333351996e-07
1.514529847e-07
7.935921371e-08
4.360594686e-08
3.538675541e-08
3.395436619e-08
3.364262364e-08
3.348073871e-08
3.326016388e-08
3.289516248e-08
3.234230797e-08
3.156322117e-08
3.066222964e-08
2.976395085e-08
2.893919364e-08
2.823001463e-08
2.76462575e-08
2.717352082e-08
2.678652596e-08
2.646103865e-08
2.617971213e-08
2.593200503e-08
2.571155844e-08
2.551395553e-08
2.533568599e-08
2.517385052e-08
2.50260596e-08
2.489036623e-08
2.476518633e-08
2.464920342e-08
2.454129568e-08
2.444045237e-08
2.434569344e-08
2.425597549e-08
2.41700442e-08
2.40862116e-08
2.400214669e-08
2.391463228e-08
2.381947238e-08
2.371091239e-08
2.358200607e-08
2.342564295e-08
2.323681991e-08
2.301537315e-08
2.277161832e-08
2.253442788e-08
2.238483455e-08
2.258051823e-08
2.838397683e-05
2.19840533e-05
1.507344587e-05
9.494189576e-06
5.719394666e-06
3.403979206e-06
2.092103745e-06
1.315633053e-06
8.732337807e-07
6.056572356e-07
4.517727554e-07
3.490929207e-07
2.776454107e-07
2.265902602e-07
1.482025415e-07
7.783175135e-08
4.271001817e-08
3.52051509e-08
3.407049365e-08
3.380630402e-08
3.355260283e-08
3.313459736e-08
3.249863887e-08
3.162093634e-08
3.061671694e-08
2.963451614e-08
2.87573101e-08
2.802332517e-08
2.742939541e-08
2.694894844e-08
2.655111146e-08
2.621185332e-08
2.591618124e-08
2.565546384e-08
2.542413442e-08
2.521778251e-08
2.503254832e-08
2.486509552e-08
2.471265534e-08
2.457299892e-08
2.444434605e-08
2.432524835e-08
2.421448592e-08
2.411096607e-08
2.401361926e-08
2.392128625e-08
2.383256886e-08
2.374560943e-08
2.365791925e-08
2.356620329e-08
2.346632679e-08
2.335277951e-08
2.321923197e-08
2.305969329e-08
2.287057585e-08
2.265332625e-08
2.24192561e-08
2.219706781e-08
2.206651463e-08
2.228878942e-08
1.632794852e-05
1.257473105e-05
8.926178005e-06
6.114710906e-06
4.052314348e-06
2.680732337e-06
1.795904963e-06
1.220390227e-06
8.618383216e-07
6.408541558e-07
4.906330328e-07
3.956572533e-07
3.215996355e-07
2.626423981e-07
2.151294879e-07
1.365090009e-07
7.098436101e-08
4.066322454e-08
3.468383408e-08
3.381159273e-08
3.34967253e-08
3.308517422e-08
3.246448482e-08
3.159872421e-08
3.060128577e-08
2.962069165e-08
2.874166232e-08
2.800266896e-08
2.739933612e-08
2.690430319e-08
2.648772377e-08
2.612802327e-08
2.581276488e-08
2.553499358e-08
2.528977091e-08
2.507256602e-08
2.487901066e-08
2.470514824e-08
2.454764969e-08
2.440385664e-08
2.42716871e-08
2.414949086e-08
2.403590707e-08
2.392973252e-08
2.382978875e-08
2.373478958e-08
2.364318775e-08
2.355296809e-08
2.346151525e-08
2.336552314e-08
2.326094876e-08
2.314261314e-08
2.300485099e-08
2.284275392e-08
2.265401192e-08
2.244145648e-08
2.221704167e-08
2.200901592e-08
2.189631469e-08
2.214418361e-08
1.011466507e-05
7.981262149e-06
6.023459124e-06
4.398831818e-06
3.134016498e-06
2.219651117e-06
1.586403102e-06
1.145542601e-06
8.497705148e-07
6.622242953e-07
5.304722727e-07
4.289840772e-07
3.603848447e-07
3.021864239e-07
2.582039861e-07
2.015466284e-07
1.216605553e-07
6.145257979e-08
3.781650722e-08
3.393527986e-08
3.333463842e-08
3.292866383e-08
3.23587611e-08
3.155786405e-08
3.062389953e-08
2.969213511e-08
2.884158073e-08
2.811106756e-08
2.750038482e-08
2.698751314e-08
2.654750762e-08
2.616270878e-08
2.582352464e-08
2.552478362e-08
2.526236495e-08
2.503176289e-08
2.482811225e-08
2.464673492e-08
2.448358292e-08
2.433540365e-08
2.419968028e-08
2.407446362e-08
2.395818525e-08
2.384948613e-08
2.374704994e-08
2.364944695e-08
2.355497233e-08
2.346146107e-08
2.336619489e-08
2.326588032e-08
2.315658213e-08
2.303345244e-08
2.289145846e-08
2.272666718e-08
2.253788407e-08
2.232901802e-08
2.211248205e-08
2.191597352e-08
2.181819699e-08
2.208903698e-08
6.874321505e-06
5.551202308e-06
4.344463092e-06
3.314367644e-06
2.509413962e-06
1.875972336e-06
1.42146545e-06
1.081277536e-06
8.396321187e-07
6.798009954e-07
5.605463625e-07
4.682132147e-07
3.901968957e-07
3.370659368e-07
2.893229628e-07
2.576247651e-07
2.001430781e-07
1.152016136e-07
5.616384764e-08
3.644032752e-08
3.345699079e-08
3.279450543e-08
3.221754791e-08
3.147240873e-08
3.061919282e-08
2.97614573e-08
2.896307572e-08
2.825889795e-08
2.765222053e-08
2.712770374e-08
2.666692544e-08
2.625728483e-08
2.589279757e-08
2.557075387e-08
2.528849418e-08
2.504204314e-08
2.482633071e-08
2.46360387e-08
2.446633992e-08
2.431326653e-08
2.417373949e-08
2.404540585e-08
2.392641355e-08
2.381519297e-08
2.371025555e-08
2.361001038e-08
2.351258767e-08
2.341568179e-08
2.331649447e-08
2.321176518e-08
2.309768339e-08
2.296972611e-08
2.28234602e-08
2.265581321e-08
2.246656762e-08
2.226051879e-08
2.205043313e-08
2.186349438e-08
2.177864026e-08
2.20705806e-08
4.918992319e-06
4.068854888e-06
3.285897156e-06
2.621378806e-06
2.06491358e-06
1.625043529e-06
1.290648012e-06
1.031477686e-06
8.326576454e-07
6.960654232e-07
5.896642199e-07
5.016845413e-07
4.251965327e-07
3.688992425e-07
3.189046918e-07
2.763882609e-07
2.495852404e-07
1.930550937e-07
1.062080629e-07
5.089616052e-08
3.52143513e-08
3.280382366e-08
3.201428722e-08
3.127583247e-08
3.05053922e-08
2.974439938e-08
2.902654799e-08
2.837523842e-08
2.779390419e-08
2.727311818e-08
2.680163112e-08
2.637298941e-08
2.598586974e-08
2.56409745e-08
2.533796432e-08
2.507413869e-08
2.484476848e-08
2.4644202e-08
2.446693799e-08
2.430827415e-08
2.416449519e-08
2.403275967e-08
2.391086089e-08
2.379696687e-08
2.368938198e-08
2.358633619e-08
2.348579267e-08
2.338531769e-08
2.328205736e-08
2.317281245e-08
2.305391903e-08
2.292118664e-08
2.277076257e-08
2.260034085e-08
2.241058496e-08
2.220706877e-08
2.200283107e-08
2.182458323e-08
2.175159093e-08
2.206365469e-08
3.648748204e-06
3.088703795e-06
2.578417387e-06
2.126033786e-06
1.742177381e-06
1.435506337e-06
1.186582351e-06
9.870724202e-07
8.18807304e-07
6.894192635e-07
6.017558445e-07
5.238713506e-07
4.535177716e-07
3.888600264e-07
3.449700577e-07
3.037924995e-07
2.723308421e-07
2.267321553e-07
1.493905849e-07
8.182203415e-08
4.285508911e-08
3.34280648e-08
3.173367444e-08
3.091152402e-08
3.02224199e-08
2.95843391e-08
2.898055329e-08
2.841451561e-08
2.788590334e-08
2.738996217e-08
2.692302748e-08
2.648581118e-08
2.608267902e-08
2.571861468e-08
2.539638878e-08
2.511532565e-08
2.487169156e-08
2.465998358e-08
2.447431314e-08
2.430936518e-08
2.416080682e-08
2.402527756e-08
2.390017026e-08
2.378334953e-08
2.367288574e-08
2.356681419e-08
2.346293239e-08
2.335869644e-08
2.325122368e-08
2.31374087e-08
2.301376721e-08
2.287646413e-08
2.272222874e-08
2.254947963e-08
2.235965099e-08
2.21589434e-08
2.196051978e-08
2.17905752e-08
2.172885064e-08
2.206063422e-08
2.817059154e-06
2.4462989e-06
2.098907523e-06
1.781860977e-06
1.515810987e-06
1.289962353e-06
1.10220434e-06
9.404720109e-07
8.107808473e-07
6.953888041e-07
6.188557318e-07
5.449623294e-07
4.762176723e-07
4.155134593e-07
3.610247167e-07
3.194347784e-07
2.822534122e-07
2.608075237e-07
2.118483168e-07
1.340020092e-07
7.059374888e-08
3.871507254e-08
3.186816629e-08
3.043442129e-08
2.977189011e-08
2.92703158e-08
2.880875529e-08
2.835686009e-08
2.790677863e-08
2.745728286e-08
2.701199909e-08
2.657921223e-08
2.616955408e-08
2.579281987e-08
2.545540032e-08
2.515920292e-08
2.490208076e-08
2.467922448e-08
2.44847733e-08
2.431305798e-08
2.415925372e-08
2.401952249e-08
2.389085621e-08
2.377080128e-08
2.365717848e-08
2.354782136e-08
2.344036858e-08
2.333218657e-08
2.322039276e-08
2.310200448e-08
2.297374452e-08
2.28321488e-08
2.267452856e-08
2.249998749e-08
2.231062064e-08
2.21131281e-08
2.192062828e-08
2.175880544e-08
2.17083063e-08
2.206058379e-08
2.250890323e-06
1.998345018e-06
1.756632535e-06
1.539645008e-06
1.34783284e-06
1.179897128e-06
1.0338455e-06
9.063637771e-07
7.988085682e-07
7.057345514e-07
6.286753046e-07
5.568078393e-07
4.932172108e-07
4.332122664e-07
3.758597586e-07
3.377126552e-07
2.996584722e-07
2.675205986e-07
2.505711249e-07
2.018919367e-07
1.213707789e-07
6.079540998e-08
3.501032667e-08
3.015485107e-08
2.922851106e-08
2.884017574e-08
2.852795877e-08
2.820494668e-08
2.785042293e-08
2.746422768e-08
2.705617409e-08
2.664121729e-08
2.62359152e-08
2.585486702e-08
2.550823388e-08
2.520079384e-08
2.493240876e-08
2.469945061e-08
2.449653557e-08
2.431797941e-08
2.415868004e-08
2.401443637e-08
2.388189046e-08
2.375829028e-08
2.364121061e-08
2.352828714e-08
2.341701503e-08
2.330469098e-08
2.318846585e-08
2.306550654e-08
2.293274796e-08
2.278710202e-08
2.262640477e-08
2.245039575e-08
2.226181083e-08
2.206776639e-08
2.188129979e-08
2.172777331e-08
2.168966842e-08
2.206434167e-08
1.854429657e-06
1.682937629e-06
1.51229153e-06
1.358808057e-06
1.219832565e-06
1.090884959e-06
9.782753562e-07
8.746562097e-07
7.865166472e-07
7.039795874e-07
6.339030455e-07
5.688704512e-07
5.077396103e-07
4.512338376e-07
3.998925262e-07
3.557342053e-07
3.185847723e-07
2.888117094e-07
2.750530286e-07
2.349402644e-07
1.602280159e-07
9.286616561e-08
4.69850313e-08
3.116303481e-08
2.87429042e-08
2.83562773e-08
2.817456315e-08
2.797499998e-08
2.772038273e-08
2.740779354e-08
2.704922437e-08
2.666428238e-08
2.627423369e-08
2.58979019e-08
2.554907484e-08
2.52354749e-08
2.495920923e-08
2.471818366e-08
2.450787916e-08
2.432294086e-08
2.415824807e-08
2.400940375e-08
2.387279599e-08
2.374542486e-08
2.362464598e-08
2.350791461e-08
2.339260415e-08
2.327596783e-08
2.31552301e-08
2.30277399e-08
2.289065698e-08
2.274124784e-08
2.257784968e-08
2.240080704e-08
2.221341442e-08
2.202310896e-08
2.184278795e-08
2.169759118e-08
2.16723711e-08
2.206974222e-08
1.581445668e-06
1.459161927e-06
1.339854106e-06
1.226479442e-06
1.120566182e-06
1.020737079e-06
9.308365489e-07
8.464352952e-07
7.707197139e-07
6.972933368e-07
6.341020483e-07
5.721000107e-07
5.144468523e-07
4.594372957e-07
4.080671351e-07
3.585518498e-07
3.276354706e-07
2.966275514e-07
2.711272442e-07
2.592246351e-07
2.148393298e-07
1.393567575e-07
7.6351545e-08
3.900229156e-08
2.910379544e-08
2.792665712e-08
2.778559741e-08
2.768574019e-08
2.752362671e-08
2.728826413e-08
2.69887343e-08
2.66447047e-08
2.628014725e-08
2.59174049e-08
2.557359268e-08
2.525938025e-08
2.497925088e-08
2.473286539e-08
2.451685441e-08
2.432648809e-08
2.415687926e-08
2.40036223e-08
2.386297443e-08
2.373176189e-08
2.360716539e-08
2.348649151e-08
2.336702219e-08
2.324600453e-08
2.31207879e-08
2.298893231e-08
2.28478429e-08
2.269514427e-08
2.252965381e-08
2.235225089e-08
2.216668203e-08
2.19805735e-08
2.180653146e-08
2.166927488e-08
2.165606423e-08
2.207482589e-08
1.388143057e-06
1.298516399e-06
1.212088009e-06
1.125880615e-06
1.043054882e-06
9.63761614e-07
8.905728038e-07
8.203750842e-07
7.551342737e-07
6.922232458e-07
6.326769542e-07
5.743672867e-07
5.204788167e-07
4.680198477e-07
4.204782003e-07
3.774373023e-07
3.432029513e-07
3.130852818e-07
2.915604735e-07
2.845577684e-07
2.564501551e-07
2.028616586e-07
1.224658048e-07
6.265520617e-08
3.353691084e-08
2.789321912e-08
2.739004068e-08
2.73471692e-08
2.726744899e-08
2.710926415e-08
2.687533799e-08
2.658197887e-08
2.625263828e-08
2.591181748e-08
2.55798638e-08
2.52704119e-08
2.499046773e-08
2.47416214e-08
2.452185606e-08
2.432729124e-08
2.415348645e-08
2.399620126e-08
2.385168853e-08
2.371668543e-08
2.358825622e-08
2.346360336e-08
2.333995837e-08
2.321460665e-08
2.308505764e-08
2.294907274e-08
2.280430317e-08
2.26487304e-08
2.248163718e-08
2.230439517e-08
2.212109743e-08
2.193941682e-08
2.177159225e-08
2.164202202e-08
2.16403706e-08
2.207922382e-08
1.252057009e-06
1.187562768e-06
1.120468326e-06
1.054818974e-06
9.866812986e-07
9.196075387e-07
8.581121773e-07
7.96523174e-07
7.385756241e-07
6.823396465e-07
6.274389444e-07
5.739559165e-07
5.22774323e-07
4.737010991e-07
4.293435146e-07
3.860371066e-07
3.474578018e-07
3.195182065e-07
2.937737535e-07
2.754616638e-07
2.687828068e-07
2.311347683e-07
1.58021761e-07
9.373192251e-08
4.822743099e-08
2.985970243e-08
2.713366008e-08
2.697195275e-08
2.695962187e-08
2.687727701e-08
2.671336843e-08
2.647839182e-08
2.619306155e-08
2.588209066e-08
2.556828721e-08
2.52684982e-08
2.499243363e-08
2.47438187e-08
2.452217691e-08
2.432465217e-08
2.414741691e-08
2.398653909e-08
2.383837977e-08
2.369967066e-08
2.356742196e-08
2.343878258e-08
2.331097805e-08
2.318136777e-08
2.30476222e-08
2.29077002e-08
2.275945396e-08
2.260119672e-08
2.243271458e-08
2.225583747e-08
2.207494108e-08
2.189772142e-08
2.173613469e-08
2.161451787e-08
2.162475813e-08
2.208297663e-08
1.15711417e-06
1.105446976e-06
1.0517616e-06
9.987862347e-07
9.433054496e-07
8.877855937e-07
8.316931145e-07
7.756204515e-07
7.232377325e-07
6.713305017e-07
6.2019967e-07
5.707283808e-07
5.2215985e-07
4.761047338e-07
4.324966342e-07
3.911914274e-07
3.544386951e-07
3.251287497e-07
2.991711779e-07
2.812483755e-07
2.777029828e-07
2.576478211e-07
2.118397795e-07
1.372908906e-07
7.733395618e-08
3.975336391e-08
2.79246173e-08
2.663359305e-08
2.661102106e-08
2.660013607e-08
2.650846031e-08
2.633788299e-08
2.610405392e-08
2.583025019e-08
2.554060422e-08
2.525486684e-08
2.498587135e-08
2.473977562e-08
2.45178623e-08
2.431846007e-08
2.413848369e-08
2.397441993e-08
2.382282825e-08
2.368050555e-08
2.354446318e-08
2.341184679e-08
2.327992558e-08
2.314617228e-08
2.300844364e-08
2.28648488e-08
2.271342606e-08
2.255286989e-08
2.238342207e-08
2.220730072e-08
2.20291207e-08
2.185654721e-08
2.170126965e-08
2.158754133e-08
2.160902635e-08
2.208537815e-08
1.085971362e-06
1.042956448e-06
9.993322219e-07
9.532607893e-07
9.051580388e-07
8.565498713e-07
8.062136222e-07
7.552554562e-07
7.074799526e-07
6.594384176e-07
6.117562551e-07
5.653994688e-07
5.193060064e-07
4.76570872e-07
4.337027667e-07
3.94930572e-07
3.593673083e-07
3.301667082e-07
3.036699491e-07
2.821076584e-07
2.695042626e-07
2.681460949e-07
2.373873051e-07
1.705992429e-07
1.075508997e-07
5.856416692e-08
3.256295328e-08
2.665137883e-08
2.624164313e-08
2.628446557e-08
2.626626546e-08
2.616394776e-08
2.598809752e-08
2.5758246e-08
2.54985561e-08
2.5231155e-08
2.497208921e-08
2.473039864e-08
2.450946932e-08
2.430902682e-08
2.412685479e-08
2.39599422e-08
2.380510884e-08
2.365926576e-08
2.351947278e-08
2.338292597e-08
2.324699404e-08
2.310930581e-08
2.296791633e-08
2.282107565e-08
2.266703708e-08
2.250487451e-08
2.233521895e-08
2.216058985e-08
2.198573846e-08
2.181814693e-08
2.166901169e-08
2.156238084e-08
2.159361576e-08
2.208645331e-08
1.028825359e-06
9.914843687e-07
9.538353733e-07
9.134230144e-07
8.708090842e-07
8.273969235e-07
7.818684544e-07
7.353341005e-07
6.915448423e-07
6.47118e-07
6.027343862e-07
5.591178971e-07
5.154129927e-07
4.751415393e-07
4.343895169e-07
3.98176247e-07
3.627201901e-07
3.330662671e-07
3.064406312e-07
2.832103021e-07
2.666975142e-07
2.595965274e-07
2.537938541e-07
2.160590425e-07
1.460008393e-07
8.720334978e-08
4.635178434e-08
2.876987939e-08
2.601413629e-08
2.594276372e-08
2.599246516e-08
2.595989302e-08
2.584638887e-08
2.566674063e-08
2.54428035e-08
2.519811807e-08
2.495188282e-08
2.471639932e-08
2.449753352e-08
2.429669415e-08
2.411270444e-08
2.39431517e-08
2.378517816e-08
2.363586259e-08
2.349236516e-08
2.335197444e-08
2.321217779e-08
2.307075754e-08
2.292592322e-08
2.277608882e-08
2.261980506e-08
2.245652169e-08
2.228720332e-08
2.21145843e-08
2.194343535e-08
2.178094473e-08
2.163784155e-08
2.153811917e-08
2.157826565e-08
2.208616722e-08
9.821844898e-07
9.50138576e-07
9.158166167e-07
8.795213201e-07
8.416422743e-07
8.021251597e-07
7.610753341e-07
7.196522384e-07
6.774341647e-07
6.352712169e-07
5.934001899e-07
5.522724594e-07
5.111336187e-07
4.720549309e-07
4.336528321e-07
3.98980147e-07
3.640292192e-07
3.335210582e-07
3.088839332e-07
2.868575883e-07
2.698951414e-07
2.623351996e-07
2.678822124e-07
2.453602065e-07
1.901022059e-07
1.211215893e-07
6.869264745e-08
3.727222091e-08
2.683816245e-08
2.565924365e-08
2.569470818e-08
2.572805537e-08
2.56784828e-08
2.555398848e-08
2.537179113e-08
2.515475739e-08
2.492466406e-08
2.469733317e-08
2.448163695e-08
2.428099312e-08
2.409547816e-08
2.392341639e-08
2.376237071e-08
2.360966096e-08
2.346258905e-08
2.331853792e-08
2.317507739e-08
2.303005863e-08
2.288183174e-08
2.272906007e-08
2.257062553e-08
2.240633294e-08
2.223744067e-08
2.206687772e-08
2.189943533e-08
2.174213085e-08
2.160557899e-08
2.151370037e-08
2.156339077e-08
2.208594708e-08
9.429477117e-07
9.133897727e-07
8.820045631e-07
8.485972921e-07
8.140816228e-07
7.777952465e-07
7.401400781e-07
7.018789977e-07
6.623741007e-07
6.227007015e-07
5.833557888e-07
5.448262034e-07
5.064380198e-07
4.698315036e-07
4.345253439e-07
4.006889057e-07
3.671298782e-07
3.362194479e-07
3.116882705e-07
2.892185787e-07
2.705240845e-07
2.58753753e-07
2.53962921e-07
2.558023733e-07
2.227665265e-07
1.547101264e-07
9.599954342e-08
5.385807931e-08
3.15365181e-08
2.582144088e-08
2.539683304e-08
2.546689014e-08
2.548167648e-08
2.541603937e-08
2.52816974e-08
2.509827852e-08
2.488865142e-08
2.467203121e-08
2.446083737e-08
2.426108771e-08
2.407442733e-08
2.390009553e-08
2.373618244e-08
2.358030404e-08
2.342992256e-08
2.328249569e-08
2.313562559e-08
2.29872685e-08
2.283599781e-08
2.268069124e-08
2.252047778e-08
2.235546835e-08
2.218718644e-08
2.201875324e-08
2.18550427e-08
2.170309013e-08
2.157356658e-08
2.14899625e-08
2.154945663e-08
2.20863064e-08
9.073974284e-07
8.799349013e-07
8.508342782e-07
8.202166581e-07
7.879429358e-07
7.540064311e-07
7.191170562e-07
6.833207734e-07
6.46433807e-07
6.092496004e-07
5.724327521e-07
5.363035679e-07
5.003090483e-07
4.659819369e-07
4.327728424e-07
4.00282738e-07
3.687762474e-07
3.383478732e-07
3.145216648e-07
2.925248033e-07
2.74660247e-07
2.62348181e-07
2.596176306e-07
2.704105672e-07
2.537101386e-07
2.069488426e-07
1.329260679e-07
7.737532694e-08
4.250734418e-08
2.77896649e-08
2.521311491e-08
2.517173515e-08
2.525115136e-08
2.524899773e-08
2.516864634e-08
2.50260185e-08
2.484277734e-08
2.464072782e-08
2.443614565e-08
2.423833807e-08
2.405108199e-08
2.387478727e-08
2.370817022e-08
2.354919201e-08
2.339550036e-08
2.324467567e-08
2.309448046e-08
2.294310451e-08
2.278934819e-08
2.263222492e-08
2.24710383e-08
2.230613699e-08
2.213922028e-08
2.197348454e-08
2.181377001e-08
2.166709121e-08
2.154412644e-08
2.146772835e-08
2.153550738e-08
2.20854613e-08
8.739662806e-07
8.482773492e-07
8.208301039e-07
7.922978767e-07
7.619360825e-07
7.299693091e-07
6.973177967e-07
6.639496361e-07
6.297747923e-07
5.950888099e-07
5.608632336e-07
5.270488298e-07
4.933220596e-07
4.611228506e-07
4.297781359e-07
3.986191699e-07
3.690499267e-07
3.397043247e-07
3.157574705e-07
2.948793836e-07
2.76834721e-07
2.633819963e-07
2.584421764e-07
2.602071147e-07
2.60949785e-07
2.295088771e-07
1.619478749e-07
1.025958511e-07
5.94143803e-08
3.431015523e-08
2.580841772e-08
2.489076015e-08
2.499122728e-08
2.506146436e-08
2.50431156e-08
2.494969992e-08
2.480041809e-08
2.461823562e-08
2.442319878e-08
2.422853648e-08
2.404086681e-08
2.386225329e-08
2.36922353e-08
2.352917629e-08
2.337097457e-08
2.321545428e-08
2.306067193e-08
2.290514669e-08
2.274793943e-08
2.258819902e-08
2.242542729e-08
2.226021326e-08
2.209439155e-08
2.193116564e-08
2.177530791e-08
2.163386225e-08
2.151701399e-08
2.144702371e-08
2.152229313e-08
2.208449451e-08
8.423886333e-07
8.180326186e-07
7.925134534e-07
7.653056843e-07
7.363852033e-07
7.061220372e-07
6.75039088e-07
6.441102865e-07
6.126772777e-07
5.805195242e-07
5.490082786e-07
5.175359877e-07
4.861665658e-07
4.561798384e-07
4.267857466e-07
3.974114978e-07
3.69795596e-07
3.422759992e-07
3.172081932e-07
2.979699549e-07
2.799919145e-07
2.663819933e-07
2.583346647e-07
2.593363493e-07
2.729518595e-07
2.580086282e-07
2.12185998e-07
1.388377627e-07
8.288780725e-08
4.690080624e-08
2.933775158e-08
2.499789387e-08
2.480767946e-08
2.495865333e-08
2.502241128e-08
2.499238832e-08
2.488764175e-08
2.473203566e-08
2.454977359e-08
2.435888265e-08
2.416964286e-08
2.398634635e-08
2.380972197e-08
2.363869373e-08
2.347143242e-08
2.3305977e-08
2.314059178e-08
2.297408944e-08
2.280572117e-08
2.263470528e-08
2.246078006e-08
2.228482153e-08
2.210893299e-08
2.193658919e-08
2.177302141e-08
2.16260756e-08
2.150554328e-08
2.143571686e-08
2.151645804e-08
2.208971657e-08
8.122628297e-07
7.896478733e-07
7.653193014e-07
7.394913688e-07
7.12353758e-07
6.845348706e-07
6.558094424e-07
6.262792274e-07
5.965177584e-07
5.664618336e-07
5.373611045e-07
5.08239034e-07
4.792653954e-07
4.516325118e-07
4.240741575e-07
3.966658727e-07
3.703689641e-07
3.440418688e-07
3.189847713e-07
3.001754513e-07
2.825726254e-07
2.684548287e-07
2.5902857e-07
2.588817755e-07
2.741483191e-07
2.694418923e-07
2.358135584e-07
1.676617174e-07
1.078960826e-07
6.40808814e-08
3.779256585e-08
2.706253625e-08
2.527020128e-08
2.534587098e-08
2.545370168e-08
2.546781194e-08
2.540387096e-08
2.528092473e-08
2.512112137e-08
2.494444775e-08
2.47639235e-08
2.458589211e-08
2.441233045e-08
2.424295495e-08
2.407649927e-08
2.391145133e-08
2.374649363e-08
2.358078843e-08
2.341387114e-08
2.324535711e-08
2.307537934e-08
2.290517183e-08
2.273702764e-08
2.25744316e-08
2.242237077e-08
2.228778227e-08
2.217940126e-08
2.212023781e-08
2.22081094e-08
2.279258818e-08
7.841096135e-07
7.625028128e-07
7.393703105e-07
7.149150426e-07
6.895903076e-07
6.634266635e-07
6.364447828e-07
6.088664999e-07
5.808298518e-07
5.528518361e-07
5.261603769e-07
4.99185519e-07
4.72507146e-07
4.470347389e-07
4.212577978e-07
3.955572714e-07
3.708242419e-07
3.458183741e-07
3.216647226e-07
3.035136169e-07
2.863030859e-07
2.720624629e-07
2.621238202e-07
2.584634802e-07
2.627531997e-07
2.770141149e-07
2.613619336e-07
2.147458654e-07
1.416471446e-07
8.605017339e-08
5.014686678e-08
3.143142477e-08
2.5633119e-08
2.512823144e-08
2.526754958e-08
2.533803282e-08
2.532106198e-08
2.523714103e-08
2.510661738e-08
2.495032692e-08
2.47838817e-08
2.461575424e-08
2.444923775e-08
2.428485342e-08
2.412192942e-08
2.395945418e-08
2.37965245e-08
2.363266726e-08
2.346770465e-08
2.330152635e-08
2.313464748e-08
2.296861537e-08
2.280595206e-08
2.265025128e-08
2.250644791e-08
2.238070984e-08
2.228134321e-08
2.223116779e-08
2.232646642e-08
2.292161855e-08
7.573548923e-07
7.367783757e-07
7.148872919e-07
6.919844663e-07
6.684180219e-07
6.43798396e-07
6.181873151e-07
5.923508699e-07
5.660085266e-07
5.399857847e-07
5.152401081e-07
4.901985445e-07
4.654253981e-07
4.416464008e-07
4.17081539e-07
3.937132367e-07
3.710107775e-07
3.478100789e-07
3.252596027e-07
3.070236373e-07
2.903788652e-07
2.754102727e-07
2.645754411e-07
2.592605223e-07
2.636210982e-07
2.821343613e-07
2.758763241e-07
2.39398904e-07
1.696961367e-07
1.098170174e-07
6.610723968e-08
3.955252688e-08
2.744782839e-08
2.464475315e-08
2.458409817e-08
2.470366953e-08
2.473785422e-08
2.469643343e-08
2.460043445e-08
2.447076544e-08
2.432478626e-08
2.41726869e-08
2.401878847e-08
2.386426487e-08
2.370899052e-08
2.355245459e-08
2.33941862e-08
2.323415652e-08
2.307253188e-08
2.290949942e-08
2.274588254e-08
2.258350238e-08
2.242515815e-08
2.227473446e-08
2.213743954e-08
2.201875756e-08
2.192725919e-08
2.188533676e-08
2.198738431e-08
2.259362682e-08
7.323370589e-07
7.127299341e-07
6.920544097e-07
6.705792939e-07
6.480617272e-07
6.248560703e-07
6.009996333e-07
5.767095323e-07
5.522051527e-07
5.28267013e-07
5.052323243e-07
4.820432048e-07
4.592790339e-07
4.369084522e-07
4.138170766e-07
3.921032882e-07
3.710866391e-07
3.496230523e-07
3.288742914e-07
3.097580894e-07
2.933291861e-07
2.778782614e-07
2.661832586e-07
2.592434807e-07
2.606241889e-07
2.650968665e-07
2.772408092e-07
2.562118287e-07
2.006483196e-07
1.353171302e-07
8.408742411e-08
5.011951643e-08
3.176243486e-08
2.497902787e-08
2.393147331e-08
2.400267396e-08
2.407186469e-08
2.406733309e-08
2.40064466e-08
2.39089385e-08
2.379191404e-08
2.366576423e-08
2.353489622e-08
2.340056562e-08
2.326282439e-08
2.312140808e-08
2.297615302e-08
2.282735494e-08
2.267555283e-08
2.252134976e-08
2.236589447e-08
2.221134782e-08
2.20609333e-08
2.191905706e-08
2.179090289e-08
2.168136058e-08
2.159904582e-08
2.156531009e-08
2.167410394e-08
2.229174064e-08
7.095825648e-07
6.909943853e-07
6.715385507e-07
6.510176826e-07
6.297392393e-07
6.075922355e-07
5.851246536e-07
5.621009756e-07
5.392249118e-07
5.173243982e-07
4.958338486e-07
4.744273322e-07
4.534976259e-07
4.325528896e-07
4.108419838e-07
3.904279292e-07
3.705077101e-07
3.500718126e-07
3.298655945e-07
3.1041982e-07
2.946585139e-07
2.796466482e-07
2.678330929e-07
2.6054644e-07
2.588842333e-07
2.653079778e-07
2.843553844e-07
2.75814106e-07
2.359970388e-07
1.659440069e-07
1.073578286e-07
6.502241446e-08
3.940828096e-08
2.723403135e-08
2.375773363e-08
2.342728498e-08
2.347620815e-08
2.34890063e-08
2.345311327e-08
2.338489378e-08
2.329954243e-08
2.320575229e-08
2.310657751e-08
2.300249715e-08
2.289313748e-08
2.277795142e-08
2.265664102e-08
2.252945831e-08
2.239706645e-08
2.226044529e-08
2.21211277e-08
2.198169354e-08
2.184582704e-08
2.171808667e-08
2.160275867e-08
2.15039836e-08
2.143081151e-08
2.140432247e-08
2.151924615e-08
2.2148791e-08
6.890414518e-07
6.712455736e-07
6.523215629e-07
6.325280844e-07
6.123356353e-07
5.915824782e-07
5.702784322e-07
5.486513803e-07
5.273076842e-07
5.07059746e-07
4.871024626e-07
4.673802661e-07
4.482660652e-07
4.285532494e-07
4.08117813e-07
3.88838885e-07
3.698571663e-07
3.502258182e-07
3.304074527e-07
3.108404369e-07
2.957610115e-07
2.810601377e-07
2.681687232e-07
2.591954156e-07
2.549641624e-07
2.585441696e-07
2.637045608e-07
2.747448149e-07
2.501395005e-07
1.883137459e-07
1.290488854e-07
8.136086874e-08
4.929231996e-08
3.178257077e-08
2.469542626e-08
2.311462091e-08
2.299750754e-08
2.299898074e-08
2.297205842e-08
2.291985783e-08
2.285547938e-08
2.278588638e-08
2.271277731e-08
2.263594127e-08
2.255463593e-08
2.246799679e-08
2.237538507e-08
2.227662161e-08
2.217199339e-08
2.206237471e-08
2.194919159e-08
2.183476961e-08
2.172208709e-08
2.161429605e-08
2.151414399e-08
2.142642876e-08
2.136199434e-08
2.134201157e-08
2.146325143e-08
2.210526318e-08
6.708587436e-07
6.533431001e-07
6.350781641e-07
6.164151549e-07
5.971195047e-07
5.773084957e-07
5.570501878e-07
5.369418754e-07
5.174272618e-07
4.986867288e-07
4.797221123e-07
4.612556054e-07
4.435633673e-07
4.250089347e-07
4.057229353e-07
3.874816366e-07
3.69423555e-07
3.50641057e-07
3.313842137e-07
3.125365149e-07
2.969368655e-07
2.819207912e-07
2.684882994e-07
2.588304975e-07
2.540661745e-07
2.56999264e-07
2.638326508e-07
2.835563736e-07
2.737687466e-07
2.32294264e-07
1.626118102e-07
1.052244857e-07
6.413968471e-08
3.938714287e-08
2.742494099e-08
2.340349544e-08
2.269520348e-08
2.262973474e-08
2.260100474e-08
2.255688913e-08
2.250350892e-08
2.244691331e-08
2.238869441e-08
2.232863304e-08
2.226615952e-08
2.220055633e-08
2.213123781e-08
2.205780766e-08
2.198017681e-08
2.189873898e-08
2.181407302e-08
2.172715153e-08
2.163883773e-08
2.155018736e-08
2.146348642e-08
2.138606602e-08
2.133077482e-08
2.1317258e-08
2.144553247e-08
2.210125432e-08
6.545611885e-07
6.376875197e-07
6.203990782e-07
6.023597203e-07
5.838453646e-07
5.647013237e-07
5.454929603e-07
5.267057975e-07
5.088555357e-07
4.911210414e-07
4.733971344e-07
4.562067501e-07
4.397479447e-07
4.220288648e-07
4.036167269e-07
3.861214084e-07
3.686612822e-07
3.503372006e-07
3.316487136e-07
3.136595237e-07
2.975851915e-07
2.820974284e-07
2.680666551e-07
2.574940001e-07
2.51542677e-07
2.513363936e-07
2.593663873e-07
2.82073143e-07
2.811802311e-07
2.502095125e-07
1.853169946e-07
1.260116101e-07
7.958755442e-08
4.870774804e-08
3.186111322e-08
2.466417906e-08
2.266854597e-08
2.237472683e-08
2.232662205e-08
2.228914498e-08
2.22454866e-08
2.219911017e-08
2.215157373e-08
2.210302966e-08
2.205329666e-08
2.200203524e-08
2.194889426e-08
2.18935398e-08
2.183574317e-08
2.177537693e-08
2.171197995e-08
2.164503014e-08
2.157375898e-08
2.149857501e-08
2.142285237e-08
2.135589607e-08
2.131071412e-08
2.13038944e-08
2.14398842e-08
2.211177269e-08
6.390520631e-07
6.231169269e-07
6.064296926e-07
5.890430654e-07
5.709835082e-07
5.527034168e-07
5.346596549e-07
5.172169456e-07
5.005857093e-07
4.837952163e-07
4.673107684e-07
4.51415859e-07
4.357351493e-07
4.187513458e-07
4.011041087e-07
3.842056874e-07
3.672457997e-07
3.493472602e-07
3.310383873e-07
3.133032035e-07
2.972350805e-07
2.817756506e-07
2.677529248e-07
2.561373605e-07
2.488797074e-07
2.468208499e-07
2.533918833e-07
2.63382995e-07
2.820026107e-07
2.693136422e-07
2.252224614e-07
1.547183228e-07
9.885050466e-08
6.039317564e-08
3.792637126e-08
2.716190081e-08
2.319523008e-08
2.224636414e-08
2.21071133e-08
2.207021202e-08
2.203774592e-08
2.200315295e-08
2.196712669e-08
2.192999116e-08
2.189185499e-08
2.185266448e-08
2.181218132e-08
2.177004823e-08
2.172586438e-08
2.16790648e-08
2.162864949e-08
2.157363304e-08
2.151319624e-08
2.144852001e-08
2.138408971e-08
2.132936893e-08
2.129485807e-08
2.129469018e-08
2.144068667e-08
2.213297748e-08
6.259259251e-07
6.103415582e-07
5.940685036e-07
5.770159058e-07
5.596001849e-07
5.422245701e-07
5.253307496e-07
5.093284342e-07
4.934651053e-07
4.775701072e-07
4.620807517e-07
4.473429921e-07
4.32102501e-07
4.156679913e-07
3.9863731e-07
3.821887254e-07
3.654972047e-07
3.477731376e-07
3.296697242e-07
3.118671757e-07
2.950997891e-07
2.805190884e-07
2.66754584e-07
2.550735345e-07
2.476530822e-07
2.45617409e-07
2.512574706e-07
2.614826973e-07
2.851822306e-07
2.813607983e-07
2.46056923e-07
1.782278734e-07
1.19272442e-07
7.507962416e-08
4.661517105e-08
3.130282606e-08
2.459441467e-08
2.240698683e-08
2.195355552e-08
2.188307199e-08
2.185633414e-08
2.183162166e-08
2.180608924e-08
2.177943785e-08
2.175173097e-08
2.172301521e-08
2.16931363e-08
2.166156668e-08
2.162765642e-08
2.15906363e-08
2.154959538e-08
2.1503868e-08
2.145325812e-08
2.139976977e-08
2.134827788e-08
2.1307038e-08
2.128250295e-08
2.128884084e-08
2.144880124e-08
2.216653651e-08
6.144174182e-07
5.991847446e-07
5.831351611e-07
5.665952955e-07
5.499160777e-07
5.334992994e-07
5.177010834e-07
5.027105046e-07
4.874967136e-07
4.724107562e-07
4.577676155e-07
4.438935078e-07
4.289334169e-07
4.128678418e-07
3.963019971e-07
3.802128608e-07
3.636387107e-07
3.46049953e-07
3.281679873e-07
3.105616577e-07
2.940723052e-07
2.793434708e-07
2.654264205e-07
2.533474574e-07
2.451671524e-07
2.419803522e-07
2.446594311e-07
2.537741332e-07
2.674747224e-07
2.793723779e-07
2.594111602e-07
2.062360124e-07
1.422448546e-07
9.183143621e-08
5.722059747e-08
3.69035962e-08
2.701905538e-08
2.309472942e-08
2.19393276e-08
2.173855856e-08
2.170519723e-08
2.168672078e-08
2.166832423e-08
2.164921126e-08
2.162918216e-08
2.160821562e-08
2.158628856e-08
2.156281611e-08
2.153691865e-08
2.150780565e-08
2.147490259e-08
2.143804215e-08
2.139768428e-08
2.135626546e-08
2.131824041e-08
2.128939853e-08
2.127266128e-08
2.128428112e-08
2.145744198e-08
2.219893905e-08
6.046953246e-07
5.895889872e-07
5.739213034e-07
5.579630404e-07
5.420515958e-07
5.265805152e-07
5.121119324e-07
4.975964156e-07
4.829825978e-07
4.685740066e-07
4.546525786e-07
4.411527571e-07
4.262306713e-07
4.103699473e-07
3.94054012e-07
3.781803996e-07
3.616788729e-07
3.441605139e-07
3.264639818e-07
3.091445082e-07
2.930620737e-07
2.781723912e-07
2.641940644e-07
2.520574808e-07
2.430563192e-07
2.386775112e-07
2.395791068e-07
2.488287514e-07
2.611859253e-07
2.850888434e-07
2.788065349e-07
2.40352341e-07
1.7199401e-07
1.145514415e-07
7.22804559e-08
4.53463213e-08
3.094960589e-08
2.457593923e-08
2.227486982e-08
2.168469576e-08
2.159621723e-08
2.157666186e-08
2.15616348e-08
2.154654272e-08
2.153096499e-08
2.151475192e-08
2.149785796e-08
2.147974975e-08
2.14595065e-08
2.143651915e-08
2.141059873e-08
2.138204089e-08
2.135171827e-08
2.132187232e-08
2.129563453e-08
2.12760154e-08
2.126439321e-08
2.127969884e-08
2.146278495e-08
2.22222309e-08
5.965254829e-07
5.81731186e-07
5.665434508e-07
5.512448963e-07
5.361826236e-07
5.216741103e-07
5.077595567e-07
4.937831208e-07
4.796724743e-07
4.658660778e-07
4.526371288e-07
4.39141519e-07
4.243320583e-07
4.087812047e-07
3.930581252e-07
3.768505784e-07
3.600172421e-07
3.423688244e-07
3.246933119e-07
3.07424905e-07
2.913727479e-07
2.767082472e-07
2.628983698e-07
2.508613516e-07
2.414899823e-07
2.367564601e-07
2.376137529e-07
2.456385303e-07
2.583257285e-07
2.855929507e-07
2.874535892e-07
2.581458296e-07
1.945707314e-07
1.354767292e-07
8.812222843e-08
5.540118447e-08
3.623846803e-08
2.694605394e-08
2.311784282e-08
2.181663161e-08
2.154294277e-08
2.15036778e-08
2.14882887e-08
2.147426424e-08
2.146033356e-08
2.144626581e-08
2.143189788e-08
2.141678413e-08
2.140018343e-08
2.138172298e-08
2.136150964e-08
2.134005868e-08
2.13182205e-08
2.129749726e-08
2.127951033e-08
2.126545386e-08
2.125670607e-08
2.127422141e-08
2.146343398e-08
2.223625435e-08
5.903414826e-07
5.759207218e-07
5.61274892e-07
5.46721598e-07
5.326513542e-07
5.192288372e-07
5.05419498e-07
4.914882803e-07
4.776295962e-07
4.641615248e-07
4.513189755e-07
4.375606113e-07
4.226543854e-07
4.070834441e-07
3.9136089e-07
3.752547751e-07
3.583188132e-07
3.406404863e-07
3.230076497e-07
3.058146357e-07
2.898313229e-07
2.754292734e-07
2.617836655e-07
2.497433876e-07
2.401270615e-07
2.3489372e-07
2.350058871e-07
2.411889155e-07
2.525298298e-07
2.670178765e-07
2.89648128e-07
2.795673069e-07
2.368946072e-07
1.668176577e-07
1.097249537e-07
6.890496224e-08
4.363467525e-08
3.041751457e-08
2.459238533e-08
2.230665185e-08
2.158135595e-08
2.146387504e-08
2.144299908e-08
2.14284971e-08
2.141465656e-08
2.140114147e-08
2.138778182e-08
2.137419493e-08
2.135986756e-08
2.134459336e-08
2.132857788e-08
2.131227334e-08
2.129622955e-08
2.128119184e-08
2.126780852e-08
2.125654926e-08
2.124929955e-08
2.126829566e-08
2.146184769e-08
2.224512096e-08
5.865216121e-07
5.725075475e-07
5.584555183e-07
5.446917702e-07
5.313806739e-07
5.181434078e-07
5.044232676e-07
4.905555227e-07
4.768591512e-07
4.63634854e-07
4.506384895e-07
4.363424735e-07
4.211507079e-07
4.054263463e-07
3.896111448e-07
3.735589675e-07
3.56545778e-07
3.389097914e-07
3.213966909e-07
3.04354336e-07
2.885058259e-07
2.744186858e-07
2.610219116e-07
2.490930094e-07
2.393695636e-07
2.336782118e-07
2.329042468e-07
2.375802648e-07
2.500930842e-07
2.659304522e-07
2.945346709e-07
2.931144607e-07
2.584499466e-07
1.902752125e-07
1.299550543e-07
8.365696477e-08
5.27842655e-08
3.5184315e-08
2.675676882e-08
2.320801524e-08
2.182836096e-08
2.146656682e-08
2.141688482e-08
2.140089462e-08
2.138677277e-08
2.137332562e-08
2.136036049e-08
2.134755529e-08
2.133458435e-08
2.132131196e-08
2.130788879e-08
2.129459665e-08
2.128170975e-08
2.126954203e-08
2.125833766e-08
2.124839763e-08
2.124198831e-08
2.126189995e-08
2.145808512e-08
2.22496569e-08
5.849606099e-07
5.714453483e-07
5.58020479e-07
5.44678605e-07
5.314182235e-07
5.180312409e-07
5.042576614e-07
4.903980671e-07
4.767777943e-07
4.635175344e-07
4.49847347e-07
4.350017609e-07
4.194381404e-07
4.03509617e-07
3.876002146e-07
3.716006594e-07
3.545225062e-07
3.369930535e-07
3.196658105e-07
3.028288003e-07
2.87111458e-07
2.729798112e-07
2.601925193e-07
2.486183576e-07
2.390570901e-07
2.326936928e-07
2.310228888e-07
2.347258202e-07
2.455423048e-07
2.604180719e-07
2.901521869e-07
2.963966671e-07
2.725821591e-07
2.160839327e-07
1.509876664e-07
9.907650492e-08
6.282684753e-08
4.087491511e-08
2.954053939e-08
2.451482863e-08
2.237697379e-08
2.155655732e-08
2.140627793e-08
2.138369938e-08
2.136934085e-08
2.135594613e-08
2.134322808e-08
2.133088509e-08
2.131869105e-08
2.130655458e-08
2.129455038e-08
2.128283809e-08
2.127155533e-08
2.126084077e-08
2.125081848e-08
2.124179394e-08
2.123623222e-08
2.125731736e-08
2.145666697e-08
2.225417945e-08
5.850854909e-07
5.723237324e-07
5.595396731e-07
5.465220045e-07
5.328079579e-07
5.187059958e-07
5.044309152e-07
4.902512977e-07
4.764671816e-07
4.628767279e-07
4.48262707e-07
4.328083451e-07
4.168633477e-07
4.008108961e-07
3.850064363e-07
3.688933238e-07
3.518631085e-07
3.345444784e-07
3.175384386e-07
3.010915392e-07
2.858001797e-07
2.721456557e-07
2.594953338e-07
2.480519752e-07
2.385310192e-07
2.31727604e-07
2.295158494e-07
2.327326294e-07
2.420920237e-07
2.552466044e-07
2.717891664e-07
2.968574784e-07
2.89218295e-07
2.483523344e-07
1.780185849e-07
1.192531248e-07
7.618795193e-08
4.861403717e-08
3.344802128e-08
2.633757792e-08
2.326602737e-08
2.189086296e-08
2.144117706e-08
2.137455354e-08
2.135774677e-08
2.134405897e-08
2.133141858e-08
2.131937029e-08
2.130772143e-08
2.129643201e-08
2.128550024e-08
2.127502551e-08
2.126506951e-08
2.12556276e-08
2.124665979e-08
2.123837971e-08
2.12333349e-08
2.125508634e-08
2.14564612e-08
2.225690383e-08
5.847711279e-07
5.723922166e-07
5.596207461e-07
5.460202528e-07
5.318269967e-07
5.173094136e-07
5.027597681e-07
4.884934111e-07
4.744111402e-07
4.599941132e-07
4.446445563e-07
4.287200314e-07
4.125340278e-07
3.964768292e-07
3.810320219e-07
3.649371284e-07
3.481443284e-07
3.312054812e-07
3.146740771e-07
2.987651975e-07
2.840548773e-07
2.709016947e-07
2.584385663e-07
2.471220124e-07
2.375960433e-07
2.30584023e-07
2.279586476e-07
2.305952089e-07
2.390735387e-07
2.529582672e-07
2.705053217e-07
3.006640432e-07
3.002801393e-07
2.662000474e-07
1.983742392e-07
1.374296604e-07
8.98965637e-08
5.750390243e-08
3.841275695e-08
2.87804069e-08
2.449550669e-08
2.253125058e-08
2.162266133e-08
2.139087562e-08
2.1354351e-08
2.133808326e-08
2.132474193e-08
2.131296344e-08
2.130221884e-08
2.129235044e-08
2.128300465e-08
2.127390577e-08
2.12648935e-08
2.12559532e-08
2.124710313e-08
2.123865594e-08
2.123333339e-08
2.125533402e-08
2.145897027e-08
2.226055123e-08
5.812689309e-07
5.686061802e-07
5.551514303e-07
5.410603884e-07
5.265518425e-07
5.118898898e-07
4.973243337e-07
4.829343018e-07
4.687290982e-07
4.537648213e-07
4.382108658e-07
4.223947736e-07
4.066589541e-07
3.913980881e-07
3.759258188e-07
3.598930292e-07
3.434143666e-07
3.269580222e-07
3.110136097e-07
2.957625896e-07
2.817696921e-07
2.691404413e-07
2.568684902e-07
2.456859255e-07
2.361475824e-07
2.28881342e-07
2.256491851e-07
2.271859971e-07
2.337805426e-07
2.474443063e-07
2.647427114e-07
2.963334492e-07
3.030270808e-07
2.798599302e-07
2.260044315e-07
1.578749506e-07
1.044382313e-07
6.710332575e-08
4.409648234e-08
3.177362541e-08
2.600621131e-08
2.341503919e-08
2.208535724e-08
2.149971329e-08
2.137688448e-08
2.134829945e-08
2.133083946e-08
2.131752502e-08
2.130677171e-08
2.129750202e-08
2.128868098e-08
2.127962654e-08
2.127009717e-08
2.126024116e-08
2.125027115e-08
2.124072304e-08
2.123444527e-08
2.12560151e-08
2.146115372e-08
2.226563471e-08
5.705533853e-07
5.576355434e-07
5.44040519e-07
5.299722687e-07
5.156823295e-07
5.014137303e-07
4.872499168e-07
4.731162271e-07
4.587714069e-07
4.437300895e-07
4.283775157e-07
4.130063095e-07
3.979347216e-07
3.834594849e-07
3.68762287e-07
3.533405903e-07
3.375980299e-07
3.219219062e-07
3.067751409e-07
2.923100835e-07
2.790364973e-07
2.669165945e-07
2.550046243e-07
2.440535276e-07
2.345919857e-07
2.272090907e-07
2.23505687e-07
2.244573765e-07
2.307022382e-07
2.42598118e-07
2.576114411e-07
2.753579112e-07
3.009584358e-07
2.934524916e-07
2.528187097e-07
1.825261473e-07
1.236179174e-07
8.015194252e-08
5.188979379e-08
3.588224259e-08
2.801137251e-08
2.448076304e-08
2.275540432e-08
2.180260527e-08
2.145214009e-08
2.137885208e-08
2.135283581e-08
2.133508372e-08
2.132155454e-08
2.131049365e-08
2.130018582e-08
2.12894925e-08
2.127812095e-08
2.126636505e-08
2.125458481e-08
2.124351323e-08
2.123617724e-08
2.125784221e-08
2.146690098e-08
2.227615141e-08
5.52265458e-07
5.396196835e-07
5.264736217e-07
5.130446746e-07
4.995812574e-07
4.860748947e-07
4.726451054e-07
4.591213754e-07
4.449651446e-07
4.304838613e-07
4.159180825e-07
4.015269435e-07
3.875823984e-07
3.742960201e-07
3.604979458e-07
3.460376226e-07
3.312823067e-07
3.165772701e-07
3.023549181e-07
2.887479618e-07
2.762476664e-07
2.646327494e-07
2.531045589e-07
2.423963137e-07
2.330398984e-07
2.256552354e-07
2.213694888e-07
2.216841903e-07
2.273684097e-07
2.390333948e-07
2.543233515e-07
2.730596912e-07
3.040007504e-07
3.03721544e-07
2.69513263e-07
2.018430634e-07
1.410270209e-07
9.338816823e-08
6.057633743e-08
4.083733822e-08
3.053361988e-08
2.575089765e-08
2.353278883e-08
2.229807241e-08
2.163708535e-08
2.14355908e-08
2.138467178e-08
2.135866784e-08
2.133980395e-08
2.132505264e-08
2.131197481e-08
2.129896138e-08
2.128549175e-08
2.127181543e-08
2.125831123e-08
2.124582167e-08
2.123745558e-08
2.125862133e-08
2.146924452e-08
2.228431362e-08
5.290332589e-07
5.173014435e-07
5.052388263e-07
4.929945519e-07
4.806497873e-07
4.682562879e-07
4.558229121e-07
4.42927117e-07
4.296935968e-07
4.163522624e-07
4.031353311e-07
3.903049499e-07
3.781471457e-07
3.657513642e-07
3.528191831e-07
3.393210138e-07
3.255565945e-07
3.118272734e-07
2.984656436e-07
2.85654505e-07
2.738416495e-07
2.626388522e-07
2.513717041e-07
2.407827801e-07
2.314144609e-07
2.23914729e-07
2.190443927e-07
2.186816649e-07
2.23599813e-07
2.343078549e-07
2.494439831e-07
2.685748421e-07
3.017013448e-07
3.078848873e-07
2.832949723e-07
2.281490119e-07
1.604959022e-07
1.072752505e-07
6.974810981e-08
4.629643796e-08
3.344255722e-08
2.722450325e-08
2.436769413e-08
2.286720829e-08
2.194427844e-08
2.153022436e-08
2.142133265e-08
2.138302391e-08
2.135808783e-08
2.133884921e-08
2.132261965e-08
2.130735198e-08
2.129218002e-08
2.127707686e-08
2.126228361e-08
2.124867428e-08
2.123953335e-08
2.126095108e-08
2.147540309e-08
2.229608429e-08
5.058352709e-07
4.952951048e-07
4.843546481e-07
4.732847545e-07
4.621878717e-07
4.510466568e-07
4.394438534e-07
4.274995455e-07
4.154094938e-07
4.033634594e-07
3.915680339e-07
3.802318267e-07
3.694912539e-07
3.582650737e-07
3.462378802e-07
3.336773924e-07
3.208116409e-07
3.07924371e-07
2.952844115e-07
2.831129149e-07
2.719040171e-07
2.608995286e-07
2.497680682e-07
2.391730132e-07
2.296455421e-07
2.21823437e-07
2.164304446e-07
2.153469611e-07
2.193248014e-07
2.286821704e-07
2.429517505e-07
2.609050535e-07
2.840814445e-07
3.053924372e-07
2.960382001e-07
2.546393143e-07
1.843637559e-07
1.25578793e-07
8.211582277e-08
5.366951086e-08
3.73360493e-08
2.912092428e-08
2.533525191e-08
2.348270527e-08
2.235887743e-08
2.169857929e-08
2.146537698e-08
2.140152217e-08
2.137007525e-08
2.13471401e-08
2.13284079e-08
2.131153137e-08
2.12955097e-08
2.127993852e-08
2.126472544e-08
2.12506892e-08
2.124119961e-08
2.126242172e-08
2.147805451e-08
2.230535646e-08
4.871562277e-07
4.775569214e-07
4.677416513e-07
4.578395e-07
4.47827508e-07
4.373523394e-07
4.265384193e-07
4.155656233e-07
4.046023344e-07
3.938348996e-07
3.834811211e-07
3.737825087e-07
3.637273277e-07
3.530707679e-07
3.416881296e-07
3.297744714e-07
3.175287937e-07
3.052128229e-07
2.930613417e-07
2.8130261e-07
2.703979818e-07
2.594881843e-07
2.483218812e-07
2.375733084e-07
2.277602357e-07
2.194982775e-07
2.134882398e-07
2.116042956e-07
2.147093179e-07
2.23438573e-07
2.366343431e-07
2.533180408e-07
2.733406135e-07
3.047442208e-07
3.044167232e-07
2.69949875e-07
2.021081231e-07
1.415476408e-07
9.419776906e-08
6.155134602e-08
4.18102344e-08
3.138754485e-08
2.646212025e-08
2.413998159e-08
2.281518096e-08
2.193920771e-08
2.152985402e-08
2.141897871e-08
2.137979875e-08
2.13544829e-08
2.133401118e-08
2.131586155e-08
2.129918269e-08
2.128340278e-08
2.126813205e-08
2.125405714e-08
2.124468e-08
2.126685187e-08
2.148676187e-08
2.232029071e-08
4.75479466e-07
4.667269859e-07
4.576834167e-07
4.484183718e-07
4.386133484e-07
4.285135187e-07
4.182520051e-07
4.079661382e-07
3.978092459e-07
3.87948542e-07
3.785473175e-07
3.697086545e-07
3.602261898e-07
3.498954424e-07
3.388880358e-07
3.273369146e-07
3.154339407e-07
3.034348041e-07
2.915087312e-07
2.799272806e-07
2.691487621e-07
2.581293808e-07
2.468005717e-07
2.358094874e-07
2.256475606e-07
2.168924729e-07
2.101970982e-07
2.073788653e-07
2.093256207e-07
2.1679107e-07
2.298002596e-07
2.466356238e-07
2.675824243e-07
3.021226332e-07
3.072555214e-07
2.793531715e-07
2.172941124e-07
1.554309321e-07
1.048286228e-07
6.876740667e-08
4.618396246e-08
3.376594289e-08
2.769583855e-08
2.484441069e-08
2.330994959e-08
2.227629152e-08
2.164978008e-08
2.14385559e-08
2.138403662e-08
2.135745158e-08
2.133691445e-08
2.131868975e-08
2.130193579e-08
2.128624031e-08
2.12712935e-08
2.125760656e-08
2.124856709e-08
2.127076981e-08
2.149062567e-08
2.232846957e-08
4.709090568e-07
4.624362759e-07
4.533622884e-07
4.439115595e-07
4.341879634e-07
4.243038889e-07
4.143872659e-07
4.045839883e-07
3.950535686e-07
3.859580901e-07
3.774574103e-07
3.685917714e-07
3.589536995e-07
3.486207103e-07
3.376570188e-07
3.261742974e-07
3.143580745e-07
3.024857996e-07
2.90609107e-07
2.790731282e-07
2.68201399e-07
2.569976875e-07
2.454432154e-07
2.341877244e-07
2.236989404e-07
2.145186832e-07
2.072491431e-07
2.035150993e-07
2.042867992e-07
2.10360311e-07
2.223570058e-07
2.381600079e-07
2.584634693e-07
2.942603259e-07
3.063580536e-07
2.902393638e-07
2.445844442e-07
1.738505647e-07
1.170031534e-07
7.647435313e-08
5.073614246e-08
3.624776616e-08
2.898972193e-08
2.556913515e-08
2.379684737e-08
2.262542904e-08
2.181450016e-08
2.147390605e-08
2.139355664e-08
2.136529088e-08
2.134531237e-08
2.132746559e-08
2.131059507e-08
2.129444333e-08
2.127919972e-08
2.126545152e-08
2.125654144e-08
2.127937328e-08
2.150147718e-08
2.234297614e-08
4.695956188e-07
4.607527902e-07
4.515353981e-07
4.420327509e-07
4.323516068e-07
4.22618342e-07
4.129800389e-07
4.036024964e-07
3.946601556e-07
3.863185947e-07
3.776062672e-07
3.684448209e-07
3.585550059e-07
3.480342161e-07
3.369363689e-07
3.253665322e-07
3.135053982e-07
3.016306403e-07
2.89731113e-07
2.781773914e-07
2.672620245e-07
2.558707195e-07
2.441718092e-07
2.327779211e-07
2.221453532e-07
2.128061236e-07
2.053781852e-07
2.012211682e-07
2.01538716e-07
2.070792092e-07
2.183031101e-07
2.331772115e-07
2.518913867e-07
2.761948618e-07
3.004216167e-07
2.945956704e-07
2.564735315e-07
1.875461234e-07
1.288465277e-07
8.504609266e-08
5.612096401e-08
3.924797986e-08
3.053082554e-08
2.637952316e-08
2.430981459e-08
2.303093514e-08
2.20898387e-08
2.154631165e-08
2.139485367e-08
2.136195561e-08
2.134470695e-08
2.132947493e-08
2.131449356e-08
2.129956318e-08
2.128511639e-08
2.127200364e-08
2.12635499e-08
2.128624013e-08
2.150691885e-08
2.235071818e-08
)
;

boundaryField
{
    inletCH4
    {
        type            fixedValue;
        value           uniform 0;
    }
    wallOutside
    {
        type            zeroGradient;
    }
    wallTube
    {
        type            zeroGradient;
    }
    inletPilot
    {
        type            fixedValue;
        value           uniform 0;
    }
    inletAir
    {
        type            fixedValue;
        value           uniform 0;
    }
    outlet
    {
        type            zeroGradient;
    }
    axis
    {
        type            empty;
    }
    frontAndBack_pos
    {
        type            wedge;
    }
    frontAndBack_neg
    {
        type            wedge;
    }
}


// ************************************************************************* //
