/*--------------------------------*- C++ -*----------------------------------*\
  =========                 |
  \\      /  F ield         | OpenFOAM: The Open Source CFD Toolbox
   \\    /   O peration     | Website:  https://openfoam.org
    \\  /    A nd           | Version:  10
     \\/     M anipulation  |
\*---------------------------------------------------------------------------*/
FoamFile
{
    format      ascii;
    class       volScalarField;
    location    "0.02498436188";
    object      O2;
}
// * * * * * * * * * * * * * * * * * * * * * * * * * * * * * * * * * * * * * //

dimensions      [0 0 0 0 0 0 0];

internalField   nonuniform List<scalar> 
5170
(
0.1965999906
0.1965999906
0.1965999907
0.1965999914
0.1965999994
0.1965999813
0.1965999813
0.1965999815
0.1965999827
0.1965999893
0.1965999721
0.1965999721
0.1965999725
0.1965999738
0.1965999793
0.196599963
0.1965999631
0.1965999635
0.1965999649
0.1965999693
0.196599954
0.1965999541
0.1965999546
0.196599956
0.1965999592
0.1965999451
0.1965999453
0.1965999457
0.1965999471
0.1965999492
0.1965999364
0.1965999365
0.196599937
0.1965999381
0.1965999391
0.1965999277
0.1965999278
0.1965999283
0.1965999291
0.1965999291
0.1965999191
0.1965999192
0.1965999196
0.19659992
0.196599919
0.1965999105
0.1965999107
0.1965999109
0.1965999109
0.1965999088
0.196599902
0.1965999021
0.1965999023
0.1965999017
0.1965998986
0.1965998936
0.1965998936
0.1965998936
0.1965998925
0.1965998884
0.1965998852
0.1965998852
0.196599885
0.1965998832
0.1965998781
0.1965998768
0.1965998768
0.1965998764
0.1965998739
0.1965998679
0.1965998685
0.1965998684
0.1965998677
0.1965998645
0.1965998576
0.1965998602
0.19659986
0.196599859
0.196599855
0.1965998473
0.1965998519
0.1965998517
0.1965998503
0.1965998455
0.1965998371
0.1965998437
0.1965998433
0.1965998416
0.196599836
0.1965998269
0.1965998355
0.1965998349
0.1965998319
0.1965998195
0.1965997888
0.1965998169
0.1965997685
0.1965993585
0.1965965209
0.1965838057
0.05312800109
0.05314339921
0.05314563872
0.0531566174
0.05316266575
0.05263675038
0.05270898397
0.05270818872
0.05271923971
0.0526588915
0.05242520299
0.05248896237
0.05248580821
0.05248171937
0.05242243539
0.05233726762
0.05238034673
0.05237753344
0.0523645685
0.05232539287
0.05229515604
0.05232345677
0.05232106602
0.05230812203
0.05228031304
0.05227360305
0.0522923922
0.05229217407
0.05227822506
0.0522541211
0.05224922546
0.0522722473
0.0522718478
0.05225115858
0.05219872898
0.05220844263
0.05224583576
0.05224786936
0.05221946654
0.05213251936
0.05214771414
0.05221055313
0.05221365579
0.05216493581
0.0520801031
0.05209170934
0.05214460021
0.05215834335
0.05211300375
0.05203525921
0.05204929277
0.05209481833
0.05211012307
0.05207009053
0.05200351112
0.05201957893
0.05206165329
0.05207161763
0.0520320913
0.05197362846
0.05199168865
0.05203102247
0.0520363683
0.05199833381
0.05194593538
0.05196445579
0.05200179445
0.05200455658
0.05196896533
0.05192176308
0.0519393205
0.05197454422
0.05197608658
0.05194352464
0.05190193386
0.05191751863
0.05194955233
0.05195043726
0.05192127464
0.05188557249
0.05189925801
0.05192657205
0.05192692058
0.05190181664
0.05187182958
0.05188451924
0.05190660062
0.05190632031
0.05188533858
0.05186188907
0.05184674421
0.05188388828
0.05188907358
0.05187629143
0.0518645057
0.04862818792
0.05124594939
0.05190750951
0.05219678496
0.05265682506
0.1965994262
0.1965967517
0.1965524717
0.1958934667
0.1871361314
0.196597647
0.1965851731
0.1964207218
0.1947182818
0.1822355113
0.19659254
0.1965556816
0.1961571707
0.1930796133
0.1784545878
0.1965807061
0.196494561
0.1957106758
0.1910126319
0.1752674519
0.1965563123
0.1963814258
0.195020887
0.1886210581
0.1725323688
0.1965081007
0.196175866
0.1940032633
0.186052803
0.1700366435
0.1964172386
0.1958234479
0.1926209767
0.1833906588
0.167541768
0.1962552506
0.1952641227
0.1908850616
0.1806723971
0.1650035266
0.195975834
0.1944209879
0.1888230273
0.1779342159
0.1624917895
0.1955074072
0.1932185702
0.1864766494
0.1751574789
0.1599811509
0.1947355951
0.191563679
0.1838668462
0.1723246212
0.1574564169
0.1934430058
0.1893952229
0.181039511
0.1694017125
0.1548751647
0.1913415981
0.1866944415
0.1779730353
0.1663496219
0.1521805973
0.1884753678
0.1835214274
0.1746719271
0.163170516
0.1493973015
0.1846158473
0.1797486482
0.1710434834
0.1598039647
0.1464795
0.1799964029
0.1754175878
0.1670268202
0.1561545554
0.1433400879
0.1745218927
0.1703120267
0.1623903078
0.1520400415
0.1398494573
0.1680390925
0.1643000828
0.1570267955
0.147335797
0.1358182466
0.1610615146
0.1577581482
0.1511283612
0.1421011775
0.1312683519
0.1537731335
0.1508857159
0.1450559334
0.1371525273
0.1278181102
0.1469249532
0.1447475944
0.1404414784
0.1348552542
0.1287002876
0.1433371975
0.1422957913
0.1402765214
0.1378027291
0.1353662452
0.1468148591
0.1465995818
0.146259684
0.1460248075
0.1461309326
0.1559244095
0.1560983726
0.1565557527
0.1573729773
0.1586286869
0.1673807491
0.1676693334
0.1683482393
0.1694196918
0.1708786095
0.1785934928
0.1788661264
0.1794865843
0.1804415637
0.1817124865
0.1876639013
0.1878843913
0.1883869874
0.189154327
0.1901642689
0.1949018973
0.1950725355
0.1954593778
0.1960470272
0.1968166553
0.2005480066
0.2006770466
0.200968337
0.2014097644
0.2019870943
0.2049122557
0.2050090412
0.205226843
0.2055566065
0.2059881149
0.208278238
0.2083509497
0.2085141768
0.2087613136
0.2090852313
0.2108812087
0.2109364026
0.2110600524
0.2112473531
0.2114933857
0.2129081415
0.2129507929
0.213046148
0.2131906694
0.2133809588
0.2145007164
0.2145344334
0.2146096522
0.2147236986
0.2148741955
0.2157622322
0.2157895648
0.2158503911
0.2159426249
0.2160645716
0.2167683112
0.2167910371
0.2168414815
0.2169179567
0.2170192239
0.2175771607
0.2175965146
0.2176393608
0.2177042878
0.2177903652
0.2182358595
0.2182526872
0.2182898515
0.2183461381
0.2184208256
0.2187828177
0.2187976944
0.2188304828
0.2188801169
0.2189460206
0.2192484111
0.2192617251
0.2192910244
0.2193353604
0.2193942599
0.2196554871
0.2196675053
0.2196939245
0.2197338937
0.2197870156
0.2200203082
0.2200312195
0.2200551898
0.2200914515
0.2201396653
0.2203539034
0.2203638491
0.22038569
0.2204187319
0.2204626812
0.2206634823
0.2206725735
0.2206925349
0.2207227372
0.2207629241
0.2209536853
0.220962014
0.2209803004
0.2210079732
0.2210448069
0.2212275291
0.2212351736
0.2212519584
0.2212773637
0.2213111905
0.2214870486
0.2214940769
0.2215095099
0.2215328738
0.221563992
0.2217336905
0.2217401622
0.2217543747
0.2217758952
0.2218045665
0.2219685575
0.2219745257
0.2219876336
0.2220074852
0.2220339404
0.2221925508
0.2221980622
0.2222101684
0.2222285065
0.2222529507
0.2224064678
0.2224115648
0.2224227615
0.2224397246
0.2224623415
0.2226108878
0.2226156074
0.2226259766
0.2226416887
0.2226626423
0.2228064906
0.2228108667
0.2228204821
0.2228350543
0.2228544919
0.2229938307
0.2229978934
0.2230068209
0.2230203527
0.223038406
0.2231734146
0.2231771908
0.2231854896
0.2231980701
0.2232148574
0.2233457037
0.2233492177
0.2233569409
0.2233686504
0.2233842783
0.223511116
0.2235143896
0.2235215852
0.223532496
0.2235470603
0.2236700382
0.2236730913
0.2236798025
0.2236899802
0.223703568
0.2238228259
0.2238256762
0.2238319423
0.2238414458
0.2238541353
0.2239698235
0.2239724874
0.2239783438
0.2239872271
0.22399909
0.2241113446
0.2241138366
0.2241193154
0.2241276268
0.2241387274
0.2242477103
0.2242500439
0.2242551747
0.2242629589
0.2242733566
0.2243791721
0.2243813592
0.2243861682
0.2243934648
0.2244032123
0.2245060175
0.2245080694
0.2245125816
0.2245194283
0.2245285759
0.2246284075
0.2246303339
0.2246345704
0.2246409992
0.2246495893
0.2247466718
0.2247484823
0.2247524638
0.2247585063
0.2247665811
0.2248607894
0.2248624914
0.2248662348
0.2248719162
0.2248795091
0.224971109
0.2249727115
0.224976236
0.2249815855
0.2249887355
0.225075912
0.2250774215
0.2250807415
0.2250857809
0.2250925168
0.2251659138
0.2251673477
0.2251705018
0.2251752898
0.2251816902
0.1620306624
0.1606600303
0.1595370719
0.1582102407
0.1568084496
0.1552869839
0.1535615606
0.1516703077
0.1497567288
0.1477915482
0.145762604
0.1436347838
0.1413514349
0.1389949155
0.1365052594
0.1338080951
0.1308143115
0.1272472407
0.1231530065
0.1210148636
0.1245845725
0.1339744955
0.1464676445
0.1596894052
0.1720120544
0.1826855117
0.1909282505
0.1973976481
0.2024237618
0.2063158557
0.2093326687
0.2116826007
0.2135283801
0.2149916821
0.2161605129
0.2170995109
0.2178591063
0.2184808555
0.2189992735
0.2194420509
0.2198302513
0.2201789927
0.220498586
0.2207957913
0.2210749562
0.2213388956
0.2215894915
0.2218280708
0.222055636
0.2222730039
0.2224809013
0.2226798418
0.222870451
0.2230532321
0.2232286468
0.2233971178
0.2235590284
0.2237147356
0.2238645665
0.2240088432
0.2241478551
0.2242819075
0.2244112295
0.2245361006
0.2246566562
0.2247732247
0.2248857568
0.2249946193
0.2250980603
0.2251869582
0.1115132197
0.02503404573
0.05084532052
0.07100959362
0.1132046952
0.1214562713
0.05512848589
0.03121421952
0.07700147509
0.1367131271
0.1259387426
0.07121421473
0.01913305001
0.0687329046
0.1404907862
0.1281832111
0.07796244031
0.01936609558
0.05334142656
0.1233734125
0.1293427837
0.08292984771
0.02949826309
0.03723866683
0.09889053672
0.1298485495
0.08699755774
0.03900919535
0.02486328601
0.07579314496
0.1298363514
0.09006404101
0.04568672441
0.01777479522
0.05526425825
0.1294155484
0.09236549591
0.05116155081
0.01611661738
0.03940577617
0.1287996178
0.09413843754
0.05576137024
0.01973903155
0.02818186831
0.1279717183
0.09537036409
0.05925126754
0.02330995944
0.02012984133
0.1269396706
0.09604802824
0.0616997028
0.02646350237
0.0149420352
0.125692198
0.09631203912
0.06370817444
0.02993188949
0.01242121595
0.1242175202
0.09629636928
0.06565057065
0.03409831758
0.01349342416
0.122651497
0.09617169984
0.06732556131
0.03756258466
0.0153355547
0.1209313753
0.0958019248
0.06854258197
0.04023289725
0.01715662914
0.1189869069
0.09513780765
0.06935032631
0.04248203362
0.01919329936
0.1168115882
0.09430391088
0.06995982917
0.04442183161
0.02131177835
0.1140224865
0.09257575454
0.06916440184
0.04431970458
0.02175656743
0.1106588151
0.09001007782
0.06710441576
0.0424503352
0.02101217171
0.1106490641
0.09461119041
0.07833991464
0.06033359286
0.03500162648
0.1183235326
0.1108374544
0.1066526037
0.1068765708
0.1127122848
0.1316923329
0.1309460848
0.1337681419
0.14049728
0.1508621976
0.1466567467
0.1493096409
0.154524439
0.1619714965
0.1710038483
0.1609198837
0.1645190986
0.1696994758
0.1760546609
0.1830450114
0.1733867634
0.1767156012
0.1810553989
0.1860496134
0.1913301241
0.1838879923
0.1865900413
0.1899541441
0.1937157966
0.1976278282
0.1918790229
0.1939631295
0.1965136922
0.19933926
0.2022700179
0.1981262314
0.1997031958
0.2016207241
0.2037427413
0.2059514961
0.2029760702
0.2041635182
0.2056055708
0.2072063003
0.2088833784
0.2067345443
0.2076308344
0.2087206872
0.2099368719
0.2112216139
0.2096524283
0.2103344365
0.2111657294
0.2120994093
0.2130948638
0.2119303086
0.2124565556
0.213099618
0.2138267934
0.2146094267
0.2137241581
0.2141380411
0.2146447141
0.2152212484
0.2158472637
0.2151501719
0.2154830436
0.2158907212
0.2163569672
0.2168671273
0.2162921634
0.2165662827
0.2169015585
0.2172863695
0.2177100549
0.2172116701
0.2174427414
0.2177245026
0.2180485503
0.2184070328
0.2179568427
0.2181558816
0.2183975542
0.2186757116
0.2189844923
0.2185675781
0.2187422305
0.2189533184
0.2191962705
0.2194666325
0.2190772316
0.2192327469
0.2194199222
0.2196352845
0.2198753747
0.2195127283
0.2196526977
0.2198206162
0.2200137758
0.2202294231
0.2198946587
0.2200215755
0.2201735062
0.2203482811
0.2205436536
0.2202378658
0.2203535228
0.2204918125
0.2206509515
0.2208290664
0.2205525044
0.2206582586
0.2207846573
0.2209302036
0.2210933071
0.220845244
0.2209421805
0.2210580559
0.2211915933
0.2213414251
0.2211203722
0.2212093977
0.2213158663
0.2214386763
0.2215766404
0.2213806585
0.2214625543
0.2215605601
0.2216737176
0.2218009893
0.2216279454
0.2217033953
0.2217937539
0.2218981829
0.2220157715
0.2218635247
0.2219331338
0.2220165613
0.2221130706
0.2222218597
0.2220883668
0.2221526734
0.222229804
0.2223191097
0.2224198824
0.2223032604
0.2223627453
0.2224341449
0.2225168863
0.2226103427
0.2225089068
0.2225640015
0.2226301773
0.2227069271
0.2227936956
0.222705796
0.2227568878
0.2228182969
0.2228895733
0.2229702235
0.2228945342
0.2229419716
0.2229990246
0.223065293
0.2231403379
0.2230756059
0.2231197016
0.2231727676
0.2232344473
0.2233043497
0.2232494564
0.2232904918
0.2233399031
0.223397372
0.2234625496
0.2234164941
0.2234547232
0.22350078
0.2235543803
0.2236152119
0.2235770895
0.2236127414
0.223655715
0.2237057559
0.2237625844
0.2237315888
0.2237648715
0.2238050086
0.2238517719
0.2239049105
0.2238803083
0.2239114097
0.2239489332
0.2239926738
0.2240424061
0.2240235619
0.2240526541
0.2240877684
0.2241287206
0.2241753079
0.2241616298
0.2241888669
0.2242217557
0.2242601299
0.2243038072
0.2242948114
0.2243203367
0.2243511706
0.2243871632
0.2244281496
0.2244233276
0.2244472681
0.2244761985
0.2245099835
0.2245484746
0.224547455
0.2245699322
0.2245971042
0.2246288481
0.2246650294
0.2246673196
0.2246884356
0.2247139709
0.224743814
0.2247778431
0.2247832488
0.2248031061
0.2248271271
0.2248552105
0.2248872461
0.2248951836
0.2249138627
0.2249364654
0.2249629004
0.2249930674
0.225003496
0.2250210914
0.225042389
0.2250673053
0.2250957491
0.2251064246
0.2251230059
0.2251430817
0.2251665761
0.2251934067
0.2251949065
0.2252106692
0.225229758
0.2252521029
0.2252776279
0.2160573994
0.2290944957
0.22992623
0.2299866949
0.2299958408
0.229998386
0.2299993486
0.2299997452
0.22999991
0.2299999775
0.2300000046
0.2300000153
0.2300000196
0.2300000213
0.2300000219
0.2300000223
0.2300000224
0.2300000225
0.2300000226
0.2300000227
0.2300000227
0.2300000228
0.2300000228
0.2300000228
0.2300000228
0.2300000228
0.2300000228
0.2300000228
0.2300000229
0.2300000229
0.2300000229
0.2300000229
0.2300000229
0.2300000229
0.2300000229
0.2300000229
0.2300000229
0.2300000229
0.2300000229
0.2300000229
0.2300000229
0.2300000229
0.230000023
0.230000023
0.230000023
0.230000023
0.230000023
0.230000023
0.230000023
0.230000023
0.230000023
0.230000023
0.230000023
0.230000023
0.230000023
0.230000023
0.2300000231
0.2300000233
0.2300000237
0.2300000243
0.2062070005
0.2274667068
0.2297880835
0.2299687755
0.2299913038
0.2299966317
0.2299985238
0.2299993395
0.229999715
0.2299998891
0.2299999689
0.230000005
0.2300000213
0.2300000286
0.2300000319
0.2300000334
0.2300000342
0.2300000347
0.2300000351
0.2300000354
0.2300000356
0.2300000358
0.2300000359
0.230000036
0.230000036
0.2300000361
0.2300000361
0.2300000362
0.2300000362
0.2300000363
0.2300000363
0.2300000363
0.2300000364
0.2300000364
0.2300000364
0.2300000365
0.2300000365
0.2300000365
0.2300000365
0.2300000366
0.2300000366
0.2300000366
0.2300000366
0.2300000366
0.2300000367
0.2300000367
0.2300000367
0.2300000367
0.2300000367
0.2300000367
0.2300000368
0.2300000368
0.2300000368
0.2300000368
0.2300000368
0.2300000369
0.2300000372
0.230000038
0.2300000403
0.2300000429
0.2011351733
0.2259917249
0.2296765593
0.2299582098
0.2299892741
0.2299958443
0.229998055
0.229999021
0.2299995021
0.229999751
0.2299998803
0.2299999469
0.2299999807
0.2299999978
0.2300000062
0.2300000104
0.2300000127
0.2300000142
0.2300000152
0.2300000159
0.2300000164
0.2300000167
0.2300000169
0.2300000171
0.2300000172
0.2300000173
0.2300000175
0.2300000176
0.2300000177
0.2300000178
0.2300000178
0.2300000179
0.230000018
0.2300000181
0.2300000181
0.2300000182
0.2300000182
0.2300000183
0.2300000183
0.2300000184
0.2300000184
0.2300000185
0.2300000185
0.2300000185
0.2300000186
0.2300000186
0.2300000186
0.2300000187
0.2300000187
0.2300000187
0.2300000188
0.2300000188
0.2300000188
0.2300000188
0.2300000189
0.230000019
0.2300000192
0.23000002
0.2300000214
0.2300000224
0.1851802163
0.2197579846
0.2290465054
0.229927886
0.229987108
0.229995471
0.2299978165
0.2299988076
0.2299993182
0.229999602
0.2299997644
0.2299998576
0.2299999106
0.2299999402
0.2299999564
0.2299999651
0.2299999699
0.2299999729
0.2299999748
0.229999976
0.2299999768
0.2299999773
0.2299999777
0.2299999779
0.2299999781
0.2299999783
0.2299999785
0.2299999786
0.2299999788
0.2299999789
0.229999979
0.2299999791
0.2299999792
0.2299999793
0.2299999794
0.2299999795
0.2299999796
0.2299999797
0.2299999797
0.2299999798
0.2299999799
0.2299999799
0.22999998
0.22999998
0.2299999801
0.2299999801
0.2299999801
0.2299999802
0.2299999802
0.2299999803
0.2299999803
0.2299999803
0.2299999803
0.2299999804
0.2299999804
0.2299999805
0.2299999806
0.2299999806
0.2299999802
0.2299999792
0.16386426
0.208213375
0.226171998
0.2296878458
0.229968552
0.2299927972
0.2299971048
0.2299984909
0.2299991194
0.2299994555
0.2299996503
0.2299997671
0.2299998377
0.2299998801
0.2299999052
0.2299999196
0.229999928
0.229999933
0.2299999361
0.2299999379
0.229999939
0.2299999397
0.2299999401
0.2299999404
0.2299999407
0.2299999409
0.2299999411
0.2299999412
0.2299999414
0.2299999416
0.2299999417
0.2299999418
0.2299999419
0.229999942
0.2299999421
0.2299999422
0.2299999423
0.2299999424
0.2299999425
0.2299999425
0.2299999426
0.2299999427
0.2299999427
0.2299999428
0.2299999428
0.2299999429
0.2299999429
0.229999943
0.229999943
0.229999943
0.2299999431
0.2299999431
0.2299999431
0.2299999432
0.2299999432
0.2299999432
0.2299999432
0.2299999428
0.2299999416
0.2299999401
0.1399440724
0.1895922146
0.2180339454
0.2281492036
0.2298437166
0.2299793878
0.229994484
0.2299977022
0.229998798
0.2299992872
0.2299995426
0.2299996888
0.229999777
0.2299998314
0.2299998649
0.2299998853
0.2299998976
0.2299999051
0.2299999096
0.2299999123
0.2299999138
0.2299999147
0.2299999152
0.2299999156
0.2299999159
0.2299999161
0.2299999163
0.2299999165
0.2299999166
0.2299999168
0.2299999169
0.229999917
0.2299999171
0.2299999172
0.2299999173
0.2299999174
0.2299999175
0.2299999176
0.2299999177
0.2299999177
0.2299999178
0.2299999179
0.2299999179
0.229999918
0.229999918
0.2299999181
0.2299999181
0.2299999182
0.2299999182
0.2299999183
0.2299999183
0.2299999183
0.2299999184
0.2299999184
0.2299999184
0.2299999184
0.2299999184
0.2299999181
0.2299999171
0.2299999162
0.1175002012
0.1698403053
0.2045862847
0.2229120497
0.2290472616
0.2299150414
0.2299860481
0.2299957474
0.2299981494
0.2299990183
0.2299994075
0.2299996081
0.2299997221
0.229999791
0.2299998339
0.2299998608
0.2299998776
0.229999888
0.2299998944
0.2299998982
0.2299999004
0.2299999016
0.2299999023
0.2299999028
0.2299999031
0.2299999033
0.2299999035
0.2299999037
0.2299999038
0.229999904
0.2299999041
0.2299999042
0.2299999043
0.2299999044
0.2299999045
0.2299999046
0.2299999047
0.2299999048
0.2299999049
0.229999905
0.229999905
0.2299999051
0.2299999051
0.2299999052
0.2299999053
0.2299999053
0.2299999054
0.2299999054
0.2299999055
0.2299999055
0.2299999055
0.2299999056
0.2299999056
0.2299999057
0.2299999057
0.2299999057
0.2299999058
0.2299999056
0.2299999053
0.2299999049
0.09637711553
0.1503644249
0.1881545897
0.2126501497
0.2257081589
0.2295516695
0.2299542897
0.2299905664
0.2299967699
0.2299985259
0.2299991947
0.2299994998
0.2299996585
0.2299997497
0.2299998054
0.2299998404
0.2299998626
0.2299998766
0.2299998853
0.2299998907
0.2299998938
0.2299998956
0.2299998966
0.2299998972
0.2299998976
0.2299998979
0.2299998981
0.2299998983
0.2299998984
0.2299998986
0.2299998987
0.2299998988
0.2299998989
0.229999899
0.2299998991
0.2299998992
0.2299998993
0.2299998994
0.2299998995
0.2299998996
0.2299998996
0.2299998997
0.2299998998
0.2299998998
0.2299998999
0.2299998999
0.2299999
0.2299999
0.2299999001
0.2299999001
0.2299999002
0.2299999002
0.2299999003
0.2299999003
0.2299999004
0.2299999004
0.2299999005
0.2299999006
0.2299999007
0.2299999006
0.07679119761
0.132116157
0.1725190545
0.199757193
0.2178355443
0.2278000602
0.2298166594
0.2299756985
0.2299937212
0.2299976036
0.229998843
0.229999339
0.2299995725
0.229999698
0.2299997722
0.2299998184
0.2299998478
0.2299998665
0.2299998783
0.2299998857
0.2299998901
0.2299998926
0.2299998941
0.2299998949
0.2299998955
0.2299998958
0.2299998961
0.2299998963
0.2299998964
0.2299998966
0.2299998967
0.2299998969
0.229999897
0.2299998971
0.2299998972
0.2299998973
0.2299998974
0.2299998975
0.2299998976
0.2299998976
0.2299998977
0.2299998978
0.2299998978
0.2299998979
0.229999898
0.229999898
0.2299998981
0.2299998981
0.2299998982
0.2299998982
0.2299998983
0.2299998983
0.2299998984
0.2299998984
0.2299998985
0.2299998986
0.2299998987
0.2299998989
0.2299998991
0.2299998993
0.05908006913
0.1137685666
0.1570552579
0.1875613555
0.2086354087
0.2232633223
0.2292384001
0.229933696
0.2299875554
0.2299960569
0.2299983107
0.2299991096
0.2299994538
0.2299996284
0.2299997285
0.2299997903
0.2299998296
0.2299998548
0.2299998707
0.2299998807
0.2299998868
0.2299998905
0.2299998926
0.2299998938
0.2299998945
0.229999895
0.2299998953
0.2299998956
0.2299998958
0.2299998959
0.2299998961
0.2299998962
0.2299998964
0.2299998965
0.2299998966
0.2299998967
0.2299998968
0.2299998969
0.229999897
0.229999897
0.2299998971
0.2299998972
0.2299998972
0.2299998973
0.2299998974
0.2299998974
0.2299998975
0.2299998975
0.2299998976
0.2299998976
0.2299998977
0.2299998977
0.2299998978
0.2299998978
0.2299998979
0.229999898
0.2299998982
0.2299998985
0.2299998987
0.2299998989
0.04439516079
0.09518968468
0.1406252068
0.1744928032
0.1989859837
0.2171625948
0.2277357312
0.2298113615
0.2299748416
0.2299935706
0.2299975625
0.229998804
0.2299992975
0.2299995362
0.2299996704
0.2299997528
0.2299998054
0.2299998392
0.2299998609
0.2299998746
0.229999883
0.2299998881
0.2299998911
0.2299998929
0.2299998939
0.2299998946
0.229999895
0.2299998953
0.2299998955
0.2299998957
0.2299998959
0.229999896
0.2299998961
0.2299998963
0.2299998964
0.2299998965
0.2299998966
0.2299998967
0.2299998968
0.2299998969
0.2299998969
0.229999897
0.2299998971
0.2299998972
0.2299998972
0.2299998973
0.2299998973
0.2299998974
0.2299998974
0.2299998975
0.2299998975
0.2299998976
0.2299998977
0.2299998977
0.2299998978
0.2299998979
0.2299998981
0.2299998984
0.2299998987
0.2299998988
0.03273885021
0.07811242682
0.1241343624
0.1613051523
0.1895895507
0.2109615604
0.2250470794
0.2295019479
0.2299458265
0.2299893154
0.2299965174
0.229998413
0.2299991008
0.2299994194
0.2299995958
0.2299997041
0.2299997736
0.2299998186
0.2299998477
0.2299998663
0.2299998779
0.229999885
0.2299998893
0.2299998918
0.2299998933
0.2299998941
0.2299998947
0.2299998951
0.2299998954
0.2299998956
0.2299998958
0.2299998959
0.2299998961
0.2299998962
0.2299998963
0.2299998964
0.2299998965
0.2299998966
0.2299998967
0.2299998968
0.2299998969
0.229999897
0.2299998971
0.2299998971
0.2299998972
0.2299998973
0.2299998973
0.2299998974
0.2299998974
0.2299998975
0.2299998975
0.2299998976
0.2299998976
0.2299998977
0.2299998978
0.2299998979
0.2299998981
0.2299998984
0.2299998987
0.2299998988
0.02399768259
0.06338057677
0.1086587541
0.1483310352
0.1804718992
0.2051148174
0.22200944
0.2288404648
0.2298906507
0.2299822548
0.2299950976
0.2299979311
0.229998863
0.2299992777
0.2299995046
0.2299996439
0.2299997338
0.2299997925
0.2299998308
0.2299998555
0.2299998712
0.2299998809
0.2299998868
0.2299998903
0.2299998924
0.2299998936
0.2299998944
0.2299998949
0.2299998952
0.2299998955
0.2299998957
0.2299998959
0.229999896
0.2299998962
0.2299998963
0.2299998964
0.2299998965
0.2299998966
0.2299998967
0.2299998968
0.2299998969
0.229999897
0.2299998971
0.2299998971
0.2299998972
0.2299998973
0.2299998973
0.2299998974
0.2299998974
0.2299998975
0.2299998975
0.2299998976
0.2299998977
0.2299998977
0.2299998978
0.229999898
0.2299998982
0.2299998985
0.2299998987
0.2299998988
0.0177177383
0.0507660923
0.09439469309
0.1359687899
0.1719127694
0.1999836684
0.2190633713
0.2277739415
0.2297848641
0.229969495
0.2299928605
0.2299972608
0.2299985577
0.2299991036
0.2299993948
0.2299995719
0.229999686
0.2299997608
0.2299998101
0.2299998422
0.2299998628
0.2299998757
0.2299998836
0.2299998884
0.2299998913
0.229999893
0.229999894
0.2299998946
0.2299998951
0.2299998954
0.2299998956
0.2299998958
0.229999896
0.2299998961
0.2299998963
0.2299998964
0.2299998965
0.2299998966
0.2299998967
0.2299998968
0.2299998969
0.229999897
0.2299998971
0.2299998971
0.2299998972
0.2299998973
0.2299998973
0.2299998974
0.2299998974
0.2299998975
0.2299998976
0.2299998976
0.2299998977
0.2299998978
0.2299998979
0.229999898
0.2299998982
0.2299998985
0.2299998987
0.2299998988
0.01340690786
0.04036082345
0.08178054604
0.1251051964
0.1652826726
0.1970138836
0.2173122343
0.226598731
0.2295835046
0.2299423417
0.2299888803
0.2299962781
0.2299981568
0.2299988879
0.2299992633
0.2299994871
0.2299996302
0.2299997239
0.2299997859
0.2299998266
0.2299998528
0.2299998695
0.2299998798
0.2299998861
0.2299998899
0.2299998922
0.2299998935
0.2299998943
0.2299998949
0.2299998952
0.2299998955
0.2299998957
0.2299998959
0.2299998961
0.2299998962
0.2299998964
0.2299998965
0.2299998966
0.2299998967
0.2299998968
0.2299998969
0.229999897
0.2299998971
0.2299998971
0.2299998972
0.2299998973
0.2299998973
0.2299998974
0.2299998975
0.2299998975
0.2299998976
0.2299998976
0.2299998977
0.2299998978
0.2299998979
0.2299998981
0.2299998983
0.2299998986
0.2299998988
0.2299998988
0.01085546482
0.03234869403
0.07214418241
0.1179085841
0.1630512951
0.1976213093
0.2173940691
0.225926688
0.2292634162
0.2298834164
0.2299806029
0.2299946011
0.2299975759
0.2299986036
0.229999099
0.2299993846
0.2299995639
0.2299996806
0.2299997577
0.2299998084
0.2299998412
0.2299998622
0.2299998753
0.2299998834
0.2299998882
0.2299998912
0.2299998929
0.229999894
0.2299998947
0.2299998951
0.2299998954
0.2299998957
0.2299998959
0.229999896
0.2299998962
0.2299998963
0.2299998965
0.2299998966
0.2299998967
0.2299998968
0.2299998969
0.229999897
0.2299998971
0.2299998971
0.2299998972
0.2299998973
0.2299998974
0.2299998974
0.2299998975
0.2299998975
0.2299998976
0.2299998977
0.2299998977
0.2299998978
0.229999898
0.2299998981
0.2299998983
0.2299998986
0.2299998988
0.2299998988
0.01042051042
0.02954973658
0.06985784859
0.119424136
0.1690957063
0.2026140506
0.2191625484
0.2259981053
0.2288305673
0.2297589925
0.2299604284
0.2299909967
0.2299965448
0.2299981682
0.2299988694
0.2299992488
0.2299994786
0.2299996258
0.2299997225
0.229999786
0.2299998272
0.2299998535
0.22999987
0.2299998801
0.2299998863
0.22999989
0.2299998922
0.2299998936
0.2299998944
0.2299998949
0.2299998953
0.2299998956
0.2299998958
0.229999896
0.2299998962
0.2299998963
0.2299998965
0.2299998966
0.2299998967
0.2299998968
0.2299998969
0.229999897
0.2299998971
0.2299998971
0.2299998972
0.2299998973
0.2299998974
0.2299998974
0.2299998975
0.2299998976
0.2299998976
0.2299998977
0.2299998978
0.2299998979
0.229999898
0.2299998982
0.2299998984
0.2299998986
0.2299998988
0.2299998988
0.01223682113
0.03531397203
0.0811104405
0.1370898599
0.1842970834
0.2100215685
0.2214457601
0.2263061043
0.2284899215
0.2295140696
0.229898802
0.2299799935
0.2299940571
0.2299973411
0.2299984929
0.2299990425
0.2299993547
0.2299995485
0.2299996738
0.2299997554
0.2299998082
0.2299998419
0.2299998629
0.2299998759
0.2299998838
0.2299998885
0.2299998913
0.229999893
0.2299998941
0.2299998947
0.2299998952
0.2299998955
0.2299998957
0.2299998959
0.2299998961
0.2299998963
0.2299998964
0.2299998965
0.2299998967
0.2299998968
0.2299998969
0.229999897
0.2299998971
0.2299998971
0.2299998972
0.2299998973
0.2299998974
0.2299998974
0.2299998975
0.2299998976
0.2299998976
0.2299998977
0.2299998978
0.2299998979
0.229999898
0.2299998982
0.2299998984
0.2299998987
0.2299998989
0.2299998988
0.02067696302
0.05579977757
0.1089725569
0.1669723161
0.2000487199
0.2158346329
0.2230389832
0.2264283994
0.2281569458
0.2291423754
0.2297075397
0.2299331518
0.2299850572
0.2299951744
0.2299977389
0.2299986866
0.2299991555
0.229999428
0.2299995988
0.2299997086
0.2299997793
0.2299998242
0.2299998523
0.2299998696
0.22999988
0.2299998862
0.2299998899
0.2299998921
0.2299998934
0.2299998943
0.2299998948
0.2299998952
0.2299998955
0.2299998957
0.2299998959
0.2299998961
0.2299998962
0.2299998964
0.2299998965
0.2299998966
0.2299998967
0.2299998968
0.2299998969
0.229999897
0.2299998971
0.2299998972
0.2299998972
0.2299998973
0.2299998974
0.2299998974
0.2299998975
0.2299998976
0.2299998977
0.2299998978
0.229999898
0.2299998982
0.2299998984
0.2299998987
0.2299998989
0.2299998988
0.04594601583
0.09394408069
0.1562882479
0.1906794036
0.2092046458
0.2187127926
0.223583166
0.2262140571
0.2277417987
0.228701391
0.2293553605
0.2297718425
0.2299457357
0.2299873367
0.2299957617
0.229997966
0.2299988027
0.229999226
0.2299994751
0.2299996314
0.2299997312
0.2299997946
0.2299998343
0.2299998587
0.2299998734
0.2299998821
0.2299998873
0.2299998904
0.2299998923
0.2299998934
0.2299998941
0.2299998946
0.2299998949
0.2299998951
0.2299998954
0.2299998955
0.2299998957
0.2299998958
0.2299998959
0.2299998961
0.2299998962
0.2299998963
0.2299998964
0.2299998964
0.2299998965
0.2299998966
0.2299998967
0.2299998968
0.2299998968
0.2299998969
0.229999897
0.2299998971
0.2299998972
0.2299998973
0.2299998974
0.2299998976
0.2299998979
0.2299998981
0.2299998983
0.2299998982
0.1293666662
0.1586744234
0.1849352571
0.2026861394
0.2135077998
0.2198102009
0.2235184403
0.2257840298
0.2272385016
0.2282232624
0.2289243403
0.2294470657
0.2297993665
0.2299516738
0.2299885535
0.2299960896
0.2299980923
0.2299988675
0.2299992653
0.2299995013
0.2299996495
0.2299997437
0.229999803
0.2299998398
0.2299998621
0.2299998755
0.2299998835
0.2299998882
0.2299998909
0.2299998926
0.2299998935
0.2299998941
0.2299998945
0.2299998948
0.229999895
0.2299998952
0.2299998954
0.2299998955
0.2299998956
0.2299998958
0.2299998959
0.229999896
0.2299998961
0.2299998962
0.2299998962
0.2299998963
0.2299998964
0.2299998965
0.2299998965
0.2299998966
0.2299998967
0.2299998968
0.2299998969
0.229999897
0.2299998972
0.2299998974
0.2299998976
0.2299998978
0.229999898
0.2299998979
0.1652795624
0.1825032847
0.1972275652
0.208006918
0.2152806044
0.2200349581
0.2231451385
0.2252242016
0.2266603801
0.2276900406
0.2284545284
0.2290382656
0.2294955126
0.2298149323
0.2299556383
0.2299893987
0.2299962993
0.2299981655
0.2299988999
0.2299992833
0.229999513
0.2299996577
0.2299997495
0.2299998073
0.229999843
0.2299998646
0.2299998774
0.2299998849
0.2299998893
0.2299998918
0.2299998932
0.229999894
0.2299998945
0.2299998949
0.2299998952
0.2299998954
0.2299998955
0.2299998957
0.2299998958
0.2299998959
0.229999896
0.2299998961
0.2299998962
0.2299998963
0.2299998964
0.2299998965
0.2299998966
0.2299998966
0.2299998967
0.2299998968
0.2299998969
0.2299998969
0.2299998971
0.2299998972
0.2299998974
0.2299998976
0.2299998978
0.229999898
0.2299998982
0.229999898
0.1818199954
0.1932523062
0.2029832108
0.2105022139
0.2159836192
0.2198780578
0.2226330901
0.2246032999
0.2260412359
0.2271178176
0.2279455092
0.2285962845
0.2291144249
0.2295316947
0.229828647
0.2299596236
0.2299902183
0.2299964805
0.2299982132
0.2299989157
0.2299992904
0.2299995175
0.2299996611
0.2299997525
0.22999981
0.2299998454
0.2299998666
0.2299998791
0.2299998862
0.2299998903
0.2299998926
0.2299998939
0.2299998947
0.2299998951
0.2299998954
0.2299998957
0.2299998959
0.229999896
0.2299998961
0.2299998963
0.2299998964
0.2299998965
0.2299998966
0.2299998967
0.2299998968
0.2299998968
0.2299998969
0.229999897
0.2299998971
0.2299998971
0.2299998972
0.2299998973
0.2299998974
0.2299998976
0.2299998978
0.229999898
0.2299998982
0.2299998984
0.2299998985
0.2299998983
0.1909515472
0.1991282351
0.2061998714
0.2119052865
0.2163047083
0.2196279411
0.2221219724
0.2240005137
0.2254323867
0.2265429333
0.2274216074
0.2281300916
0.2287088011
0.229181761
0.2295679025
0.2298438543
0.2299639807
0.2299911004
0.2299966557
0.2299982544
0.2299989275
0.2299992951
0.2299995205
0.2299996637
0.2299997551
0.2299998122
0.2299998472
0.2299998681
0.2299998803
0.2299998872
0.2299998911
0.2299998933
0.2299998945
0.2299998952
0.2299998956
0.2299998959
0.2299998961
0.2299998963
0.2299998964
0.2299998966
0.2299998967
0.2299998968
0.2299998969
0.229999897
0.2299998971
0.2299998971
0.2299998972
0.2299998973
0.2299998974
0.2299998975
0.2299998976
0.2299998977
0.2299998978
0.2299998979
0.2299998981
0.2299998983
0.2299998985
0.2299998987
0.2299998988
0.2299998986
0.1971938449
0.2032656668
0.2086082746
0.2130069242
0.2166100525
0.2194677639
0.221714416
0.2234819946
0.2248810707
0.2260013651
0.2269118031
0.2276629229
0.2282899423
0.2288155476
0.2292519505
0.2296095822
0.2298625084
0.2299689582
0.22999205
0.2299968546
0.2299983066
0.2299989456
0.2299993037
0.2299995259
0.2299996679
0.2299997581
0.2299998145
0.2299998489
0.2299998694
0.2299998813
0.229999888
0.2299998917
0.2299998938
0.2299998949
0.2299998955
0.2299998959
0.2299998962
0.2299998964
0.2299998966
0.2299998967
0.2299998968
0.2299998969
0.229999897
0.2299998971
0.2299998972
0.2299998973
0.2299998974
0.2299998975
0.2299998976
0.2299998976
0.2299998977
0.2299998978
0.229999898
0.2299998981
0.2299998983
0.2299998985
0.2299998987
0.2299998989
0.229999899
0.2299998987
0.2019423982
0.2064080923
0.2104311159
0.213930181
0.216900057
0.2193746156
0.2214068266
0.2230571227
0.2244050285
0.2255146447
0.2264383625
0.227216489
0.2278783306
0.2284438533
0.228925143
0.2293274941
0.2296561793
0.2298833699
0.229973953
0.2299929772
0.2299970671
0.2299983744
0.2299989755
0.2299993202
0.2299995364
0.2299996747
0.2299997626
0.2299998175
0.229999851
0.2299998708
0.2299998822
0.2299998887
0.2299998922
0.2299998942
0.2299998952
0.2299998958
0.2299998962
0.2299998964
0.2299998966
0.2299998968
0.2299998969
0.229999897
0.2299998971
0.2299998972
0.2299998973
0.2299998974
0.2299998975
0.2299998976
0.2299998976
0.2299998977
0.2299998978
0.2299998979
0.2299998981
0.2299998982
0.2299998984
0.2299998986
0.2299998988
0.2299998989
0.229999899
0.2299998988
0.2055146854
0.2089161321
0.2120609237
0.2148716573
0.217322635
0.2194273505
0.2212200893
0.222735751
0.2240146363
0.2250940834
0.2260133286
0.2268032361
0.2274868861
0.2280805776
0.2285949686
0.2290358335
0.2294049431
0.2297051699
0.2299057413
0.2299790187
0.2299939338
0.2299973091
0.2299984619
0.2299990187
0.2299993458
0.2299995523
0.2299996848
0.2299997691
0.2299998217
0.2299998536
0.2299998725
0.2299998834
0.2299998894
0.2299998927
0.2299998945
0.2299998955
0.229999896
0.2299998964
0.2299998966
0.2299998968
0.2299998969
0.229999897
0.2299998971
0.2299998972
0.2299998973
0.2299998974
0.2299998975
0.2299998976
0.2299998977
0.2299998978
0.2299998979
0.229999898
0.2299998981
0.2299998983
0.2299998984
0.2299998986
0.2299998988
0.229999899
0.2299998991
0.2299998988
0.2084160183
0.2110380354
0.2135129387
0.2157785771
0.2178068942
0.2195951712
0.2211581279
0.2225208577
0.2237070532
0.224741729
0.2256429384
0.2264321097
0.2271261947
0.2277376775
0.2282751457
0.2287439384
0.2291464166
0.2294830694
0.2297550979
0.2299275685
0.2299836074
0.2299948367
0.2299975628
0.2299985652
0.2299990741
0.2299993792
0.2299995734
0.2299996984
0.2299997778
0.2299998272
0.2299998571
0.2299998747
0.2299998847
0.2299998903
0.2299998933
0.2299998949
0.2299998958
0.2299998962
0.2299998965
0.2299998967
0.2299998969
0.229999897
0.2299998971
0.2299998973
0.2299998973
0.2299998974
0.2299998975
0.2299998976
0.2299998977
0.2299998978
0.2299998979
0.229999898
0.2299998982
0.2299998983
0.2299998985
0.2299998987
0.2299998989
0.229999899
0.2299998991
0.2299998988
0.2107727004
0.2128132944
0.2147760154
0.2166121354
0.2182953774
0.2198170323
0.2211807968
0.2223984389
0.2234862444
0.2244583211
0.2253284154
0.2261072408
0.2268022643
0.2274224437
0.2279742516
0.2284620652
0.2288884624
0.2292540913
0.2295589727
0.2298018889
0.2299454835
0.2299871036
0.2299955777
0.229997802
0.2299986763
0.229999138
0.2299994196
0.2299995997
0.2299997154
0.2299997888
0.2299998341
0.2299998614
0.2299998773
0.2299998863
0.2299998912
0.2299998939
0.2299998953
0.229999896
0.2299998964
0.2299998967
0.2299998969
0.229999897
0.2299998972
0.2299998973
0.2299998974
0.2299998975
0.2299998976
0.2299998976
0.2299998977
0.2299998978
0.229999898
0.2299998981
0.2299998982
0.2299998984
0.2299998985
0.2299998987
0.2299998989
0.2299998991
0.2299998991
0.2299998988
0.2126844268
0.2142887048
0.2158600175
0.2173603334
0.2187664242
0.2200671377
0.2212602451
0.2223495093
0.2233426369
0.224249239
0.2250764973
0.2258310496
0.2265187863
0.2271393376
0.2276973504
0.2281962182
0.2286382576
0.2290247213
0.2293553464
0.2296304584
0.2298443127
0.2299597216
0.2299899368
0.2299962414
0.229998039
0.2299987942
0.2299992088
0.2299994654
0.2299996299
0.2299997352
0.2299998015
0.2299998421
0.2299998663
0.2299998802
0.229999888
0.2299998922
0.2299998944
0.2299998956
0.2299998963
0.2299998966
0.2299998969
0.229999897
0.2299998972
0.2299998973
0.2299998974
0.2299998975
0.2299998976
0.2299998977
0.2299998978
0.2299998979
0.229999898
0.2299998981
0.2299998983
0.2299998984
0.2299998986
0.2299998988
0.2299998989
0.2299998991
0.2299998991
0.2299998988
0.2142410965
0.2155176335
0.2167901651
0.2180289506
0.2192139779
0.2203334587
0.2213819771
0.222358632
0.2232654221
0.2241063945
0.2248865222
0.2256087958
0.2262757
0.2268898952
0.2274473525
0.2279505717
0.2284014711
0.2288013672
0.2291507819
0.229448809
0.229696407
0.2298822393
0.2299712792
0.2299923184
0.2299968562
0.229998275
0.2299989182
0.2299992854
0.2299995155
0.229999663
0.2299997568
0.2299998152
0.2299998506
0.2299998714
0.2299998832
0.2299998897
0.2299998932
0.229999895
0.229999896
0.2299998965
0.2299998968
0.229999897
0.2299998972
0.2299998973
0.2299998974
0.2299998975
0.2299998976
0.2299998977
0.2299998978
0.2299998979
0.229999898
0.2299998982
0.2299998983
0.2299998985
0.2299998986
0.2299998988
0.229999899
0.2299998991
0.2299998991
0.2299998988
0.2155207337
0.2165508637
0.2175949866
0.2186297557
0.2196381628
0.2206087693
0.2215346482
0.2224122737
0.2232404543
0.2240194747
0.2247507195
0.2254361615
0.2260765168
0.2266723118
0.2272235607
0.2277255665
0.2281797721
0.228587338
0.2289490237
0.2292649948
0.2295341483
0.2297560598
0.2299137169
0.2299796792
0.2299940783
0.2299973688
0.2299984969
0.2299990433
0.2299993646
0.2299995676
0.2299996972
0.2299997789
0.2299998291
0.229999859
0.2299998763
0.229999886
0.2299998912
0.229999894
0.2299998955
0.2299998963
0.2299998967
0.229999897
0.2299998971
0.2299998973
0.2299998974
0.2299998975
0.2299998976
0.2299998977
0.2299998978
0.2299998979
0.2299998981
0.2299998982
0.2299998983
0.2299998985
0.2299998987
0.2299998988
0.229999899
0.2299998991
0.2299998992
0.2299998988
0.2165838265
0.2174279365
0.2182964632
0.2191710421
0.2200373763
0.2208848973
0.2217062041
0.2224964255
0.2232525694
0.2239729817
0.2246568493
0.225304044
0.2259146668
0.226488131
0.227024149
0.2275204328
0.2279735587
0.2283843726
0.2287535197
0.2290813036
0.2293674429
0.2296102767
0.2298087044
0.2299396941
0.2299857829
0.229995398
0.2299977965
0.2299986993
0.2299991632
0.2299994422
0.2299996188
0.2299997307
0.2299998002
0.2299998422
0.2299998668
0.2299998808
0.2299998885
0.2299998926
0.2299998948
0.2299998959
0.2299998965
0.2299998969
0.2299998971
0.2299998973
0.2299998974
0.2299998975
0.2299998976
0.2299998977
0.2299998979
0.229999898
0.2299998981
0.2299998982
0.2299998984
0.2299998986
0.2299998987
0.2299998989
0.229999899
0.2299998992
0.2299998992
0.2299998988
0.2174728793
0.2181754863
0.2189078941
0.2196556224
0.2204067599
0.2211518699
0.2218837256
0.222596964
0.2232876984
0.2239531554
0.224591367
0.2252009165
0.2257809703
0.2263306916
0.2268487647
0.2273343775
0.2277830578
0.2281936334
0.2285665643
0.2289020805
0.2292000555
0.2294594148
0.2296781516
0.2298539049
0.2299590238
0.2299899168
0.2299963684
0.2299981496
0.2299988808
0.2299992752
0.2299995158
0.2299996672
0.2299997619
0.2299998197
0.2299998539
0.2299998736
0.2299998846
0.2299998906
0.2299998938
0.2299998954
0.2299998963
0.2299998968
0.2299998971
0.2299998973
0.2299998974
0.2299998975
0.2299998977
0.2299998978
0.2299998979
0.229999898
0.2299998981
0.2299998983
0.2299998984
0.2299998986
0.2299998988
0.2299998989
0.2299998991
0.2299998992
0.2299998992
0.2299998988
0.2182169816
0.2188109421
0.2194369324
0.2200835172
0.2207408523
0.2214007086
0.2220563769
0.2227024971
0.2233348371
0.2239500718
0.2245455786
0.2251192499
0.2256693271
0.2261945028
0.2266935139
0.2271649938
0.2276067859
0.228014599
0.228388556
0.2287286933
0.2290348278
0.2293063468
0.2295415563
0.2297389067
0.2298918449
0.2299721403
0.2299926664
0.2299970935
0.2299984437
0.2299990423
0.2299993776
0.2299995831
0.229999711
0.2299997896
0.2299998366
0.2299998639
0.2299998793
0.2299998878
0.2299998923
0.2299998947
0.229999896
0.2299998966
0.229999897
0.2299998973
0.2299998974
0.2299998976
0.2299998977
0.2299998978
0.2299998979
0.2299998981
0.2299998982
0.2299998983
0.2299998985
0.2299998986
0.2299998988
0.229999899
0.2299998991
0.2299998992
0.2299998992
0.2299998988
0.2188385904
0.219348418
0.2198906327
0.2204561901
0.2210369862
0.2216259417
0.2222170006
0.2228050593
0.2233858584
0.2239558568
0.2245121014
0.225052118
0.2255738191
0.2260754471
0.226555406
0.2270120236
0.227443989
0.2278471512
0.2282199123
0.2285621201
0.2288734915
0.2291535408
0.2294012336
0.2296144682
0.2297923224
0.2299229943
0.2299814147
0.2299946551
0.2299976694
0.2299986946
0.2299991858
0.2299994693
0.2299996428
0.2299997492
0.2299998132
0.2299998507
0.229999872
0.2299998838
0.2299998903
0.2299998937
0.2299998954
0.2299998964
0.2299998969
0.2299998972
0.2299998974
0.2299998976
0.2299998977
0.2299998978
0.229999898
0.2299998981
0.2299998982
0.2299998984
0.2299998985
0.2299998987
0.2299998988
0.229999899
0.2299998991
0.2299998992
0.2299998992
0.2299998988
0.2193580093
0.2198021468
0.220277993
0.2207783664
0.2212965971
0.2218266362
0.2223631022
0.2229012716
0.223437037
0.2239668429
0.2244876124
0.2249966736
0.2254916874
0.2259705793
0.2264316145
0.226873207
0.2272937234
0.2276906765
0.2280604922
0.22840276
0.2287170634
0.2290028898
0.2292595505
0.2294858886
0.2296797869
0.2298394811
0.2299473816
0.229987472
0.2299959823
0.2299981055
0.2299989045
0.2299993109
0.2299995493
0.229999694
0.2299997812
0.2299998325
0.229999862
0.2299998784
0.2299998874
0.2299998922
0.2299998947
0.229999896
0.2299998967
0.2299998972
0.2299998974
0.2299998976
0.2299998977
0.2299998979
0.229999898
0.2299998981
0.2299998983
0.2299998984
0.2299998986
0.2299998987
0.2299998989
0.229999899
0.2299998992
0.2299998993
0.2299998992
0.2299998988
0.2197948895
0.2201871912
0.2206099992
0.2210575683
0.2215243868
0.2220052903
0.222495529
0.2229907935
0.223487213
0.2239813322
0.2244700773
0.224950718
0.2254208294
0.2258782628
0.2263211226
0.2267476492
0.2271561008
0.227545035
0.2279105213
0.2282512264
0.228566626
0.2288561659
0.2291192171
0.2293549595
0.2295619432
0.2297377389
0.2298797752
0.2299656998
0.2299914692
0.2299969177
0.2299984473
0.2299990804
0.2299994179
0.2299996172
0.2299997367
0.2299998072
0.2299998479
0.2299998708
0.2299998833
0.2299998901
0.2299998936
0.2299998955
0.2299998965
0.2299998971
0.2299998974
0.2299998976
0.2299998978
0.2299998979
0.229999898
0.2299998982
0.2299998983
0.2299998985
0.2299998986
0.2299998988
0.2299998989
0.2299998991
0.2299998992
0.2299998993
0.2299998992
0.2299998988
0.2201677158
0.220518484
0.2208983331
0.2213026153
0.2217267419
0.2221662887
0.222617072
0.2230751922
0.2235370567
0.22399938
0.2244591759
0.2249137393
0.2253606255
0.2257976244
0.2262227304
0.2266342191
0.2270305104
0.2274099718
0.2277700756
0.2281079575
0.2284229693
0.2287145042
0.2289819399
0.2292246096
0.2294414494
0.2296304782
0.2297896775
0.2299129693
0.2299774349
0.2299939384
0.2299975742
0.2299987157
0.229999227
0.2299995083
0.229999674
0.2299997717
0.2299998281
0.22999986
0.2299998776
0.2299998871
0.2299998921
0.2299998948
0.2299998962
0.2299998969
0.2299998973
0.2299998976
0.2299998978
0.2299998979
0.2299998981
0.2299998982
0.2299998984
0.2299998985
0.2299998987
0.2299998988
0.229999899
0.2299998991
0.2299998992
0.2299998993
0.2299998993
0.2299998988
0.2204926072
0.2208094055
0.2211538008
0.2215219839
0.221910097
0.22231433
0.2227309944
0.2231565748
0.2235877635
0.2240214763
0.2244548603
0.2248852921
0.2253103733
0.2257279204
0.2261359606
0.2265327247
0.2269165582
0.227285868
0.2276392717
0.2279732087
0.2282865194
0.2285785436
0.228848633
0.2290961196
0.2293201814
0.2295194876
0.2296916755
0.2298353374
0.2299397846
0.2299853567
0.2299956463
0.2299980779
0.2299989364
0.2299993511
0.2299995847
0.2299997211
0.2299998
0.2299998447
0.2299998695
0.2299998828
0.22999989
0.2299998937
0.2299998956
0.2299998967
0.2299998972
0.2299998976
0.2299998978
0.229999898
0.2299998981
0.2299998983
0.2299998984
0.2299998985
0.2299998987
0.2299998989
0.229999899
0.2299998991
0.2299998993
0.2299998993
0.2299998993
0.2299998988
0.2207825579
0.221070913
0.2213854069
0.2217228752
0.2220800426
0.2224536066
0.2228403071
0.2232369798
0.2236405963
0.2240482891
0.2244573694
0.2248653347
0.2252698688
0.2256688395
0.2260602933
0.2264424382
0.2268137222
0.2271726947
0.2275178431
0.2278469051
0.2281574175
0.2284486352
0.2287198659
0.2289704484
0.2291996629
0.2294065021
0.2295895654
0.2297465965
0.2298755843
0.2299604425
0.2299903467
0.2299967585
0.2299984529
0.2299991173
0.2299994563
0.2299996488
0.2299997598
0.2299998228
0.2299998578
0.2299998768
0.2299998869
0.2299998922
0.2299998949
0.2299998963
0.2299998971
0.2299998975
0.2299998978
0.229999898
0.2299998981
0.2299998983
0.2299998984
0.2299998986
0.2299998987
0.2299998989
0.229999899
0.2299998992
0.2299998993
0.2299998993
0.2299998993
0.2299998988
0.221047245
0.2213112205
0.2215999357
0.2219107302
0.2222407982
0.2225872615
0.2229472317
0.2233178629
0.2236963932
0.2240801733
0.224466689
0.224853574
0.2252386159
0.2256197624
0.2259951233
0.2263629671
0.2267217205
0.2270699182
0.2274061727
0.2277292171
0.2280359715
0.2283252682
0.228596421
0.2288487531
0.2290815447
0.2292940236
0.2294851436
0.2296531598
0.2297957192
0.2299095618
0.229975052
0.2299934878
0.2299975263
0.2299987435
0.2299992672
0.2299995447
0.2299997021
0.2299997913
0.229999841
0.229999868
0.2299998824
0.2299998899
0.2299998938
0.2299998958
0.2299998969
0.2299998974
0.2299998978
0.229999898
0.2299998982
0.2299998983
0.2299998985
0.2299998986
0.2299998988
0.2299998989
0.2299998991
0.2299998992
0.2299998993
0.2299998994
0.2299998993
0.2299998988
0.221293417
0.2215360692
0.2218021311
0.2220893458
0.2223952935
0.2227174552
0.2230532673
0.2234001715
0.2237556546
0.2241172784
0.2244827053
0.2248497145
0.2252162132
0.2255802442
0.2259399876
0.2262937574
0.2266399937
0.2269773321
0.2273044692
0.2276200422
0.2279221753
0.2282086239
0.2284786493
0.2287315435
0.228966591
0.2291831186
0.2293802594
0.2295567906
0.2297105674
0.229839762
0.2299370794
0.229984026
0.2299954193
0.2299980736
0.2299989747
0.2299993928
0.2299996193
0.2299997464
0.229999817
0.2299998555
0.2299998759
0.2299998866
0.2299998921
0.229999895
0.2299998964
0.2299998972
0.2299998976
0.2299998979
0.2299998981
0.2299998983
0.2299998984
0.2299998986
0.2299998988
0.2299998989
0.2299998991
0.2299998992
0.2299998993
0.2299998994
0.2299998993
0.2299998988
0.2215255284
0.2217492367
0.2219950928
0.2222611699
0.2225453722
0.2228454878
0.2231592389
0.2234843268
0.2238184681
0.2241594264
0.2245050384
0.2248532317
0.2252020364
0.2255495932
0.2258941629
0.2262341244
0.2265679778
0.2268943453
0.227211951
0.227519598
0.2278161227
0.2280989438
0.2283669098
0.228619305
0.228855415
0.2290745959
0.2292760896
0.2294589402
0.2296217027
0.2297622527
0.2298783925
0.2299584693
0.2299898076
0.229996712
0.22999849
0.2299991664
0.2299995001
0.2299996824
0.2299997831
0.2299998376
0.2299998666
0.2299998817
0.2299998895
0.2299998934
0.2299998954
0.2299998964
0.229999897
0.2299998973
0.2299998975
0.2299998977
0.2299998979
0.229999898
0.2299998982
0.2299998983
0.2299998985
0.2299998986
0.2299998987
0.2299998988
0.2299998987
0.2299998981
0.2217464029
0.221953092
0.2221807306
0.222427668
0.222692084
0.2229720343
0.2232654942
0.2235703996
0.2238846804
0.2242062909
0.2245332346
0.2248635832
0.2251954886
0.2255271945
0.2258570485
0.2261834981
0.2265050945
0.2268204916
0.2271284985
0.2274279545
0.2277176659
0.2279961647
0.228261309
0.2285123203
0.2287484993
0.2289691671
0.2291736619
0.2293611587
0.229530633
0.2296804827
0.2298083927
0.2299118094
0.2299743713
0.2299933868
0.2299975729
0.2299988103
0.2299993293
0.2299995943
0.2299997375
0.2299998144
0.229999855
0.2299998759
0.2299998866
0.229999892
0.2299998947
0.2299998961
0.2299998968
0.2299998972
0.2299998975
0.2299998977
0.2299998978
0.229999898
0.2299998981
0.2299998983
0.2299998984
0.2299998985
0.2299998986
0.2299998987
0.2299998986
0.229999898
0.2219578063
0.2221490906
0.2223601857
0.2225896755
0.2228359775
0.2230973817
0.2233720893
0.223658248
0.2239539831
0.2242574269
0.2245667415
0.2248801386
0.2251958927
0.2255123543
0.2258279581
0.226141223
0.2264507617
0.2267552793
0.2270535697
0.2273445225
0.2276271012
0.2279002805
0.2281619407
0.2284108123
0.2286461942
0.228867415
0.229073853
0.2292647879
0.2294394061
0.2295964617
0.2297340551
0.2298500889
0.2299390042
0.2299841319
0.2299955436
0.2299981965
0.2299990805
0.2299994767
0.2299996798
0.2299997863
0.2299998415
0.2299998696
0.2299998838
0.2299998908
0.2299998944
0.2299998961
0.229999897
0.2299998975
0.2299998978
0.229999898
0.2299998982
0.2299998983
0.2299998985
0.2299998986
0.2299998987
0.2299998989
0.2299998989
0.229999899
0.2299998989
0.2299998983
0.2221608427
0.2223381121
0.2225341101
0.2227476216
0.2229772711
0.2232215554
0.2234788776
0.2237475773
0.2240259602
0.2243123247
0.2246049833
0.2249022824
0.2252026146
0.2255044328
0.2258062578
0.2261066825
0.2264043804
0.2266981057
0.2269866901
0.2272690905
0.2275443019
0.2278112957
0.2280688874
0.2283149668
0.2285488197
0.2287697774
0.2289771868
0.2291704259
0.2293487801
0.2295112645
0.229656476
0.2297823144
0.2298868571
0.2299604616
0.2299903529
0.2299970005
0.2299986992
0.2299993262
0.2299996147
0.2299997576
0.2299998287
0.2299998639
0.2299998813
0.2299998898
0.2299998941
0.2299998962
0.2299998973
0.2299998978
0.2299998981
0.2299998984
0.2299998985
0.2299998987
0.2299998988
0.2299998989
0.2299998991
0.2299998992
0.2299998992
0.2299998993
0.2299998992
0.2299998986
0.2223562366
0.2225207128
0.2227028894
0.2229017253
0.2231160262
0.2233444727
0.2235856484
0.2238380673
0.2241002006
0.2243705008
0.2246474215
0.2249294369
0.2252150532
0.2255028246
0.2257913602
0.226079328
0.2263654644
0.226648575
0.2269275309
0.2272012966
0.2274689161
0.2277294486
0.2279819348
0.2282246672
0.2284563495
0.228676304
0.2288838795
0.229078478
0.2292594476
0.2294259955
0.2295769639
0.2297109216
0.2298257032
0.2299190486
0.2299763732
0.2299941388
0.2299980167
0.2299991217
0.2299995469
0.2299997348
0.2299998209
0.2299998611
0.2299998802
0.2299998895
0.2299998941
0.2299998963
0.2299998975
0.229999898
0.2299998984
0.2299998986
0.2299998987
0.2299998989
0.229999899
0.2299998991
0.2299998992
0.2299998993
0.2299998994
0.2299998994
0.2299998993
0.2299998987
0.2225444995
0.2226972704
0.222866766
0.2230520964
0.2232522266
0.2234660002
0.2236921626
0.2239293861
0.2241762933
0.2244314795
0.2246935307
0.2249610418
0.2252326283
0.225506942
0.2257826762
0.226058571
0.2263334244
0.2266060948
0.2268754988
0.2271406443
0.2274006019
0.2276544384
0.2279012483
0.2281401549
0.2283691005
0.2285874158
0.2287944605
0.2289896055
0.2291722999
0.2293418545
0.2294973069
0.2296375512
0.2297608586
0.2298652424
0.2299455999
0.2299863686
0.2299965171
0.2299987779
0.2299994633
0.2299997174
0.2299998186
0.2299998616
0.2299998809
0.22999989
0.2299998945
0.2299998966
0.2299998977
0.2299998983
0.2299998986
0.2299998988
0.2299998989
0.229999899
0.2299998991
0.2299998992
0.2299998993
0.2299998994
0.2299998994
0.2299998995
0.2299998994
0.2299998988
0.2227260363
0.222868079
0.2230259218
0.2231988067
0.2233858391
0.2235860069
0.2237982011
0.2240212374
0.2242538773
0.2244948479
0.2247428593
0.2249966192
0.2252548465
0.2255162859
0.2257797125
0.2260439393
0.2263078281
0.2265702904
0.2268303083
0.2270869026
0.2273391165
0.2275861061
0.2278270549
0.228061101
0.2282868649
0.2285030204
0.2287089265
0.2289039598
0.229087598
0.229259206
0.2294180218
0.2295630579
0.2296930786
0.2298061594
0.2299005077
0.2299665736
0.2299925431
0.2299980704
0.2299993238
0.2299996918
0.2299998163
0.2299998629
0.2299998822
0.2299998909
0.229999895
0.229999897
0.229999898
0.2299998985
0.2299998988
0.2299998989
0.229999899
0.2299998991
0.2299998992
0.2299998993
0.2299998993
0.2299998994
0.2299998995
0.2299998995
0.2299998994
0.2299998988
0.2229012187
0.2230334154
0.2231805372
0.2233419414
0.2235168566
0.223704399
0.22390359
0.2241133752
0.2243326427
0.2245602407
0.2247949936
0.2250357154
0.2252812229
0.2255303501
0.2257819523
0.226034914
0.2262881592
0.2265406551
0.2267914136
0.2270394877
0.2272839813
0.2275240618
0.2277589204
0.2279877733
0.2282098388
0.2284233407
0.2286275448
0.2288218425
0.2290057246
0.2291785976
0.2293397816
0.2294884223
0.2296235504
0.2297438188
0.2298472516
0.2299316134
0.2299819434
0.2299962751
0.2299990345
0.2299996469
0.2299998122
0.2299998643
0.2299998836
0.2299998918
0.2299998955
0.2299998973
0.2299998982
0.2299998987
0.2299998989
0.229999899
0.2299998991
0.2299998992
0.2299998992
0.2299998993
0.2299998994
0.2299998994
0.2299998995
0.2299998995
0.2299998994
0.2299998988
0.2230702603
0.2231934165
0.223330672
0.2234814836
0.2236451884
0.2238210161
0.2240081052
0.2242055182
0.2244122587
0.2246272858
0.2248495302
0.2250779052
0.2253113209
0.2255486953
0.2257889595
0.2260310663
0.226274
0.2265167804
0.2267584628
0.2269981415
0.227234951
0.2274680643
0.2276967301
0.2279202114
0.2281377451
0.2283482295
0.2285503077
0.2287433839
0.228926913
0.2291003745
0.2292631339
0.2294145281
0.2295536804
0.2296795617
0.2297905299
0.2298850185
0.2299571442
0.2299912185
0.2299984135
0.2299995803
0.2299998091
0.2299998666
0.2299998853
0.2299998927
0.2299998961
0.2299998976
0.2299998984
0.2299998988
0.229999899
0.2299998991
0.2299998992
0.2299998992
0.2299998993
0.2299998994
0.2299998994
0.2299998995
0.2299998995
0.2299998995
0.2299998994
0.2299998987
0.2232335058
0.2233483499
0.2234765133
0.2236175398
0.2237708611
0.2239358082
0.2241116237
0.224297476
0.2244924731
0.2246956769
0.2249061147
0.2251227925
0.2253447078
0.2255708574
0.2258002457
0.2260318923
0.226264841
0.2264981637
0.2267309606
0.2269623663
0.2271915518
0.2274177263
0.2276401435
0.2278580834
0.2280708502
0.2282777323
0.2284772603
0.228668633
0.2288513117
0.2290247942
0.2291884852
0.2293417898
0.2294839281
0.2296140551
0.2297310197
0.229833131
0.2299190553
0.2299770083
0.2299964732
0.2299994232
0.2299998046
0.2299998702
0.2299998874
0.2299998938
0.2299998966
0.229999898
0.2299998986
0.2299998989
0.2299998991
0.2299998992
0.2299998993
0.2299998993
0.2299998994
0.2299998994
0.2299998995
0.2299998995
0.2299998995
0.2299998995
0.2299998994
0.2299998987
0.2233912068
0.2234983988
0.2236181742
0.223750152
0.2238938475
0.2240486811
0.2242139885
0.2243890335
0.2245730189
0.2247650997
0.2249643937
0.2251699931
0.2253809774
0.2255964187
0.2258153914
0.2260369793
0.2262602837
0.2264844271
0.2267085558
0.2269318444
0.2271534982
0.2273727542
0.2275888794
0.2278012023
0.2280090548
0.2282117558
0.2284084366
0.2285977424
0.22877915
0.2289521357
0.2291161646
0.2292706788
0.2294150177
0.229548424
0.2296700085
0.2297785063
0.2298723415
0.2299484455
0.2299901765
0.2299989542
0.2299997905
0.2299998738
0.2299998896
0.2299998949
0.2299998972
0.2299998983
0.2299998988
0.2299998991
0.2299998992
0.2299998993
0.2299998993
0.2299998994
0.2299998994
0.2299998994
0.2299998995
0.2299998995
0.2299998995
0.2299998995
0.2299998994
0.2299998987
0.2235436008
0.2236437394
0.2237557673
0.2238793691
0.2240141332
0.2241595591
0.2243150661
0.2244800033
0.2246536605
0.2248352772
0.2250240543
0.225219165
0.2254197644
0.225624996
0.2258340008
0.2260459235
0.2262599218
0.2264751689
0.2266908571
0.2269062009
0.2271204413
0.2273328478
0.2275427185
0.2277493832
0.2279521988
0.2281505403
0.2283437614
0.2285306507
0.2287103952
0.2288824611
0.2290463451
0.2292015157
0.2293474113
0.2294833113
0.2296084698
0.229721899
0.2298220803
0.2299082756
0.2299719695
0.2299966037
0.2299996908
0.2299998746
0.2299998914
0.2299998958
0.2299998976
0.2299998985
0.229999899
0.2299998992
0.2299998993
0.2299998994
0.2299998994
0.2299998994
0.2299998994
0.2299998995
0.2299998995
0.2299998995
0.2299998995
0.2299998995
0.2299998994
0.2299998987
0.2236909157
0.2237845464
0.2238894123
0.2240052549
0.224131727
0.2242683982
0.2244147623
0.2245702449
0.2247342139
0.2249059867
0.2250848408
0.2252700247
0.2254607637
0.2256562686
0.2258557438
0.2260583939
0.22626343
0.2264700746
0.2266775635
0.2268851505
0.2270921117
0.2272977464
0.2275013783
0.2277023547
0.227900075
0.2280939352
0.2282833211
0.2284675369
0.2286452862
0.2288160561
0.2289793608
0.2291346961
0.2292815418
0.2294192306
0.229547097
0.22966432
0.2297698002
0.2298620417
0.2299398262
0.2299876606
0.2299990361
0.2299998579
0.2299998926
0.2299998966
0.2299998981
0.2299998988
0.2299998991
0.2299998993
0.2299998994
0.2299998994
0.2299998994
0.2299998995
0.2299998995
0.2299998995
0.2299998995
0.2299998995
0.2299998995
0.2299998995
0.2299998994
0.2299998987
0.2238333569
0.2239209758
0.2240192137
0.2241278617
0.2242466288
0.2243751467
0.2245129752
0.22465961
0.2248144886
0.2249769998
0.2251464921
0.2253222827
0.225503663
0.2256899075
0.2258802802
0.2260740415
0.2262704547
0.2264687891
0.2266683243
0.2268683543
0.2270681904
0.2272671636
0.227464626
0.2276599514
0.2278525366
0.2280418061
0.2282271983
0.2284081292
0.2285836173
0.2287527946
0.2289151361
0.2290701978
0.2292174731
0.2293564229
0.2294863622
0.2296065997
0.2297162506
0.2298139846
0.2298986064
0.2299649726
0.2299956174
0.2299997271
0.2299998906
0.2299998971
0.2299998984
0.2299998989
0.2299998992
0.2299998993
0.2299998994
0.2299998994
0.2299998995
0.2299998995
0.2299998995
0.2299998995
0.2299998995
0.2299998995
0.2299998995
0.2299998995
0.2299998994
0.2299998986
0.2239711321
0.2240531944
0.2241452959
0.2242472704
0.2243588764
0.2244798001
0.2246096611
0.2247480163
0.2248943672
0.2250481674
0.225208831
0.2253757379
0.2255482411
0.2257256743
0.2259073581
0.2260926058
0.2262807309
0.2264710486
0.226662881
0.2268555595
0.2270484293
0.2272408517
0.227432206
0.2276218894
0.2278093188
0.2279939532
0.2281752455
0.2283526415
0.2285256097
0.2286928679
0.2288539141
0.2290083211
0.2291556043
0.2292952606
0.2294266415
0.2295491173
0.2296619228
0.2297640333
0.2298539618
0.2299308332
0.2299831935
0.2299987001
0.2299998647
0.2299998971
0.2299998986
0.2299998991
0.2299998993
0.2299998994
0.2299998995
0.2299998995
0.2299998995
0.2299998995
0.2299998995
0.2299998995
0.2299998995
0.2299998995
0.2299998995
0.2299998995
0.2299998994
0.2299998986
0.2241044223
0.224181342
0.2242677551
0.2243635324
0.2244684754
0.2245823188
0.2247047346
0.2248353352
0.2249736801
0.2251192825
0.2252716158
0.2254301179
0.2255941992
0.2257632493
0.2259366419
0.2261137411
0.2262939079
0.2264765014
0.2266608841
0.226846425
0.2270325043
0.2272185148
0.2274038636
0.2275879739
0.2277702852
0.2279502536
0.2281273592
0.2283010886
0.2284709394
0.2286360749
0.2287955743
0.2289490177
0.2290959369
0.2292358472
0.229368171
0.2294922848
0.2296075146
0.2297130237
0.2298076846
0.2298901516
0.2299577571
0.2299939224
0.2299996683
0.2299998929
0.2299998987
0.2299998992
0.2299998993
0.2299998994
0.2299998995
0.2299998995
0.2299998995
0.2299998995
0.2299998995
0.2299998995
0.2299998995
0.2299998995
0.2299998996
0.2299998995
0.2299998994
0.2299998986
0.2242334373
0.2243055974
0.2243867374
0.2244767602
0.2245755059
0.2246827514
0.2247982148
0.2249215584
0.2250523942
0.2251902899
0.225334772
0.2254853326
0.2256414352
0.2258025211
0.225968014
0.2261373259
0.2263098625
0.226485025
0.2266622156
0.2268408404
0.2270203127
0.227200055
0.2273795019
0.2275580998
0.2277353087
0.2279106031
0.22808349
0.2282534731
0.2284200764
0.2285828048
0.2287404837
0.2288926238
0.2290388143
0.2291785769
0.2293114072
0.2294366637
0.2295537307
0.2296618753
0.2297601526
0.2298471801
0.2299224338
0.2299779458
0.2299979873
0.229999843
0.2299998977
0.2299998992
0.2299998994
0.2299998994
0.2299998995
0.2299998995
0.2299998995
0.2299998995
0.2299998995
0.2299998995
0.2299998995
0.2299998995
0.2299998996
0.2299998995
0.2299998994
0.2299998986
0.2243583367
0.2244260823
0.2245023247
0.2245869952
0.2246799658
0.2247810513
0.2248900108
0.2250065518
0.2251303342
0.2252609738
0.2253980461
0.2255410932
0.2256896279
0.2258431398
0.2260010994
0.2261629646
0.2263281835
0.2264961981
0.2266664486
0.2268383761
0.2270114261
0.2271850512
0.2273587137
0.2275318846
0.227704047
0.2278746965
0.2280433417
0.2282095085
0.228372744
0.2285325673
0.2286882434
0.2288388885
0.2289841086
0.2291234445
0.2292564179
0.2293824134
0.2295008492
0.2296110527
0.2297121951
0.2298031912
0.2298826517
0.2299494021
0.2299900002
0.2299992844
0.2299998801
0.2299998988
0.2299998994
0.2299998995
0.2299998995
0.2299998995
0.2299998995
0.2299998995
0.2299998995
0.2299998995
0.2299998995
0.2299998995
0.2299998995
0.2299998995
0.2299998993
0.2299998986
0.2244793474
0.2245430036
0.2246147032
0.2246944007
0.2247819966
0.2248773388
0.2249802235
0.2250903987
0.2252075667
0.2253313863
0.2254614787
0.2255974314
0.225738803
0.2258851277
0.2260359206
0.2261906813
0.226348898
0.226510051
0.2266736169
0.2268390707
0.2270058894
0.2271735555
0.2273415573
0.2275093896
0.2276765566
0.2278425718
0.2280069576
0.2281692617
0.2283290531
0.2284858813
0.2286392659
0.2287881537
0.2289321175
0.2290707106
0.229203465
0.2293298468
0.2294492469
0.229561048
0.2296645097
0.229758691
0.2298422884
0.2299138848
0.2299694718
0.2299956132
0.2299996482
0.2299998881
0.229999899
0.2299998994
0.2299998995
0.2299998995
0.2299998995
0.2299998995
0.2299998995
0.2299998995
0.2299998995
0.2299998995
0.2299998995
0.2299998995
0.2299998993
0.2299998986
0.2245965804
0.2246564351
0.2247239056
0.2247989667
0.2248815439
0.2249715144
0.2250687075
0.225172907
0.2252838527
0.2254012434
0.2255247415
0.2256539767
0.2257885496
0.2259280361
0.226071992
0.2262199568
0.2263714565
0.2265260081
0.2266831229
0.2268423088
0.2270030738
0.2271649279
0.2273273857
0.2274899657
0.2276521942
0.227813606
0.227973745
0.2281321666
0.2282884536
0.2284421648
0.2285928357
0.2287398535
0.228882361
0.2290199802
0.2291522605
0.2292787255
0.2293987636
0.2295117975
0.2296171508
0.2297139781
0.2298011392
0.2298769873
0.2299402942
0.2299834176
0.2299980332
0.2299997777
0.2299998924
0.2299998991
0.2299998994
0.2299998995
0.2299998995
0.2299998995
0.2299998995
0.2299998995
0.2299998995
0.2299998995
0.2299998995
0.2299998995
0.2299998993
0.2299998986
0.2247102705
0.2247665998
0.2248301436
0.2249008938
0.224978798
0.2250637592
0.2251556356
0.2252542424
0.2253593528
0.2254707023
0.2255879909
0.2257108862
0.2258390277
0.2259720294
0.2261094854
0.2262509717
0.2263960503
0.2265442733
0.2266951851
0.2268483248
0.2270032297
0.2271594374
0.2273164878
0.2274739231
0.2276312907
0.2277881437
0.2279440413
0.2280985468
0.2282512594
0.2284017713
0.2285496622
0.228694496
0.2288353166
0.2289717119
0.2291032456
0.2292294629
0.2293497783
0.2294636473
0.2295704498
0.229669436
0.2297596394
0.229839731
0.2299078966
0.2299616601
0.2299917165
0.229999051
0.2299998348
0.2299998952
0.2299998992
0.2299998994
0.2299998995
0.2299998995
0.2299998995
0.2299998995
0.2299998995
0.2299998995
0.2299998995
0.2299998995
0.2299998993
0.2299998986
0.2248204129
0.2248734505
0.2249333237
0.2250000398
0.2250735654
0.2251538258
0.2252407044
0.2253340443
0.2254336503
0.2255392904
0.2256506989
0.2257675788
0.2258896051
0.2260164293
0.2261476801
0.2262829684
0.22642189
0.2265640293
0.2267089618
0.2268562564
0.2270054784
0.2271561916
0.2273079604
0.2274603495
0.2276129276
0.2277652676
0.2279169487
0.2280675575
0.2282167074
0.2283639999
0.2285090072
0.2286513021
0.2287903429
0.2289253565
0.2290559449
0.2291816707
0.2293020305
0.2294164617
0.2295244012
0.2296251829
0.2297179719
0.2298016432
0.2298745194
0.2299350894
0.229978412
0.2299964417
0.2299995714
0.2299998744
0.2299998977
0.2299998993
0.2299998994
0.2299998994
0.2299998995
0.2299998995
0.2299998995
0.2299998995
0.2299998995
0.2299998995
0.2299998993
0.2299998986
0.2249273399
0.224977325
0.2250337913
0.2250967586
0.2251662096
0.2252420884
0.225324301
0.2254127158
0.2255071651
0.2256074463
0.2257133246
0.2258245349
0.2259407851
0.2260617595
0.2261871197
0.2263165087
0.2264495539
0.2265858705
0.2267250634
0.2268667303
0.2270104638
0.2271558547
0.2273024911
0.2274499601
0.2275978502
0.227745753
0.2278932632
0.2280399781
0.2281855101
0.2283294717
0.2284714869
0.2286111908
0.2287481864
0.2288815877
0.2290109735
0.2291359274
0.2292560093
0.2293706536
0.2294793399
0.2295814706
0.2296763194
0.2297629476
0.2298400774
0.2299059699
0.2299582953
0.2299895056
0.2299985985
0.2299997871
0.2299998912
0.2299998989
0.2299998994
0.2299998994
0.2299998994
0.2299998994
0.2299998995
0.2299998995
0.2299998995
0.2299998995
0.2299998993
0.2299998985
0.225030839
0.2250779566
0.2251312187
0.2251906561
0.2252562657
0.2253280091
0.2254058129
0.2254895686
0.2255791338
0.2256743334
0.2257749612
0.225880782
0.2259915353
0.2261069348
0.2262266734
0.2263504246
0.2264778458
0.2266085812
0.2267422638
0.2268785177
0.2270169605
0.2271572054
0.2272988619
0.2274415376
0.2275848415
0.2277283837
0.2278717772
0.2280146389
0.2281566068
0.2282973201
0.228436406
0.2285734689
0.2287080992
0.2288397811
0.2289678312
0.2290918808
0.2292115105
0.2293261786
0.2294353973
0.2295386208
0.2296352038
0.2297243376
0.229804939
0.2298754205
0.2299344137
0.2299774901
0.2299961485
0.2299995332
0.229999871
0.2299998974
0.2299998993
0.2299998994
0.2299998994
0.2299998994
0.2299998994
0.2299998994
0.2299998994
0.2299998994
0.2299998992
0.2299998985
0.2251313771
0.225175847
0.2252261471
0.225282318
0.2253443687
0.2254122764
0.2254859855
0.2255654078
0.2256504229
0.2257408795
0.2258365965
0.2259373651
0.2260429512
0.2261530962
0.2262675202
0.2263859251
0.2265079965
0.2266334069
0.2267618168
0.226892877
0.2270262302
0.2271615136
0.2272983587
0.2274363936
0.2275752454
0.2277145401
0.2278539045
0.2279929669
0.2281313704
0.2282687439
0.2284047171
0.2285389644
0.2286711603
0.2288008791
0.2289273748
0.2290502378
0.2291690818
0.229283411
0.2293927625
0.2294966352
0.2295944514
0.2296855083
0.2297689039
0.229843428
0.2299074909
0.2299590766
0.2299901131
0.2299987754
0.22999981
0.2299998931
0.2299998989
0.2299998993
0.2299998993
0.2299998993
0.2299998994
0.2299998994
0.2299998994
0.2299998994
0.2299998992
0.2299998984
0.2252270282
0.2252690149
0.2253165365
0.2253696419
0.2254283519
0.2254926576
0.22556252
0.2256378701
0.2257186089
0.2258046083
0.2258957123
0.2259917392
0.226092481
0.2261977068
0.2263071645
0.2264205826
0.2265376729
0.2266581313
0.2267816395
0.2269078674
0.2270364755
0.2271671183
0.2272994446
0.2274330994
0.2275677274
0.2277029739
0.2278384856
0.227973911
0.228108916
0.228243156
0.2283762733
0.2285079182
0.2286377179
0.2287653117
0.2288900653
0.229011553
0.2291294059
0.2292432033
0.2293524217
0.2294565993
0.2295552203
0.2296476789
0.2297332291
0.2298109192
0.2298795325
0.229938052
0.2299805335
0.229997156
0.2299996693
0.229999883
0.2299998981
0.2299998991
0.2299998992
0.2299998992
0.2299998992
0.2299998993
0.2299998993
0.2299998993
0.2299998991
0.2299998983
0.2253096229
0.2253496012
0.2253948727
0.2254454929
0.2255014912
0.2255628696
0.2256296023
0.2257016352
0.2257788862
0.2258612458
0.225948579
0.2260407235
0.226137495
0.2262386887
0.2263440745
0.2264533976
0.226566386
0.2266827532
0.2268021963
0.2269243999
0.227049039
0.2271757826
0.2273042951
0.2274342371
0.2275652699
0.2276970553
0.2278292548
0.2279615271
0.2280935394
0.2282249424
0.2283553829
0.2284845372
0.2286120989
0.228737736
0.2288608031
0.2289808966
0.2290976002
0.229210527
0.2293191685
0.2294230829
0.2295217896
0.2296147435
0.2297013019
0.2297806719
0.2298517998
0.2299135376
0.2299638011
0.2299926717
0.2299992749
0.2299998585
0.2299998965
0.2299998989
0.229999899
0.2299998991
0.2299998991
0.2299998991
0.2299998991
0.2299998991
0.2299998989
0.2299998981
)
;

boundaryField
{
    inletCH4
    {
        type            fixedValue;
        value           uniform 0.1966;
    }
    wallOutside
    {
        type            zeroGradient;
    }
    wallTube
    {
        type            zeroGradient;
    }
    inletPilot
    {
        type            fixedValue;
        value           uniform 0.054;
    }
    inletAir
    {
        type            fixedValue;
        value           uniform 0.23;
    }
    outlet
    {
        type            zeroGradient;
    }
    axis
    {
        type            empty;
    }
    frontAndBack_pos
    {
        type            wedge;
    }
    frontAndBack_neg
    {
        type            wedge;
    }
}


// ************************************************************************* //
