/*--------------------------------*- C++ -*----------------------------------*\
  =========                 |
  \\      /  F ield         | OpenFOAM: The Open Source CFD Toolbox
   \\    /   O peration     | Website:  https://openfoam.org
    \\  /    A nd           | Version:  10
     \\/     M anipulation  |
\*---------------------------------------------------------------------------*/
FoamFile
{
    format      binary;
    class       decomposedBlockData;
    location    "/home/zhouyuchen/Desktop/FastChemistrySolver-OpenFOAM-10/EC-CCM/OpenFOAM-10/Sandia/processors6/0.02498655859/C2H2_0";
    object      C2H2_0;
}
// * * * * * * * * * * * * * * * * * * * * * * * * * * * * * * * * * * * * * //


// Processor0

1680
(/*--------------------------------*- C++ -*----------------------------------*\
  =========                 |
  \\      /  F ield         | OpenFOAM: The Open Source CFD Toolbox
   \\    /   O peration     | Website:  https://openfoam.org
    \\  /    A nd           | Version:  10
     \\/     M anipulation  |
\*---------------------------------------------------------------------------*/
FoamFile
{
    format      ascii;
    class       volScalarField;
    location    "0.02498655859";
    object      C2H2_0;
}
// * * * * * * * * * * * * * * * * * * * * * * * * * * * * * * * * * * * * * //

dimensions      [0 0 0 0 0 0 0];

internalField   uniform 0;

boundaryField
{
    inletCH4
    {
        type            fixedValue;
        value           nonuniform List<scalar> 0();
    }
    wallOutside
    {
        type            zeroGradient;
    }
    wallTube
    {
        type            zeroGradient;
    }
    inletPilot
    {
        type            fixedValue;
        value           nonuniform List<scalar> 0();
    }
    inletAir
    {
        type            fixedValue;
        value           nonuniform List<scalar> 0();
    }
    outlet
    {
        type            zeroGradient;
    }
    axis
    {
        type            empty;
    }
    frontAndBack_pos
    {
        type            wedge;
    }
    frontAndBack_neg
    {
        type            wedge;
    }
    procBoundary0to2
    {
        type            processor;
        value           uniform 0;
    }
    procBoundary0to4
    {
        type            processor;
        value           uniform 0;
    }
}


// ************************************************************************* //
)

// Processor1

3441
(dimensions      [0 0 0 0 0 0 0];

internalField   nonuniform List<scalar> 
860
(
0
0
0
0
0
0
0
0
0
0
0
0
0
0
0
0
0
0
0
0
0
0
0
0
0
0
0
0
0
0
0
0
0
0
0
0
0
0
0
0
0
0
0
0
0
0
0
0
0
0
0
0
0
0
0
0
0
0
0
0
0
0
0
0
0
0
0
0
0
0
0
0
0
0
0
0
0
0
0
0
0
0
0
0
0
0
0
0
0
0
0
0
0
0
0
0
0
0
0
0
0
0
0
0
0
0
0
0
0
0
0
0
0
0
0
0
0
0
0
0
0
0
0
0
0
0
0
0
0
0
0
0
0
0
0
0
0
0
0
0
0
0
0
0
0
0
0
0
0
0
0
0
0
0
0
0
0
0
0
0
0
0
0
0
0
0
0
0
0
0
0
0
0
0
0
0
0
0
0
0
0
0
0
0
0
0
0
0
0
0
0
0
0
0
0
0
0
0
0
0
0
0
0
0
0
0
0
0
0
0
0
0
0
0
0
0
0
0
0
0
0
0
0
0
0
0
0
0
0
0
0
0
0
0
0
0
0
0
0
0
0
0
0
0
0
0
0
0
0
0
0
0
0
0
0
0
0
0
0
0
0
0
0
0
0
0
0
0
0
0
0
0
0
0
0
0
0
0
0
0
0
0
0
0
0
0
0
0
0
0
0
0
0
0
0
0
0
0
0
0
0
0
0
0
0
0
0
0
0
0
0
0
0
0
0
0
0
0
0
0
0
0
0
0
0
0
0
0
0
0
0
0
0
0
0
0
0
0
0
0
0
0
0
0
0
0
0
0
0
0
0
0
0
0
0
0
0
0
0
0
0
0
0
0
0
0
0
0
0
0
0
0
0
0
0
0
0
0
0
0
0
0
0
0
0
0
0
0
0
0
0
0
0
0
0
0
0
0
0
0
0
0
0
0
0
0
0
0
0
0
0
0
0
0
0
0
0
0
0
0
0
0
0
0
0
0
0
0
0
0
0
0
0
0
0
0
0
0
0
0
8.698255056e-17
0
0
0
0
0
0
0
0
0
0
0
0
0
0
0
0
0
0
0
0
0
0
0
0
0
0
0
0
0
0
0
0
0
0
0
0
0
0
0
0
0
0
0
1.862154258e-14
0
0
0
0
0
0
0
0
0
0
0
0
0
0
0
0
0
0
0
0
0
0
0
0
0
0
0
0
0
0
0
0
0
0
0
0
0
0
0
0
0
0
0
6.407281625e-14
0
0
0
0
0
0
0
0
0
0
0
0
0
0
0
0
0
0
0
0
0
0
0
0
0
0
0
0
0
0
0
0
0
0
0
0
0
0
0
0
0
0
0
1.284903637e-13
0
0
0
0
0
0
0
0
0
0
0
0
0
0
0
0
0
0
0
0
0
0
0
0
0
0
0
0
0
0
0
0
0
0
0
0
0
0
0
0
0
0
0
2.022416081e-13
0
0
0
0
0
0
0
0
0
0
0
0
0
0
0
0
0
0
0
0
0
0
0
0
0
0
0
0
0
0
0
0
0
0
0
0
0
0
0
0
0
0
0
2.807500055e-13
0
0
0
0
0
0
0
0
0
0
0
0
0
0
0
0
0
0
0
0
0
0
0
0
0
0
0
0
0
0
0
0
0
0
0
0
0
0
0
0
0
0
0
3.868185983e-13
4.518690473e-15
0
0
0
0
0
0
0
0
0
0
0
0
0
0
0
0
0
0
0
0
0
0
0
0
0
0
0
0
0
0
0
0
0
0
0
0
0
0
0
0
0
0
5.588667029e-13
2.235199219e-14
0
0
0
0
0
0
0
0
0
0
0
0
0
0
0
0
0
0
0
0
0
0
0
0
0
0
0
0
0
0
0
0
0
0
0
0
0
0
0
0
0
0
8.981433282e-13
7.805845637e-14
0
0
0
0
0
0
0
0
0
0
0
0
0
0
0
0
0
0
0
0
0
0
0
0
0
0
0
0
0
0
0
0
0
0
0
0
0
0
0
0
0
0
1.658582034e-12
2.150057242e-13
0
0
0
0
0
0
0
0
3.675189188e-12
5.384667512e-13
8.159587092e-15
0
0
0
0
1.064557828e-11
1.392860088e-12
1.094118522e-13
0
0
0
0
)
;

boundaryField
{
    inletCH4
    {
        type            fixedValue;
        value           nonuniform List<scalar> 0();
    }
    wallOutside
    {
        type            zeroGradient;
    }
    wallTube
    {
        type            zeroGradient;
    }
    inletPilot
    {
        type            fixedValue;
        value           nonuniform List<scalar> 0();
    }
    inletAir
    {
        type            fixedValue;
        value           uniform 0;
    }
    outlet
    {
        type            zeroGradient;
    }
    axis
    {
        type            empty;
    }
    frontAndBack_pos
    {
        type            wedge;
    }
    frontAndBack_neg
    {
        type            wedge;
    }
    procBoundary1to2
    {
        type            processor;
        value           uniform 0;
    }
    procBoundary1to3
    {
        type            processor;
        value           nonuniform List<scalar> 
22
(
0
0
0
0
0
0
0
0
1.930160718e-14
1.453148242e-13
3.51656094e-13
6.028286642e-13
8.645375116e-13
1.148100576e-12
1.423799439e-12
1.707231723e-12
2.140678377e-12
2.93437383e-12
4.60695692e-12
8.93330593e-12
2.422986075e-11
1.013775335e-10
)
;
    }
    procBoundary1to5
    {
        type            processor;
        value           nonuniform List<scalar> 7(4.391908277e-11 4.205908183e-12 4.114092455e-13 0 0 0 0);
    }
}
)

// Processor2

1317
(dimensions      [0 0 0 0 0 0 0];

internalField   uniform 0;

boundaryField
{
    inletCH4
    {
        type            fixedValue;
        value           nonuniform List<scalar> 0();
    }
    wallOutside
    {
        type            zeroGradient;
    }
    wallTube
    {
        type            zeroGradient;
    }
    inletPilot
    {
        type            fixedValue;
        value           nonuniform List<scalar> 0();
    }
    inletAir
    {
        type            fixedValue;
        value           nonuniform List<scalar> 0();
    }
    outlet
    {
        type            zeroGradient;
    }
    axis
    {
        type            empty;
    }
    frontAndBack_pos
    {
        type            wedge;
    }
    frontAndBack_neg
    {
        type            wedge;
    }
    procBoundary2to0
    {
        type            processor;
        value           uniform 0;
    }
    procBoundary2to1
    {
        type            processor;
        value           uniform 0;
    }
    procBoundary2to4
    {
        type            processor;
        value           uniform 0;
    }
    procBoundary2to5
    {
        type            processor;
        value           nonuniform List<scalar> 
16
(
0
0
0
0
0
0
0
0
6.531639749e-15
2.071313579e-13
2.570741291e-13
2.080790892e-14
0
0
0
0
)
;
    }
}
)

// Processor3

13139
(dimensions      [0 0 0 0 0 0 0];

internalField   nonuniform List<scalar> 
861
(
0
0
0
0
0
0
0
0
0
0
0
0
0
0
0
0
0
0
0
0
0
0
0
0
0
0
0
0
0
0
0
0
0
0
0
0
0
0
0
0
0
0
0
0
0
0
0
0
0
0
0
0
0
0
0
0
0
0
0
0
0
0
0
0
0
0
0
0
0
0
0
0
0
0
0
0
0
0
0
0
0
0
0
0
0
0
0
0
0
0
0
0
0
1.710317825e-13
8.757541614e-13
3.135765369e-13
2.013728822e-12
1.636033584e-11
1.144548233e-10
5.402533532e-10
9.736824524e-17
0
0
4.581865892e-17
3.547513986e-16
0
0
0
1.485078743e-15
7.732634522e-16
4.858670241e-18
0
0
2.316912632e-15
3.142167984e-16
9.06575467e-17
9.260675651e-17
9.43497146e-17
1.212082204e-15
3.869537657e-16
0
0
0
0
0
0
0
0
0
0
0
0
5.753625699e-12
1.233765643e-10
1.364757335e-09
4.039339196e-09
1.162052196e-10
0
2.098454403e-10
1.101202713e-08
1.441108569e-08
1.883937103e-09
0
6.617578552e-09
1.05370229e-09
2.557784987e-09
1.009046908e-08
7.426834848e-09
2.655758433e-09
0
0
3.68699979e-09
2.847312563e-09
8.397578277e-11
3.400134894e-10
3.84503291e-10
3.25550545e-10
1.626725686e-11
2.14588747e-11
2.126849331e-10
7.606575238e-11
0
2.594948769e-11
2.312136081e-10
4.199358513e-10
3.337517506e-10
2.303115177e-10
1.853272321e-10
2.661116112e-10
3.595406384e-10
4.942684297e-10
2.804109232e-10
2.092567168e-10
3.389654449e-10
2.918799204e-10
4.876814332e-10
3.926363863e-10
3.313468407e-10
3.461443788e-10
2.469739102e-10
4.175467307e-10
4.038495135e-10
3.520998653e-10
2.912051772e-10
2.143532753e-10
3.679166958e-10
3.475959301e-10
2.973619753e-10
2.315095801e-10
1.880471596e-10
7.009433629e-10
4.829035564e-10
2.91071657e-10
2.089964071e-10
1.679929067e-10
3.800614333e-08
2.655733749e-08
3.872633625e-09
8.898554249e-10
5.863093081e-11
1.644271844e-11
1.219436917e-10
1.786289313e-09
2.528038551e-08
3.145952198e-07
7.186642903e-10
5.580723493e-09
8.135355292e-08
1.080517516e-06
1.174096366e-05
4.597835775e-09
3.230789285e-08
3.848256299e-07
3.803450895e-06
2.644908423e-05
1.776610504e-08
1.123394194e-07
1.121940255e-06
8.687718801e-06
4.297191549e-05
5.607743274e-08
3.240642377e-07
2.785606466e-06
1.757695257e-05
7.018281118e-05
1.608185827e-07
8.733023616e-07
6.429922205e-06
3.283040899e-05
0.0001098327059
4.166171652e-07
2.102331387e-06
1.303295915e-05
5.425179763e-05
0.0001540074963
9.857565163e-07
4.507660434e-06
2.31947186e-05
7.935645852e-05
0.0001924962301
2.176225273e-06
8.841791148e-06
3.726887206e-05
0.0001062983918
0.0002265507583
4.526363013e-06
1.60398511e-05
5.561177938e-05
0.0001362333049
0.0002646449887
8.997451739e-06
2.741783293e-05
7.902595218e-05
0.0001713243493
0.0003114255059
1.787958401e-05
4.457986833e-05
0.0001081309079
0.0002124453123
0.0003645622909
3.280140023e-05
6.799779285e-05
0.0001427740408
0.0002579738242
0.0004187472857
5.69929085e-05
9.930122959e-05
0.0001834421749
0.0003072825186
0.0004734355069
9.359545625e-05
0.0001400877686
0.0002310157594
0.0003611210232
0.000530796729
0.0001430574176
0.000191623442
0.0002868253635
0.0004207226962
0.0005918845215
0.0002079401875
0.0002556832452
0.0003505371376
0.0004830541396
0.0006501846644
0.0002805805235
0.0003243710832
0.0004126544342
0.0005351277937
0.000685824899
0.0003515499693
0.0003892293484
0.0004643885356
0.0005646951056
0.0006802314081
0.0004144897884
0.0004423807406
0.0004961772163
0.0005630332872
0.0006316840489
0.0004556662403
0.000470262636
0.0004971698617
0.0005277274176
0.000554537168
0.0004492347128
0.0004534013977
0.0004604702218
0.0004667552279
0.0004688804811
0.0003987279334
0.0003982990967
0.0003965010207
0.0003921664611
0.0003841838337
0.0003270052656
0.000325199871
0.0003208154709
0.0003136440534
0.0003035863639
0.0002522580625
0.0002504751792
0.0002463355965
0.0002399257639
0.0002313784351
1.086380963e-06
5.041263583e-05
7.589744271e-05
9.775956076e-05
0.0001511233254
0.0002191659461
0.0002768802041
0.0003112926214
0.0003407173536
0.0003831508283
0.0004399554135
0.000500963079
0.000557432117
0.0006117274353
0.000669074565
0.0007294152623
0.0007830205087
0.0008020538285
0.0007614716615
0.0006729349621
0.0005669792491
0.0004666892132
0.000376668758
0.0002956613668
0.0002249305964
2.362826782e-06
2.168794695e-06
1.282436751e-07
1.159437185e-08
6.733300216e-10
0.0001553141717
0.0008050523013
4.617240242e-05
1.380401292e-06
5.601211617e-08
0.0001790499679
0.0004396439777
4.540874794e-05
2.549094248e-06
1.097265384e-07
0.0002045590841
0.0004552481472
0.0008017378172
6.129043078e-05
3.000301862e-06
0.0003202337644
0.0009003777922
0.00243523721
0.0002434810245
1.715797549e-05
0.0004386057744
0.001085911984
0.002232578018
0.0002896341272
2.689146552e-05
0.0005057824947
0.001031678774
0.001636668874
0.0002500377022
2.88999285e-05
0.0005175069253
0.0008801976919
0.001130285533
0.0004051581648
5.326736222e-05
0.0005341268275
0.0008780333262
0.001293982535
0.001875044577
0.0002666653186
0.0005849225231
0.0009916418206
0.001615663303
0.002706457077
0.0004409368743
0.0006588530144
0.001118343667
0.001805970506
0.002859616695
0.0005204848512
0.0007295559721
0.001187121703
0.00179089476
0.002538176647
0.0005423757121
0.0007851939737
0.00121016517
0.001714978759
0.002271848752
0.001347018963
0.0008355871622
0.001238786616
0.001717111726
0.002295158426
0.002277159825
0.0008913009622
0.001290417502
0.001778050617
0.002402608534
0.002827281354
0.0009496092736
0.001344521243
0.001830050391
0.002449619376
0.003009602277
0.0009951336023
0.001372547111
0.001835180307
0.002426029899
0.002978023539
0.0009868584691
0.001299563184
0.001666727283
0.002136216686
0.002431826242
0.0008869131464
0.001049915431
0.001152838538
0.001118418342
0.0005070766625
0.0007349111936
0.0007803215511
0.0007580108648
0.0006486766073
0.0004331864472
0.000586195781
0.0005769693428
0.0005260049283
0.0004386305715
0.0003295114084
0.000465065595
0.0004388254641
0.0003902378185
0.0003268055029
0.0002584544669
0.0003676011583
0.0003396976042
0.0003003726928
0.0002545567879
0.0002075464528
0.0002860761258
0.000262713539
0.0002327587161
0.0001994399858
0.0001658268186
0.0002172748174
0.0001996085232
0.0001776836479
0.0001536736931
0.0001294846481
1.35809042e-10
9.407787114e-12
4.043267514e-13
0
0
0
0
0
0
0
0
0
0
0
0
0
9.557484078e-09
8.04615373e-10
5.509912459e-11
6.153366072e-12
1.183007721e-12
2.103434116e-13
0
0
0
0
0
0
0
0
0
0
2.910004055e-08
5.330751062e-09
5.389871913e-10
6.834693912e-11
1.526514606e-11
5.034422886e-12
1.913388206e-12
6.543033163e-13
1.169114615e-13
0
0
0
0
0
0
0
5.427759524e-07
1.171140541e-07
1.302462255e-08
1.058418612e-09
1.673362938e-10
4.814667104e-11
1.875833183e-11
7.898580013e-12
3.156529011e-12
1.065801037e-12
2.191081674e-13
0
0
0
0
0
1.789887275e-06
5.193423842e-07
1.251369097e-07
1.422094074e-08
1.662761329e-09
3.595984193e-10
1.190232869e-10
4.701363211e-11
1.91730259e-11
7.461030093e-12
2.565216417e-12
6.664283012e-13
5.016159016e-14
0
0
0
1.669947974e-06
5.770763239e-07
2.689601586e-07
7.679028114e-08
9.749403141e-09
1.618457024e-09
4.47418419e-10
1.622075486e-10
6.399088798e-11
2.497856197e-11
9.106141547e-12
2.89973915e-12
6.823936776e-13
3.858747246e-14
0
0
1.840907081e-06
4.186670686e-07
3.139355236e-07
2.074987596e-07
5.334667702e-08
7.252378267e-09
1.519981503e-09
4.779920939e-10
1.776557497e-10
6.768003239e-11
2.47422538e-11
8.278810433e-12
2.358028869e-12
4.601332971e-13
3.375529477e-15
0
4.062443851e-06
4.112957541e-07
3.189562472e-07
3.369916736e-07
1.986400388e-07
3.565488221e-08
5.505042159e-09
1.391749399e-09
4.635177064e-10
1.678007111e-10
5.9845599e-11
2.000317653e-11
5.984282362e-12
1.453717627e-12
1.938404568e-13
0
2.36229393e-05
1.605619392e-06
5.444898646e-07
5.256979628e-07
4.723028376e-07
1.666000189e-07
2.255062405e-08
4.160683942e-09
1.166876053e-09
3.865133957e-10
1.31036427e-10
4.256116345e-11
1.271697017e-11
3.300444481e-12
6.250388255e-13
1.930160718e-14
4.662691607e-05
3.421817301e-06
6.211675862e-07
6.397852986e-07
7.249926254e-07
4.758873981e-07
9.164000238e-08
1.248806352e-08
2.807985826e-09
8.251352649e-10
2.610199871e-10
8.107769499e-11
2.365994435e-11
6.224386488e-12
1.334953891e-12
1.453148242e-13
6.386681386e-05
5.657854368e-06
5.859121512e-07
6.066877524e-07
9.206886339e-07
8.808011734e-07
2.875709414e-07
4.025041162e-08
7.001165382e-09
1.715057295e-09
4.84800264e-10
1.399848393e-10
3.906949644e-11
1.016311515e-11
2.30144353e-12
3.51656094e-13
7.501113359e-05
7.766642641e-06
7.025040865e-07
5.18070517e-07
1.118030281e-06
1.367760701e-06
6.841499747e-07
1.058086709e-07
1.611582601e-08
3.269035186e-09
8.096168297e-10
2.141636944e-10
5.657657184e-11
1.442142581e-11
3.36581131e-12
6.028286642e-13
0.0001951257118
2.223432134e-05
2.093173101e-06
5.879146372e-07
1.450156633e-06
2.056337894e-06
1.359848529e-06
2.661608143e-07
3.699473329e-08
6.075743093e-09
1.242923573e-09
2.906822444e-10
7.176896612e-11
1.795198905e-11
4.32036702e-12
8.645375116e-13
0.0003644153425
4.703574347e-05
5.110848234e-06
8.031835437e-07
1.944568544e-06
3.066958264e-06
2.392604219e-06
6.679360033e-07
8.346507998e-08
1.171444803e-08
1.905669294e-09
3.779477249e-10
8.573168502e-11
2.106312757e-11
5.24155829e-12
1.148100576e-12
0.0005044441327
7.403995063e-05
9.162475518e-06
1.243214376e-06
2.837937539e-06
4.564939023e-06
3.714398211e-06
1.405454305e-06
1.931650879e-07
2.345430428e-08
2.906061171e-09
4.672916334e-10
9.64439811e-11
2.346660159e-11
6.054957832e-12
1.423799439e-12
0.0005907672607
9.639820982e-05
1.327256524e-05
1.98996988e-06
4.964520027e-06
6.843134637e-06
5.21162708e-06
2.379286706e-06
4.2113569e-07
4.7903433e-08
4.457804404e-09
5.625815684e-10
1.063736827e-10
2.599901378e-11
6.923513919e-12
1.707231723e-12
0.0006160025757
0.000105647212
1.526918291e-05
5.07936715e-06
9.776545698e-06
9.99304188e-06
6.74991556e-06
3.21644911e-06
8.181620569e-07
1.023757556e-07
7.994244855e-09
8.135850072e-10
1.387872025e-10
3.257713816e-11
8.55129045e-12
2.140678377e-12
0.0004923184571
7.949770904e-05
1.16472068e-05
1.436958677e-05
1.719825756e-05
1.349447837e-05
8.129211109e-06
3.87877015e-06
1.329751999e-06
2.589587331e-07
2.53730114e-08
2.191500116e-09
2.76021646e-10
5.195113901e-11
1.219257114e-11
2.93437383e-12
0.0001336261261
2.943424927e-05
3.456963688e-05
3.435760522e-05
2.592343643e-05
1.668008503e-05
9.389864658e-06
4.599299193e-06
1.895451628e-06
5.801170154e-07
1.029802919e-07
1.006863468e-08
9.083059067e-10
1.159104984e-10
2.123376864e-11
4.60695692e-12
0.0002219587428
0.0001197287574
7.669522677e-05
5.028429854e-05
3.188668091e-05
1.909385939e-05
1.060069775e-05
5.379551689e-06
2.453103842e-06
9.648787573e-07
2.858921965e-07
4.959504964e-08
4.795034033e-09
4.263213671e-10
5.240695878e-11
8.93330593e-12
0.0002184623138
0.0001384091466
8.844574024e-05
5.612622595e-05
3.475457021e-05
2.06568312e-05
1.164298191e-05
6.163499437e-06
3.02866734e-06
1.353580873e-06
5.257199115e-07
1.545239097e-07
2.650653522e-08
2.481343994e-09
2.104348257e-10
2.422986075e-11
0.0001885768405
0.0001292311548
8.621510204e-05
5.602076695e-05
3.527819751e-05
2.139824146e-05
1.243250591e-05
6.880340129e-06
3.597895134e-06
1.753212393e-06
7.767666991e-07
2.984351492e-07
8.65369471e-08
1.44385379e-08
1.277068525e-09
1.013775335e-10
0.0001586489257
0.0001138199608
7.876112928e-05
5.271935198e-05
3.414269824e-05
2.133917777e-05
1.284037761e-05
7.413675543e-06
4.083632737e-06
2.124453622e-06
1.026379415e-06
4.4794206e-07
1.682577555e-07
4.725438625e-08
7.469356331e-09
6.06476757e-10
0.0001305681549
9.687070714e-05
6.909442292e-05
4.756791371e-05
3.168534133e-05
2.042367722e-05
1.271433612e-05
7.62643067e-06
4.387928752e-06
2.402980439e-06
1.237238671e-06
5.876660683e-07
2.499209743e-07
9.047036775e-08
2.411612636e-08
3.518760161e-09
0.000103804973
7.847298702e-05
)
;

boundaryField
{
    inletCH4
    {
        type            fixedValue;
        value           uniform 0;
    }
    wallOutside
    {
        type            zeroGradient;
    }
    wallTube
    {
        type            zeroGradient;
    }
    inletPilot
    {
        type            fixedValue;
        value           uniform 0;
    }
    inletAir
    {
        type            fixedValue;
        value           uniform 0;
    }
    outlet
    {
        type            zeroGradient;
    }
    axis
    {
        type            empty;
    }
    frontAndBack_pos
    {
        type            wedge;
    }
    frontAndBack_neg
    {
        type            wedge;
    }
    procBoundary3to1
    {
        type            processor;
        value           nonuniform List<scalar> 
22
(
0
0
0
0
0
0
0
0
0
0
8.698255056e-17
1.862154258e-14
6.407281625e-14
1.284903637e-13
2.022416081e-13
2.807500055e-13
3.868185983e-13
5.588667029e-13
8.981433282e-13
1.658582034e-12
3.675189188e-12
1.064557828e-11
)
;
    }
    procBoundary3to5
    {
        type            processor;
        value           nonuniform List<scalar> 
30
(
0.0001850784379
0.0001836823995
0.0001805012107
0.0001756420777
0.0001692752893
0.0001645684962
0.000159135095
0.000146708556
0.0001313940243
0.0001146726581
9.779925113e-05
4.391908277e-11
5.723367103e-05
4.073770065e-05
2.795717956e-05
1.855628822e-05
1.193093099e-05
7.409415259e-06
4.427552624e-06
2.529850335e-06
1.369179063e-06
6.921839274e-07
3.201730681e-07
1.311610829e-07
4.502076442e-08
2.543063941e-10
1.111389444e-08
7.979618889e-05
5.723367103e-05
6.191605054e-05
)
;
    }
}
)

// Processor4

8368
(dimensions      [0 0 0 0 0 0 0];

internalField   nonuniform List<scalar> 
862
(
3.784076792e-12
3.795025083e-12
3.812271003e-12
3.832584467e-12
3.857729653e-12
9.538863267e-13
9.579671467e-13
9.643943455e-13
9.722365955e-13
9.819855544e-13
2.179143188e-13
2.191249164e-13
2.211254732e-13
2.23672414e-13
2.26891002e-13
4.276304351e-14
4.311583669e-14
4.378576335e-14
4.487857425e-14
4.593468835e-14
6.959343764e-15
7.018067122e-15
7.114431519e-15
7.224589348e-15
7.349817951e-15
3.577191779e-16
3.585497234e-16
3.257721519e-16
3.467229123e-16
3.907412236e-16
0
0
0
0
0
0
0
0
0
0
0
0
0
0
0
3.31989673e-18
3.215772369e-18
3.111631825e-18
2.915256486e-18
2.620520464e-18
1.054998846e-16
1.051793236e-16
1.045885641e-16
1.038749153e-16
1.03154414e-16
3.272312907e-16
3.26997646e-16
3.265097392e-16
3.256618875e-16
3.241761234e-16
6.913529224e-16
6.886584521e-16
6.827905506e-16
6.736599082e-16
6.607692088e-16
7.99094702e-16
7.941646177e-16
7.849937504e-16
7.731282246e-16
7.602302332e-16
8.502245158e-16
8.443586907e-16
8.337253013e-16
8.207396794e-16
8.077664732e-16
8.027230604e-16
7.991933493e-16
7.952052977e-16
8.002758417e-16
8.41191257e-16
8.966970658e-16
8.931950609e-16
8.86778178e-16
8.799941473e-16
8.755857481e-16
7.586714512e-16
7.555211578e-16
7.487902811e-16
7.39006463e-16
7.266340518e-16
5.375160209e-16
5.3690102e-16
5.35510426e-16
5.334195485e-16
5.30761702e-16
4.787526632e-16
4.790506982e-16
4.781519736e-16
4.661815247e-16
4.678280196e-16
3.903538829e-12
9.971332362e-13
2.313424064e-13
4.717658885e-14
7.541631925e-15
4.508899363e-16
0
0
0
3.033131197e-18
1.025845079e-16
3.22133202e-16
6.483460482e-16
7.444122466e-16
7.927057712e-16
8.35507876e-16
8.736887482e-16
7.16988705e-16
5.289480798e-16
4.712280777e-16
4.092604763e-12
4.240659506e-12
4.249411813e-12
4.152689952e-12
3.97984082e-12
1.053124783e-12
1.099832085e-12
1.107564942e-12
1.085436948e-12
1.041387515e-12
2.464489618e-13
2.598739743e-13
2.634924947e-13
2.599725556e-13
2.506850294e-13
5.10255292e-14
5.447430864e-14
5.540813259e-14
5.460040795e-14
5.265339408e-14
8.250188983e-15
8.870516061e-15
8.996086371e-15
8.96178319e-15
8.725001664e-15
5.91367848e-16
7.16085386e-16
8.4458345e-16
7.900542999e-16
7.296418471e-16
0
0
0
0
0
0
0
0
0
0
0
0
0
0
0
5.373126648e-18
8.356062314e-18
1.021274462e-17
1.054528012e-17
9.81978624e-18
1.011365856e-16
9.942576731e-17
9.738900396e-17
9.373330966e-17
8.679173525e-17
3.168600317e-16
3.070413676e-16
2.930093523e-16
2.706773739e-16
2.233784548e-16
6.241032993e-16
5.734309843e-16
4.50085467e-16
3.549981278e-16
2.703001308e-16
6.871923165e-16
6.028297935e-16
5.39810299e-16
4.820533998e-16
4.234337783e-16
7.377492786e-16
6.739121427e-16
6.187397318e-16
5.68033262e-16
5.490441206e-16
8.131279205e-16
7.834818681e-16
7.746395326e-16
7.420223012e-16
7.04725185e-16
8.643271951e-16
8.318750291e-16
7.922411848e-16
7.481363585e-16
7.017536059e-16
7.027000427e-16
6.764321231e-16
6.47594607e-16
6.174089717e-16
5.867184527e-16
5.273845338e-16
5.226630676e-16
5.158440258e-16
5.061225523e-16
4.788690049e-16
4.699513051e-16
4.702461799e-16
4.556190979e-16
4.533812131e-16
4.448475229e-16
0
0
0
0
0
0
0
0
0
0
0
0
0
0
0
0
0
0
0
0
0
0
0
0
0
0
0
0
0
0
0
0
0
0
0
0
0
0
0
0
0
0
0
0
0
0
0
0
0
0
0
0
0
0
9.166312839e-16
0
0
0
0
0
0
0
0
0
0
0
0
0
0
0
0
0
0
0
0
0
0
0
0
0
0
0
3.721569357e-12
3.33862873e-12
2.890274206e-12
2.416002473e-12
1.949763802e-12
1.51327804e-12
1.121858145e-12
7.892947178e-13
5.341292119e-13
3.505342404e-13
2.145498303e-13
1.162096972e-13
6.033185174e-14
2.601926234e-14
0
0
0
0
0
0
0
0
0
0
0
0
0
0
9.746750504e-13
8.780289585e-13
7.614019144e-13
6.352138374e-13
5.082447055e-13
3.857672244e-13
2.727000451e-13
1.783389755e-13
1.162772309e-13
7.421233704e-14
4.009046719e-14
1.419891276e-14
6.253139472e-15
2.013925394e-15
0
0
0
0
0
0
0
0
0
0
0
0
0
0
2.354095071e-13
2.117332294e-13
1.828671409e-13
1.511521434e-13
1.176087763e-13
8.308750227e-14
5.063115655e-14
2.851961413e-14
1.90592679e-14
1.160504059e-14
4.566628663e-15
1.194102116e-15
2.319884121e-16
0
0
0
0
0
0
0
0
0
0
0
0
0
0
0
4.951842471e-14
4.462057522e-14
3.846210331e-14
3.107546518e-14
2.248632268e-14
1.323627154e-14
5.269991663e-15
2.603223405e-15
1.918522887e-15
1.068308878e-15
2.850340313e-16
6.243545159e-18
0
0
0
0
0
0
0
0
0
0
0
0
0
0
0
0
8.341733443e-15
7.523813957e-15
6.308305101e-15
4.717176325e-15
3.084641782e-15
1.374687075e-15
3.919546039e-16
1.6848194e-17
0
0
1.799517932e-18
0
0
0
0
0
0
0
0
0
0
0
0
0
0
0
0
0
6.66289785e-16
5.343234168e-16
3.499651752e-16
3.821558993e-16
2.32764011e-16
8.650155459e-17
1.193472932e-17
0
0
0
0
0
0
0
0
0
0
0
0
0
0
0
0
0
0
0
0
0
0
1.385444077e-17
1.982193759e-17
2.206203987e-17
1.392325312e-17
0
0
0
0
0
0
0
0
0
0
0
0
0
0
0
0
0
0
0
0
0
0
0
0
6.704271878e-19
6.468399849e-19
5.19869143e-19
0
0
0
0
0
0
0
0
0
0
0
0
0
0
0
0
0
0
0
0
0
0
0
0
8.820736165e-20
5.488506631e-20
6.18955437e-20
0
0
0
0
0
0
0
0
0
0
0
0
0
0
0
0
0
0
0
0
0
0
0
0
0
7.520931006e-18
3.450253519e-18
0
0
0
0
0
0
0
0
0
0
0
0
0
0
0
0
0
0
0
0
0
0
0
0
0
0
7.261916572e-17
4.200988374e-17
0
0
0
0
0
0
0
0
0
0
0
0
0
0
0
0
0
0
0
0
0
0
0
0
0
0
7.132471602e-17
0
0
0
0
2.159997033e-18
1.929010674e-17
1.372915598e-17
0
0
0
0
0
0
0
0
0
0
0
0
0
0
0
0
0
0
0
0
2.004693984e-16
1.412383789e-16
9.640252015e-17
1.309494412e-16
1.25609516e-16
9.590272119e-17
5.819909301e-17
6.744656006e-18
0
0
0
0
0
0
0
0
0
0
0
0
0
0
0
0
0
0
0
0
3.575861031e-16
3.046411799e-16
3.497690952e-16
2.872176008e-16
2.147390451e-16
1.357356867e-16
8.865971775e-17
3.118545506e-17
0
0
0
0
0
0
0
0
0
0
0
0
0
0
0
0
0
0
0
0
5.74002383e-16
5.265021639e-16
4.879488251e-16
4.173763312e-16
3.374980587e-16
2.571500229e-16
1.499746643e-16
6.512688277e-17
1.325150265e-17
0
0
0
0
0
0
0
0
0
0
0
0
0
0
0
0
0
0
0
6.760984794e-16
6.144522968e-16
5.423821355e-16
4.669022166e-16
3.892033798e-16
2.735255387e-16
1.768140422e-16
1.100287629e-16
5.092132977e-17
0
0
0
7.486318829e-19
0
0
0
0
0
0
0
0
0
0
0
0
0
0
0
6.489837787e-16
5.890801078e-16
5.27090485e-16
4.447113022e-16
3.573941144e-16
2.669333727e-16
2.001612923e-16
1.362817845e-16
6.705812157e-17
0
1.205934491e-17
2.861971784e-18
4.882042683e-19
0
0
0
0
0
0
0
0
0
0
0
0
0
0
0
5.52359295e-16
5.132957823e-16
4.532786765e-16
3.859402043e-16
3.115443311e-16
2.567734808e-16
1.995900409e-16
1.315573337e-16
5.082906869e-17
0
2.87633496e-18
1.467988338e-18
0
0
0
0
0
0
0
0
0
0
0
0
0
0
0
0
4.621118094e-16
4.198678887e-16
3.700543507e-16
3.368937494e-16
3.000546952e-16
2.526417085e-16
1.914420638e-16
1.153261244e-16
3.337683641e-17
2.395720619e-17
7.704229233e-18
1.758662507e-18
2.344254582e-20
0
0
0
0
0
0
0
0
0
0
0
0
0
0
0
4.146563175e-16
3.968552414e-16
3.764540231e-16
3.459917208e-16
3.017513215e-16
2.414767467e-16
1.625206884e-16
6.570311318e-17
1.387862264e-17
6.556040119e-18
2.123418109e-18
1.793206281e-19
0
0
0
0
0
0
0
0
0
0
0
0
0
0
0
0
)
;

boundaryField
{
    inletCH4
    {
        type            fixedValue;
        value           nonuniform List<scalar> 0();
    }
    wallOutside
    {
        type            zeroGradient;
    }
    wallTube
    {
        type            zeroGradient;
    }
    inletPilot
    {
        type            fixedValue;
        value           nonuniform List<scalar> 0();
    }
    inletAir
    {
        type            fixedValue;
        value           nonuniform List<scalar> 0();
    }
    outlet
    {
        type            zeroGradient;
    }
    axis
    {
        type            empty;
    }
    frontAndBack_pos
    {
        type            wedge;
    }
    frontAndBack_neg
    {
        type            wedge;
    }
    procBoundary4to0
    {
        type            processor;
        value           uniform 0;
    }
    procBoundary4to2
    {
        type            processor;
        value           uniform 0;
    }
    procBoundary4to5
    {
        type            processor;
        value           nonuniform List<scalar> 
46
(
1.434278634e-11
1.438076698e-11
1.443166575e-11
1.448447052e-11
1.454558191e-11
1.468638432e-11
1.531809395e-11
1.576483835e-11
1.571061072e-11
1.52875405e-11
1.460260811e-11
0
0
0
0
0
0
0
0
0
0
0
7.627666267e-15
7.627666267e-15
1.270984943e-14
0
0
1.361572853e-11
1.219131032e-11
1.054578951e-11
8.829049054e-12
7.150648005e-12
5.593085037e-12
4.210808816e-12
3.038482623e-12
2.100593293e-12
1.408951993e-12
9.003247262e-13
5.365875033e-13
2.991224501e-13
1.447771534e-13
1.328502428e-14
1.009470105e-14
3.660056652e-15
0
0
)
;
    }
}
)

// Processor5

15397
(dimensions      [0 0 0 0 0 0 0];

internalField   nonuniform List<scalar> 
862
(
0.0001850784379
0.0001836823995
0.0001805012107
0.0001756420777
0.0001692752893
0.000133146254
0.0001321766214
0.0001299411052
0.0001265322839
0.0001220897445
9.388799958e-05
9.323974207e-05
9.174235506e-05
8.946034241e-05
8.649241767e-05
6.529562012e-05
6.487443792e-05
6.390031329e-05
6.241494098e-05
6.048302966e-05
4.487249536e-05
4.460451591e-05
4.398348393e-05
4.303509657e-05
4.180011386e-05
3.04014049e-05
3.02342485e-05
2.984560732e-05
2.925060341e-05
2.847428898e-05
2.020641264e-05
2.010456492e-05
1.986646175e-05
1.950063114e-05
1.902219973e-05
1.310343211e-05
1.304311677e-05
1.290102674e-05
1.268171179e-05
1.239414747e-05
8.252802257e-06
8.218272543e-06
8.136096418e-06
8.008559143e-06
7.840875773e-06
5.032520961e-06
5.013484284e-06
4.967614727e-06
4.895967259e-06
4.801494612e-06
2.965059301e-06
2.954989244e-06
2.930344603e-06
2.891560385e-06
2.840263275e-06
1.684692901e-06
1.679596846e-06
1.666885428e-06
1.64670402e-06
1.619923714e-06
9.209753893e-07
9.185233058e-07
9.122535902e-07
9.021922797e-07
8.887927214e-07
4.830581488e-07
4.819451404e-07
4.790052254e-07
4.742237888e-07
4.67829424e-07
2.423677959e-07
2.418975471e-07
2.40597317e-07
2.384455993e-07
2.355537507e-07
1.160001814e-07
1.158184702e-07
1.152814658e-07
1.143718685e-07
1.131417596e-07
5.283731228e-08
5.277515839e-08
5.257077959e-08
5.221300749e-08
5.172517588e-08
2.286471473e-08
2.284713451e-08
2.277683675e-08
2.264750981e-08
2.246912749e-08
9.388902507e-09
9.385697384e-09
9.364621114e-09
9.322464384e-09
9.263287963e-09
3.655624431e-09
3.656004737e-09
3.650965186e-09
3.639007649e-09
3.62170534e-09
1.348873783e-09
1.349640456e-09
1.348996298e-09
1.346295064e-09
1.342119391e-09
4.712880733e-10
4.717848056e-10
4.720052914e-10
4.716915028e-10
4.710482923e-10
1.559349915e-10
1.561793068e-10
1.564080847e-10
1.565248804e-10
1.565975314e-10
4.876928181e-11
4.88713179e-11
4.899257696e-11
4.909921574e-11
4.921259924e-11
1.434278634e-11
1.438076698e-11
1.443166575e-11
1.448447052e-11
1.454558191e-11
0.0001645684962
0.0001188618261
8.435528131e-05
5.909965106e-05
4.091977649e-05
2.792401969e-05
1.868593597e-05
1.219446762e-05
7.726306751e-06
4.738257435e-06
2.806797236e-06
1.603007515e-06
8.806734077e-07
4.641623592e-07
2.340164502e-07
1.12555952e-07
5.152980672e-08
2.241705516e-08
9.255917353e-09
3.624552033e-09
1.345371204e-09
4.730012266e-10
1.575271157e-10
4.959444027e-11
1.468638432e-11
0.000159135095
0.000146708556
0.0001313940243
0.0001146726581
9.779925113e-05
0.0001152618531
0.0001068290304
9.63500322e-05
8.484994686e-05
7.317832107e-05
8.204290877e-05
7.647640479e-05
6.947036915e-05
6.171545733e-05
5.377903107e-05
5.7643487e-05
5.403552218e-05
4.942779018e-05
4.427437354e-05
3.894832344e-05
4.002022525e-05
3.771716289e-05
3.47267719e-05
3.134274244e-05
2.78075893e-05
2.738356207e-05
2.593942965e-05
2.402629696e-05
2.183239747e-05
1.951429839e-05
1.837416887e-05
1.748955465e-05
1.628791459e-05
1.488913355e-05
1.339363774e-05
1.202420899e-05
1.149818951e-05
1.076118825e-05
9.888834333e-06
8.944845054e-06
7.639655423e-06
7.33772502e-06
6.898590732e-06
6.369181512e-06
5.789195317e-06
4.698093505e-06
4.531555342e-06
4.278358436e-06
3.966943403e-06
3.621435243e-06
2.79061995e-06
2.702675909e-06
2.561766517e-06
2.384650666e-06
2.185567473e-06
1.598105118e-06
1.55384363e-06
1.4783124e-06
1.381095947e-06
1.270342386e-06
8.803915691e-07
8.593064581e-07
8.204158553e-07
7.690326529e-07
7.096713437e-07
4.653235313e-07
4.55918187e-07
4.367552955e-07
4.106828789e-07
3.801176617e-07
2.352914062e-07
2.314277834e-07
2.224335122e-07
2.097795299e-07
1.947116144e-07
1.135177732e-07
1.1209628e-07
1.080950689e-07
1.022429147e-07
9.515558531e-08
5.21379191e-08
5.169553209e-08
5.001676403e-08
4.744654294e-08
4.427564352e-08
2.275802997e-08
2.266021983e-08
2.199913402e-08
2.093018241e-08
1.95840685e-08
9.429568389e-09
9.429948632e-09
9.186857924e-09
8.766790364e-09
8.225544053e-09
3.70588021e-09
3.722627694e-09
3.639657217e-09
3.483943052e-09
3.278101472e-09
1.38065078e-09
1.39325078e-09
1.36720492e-09
1.312886013e-09
1.23896542e-09
4.872751777e-10
4.940770078e-10
4.867487425e-10
4.689635526e-10
4.438821977e-10
1.62923794e-10
1.659997806e-10
1.641516087e-10
1.586698988e-10
1.506288445e-10
5.150223107e-11
5.273233803e-11
5.23441256e-11
5.075986233e-11
4.833046086e-11
1.531809395e-11
1.576483835e-11
1.571061072e-11
1.52875405e-11
1.460260811e-11
4.391908277e-11
4.205908183e-12
4.114092455e-13
0
0
0
0
2.543063941e-10
1.697172544e-11
1.387596048e-12
5.022822305e-14
0
0
0
5.723367103e-05
4.073770065e-05
2.795717956e-05
1.855628822e-05
1.193093099e-05
7.409415259e-06
4.427552624e-06
2.529850335e-06
1.369179063e-06
6.921839274e-07
3.201730681e-07
1.311610829e-07
4.502076442e-08
1.111389444e-08
1.453438978e-09
9.443471911e-11
5.668285803e-12
3.278407738e-13
0
0
0
7.979618889e-05
6.191605054e-05
4.658418284e-05
3.398288313e-05
2.40202322e-05
1.642602959e-05
1.086101417e-05
6.946769809e-06
4.285121331e-06
2.5354601e-06
1.428017433e-06
7.573719261e-07
3.724790268e-07
1.660145372e-07
6.465777899e-08
2.067776421e-08
4.601476834e-09
5.20645899e-10
2.967101232e-11
1.505888997e-12
1.277021296e-14
0
0
6.062269424e-05
4.795467579e-05
3.680478322e-05
2.743343278e-05
1.986348516e-05
1.396084752e-05
9.50098626e-06
6.24688064e-06
3.957398525e-06
2.410684885e-06
1.402676664e-06
7.72748734e-07
3.982277947e-07
1.88681005e-07
8.00845163e-08
2.92106213e-08
8.523864933e-09
1.651783091e-09
1.533869755e-10
7.323343979e-12
2.19370427e-13
0
0
4.51564341e-05
3.631336896e-05
2.837364783e-05
2.155988326e-05
1.593444619e-05
1.144775484e-05
7.982137685e-06
5.384606881e-06
3.502177243e-06
2.186346552e-06
1.306371257e-06
7.417693404e-07
3.963006815e-07
1.964908311e-07
8.863268622e-08
3.530345583e-08
1.183312145e-08
3.063304994e-09
4.947674223e-10
3.565005138e-11
1.279021557e-12
0
0
3.30989301e-05
2.700265056e-05
2.143038818e-05
1.655646557e-05
1.245161241e-05
9.109915032e-06
6.474488099e-06
4.45919801e-06
2.964985115e-06
1.895512423e-06
1.159001225e-06
6.7397765e-07
3.702525209e-07
1.899660241e-07
8.958817304e-08
3.795530872e-08
1.395650829e-08
4.215289507e-09
9.565696319e-10
1.265879189e-10
7.042066149e-12
1.132412637e-13
0
2.388136138e-05
1.972472965e-05
1.586183327e-05
1.242442545e-05
9.478137916e-06
7.036876312e-06
5.077571907e-06
3.55347839e-06
2.404590274e-06
1.566394262e-06
9.776123919e-07
5.809803989e-07
3.260923791e-07
1.71727107e-07
8.373692826e-08
3.712011946e-08
1.457371705e-08
4.856241232e-09
1.283187333e-09
2.430356656e-10
2.456791488e-11
8.727300559e-13
0
1.691075403e-05
1.411249356e-05
1.147209468e-05
9.086591157e-06
7.010985664e-06
5.265615501e-06
3.844556493e-06
2.723595816e-06
1.867285929e-06
1.23441542e-06
7.828529945e-07
4.735829959e-07
2.712796475e-07
1.456657026e-07
7.280784887e-08
3.336491691e-08
1.372603327e-08
4.914180285e-09
1.441456304e-09
3.082301046e-10
4.439280153e-11
2.882719173e-12
6.531639749e-15
1.169554082e-05
9.843961566e-06
8.072599088e-06
6.450998862e-06
5.02211495e-06
3.805946488e-06
2.804192987e-06
2.005121373e-06
1.388049629e-06
9.273033312e-07
5.952903638e-07
3.650994057e-07
2.124900075e-07
1.163246924e-07
5.92514759e-08
2.784798665e-08
1.18691281e-08
4.47325973e-09
1.42071658e-09
3.464902572e-10
6.322162972e-11
6.815793895e-12
2.071313579e-13
7.861611267e-06
6.664095899e-06
5.504082259e-06
4.429872967e-06
3.473134065e-06
2.650619899e-06
1.966707194e-06
1.416284252e-06
9.875944192e-07
6.648473094e-07
4.304416415e-07
2.666690915e-07
1.570716577e-07
8.728907842e-08
4.529418751e-08
2.172021063e-08
9.51669483e-09
3.729792139e-09
1.263777908e-09
3.338877089e-10
5.151105232e-11
5.909811125e-12
2.570741291e-13
5.116805606e-06
4.363512352e-06
3.625389575e-06
2.934852897e-06
2.314106716e-06
1.775902043e-06
1.324879627e-06
9.59244471e-07
6.725435074e-07
4.553207096e-07
2.965953033e-07
1.850601484e-07
1.09959601e-07
6.177295018e-08
3.252990955e-08
1.586859507e-08
7.10431654e-09
2.866864239e-09
1.007807989e-09
2.807508925e-10
4.564693908e-11
0
2.080790892e-14
3.216813053e-06
2.757543511e-06
2.302627558e-06
1.873047436e-06
1.483684552e-06
1.143599486e-06
8.567171261e-07
6.227690882e-07
4.383516636e-07
2.979583186e-07
1.949254514e-07
1.222268766e-07
7.308935947e-08
4.141405628e-08
2.205952727e-08
1.093372246e-08
4.983655091e-09
2.062474508e-09
7.510821669e-10
2.275250402e-10
3.973505777e-11
0
0
1.95006578e-06
1.679286351e-06
1.408284019e-06
1.150148178e-06
9.144328119e-07
7.072216746e-07
5.314544512e-07
3.874374143e-07
2.734519122e-07
1.863798772e-07
1.222914353e-07
7.69510026e-08
4.622066178e-08
2.634976041e-08
1.415717832e-08
7.106502582e-09
3.292452907e-09
1.388360024e-09
5.161243817e-10
1.564850237e-10
2.745644844e-11
0
0
1.13800853e-06
9.839020927e-07
8.281342209e-07
6.785649964e-07
5.410727671e-07
4.195332402e-07
3.159630067e-07
2.307854876e-07
1.631722076e-07
1.114053775e-07
7.323524452e-08
4.619101117e-08
2.783430419e-08
1.594370528e-08
8.626426775e-09
4.373249383e-09
2.055271088e-09
8.802875605e-10
3.344500613e-10
1.029061643e-10
2.277168208e-11
0
0
6.380310124e-07
5.535502758e-07
4.673482403e-07
3.839622048e-07
3.068540386e-07
2.383689351e-07
1.797919554e-07
1.314816571e-07
9.305580199e-08
6.359522277e-08
4.185315173e-08
2.643864819e-08
1.596873513e-08
9.179230699e-09
4.992995599e-09
2.55154976e-09
1.212934797e-09
5.279467498e-10
2.022982583e-10
6.048339791e-11
9.346020681e-12
0
0
3.428577591e-07
2.983691703e-07
2.525611052e-07
2.079469522e-07
1.664749318e-07
1.294925571e-07
9.776616267e-08
7.154559866e-08
5.066148495e-08
3.463825464e-08
2.280966528e-08
1.442294391e-08
8.725844174e-09
5.029557525e-09
2.74783362e-09
1.413333139e-09
6.776255396e-10
2.985676086e-10
1.150286672e-10
3.484941898e-11
3.402157632e-12
0
0
1.761545395e-07
1.537175916e-07
1.304114231e-07
1.075679936e-07
8.623312076e-08
6.714181197e-08
5.072367475e-08
3.713308264e-08
2.629886292e-08
1.798365774e-08
1.184573259e-08
7.494912688e-09
4.539975235e-09
2.622448192e-09
1.437658113e-09
7.432032968e-10
3.587902127e-10
1.594533854e-10
6.130653093e-11
1.7543076e-11
6.975213938e-13
1.066079251e-14
0
8.633386578e-08
7.552985148e-08
6.420926286e-08
5.304580287e-08
4.257381085e-08
3.317382049e-08
2.507296056e-08
1.835857222e-08
1.300257181e-08
8.891333731e-09
5.857328516e-09
3.70749985e-09
2.247865999e-09
1.30064632e-09
7.150261483e-10
3.711678768e-10
1.80095731e-10
7.993128697e-11
3.146630783e-11
7.834813409e-12
0
0
0
4.028428992e-08
3.533023446e-08
3.009342562e-08
2.489829552e-08
2.000429586e-08
1.559834098e-08
1.179381064e-08
8.636759819e-09
6.117007357e-09
4.182651657e-09
2.755531507e-09
1.744656122e-09
1.058531816e-09
6.132624899e-10
3.378312572e-10
1.757834095e-10
8.53469578e-11
3.746798828e-11
1.449951156e-11
2.316965438e-12
0
0
1.786923189e-08
1.571055262e-08
1.34079587e-08
1.110971784e-08
8.935496555e-09
6.97234723e-09
5.273761553e-09
3.862786514e-09
2.735921721e-09
1.870671342e-09
1.232463322e-09
7.804970644e-10
4.738029941e-10
2.747533351e-10
1.515762091e-10
7.899167901e-11
3.835527827e-11
1.67103203e-11
6.542603755e-12
1.655594594e-12
0
0
7.527077898e-09
6.634621968e-09
5.673577624e-09
4.708315813e-09
3.791223348e-09
2.960641093e-09
2.240533306e-09
1.641476345e-09
1.162698408e-09
7.949432575e-10
5.237656105e-10
3.317305449e-10
2.014465561e-10
1.168939453e-10
6.454056738e-11
3.364952579e-11
1.628484639e-11
6.90362652e-12
1.959806661e-12
4.898871036e-13
0
0
3.008763856e-09
2.658993826e-09
2.278574978e-09
1.893981551e-09
1.526933291e-09
1.193435717e-09
9.037064263e-10
6.62305641e-10
4.691723413e-10
3.207563649e-10
2.113210365e-10
1.338266577e-10
8.12675394e-11
4.716452591e-11
2.603505339e-11
1.355730732e-11
6.505015728e-12
2.596825368e-12
3.267750455e-13
1.92829161e-14
0
1.140684257e-09
1.010819453e-09
8.680675644e-10
7.228249739e-10
5.835252967e-10
4.565256698e-10
3.459034242e-10
2.535741741e-10
1.796067449e-10
1.22758412e-10
8.084502906e-11
5.115753252e-11
3.10266509e-11
1.796087664e-11
9.823168816e-12
5.10092712e-12
2.422389893e-12
9.453460882e-13
1.218222822e-13
1.296874865e-14
0
4.099620918e-10
3.642985121e-10
3.135493676e-10
2.615381531e-10
2.114067276e-10
1.655589982e-10
1.255114596e-10
9.20098115e-11
6.512257391e-11
4.446845952e-11
2.924481632e-11
1.845632548e-11
1.114884725e-11
6.401240902e-12
3.419837547e-12
1.755603106e-12
8.197435676e-13
3.144262939e-13
6.013919445e-14
7.627666267e-15
1.395676074e-10
1.243740757e-10
1.072951827e-10
8.965643922e-11
7.256355987e-11
5.686179643e-11
4.310416998e-11
3.156460901e-11
2.22903323e-11
1.517514776e-11
9.944300519e-12
6.228726897e-12
3.720450463e-12
2.088243486e-12
1.038064901e-12
5.164486215e-13
2.313945321e-13
7.932381842e-14
1.270984943e-14
4.491763642e-11
4.012934554e-11
3.46719644e-11
2.899315034e-11
2.349276021e-11
1.841935815e-11
1.395048817e-11
1.018329007e-11
7.150641153e-12
4.842662147e-12
3.145886138e-12
1.933195871e-12
1.125411056e-12
5.966379991e-13
2.329531021e-13
1.065676587e-13
4.196060059e-14
5.570215592e-15
0
1.361572853e-11
1.219131032e-11
1.054578951e-11
8.829049054e-12
7.150648005e-12
5.593085037e-12
4.210808816e-12
3.038482623e-12
2.100593293e-12
1.408951993e-12
9.003247262e-13
5.365875033e-13
2.991224501e-13
1.447771534e-13
1.328502428e-14
1.009470105e-14
3.660056652e-15
0
)
;

boundaryField
{
    inletCH4
    {
        type            fixedValue;
        value           nonuniform List<scalar> 0();
    }
    wallOutside
    {
        type            zeroGradient;
    }
    wallTube
    {
        type            zeroGradient;
    }
    inletPilot
    {
        type            fixedValue;
        value           nonuniform List<scalar> 0();
    }
    inletAir
    {
        type            fixedValue;
        value           nonuniform List<scalar> 0();
    }
    outlet
    {
        type            zeroGradient;
    }
    axis
    {
        type            empty;
    }
    frontAndBack_pos
    {
        type            wedge;
    }
    frontAndBack_neg
    {
        type            wedge;
    }
    procBoundary5to1
    {
        type            processor;
        value           nonuniform List<scalar> 7(1.064557828e-11 1.392860088e-12 1.094118522e-13 0 0 0 0);
    }
    procBoundary5to2
    {
        type            processor;
        value           uniform 0;
    }
    procBoundary5to3
    {
        type            processor;
        value           nonuniform List<scalar> 
30
(
0.0002522580625
0.0002504751792
0.0002463355965
0.0002399257639
0.0002313784351
0.0002249305964
0.0002172748174
0.0001996085232
0.0001776836479
0.0001536736931
0.0001294846481
6.06476757e-10
6.909442292e-05
4.756791371e-05
3.168534133e-05
2.042367722e-05
1.271433612e-05
7.62643067e-06
4.387928752e-06
2.402980439e-06
1.237238671e-06
5.876660683e-07
2.499209743e-07
9.047036775e-08
2.411612636e-08
3.518760161e-09
3.518760161e-09
0.000103804973
7.847298702e-05
7.847298702e-05
)
;
    }
    procBoundary5to4
    {
        type            processor;
        value           nonuniform List<scalar> 
46
(
3.784076792e-12
3.795025083e-12
3.812271003e-12
3.832584467e-12
3.857729653e-12
3.903538829e-12
4.092604763e-12
4.240659506e-12
4.249411813e-12
4.152689952e-12
3.97984082e-12
0
0
0
0
0
0
0
0
0
0
0
0
9.166312839e-16
9.166312839e-16
0
0
3.721569357e-12
3.33862873e-12
2.890274206e-12
2.416002473e-12
1.949763802e-12
1.51327804e-12
1.121858145e-12
7.892947178e-13
5.341292119e-13
3.505342404e-13
2.145498303e-13
1.162096972e-13
6.033185174e-14
2.601926234e-14
0
0
0
0
0
)
;
    }
}
)