/*--------------------------------*- C++ -*----------------------------------*\
  =========                 |
  \\      /  F ield         | OpenFOAM: The Open Source CFD Toolbox
   \\    /   O peration     | Website:  https://openfoam.org
    \\  /    A nd           | Version:  10
     \\/     M anipulation  |
\*---------------------------------------------------------------------------*/
FoamFile
{
    format      binary;
    class       decomposedBlockData;
    location    "/home/zhouyuchen/Desktop/FastChemistrySolver-OpenFOAM-10/EC-CCM/OpenFOAM-10/Sandia/processors6/0.02498655859/C2H5";
    object      C2H5;
}
// * * * * * * * * * * * * * * * * * * * * * * * * * * * * * * * * * * * * * //


// Processor0

6540
(/*--------------------------------*- C++ -*----------------------------------*\
  =========                 |
  \\      /  F ield         | OpenFOAM: The Open Source CFD Toolbox
   \\    /   O peration     | Website:  https://openfoam.org
    \\  /    A nd           | Version:  10
     \\/     M anipulation  |
\*---------------------------------------------------------------------------*/
FoamFile
{
    format      ascii;
    class       volScalarField;
    location    "0.02498655859";
    object      C2H5;
}
// * * * * * * * * * * * * * * * * * * * * * * * * * * * * * * * * * * * * * //

dimensions      [0 0 0 0 0 0 0];

internalField   nonuniform List<scalar> 
864
(
8.456492018e-12
5.941056607e-13
0
0
0
0
0
0
0
0
0
0
0
0
0
0
0
0
0
0
0
0
0
0
0
0
0
0
0
0
0
0
2.008999505e-11
5.880460392e-12
0
0
0
0
0
0
0
0
0
0
0
0
0
0
0
0
0
0
0
0
0
0
0
0
0
0
0
0
0
0
2.24850087e-11
8.897825525e-12
8.648966497e-13
0
0
0
0
0
0
0
0
0
0
0
0
0
0
0
0
0
0
0
0
0
0
0
0
0
0
0
0
0
4.201098944e-11
1.935811474e-11
5.377962561e-12
0
0
0
0
0
0
0
0
0
0
0
0
0
0
0
0
0
0
0
0
0
0
0
0
0
0
0
0
0
4.009452823e-11
2.265119182e-11
8.78263533e-12
9.014463421e-13
0
0
0
0
0
0
0
0
0
0
0
0
0
0
0
0
0
0
0
0
0
0
0
0
0
0
0
0
4.166251814e-11
3.779948009e-11
1.763348503e-11
4.955357346e-12
0
0
0
0
0
0
0
0
0
0
0
0
0
0
0
0
0
0
0
0
0
0
0
0
0
0
0
0
4.084551318e-11
4.026126541e-11
2.209154716e-11
8.412794864e-12
8.200292394e-13
0
0
0
0
0
0
0
0
0
0
0
0
0
0
0
0
0
0
0
0
0
0
0
0
0
0
0
3.024807189e-11
3.645921886e-11
2.371026636e-11
1.138185188e-11
2.713770612e-12
0
0
0
0
0
0
0
0
0
0
0
0
0
0
0
0
0
0
0
0
0
0
0
0
0
0
0
2.783807135e-11
4.086571053e-11
3.850899726e-11
2.05784436e-11
7.644330753e-12
6.438018941e-13
0
0
0
0
0
0
0
0
0
0
0
0
0
0
0
0
0
0
0
0
0
0
0
0
0
0
2.477502801e-11
3.933435304e-11
4.085824381e-11
2.51068877e-11
1.160146541e-11
2.704370113e-12
0
0
0
0
0
0
0
0
0
0
0
0
0
0
0
0
0
0
0
0
0
0
0
0
0
0
3.684768405e-13
3.151937657e-11
4.521758552e-11
4.263796405e-11
2.260593785e-11
8.044819934e-12
5.896613287e-13
0
0
0
0
0
0
0
0
0
0
0
0
0
0
0
0
0
0
0
0
0
0
0
0
0
0
2.827199835e-11
4.34607714e-11
4.35535137e-11
2.555074388e-11
1.109589559e-11
2.263979629e-12
0
0
0
0
0
0
0
0
0
0
0
0
0
0
0
0
0
0
0
0
0
0
0
0
0
0
1.924253275e-11
3.477931868e-11
4.002631284e-11
2.754370519e-11
1.435366711e-11
4.31921185e-12
0
0
0
0
0
0
0
0
0
0
0
0
0
0
0
0
0
0
0
0
0
0
0
0
0
6.770727541e-13
0
2.901277118e-11
4.251101442e-11
4.03659296e-11
2.237644155e-11
9.0654823e-12
1.478681107e-12
0
0
0
0
0
0
0
0
0
0
0
0
0
0
0
0
0
0
0
0
0
0
0
0
6.211165129e-13
0
2.714828289e-11
4.20560433e-11
4.271128917e-11
2.619329388e-11
1.235792254e-11
3.261795427e-12
0
0
0
0
0
0
0
0
0
0
0
0
0
0
0
0
0
0
0
0
0
0
0
0
0
0
1.646724236e-11
3.505287418e-11
4.331773998e-11
3.895484977e-11
1.861007415e-11
6.051168604e-12
2.122780125e-13
0
0
0
0
0
0
0
0
0
0
0
0
0
0
0
0
0
0
0
0
0
0
0
5.180873321e-13
5.893922864e-14
0
2.942820012e-11
4.370638255e-11
4.252814473e-11
2.428790131e-11
1.048018478e-11
2.263108595e-12
0
0
0
0
0
0
0
0
0
0
0
0
0
0
0
0
0
0
0
0
0
0
0
1.751362089e-12
5.588649839e-13
0
2.782844532e-11
4.307663871e-11
4.394274286e-11
2.76448351e-11
1.365155597e-11
4.097476427e-12
0
0
0
0
0
0
0
0
0
0
0
0
0
0
0
0
0
0
0
0
0
0
0
1.638980217e-12
2.41049483e-13
0
2.249522297e-11
3.917658982e-11
4.742043658e-11
4.469194348e-11
2.20412689e-11
7.821207814e-12
7.9337407e-13
0
0
0
0
0
0
0
0
0
0
0
0
0
0
0
0
0
0
0
0
0
0
1.077713612e-12
5.146749879e-14
2.197166829e-13
0
3.091767461e-11
4.551494848e-11
4.461418162e-11
2.611576631e-11
1.177875328e-11
2.957843922e-12
0
0
0
0
0
0
0
0
0
0
0
0
0
0
0
0
0
0
0
0
0
0
8.369587917e-13
3.623513869e-13
0
0
2.905528194e-11
4.470456082e-11
4.537603895e-11
2.880420946e-11
1.453938618e-11
4.651719702e-12
3.936991805e-14
0
0
0
0
0
0
0
0
0
0
0
0
0
0
0
0
0
0
0
0
0
1.588171967e-12
1.785228504e-12
4.801384237e-13
0
2.559859043e-11
4.261658555e-11
4.960631665e-11
4.558713903e-11
2.269462646e-11
8.368755602e-12
1.119322705e-12
0
0
0
0
0
0
0
0
0
0
0
0
0
0
0
0
0
0
0
0
0
1.456105961e-12
1.55333309e-12
6.707193723e-13
1.062527494e-12
4.488385005e-12
3.278592863e-11
4.694329133e-11
4.553138082e-11
2.678776496e-11
1.228806529e-11
3.276861319e-12
0
0
0
0
0
0
0
0
0
0
0
0
0
0
0
0
0
0
0
0
0
9.456635111e-13
1.023171568e-12
1.98811954e-14
0
0
2.981310779e-11
4.560481388e-11
4.600829155e-11
2.905984963e-11
1.472897954e-11
4.793795542e-12
7.689525702e-14
0
0
0
0
0
0
0
0
0
0
0
0
0
0
0
0
0
0
0
0
5.976234508e-13
1.939268152e-13
0
0
0
2.680357464e-11
4.323653548e-11
4.74274151e-11
3.692486386e-11
1.925145832e-11
7.011112674e-12
6.712285431e-13
0
0
0
0
0
0
0
0
0
0
0
0
0
0
0
0
0
0
0
0
7.761983946e-13
9.111635172e-13
5.034451307e-13
0
0
1.979394254e-11
3.741184622e-11
4.70704013e-11
4.326260911e-11
2.424388368e-11
1.023971629e-11
2.161130643e-12
0
0
0
0
0
0
0
0
0
0
0
0
0
0
0
0
0
0
0
0
9.373655723e-13
1.365276312e-12
1.437089706e-12
3.527361549e-13
4.145950075e-13
1.046792888e-12
3.131483093e-11
4.633001542e-11
4.575506159e-11
2.797602703e-11
1.356905479e-11
4.086739629e-12
4.890303694e-15
0
0
0
0
0
0
0
0
0
0
0
0
0
0
0
0
0
0
0
)
;

boundaryField
{
    inletCH4
    {
        type            fixedValue;
        value           nonuniform List<scalar> 0();
    }
    wallOutside
    {
        type            zeroGradient;
    }
    wallTube
    {
        type            zeroGradient;
    }
    inletPilot
    {
        type            fixedValue;
        value           nonuniform List<scalar> 0();
    }
    inletAir
    {
        type            fixedValue;
        value           nonuniform List<scalar> 0();
    }
    outlet
    {
        type            zeroGradient;
    }
    axis
    {
        type            empty;
    }
    frontAndBack_pos
    {
        type            wedge;
    }
    frontAndBack_neg
    {
        type            wedge;
    }
    procBoundary0to2
    {
        type            processor;
        value           nonuniform List<scalar> 
32
(
5.309186081e-12
0
0
0
0
0
0
0
0
0
0
0
0
0
0
0
0
0
0
0
0
0
0
0
0
0
0
0
0
0
0
0
)
;
    }
    procBoundary0to4
    {
        type            processor;
        value           nonuniform List<scalar> 
27
(
2.154092587e-11
4.046310725e-11
3.852430191e-11
4.260702185e-11
3.915501986e-11
2.956557263e-11
2.67155683e-11
9.555451551e-12
0
0
1.516510163e-12
9.171413756e-13
7.099810528e-13
1.862397332e-12
1.712735099e-12
1.394320987e-12
9.884581046e-13
1.620715599e-12
1.426928962e-12
9.83760503e-13
7.523522488e-13
1.054195869e-12
1.004240575e-12
7.648938214e-13
6.385491015e-13
6.764886767e-13
6.805109526e-13
)
;
    }
}


// ************************************************************************* //
)

// Processor1

1085
(dimensions      [0 0 0 0 0 0 0];

internalField   uniform 0;

boundaryField
{
    inletCH4
    {
        type            fixedValue;
        value           nonuniform List<scalar> 0();
    }
    wallOutside
    {
        type            zeroGradient;
    }
    wallTube
    {
        type            zeroGradient;
    }
    inletPilot
    {
        type            fixedValue;
        value           nonuniform List<scalar> 0();
    }
    inletAir
    {
        type            fixedValue;
        value           uniform 0;
    }
    outlet
    {
        type            zeroGradient;
    }
    axis
    {
        type            empty;
    }
    frontAndBack_pos
    {
        type            wedge;
    }
    frontAndBack_neg
    {
        type            wedge;
    }
    procBoundary1to2
    {
        type            processor;
        value           uniform 0;
    }
    procBoundary1to3
    {
        type            processor;
        value           uniform 0;
    }
    procBoundary1to5
    {
        type            processor;
        value           uniform 0;
    }
}
)

// Processor2

3517
(dimensions      [0 0 0 0 0 0 0];

internalField   nonuniform List<scalar> 
861
(
0
0
0
0
0
0
0
0
0
0
0
0
0
0
0
0
0
0
0
0
0
0
0
0
0
0
0
0
0
0
0
0
0
0
0
0
0
0
0
0
0
0
0
0
0
0
0
0
0
0
0
0
0
0
0
0
0
0
0
0
0
0
0
0
0
0
0
0
0
0
0
0
0
0
0
0
0
0
0
0
0
0
0
0
0
0
0
0
0
0
0
0
0
0
0
0
0
0
0
0
0
0
0
0
0
0
0
0
0
0
0
0
0
0
0
0
0
0
0
0
0
0
0
0
0
0
0
0
0
0
0
0
0
0
0
0
0
0
0
0
0
0
0
0
0
0
0
0
0
0
0
0
0
0
0
0
0
0
0
0
0
0
0
0
0
0
0
0
0
0
0
0
0
0
0
0
0
0
0
0
0
0
0
0
0
0
0
0
0
0
0
0
0
0
0
0
0
0
0
0
0
0
0
0
0
0
0
0
0
0
0
0
0
0
0
0
0
0
0
0
0
0
0
0
0
0
0
0
0
0
0
0
0
0
0
0
0
0
0
0
0
0
0
0
0
0
0
0
0
0
0
0
0
0
0
0
0
0
0
0
0
0
0
0
0
0
0
0
0
0
0
0
0
0
0
0
0
0
0
0
0
0
0
0
0
0
0
0
0
0
0
0
0
0
0
0
0
0
0
0
0
0
0
0
0
0
0
0
0
0
0
0
0
0
0
0
0
0
0
0
0
0
0
0
0
0
0
0
0
0
0
0
0
0
0
0
0
0
0
0
0
0
0
0
0
0
0
0
0
0
0
0
0
0
0
0
0
0
0
0
0
0
0
0
0
0
0
0
0
0
0
0
0
0
0
0
0
0
0
0
0
0
0
0
0
0
0
0
0
0
0
0
0
0
0
0
0
0
0
0
0
0
0
0
0
0
0
0
0
0
0
0
0
0
0
0
0
0
0
0
0
0
0
0
0
0
0
0
0
0
0
0
0
0
0
0
0
0
0
0
0
0
0
0
0
0
0
0
0
0
0
0
0
0
0
0
0
0
0
0
0
0
0
0
0
0
0
0
0
0
0
0
0
0
0
0
0
0
0
0
0
0
0
0
0
0
0
0
0
0
0
0
0
0
0
0
0
0
0
0
0
0
0
0
0
0
0
0
0
0
0
0
0
0
0
1.558715633e-12
0
0
0
0
0
0
0
0
0
0
0
0
0
0
0
0
0
0
0
0
0
0
0
0
0
0
0
0
0
0
0
0
0
0
0
0
4.784067003e-12
0
0
0
0
0
0
0
0
0
0
0
0
0
0
0
0
0
0
0
0
0
0
0
0
0
0
0
0
0
0
0
0
0
0
0
0
1.255796936e-11
2.423085516e-12
0
0
0
0
0
0
0
0
0
0
0
0
0
0
0
0
0
0
0
0
0
0
0
0
0
0
0
0
0
0
0
0
0
0
0
1.96354706e-11
7.829186811e-12
2.815062159e-14
0
0
0
0
0
0
0
0
0
0
0
0
0
0
0
0
0
0
0
0
0
0
0
0
0
0
0
0
0
0
0
0
0
0
2.8913891e-11
1.497921272e-11
4.124981695e-12
0
0
0
0
0
0
0
0
0
0
0
0
0
0
0
0
0
0
0
0
0
0
0
0
0
0
0
0
0
0
0
0
0
0
0
0
0
0
0
0
0
0
0
0
0
0
0
0
0
0
0
0
0
0
0
0
0
0
0
0
0
0
0
0
0
0
0
0
0
0
0
0
0
0
0
0
0
0
0
0
0
0
0
0
0
0
0
0
0
0
0
0
0
0
0
0
0
0
0
0
0
0
0
0
0
0
0
0
0
0
0
0
0
0
0
0
0
0
0
0
0
0
0
0
0
0
0
0
0
0
0
1.291767117e-13
0
0
0
0
0
0
0
0
0
0
0
0
0
0
0
0
0
0
0
0
0
0
0
0
0
0
0
0
0
0
0
5.309186081e-12
0
0
0
0
0
0
0
0
0
0
0
0
0
0
0
0
0
0
0
0
0
0
0
0
0
0
0
0
0
0
0
)
;

boundaryField
{
    inletCH4
    {
        type            fixedValue;
        value           nonuniform List<scalar> 0();
    }
    wallOutside
    {
        type            zeroGradient;
    }
    wallTube
    {
        type            zeroGradient;
    }
    inletPilot
    {
        type            fixedValue;
        value           nonuniform List<scalar> 0();
    }
    inletAir
    {
        type            fixedValue;
        value           nonuniform List<scalar> 0();
    }
    outlet
    {
        type            zeroGradient;
    }
    axis
    {
        type            empty;
    }
    frontAndBack_pos
    {
        type            wedge;
    }
    frontAndBack_neg
    {
        type            wedge;
    }
    procBoundary2to0
    {
        type            processor;
        value           nonuniform List<scalar> 
32
(
8.456492018e-12
5.941056607e-13
0
0
0
0
0
0
0
0
0
0
0
0
0
0
0
0
0
0
0
0
0
0
0
0
0
0
0
0
0
0
)
;
    }
    procBoundary2to1
    {
        type            processor;
        value           uniform 0;
    }
    procBoundary2to4
    {
        type            processor;
        value           nonuniform List<scalar> 10(3.797951551e-11 3.789087807e-11 1.536392084e-11 2.678095396e-12 2.678095396e-12 0 0 4.4988622e-12 7.53940774e-12 1.902032217e-11);
    }
    procBoundary2to5
    {
        type            processor;
        value           nonuniform List<scalar> 
16
(
0
0
0
0
0
0
0
0
0
0
1.849209079e-12
1.406249615e-11
1.644657319e-11
2.77039952e-11
3.031784748e-11
2.408430675e-11
)
;
    }
}
)

// Processor3

10014
(dimensions      [0 0 0 0 0 0 0];

internalField   nonuniform List<scalar> 
861
(
0
0
0
0
0
0
0
0
0
0
0
0
0
0
0
0
0
0
0
0
0
0
0
0
0
0
0
0
0
0
0
0
0
0
0
0
0
0
0
0
0
0
0
0
0
0
0
0
0
0
0
0
0
0
0
0
0
0
0
0
0
0
0
0
0
0
0
0
0
0
0
0
0
0
0
0
0
0
0
0
0
0
0
0
0
0
0
0
0
0
0
0
0
0
0
0
0
0
0
6.539951642e-11
5.610400928e-26
1.414635568e-27
0
4.397617033e-26
0
6.406867505e-27
0
5.342000398e-27
6.628617181e-26
1.64141777e-26
3.123383801e-27
0
0
3.598026548e-26
0
4.400328472e-27
0
0
0
0
0
0
0
0
0
0
0
0
0
0
0
0
0
0
0
0
0
0
0
0
0
0
0
0
0
0
0
0
0
0
0
0
0
0
0
0
0
0
0
0
0
0
0
0
0
0
0
0
0
0
0
0
0
0
0
0
0
0
0
0
0
0
0
0
0
0
0
0
0
0
1.717068624e-12
0
0
0
0
1.904636166e-09
4.029093873e-10
5.574854064e-11
3.548179658e-13
1.183992454e-15
0
0
2.133702914e-10
3.490069346e-09
5.865793055e-08
0
2.542446405e-11
7.03205386e-10
7.325095904e-09
7.980134406e-08
0
8.608115342e-11
1.195340284e-09
9.814112907e-09
7.032003924e-08
5.632467931e-13
1.696424349e-10
1.56045831e-09
1.0832701e-08
5.729860453e-08
1.349792216e-11
2.66971648e-10
1.720531568e-09
1.103261038e-08
4.926748317e-08
4.314519435e-11
4.013656371e-10
2.069167901e-09
1.129463844e-08
4.719529687e-08
9.606605244e-11
5.938837106e-10
2.59879555e-09
1.18714116e-08
4.934004012e-08
1.695423029e-10
7.388498997e-10
3.178908969e-09
1.260826846e-08
5.156401842e-08
2.277805835e-10
6.846393203e-10
3.656953048e-09
1.276250808e-08
4.896364796e-08
3.328520496e-10
9.75173693e-10
4.065306538e-09
1.296799466e-08
4.747747841e-08
5.16506385e-10
1.386763793e-09
4.499973385e-09
1.375329362e-08
4.948186561e-08
6.778207269e-10
1.784801019e-09
5.007298039e-09
1.503867687e-08
5.286409704e-08
9.291417515e-10
2.176770502e-09
5.518428985e-09
1.631442201e-08
5.517411618e-08
1.343143958e-09
2.576169655e-09
6.141568366e-09
1.796376328e-08
5.823301868e-08
1.831590595e-09
3.180363303e-09
7.030476923e-09
2.021183717e-08
6.226288984e-08
2.18943239e-09
3.768684223e-09
8.850114127e-09
2.59941478e-08
6.908781606e-08
3.0598423e-09
4.885899217e-09
1.121678641e-08
3.037355479e-08
8.210744742e-08
4.267172159e-09
6.45366539e-09
1.341861774e-08
4.010484713e-08
1.055453783e-07
6.988652009e-09
1.069764853e-08
2.276072148e-08
5.536952926e-08
1.369062829e-07
1.194709384e-08
1.689287028e-08
3.107155523e-08
6.333144122e-08
1.330264395e-07
1.952381313e-08
2.436129665e-08
3.650187265e-08
5.951700873e-08
1.001796055e-07
2.414703117e-08
2.713811027e-08
3.409647788e-08
4.566601494e-08
6.292371002e-08
1.927892268e-08
2.042438972e-08
2.290009107e-08
2.656900559e-08
3.127148645e-08
1.030318366e-08
1.054307729e-08
1.103022542e-08
1.160649295e-08
1.218596587e-08
4.211348715e-09
4.240704781e-09
4.269653757e-09
4.249935887e-09
4.200491195e-09
2.093790925e-07
3.113739733e-07
2.520991188e-07
1.904833624e-07
1.653141281e-07
1.616785973e-07
1.689744664e-07
1.664790099e-07
1.4481667e-07
1.318554687e-07
1.322924388e-07
1.359192613e-07
1.358346294e-07
1.371509981e-07
1.407372951e-07
1.487522386e-07
1.722137068e-07
2.156744217e-07
2.712925217e-07
2.298903608e-07
1.462168538e-07
7.917675153e-08
3.506105942e-08
1.265792919e-08
4.161415207e-09
5.602836919e-07
7.378295575e-08
3.175080486e-09
1.031998811e-10
8.624036634e-12
1.19912885e-06
1.347408558e-05
7.716327118e-07
2.44459411e-08
1.154034816e-09
8.457590956e-07
6.07103622e-06
6.029645969e-07
3.239134051e-08
4.361278219e-09
5.506514338e-07
3.003855183e-06
7.466395266e-07
6.178125039e-08
3.474861651e-09
5.069437221e-07
2.784767443e-06
1.025384687e-05
1.012078062e-06
7.102318494e-08
5.017395432e-07
3.08196805e-06
1.525689276e-05
1.923440446e-06
1.761455652e-07
5.142150193e-07
2.96272992e-06
1.389597207e-05
2.067188033e-06
2.351663779e-07
4.711181876e-07
2.422224913e-06
9.886440959e-06
1.69519068e-06
2.290549973e-07
3.884284441e-07
1.869478976e-06
6.877454968e-06
3.728103308e-06
5.425977788e-07
3.417038531e-07
1.605002943e-06
5.799300198e-06
7.837314601e-06
1.25969486e-06
3.330011711e-07
1.514702918e-06
5.477113747e-06
1.087337784e-05
1.942910425e-06
3.342361827e-07
1.482298135e-06
5.195083997e-06
1.229194609e-05
2.390273687e-06
3.263252194e-07
1.420193876e-06
4.651966222e-06
1.186847453e-05
2.844877103e-06
3.190490089e-07
1.311479011e-06
4.192381874e-06
1.092836279e-05
4.4785828e-06
3.179817608e-07
1.241303676e-06
3.914689192e-06
1.012406492e-05
6.430169242e-06
3.254334974e-07
1.210024467e-06
3.739456835e-06
9.476503755e-06
8.077396578e-06
3.674113799e-07
1.284686567e-06
3.776195891e-06
9.394064808e-06
8.528409604e-06
4.487718099e-07
1.510530356e-06
4.299602034e-06
1.020869667e-05
6.460619039e-06
5.552744699e-07
1.764332093e-06
4.696086161e-06
1.092278551e-05
3.082035279e-06
4.205090856e-07
1.094321662e-06
2.374358486e-06
4.48762612e-06
6.025688525e-06
2.303224583e-07
4.620507437e-07
8.217951724e-07
1.22465904e-06
1.402890307e-06
1.074060373e-07
1.64779676e-07
2.258767282e-07
2.634039163e-07
2.458291092e-07
4.178571395e-08
5.041292028e-08
5.415646058e-08
5.071957874e-08
4.047172203e-08
1.366789053e-08
1.398851856e-08
1.287179415e-08
1.062133179e-08
7.836208466e-09
4.230428374e-09
3.974849013e-09
3.410724966e-09
2.683680972e-09
1.942746478e-09
1.094154794e-12
1.665260961e-12
0
0
0
0
0
0
0
0
0
0
0
0
0
0
2.371336698e-11
3.900380625e-11
0
0
0
0
0
0
0
0
0
0
0
0
0
0
1.261007641e-10
2.629930753e-15
0
0
0
0
0
0
0
0
0
0
0
0
0
0
8.948835889e-10
5.985736931e-11
1.209865994e-11
0
0
0
0
0
0
0
0
0
0
0
0
0
5.617653555e-09
3.574609025e-10
6.944525918e-12
7.52995607e-12
0
0
0
0
0
0
0
0
0
0
0
0
1.231329839e-08
1.629291904e-09
2.040903986e-10
7.492636599e-11
5.413635082e-12
0
0
0
0
0
0
0
0
0
0
0
1.482299623e-08
4.284267126e-09
8.427324954e-10
8.902744132e-11
3.198388132e-11
1.362864786e-12
0
0
0
0
0
0
0
0
0
0
1.786688089e-08
5.055227932e-09
2.575692771e-09
3.734792164e-10
1.20937095e-10
2.380347874e-11
1.709626821e-13
0
0
0
0
0
0
0
0
0
4.899783338e-08
4.530302259e-09
5.851068111e-09
1.433507886e-09
1.664971198e-10
8.819564825e-11
8.099510558e-12
0
0
0
0
0
0
0
0
0
1.322678619e-07
1.009331183e-08
8.086823183e-09
4.136831573e-09
6.418463827e-10
6.384497304e-11
3.041934401e-11
2.057879785e-12
0
0
0
0
0
0
0
0
2.354966194e-07
2.092845406e-08
5.692758941e-09
1.10919764e-08
2.115137647e-09
2.452032432e-10
1.02216905e-10
1.175065695e-11
0
0
0
0
0
0
0
0
3.241516868e-07
3.328320865e-08
4.933569254e-09
2.429870667e-08
6.024168506e-09
7.699706396e-10
6.951119572e-11
3.077892295e-11
2.18234394e-12
0
0
0
0
0
0
0
4.257691462e-07
4.983722809e-08
7.449772457e-09
2.962221101e-08
1.499861564e-08
2.172103022e-09
2.234889143e-10
6.23498013e-11
6.385922273e-12
0
0
0
0
0
0
0
7.210960435e-07
9.378764676e-08
1.21493669e-08
1.947248266e-08
3.647453442e-08
5.723203308e-09
6.57894583e-10
1.542445376e-10
1.245407036e-11
1.844178336e-13
0
0
0
0
0
0
1.138268152e-06
1.664561052e-07
2.197788299e-08
1.401945061e-08
7.583796267e-08
1.198021769e-08
1.499603499e-09
3.263151309e-10
2.541081471e-11
8.089111684e-13
0
0
0
0
0
0
1.5641374e-06
2.532058568e-07
3.690558716e-08
1.912670123e-08
7.898775602e-08
1.553136741e-08
2.13881151e-09
3.279128628e-10
3.269211347e-11
1.127433857e-12
0
0
0
0
0
0
1.745789311e-06
3.037271275e-07
8.795945257e-08
3.560163261e-07
9.953207358e-08
1.46995537e-08
1.957285339e-09
2.403949487e-10
3.140711766e-11
7.193701263e-13
0
0
0
0
0
0
1.320576945e-06
2.217949785e-07
6.707096608e-08
2.894516164e-07
5.909276112e-08
8.310950831e-09
9.939727613e-10
5.99716131e-11
2.24948666e-11
1.741682259e-12
0
0
0
0
0
0
6.819468585e-07
2.484718851e-07
9.292602198e-07
1.666747727e-07
2.635153358e-08
3.375463357e-09
4.016619724e-10
7.867050704e-11
1.20613634e-11
1.084636779e-11
6.122962456e-13
0
0
0
0
0
5.399211188e-06
1.78432508e-06
3.66951469e-07
6.402832914e-08
9.18875879e-09
1.255131991e-09
1.892805182e-10
4.752710917e-11
1.360361788e-11
1.297742013e-11
9.247723056e-12
7.548660812e-13
0
0
0
0
1.044571603e-06
3.590712629e-07
8.678871209e-08
1.623912522e-08
2.710153812e-09
4.57063665e-10
7.522499142e-11
2.608925229e-11
1.067974035e-11
6.828875951e-12
1.358197032e-11
8.604189109e-12
6.95167559e-13
0
0
0
1.619622768e-07
6.125226815e-08
1.68412554e-08
3.816786467e-09
8.03215555e-10
1.653784234e-10
3.422016309e-11
1.027980728e-11
3.844144552e-12
3.587528564e-12
1.760981653e-12
1.232356897e-11
7.903531177e-12
6.458250858e-13
0
0
2.51851812e-08
1.061509125e-08
3.488617039e-09
1.004091483e-09
2.777113127e-10
7.675085325e-11
2.456089891e-11
5.906012494e-12
3.15320577e-12
2.963486315e-12
2.166352294e-12
1.455837983e-12
1.272194221e-11
7.342387633e-12
9.732142691e-13
0
4.814170741e-09
2.276482799e-09
9.068291077e-10
3.289173744e-10
1.151746879e-10
3.844847835e-11
1.276385181e-11
4.264226765e-12
3.502516341e-12
3.478814386e-12
3.028977681e-12
1.983586677e-12
2.365066585e-12
1.422954638e-11
9.162641284e-12
1.785603924e-12
1.218608218e-09
6.347524756e-10
)
;

boundaryField
{
    inletCH4
    {
        type            fixedValue;
        value           uniform 0;
    }
    wallOutside
    {
        type            zeroGradient;
    }
    wallTube
    {
        type            zeroGradient;
    }
    inletPilot
    {
        type            fixedValue;
        value           uniform 0;
    }
    inletAir
    {
        type            fixedValue;
        value           uniform 0;
    }
    outlet
    {
        type            zeroGradient;
    }
    axis
    {
        type            empty;
    }
    frontAndBack_pos
    {
        type            wedge;
    }
    frontAndBack_neg
    {
        type            wedge;
    }
    procBoundary3to1
    {
        type            processor;
        value           uniform 0;
    }
    procBoundary3to5
    {
        type            processor;
        value           nonuniform List<scalar> 
30
(
1.536244521e-09
1.528634903e-09
1.50570538e-09
1.463672064e-09
1.403239563e-09
1.360038975e-09
1.335319266e-09
1.206094635e-09
1.010170347e-09
7.887455345e-10
5.772225854e-10
0
2.857614618e-10
1.258409438e-10
5.063076002e-11
2.081674211e-11
8.843538817e-12
1.885231987e-12
2.08882196e-12
2.526981439e-12
1.302884237e-12
2.483038195e-12
2.001447088e-12
3.312592346e-12
1.234609892e-11
0
5.107398078e-12
3.767494918e-10
2.857614618e-10
2.161488205e-10
)
;
    }
}
)

// Processor4

14701
(dimensions      [0 0 0 0 0 0 0];

internalField   nonuniform List<scalar> 
862
(
0
0
0
0
0
0
0
0
0
0
0
0
0
0
0
0
0
0
0
3.889806394e-15
1.474478913e-14
1.453899968e-14
1.417600718e-14
1.373094827e-14
1.309881154e-14
1.14381812e-14
1.089913641e-14
9.24374557e-15
8.425467593e-15
7.730754679e-15
8.685748328e-15
7.821772742e-15
5.864348499e-15
3.020473707e-15
1.365829397e-15
3.925665963e-15
3.529102903e-15
2.81353515e-15
2.009585796e-15
1.325691066e-15
1.595162779e-14
1.557118067e-14
1.492657924e-14
1.432125756e-14
1.417708448e-14
5.159045176e-14
5.093385407e-14
4.961047548e-14
4.781882267e-14
4.572013064e-14
7.206055135e-14
7.120790668e-14
6.941244316e-14
6.681624293e-14
6.351843928e-14
8.643425062e-14
8.617195215e-14
8.557587772e-14
8.453932183e-14
8.281493026e-14
1.053863815e-13
1.045660747e-13
1.028509165e-13
1.004445623e-13
9.772913022e-14
1.124007343e-13
1.115043092e-13
1.096077407e-13
1.068712751e-13
1.033653674e-13
1.427112566e-13
1.415550879e-13
1.390706455e-13
1.353941963e-13
1.305489097e-13
1.925764319e-13
1.908296454e-13
1.870463627e-13
1.813355596e-13
1.736726118e-13
2.328203637e-13
2.305869645e-13
2.258257805e-13
2.188631813e-13
2.098575074e-13
2.353075266e-13
2.327021901e-13
2.271603199e-13
2.190930829e-13
2.087788701e-13
2.614591225e-13
2.594885616e-13
2.551971109e-13
2.487460262e-13
2.40270858e-13
3.557806966e-13
3.544671328e-13
3.516957826e-13
3.476771389e-13
3.425817883e-13
0
0
0
4.474960676e-15
1.242542593e-14
7.10649467e-15
7.035875106e-16
8.255070553e-16
1.443301366e-14
4.399566974e-14
6.081062407e-14
8.102357871e-14
9.618500127e-14
1.005239485e-13
1.264907128e-13
1.674770989e-13
2.023138232e-13
2.005933782e-13
2.334075881e-13
3.384376679e-13
0
0
0
0
0
0
0
0
0
0
0
9.942214694e-17
3.922086027e-16
3.165648081e-15
2.637015943e-15
4.991533468e-15
3.711258257e-15
4.129098184e-15
3.740577749e-15
2.131550251e-15
1.096164301e-14
8.096148702e-15
3.194655266e-15
6.790236899e-16
7.797632596e-16
5.201959735e-15
2.143733132e-15
1.999906877e-16
0
0
0
0
0
0
0
1.12670296e-16
0
0
0
0
1.331947143e-14
1.158041863e-14
1.186273392e-14
1.025235392e-14
7.95244748e-15
4.071596464e-14
3.497719463e-14
2.895547361e-14
2.299801534e-14
1.77596446e-14
5.625607828e-14
4.911832789e-14
4.283749652e-14
3.788817588e-14
3.4512982e-14
7.768665278e-14
7.191465536e-14
6.623899167e-14
6.422418812e-14
7.07854017e-14
9.414738761e-14
9.688880974e-14
8.056017462e-14
7.087924199e-14
6.640559279e-14
9.65441003e-14
9.043836443e-14
8.289805266e-14
7.515887658e-14
6.805851945e-14
1.202888527e-13
1.094989262e-13
9.819530844e-14
8.667942326e-14
7.506808149e-14
1.577330979e-13
1.410268825e-13
1.236228121e-13
1.057860749e-13
8.825153324e-14
1.902765963e-13
1.684667471e-13
1.444777288e-13
1.192236645e-13
9.484917808e-14
1.882220368e-13
1.677004643e-13
1.464010291e-13
1.246691704e-13
1.031841672e-13
2.230056758e-13
2.063342273e-13
1.8896294e-13
1.732939584e-13
1.594836548e-13
3.312806853e-13
3.209213836e-13
3.121901694e-13
3.036609566e-13
2.968914342e-13
3.797951551e-11
3.789087807e-11
1.536392084e-11
2.678095396e-12
2.679144357e-11
3.336852609e-11
1.851790351e-11
6.160380287e-12
0
2.666773348e-11
4.056662128e-11
3.955904787e-11
1.82559514e-11
4.4988622e-12
4.362756867e-12
5.093871506e-12
2.888923186e-11
3.536952971e-11
2.055918324e-11
7.53940774e-12
1.987750556e-12
0
2.733574701e-11
4.109570883e-11
3.908547517e-11
1.902032217e-11
7.923013172e-13
0
1.315847918e-11
3.125059074e-11
3.629318796e-11
2.154092587e-11
1.964533811e-12
2.636736526e-12
1.765501396e-12
0
2.834787879e-11
4.229049335e-11
4.046310725e-11
1.224025834e-12
1.495840587e-12
6.936531912e-13
0
2.202211582e-11
3.624868319e-11
3.852430191e-11
4.099760721e-13
1.154655824e-12
1.630057572e-12
1.545539973e-12
1.259414462e-12
0
2.903218671e-11
4.260702185e-11
5.875943356e-13
8.350580321e-13
1.255080332e-12
1.755337691e-12
2.110186646e-12
1.680749996e-12
0
2.474750798e-11
3.915501986e-11
1.022234231e-12
1.206144253e-12
1.389135249e-12
2.077453091e-12
2.505798168e-12
1.955985635e-12
1.189650991e-12
0
2.956557263e-11
8.380118513e-13
1.139452789e-12
1.053436459e-12
1.181563077e-12
1.832554223e-12
2.414350596e-12
2.857995182e-12
2.359598818e-12
0
2.67155683e-11
0
0
7.519042948e-16
7.713033383e-16
9.346860475e-16
1.540146293e-15
2.669879509e-16
1.328272923e-15
9.968767925e-15
2.637163355e-14
4.699112346e-14
7.614822781e-14
1.505524358e-13
2.268868049e-13
2.768860851e-13
3.414455032e-13
3.834767709e-13
3.738353221e-13
3.910007572e-13
4.133032646e-13
3.747687916e-13
5.333278397e-13
1.029112561e-12
1.465370207e-12
1.795750073e-12
1.263890354e-12
0
9.555451551e-12
0
1.37678929e-16
1.13941762e-15
1.577190387e-15
8.793910598e-16
1.556249744e-15
2.180144345e-16
3.995772901e-15
1.486142076e-14
3.444151773e-14
5.28917381e-14
7.784735831e-14
1.3659343e-13
1.920068387e-13
2.142979337e-13
2.412427483e-13
2.406802835e-13
1.879126723e-13
1.207075042e-13
7.10081543e-14
3.863931343e-14
2.061618115e-13
4.748378929e-13
1.205858567e-12
1.603218972e-12
1.031411805e-12
3.887299966e-13
0
2.922888746e-15
0
0
1.013942273e-16
7.082200797e-16
6.240296314e-16
5.102946126e-16
6.465462864e-15
2.025572299e-14
3.596733003e-14
4.870653868e-14
6.646172948e-14
1.133998128e-13
1.52875621e-13
1.609847099e-13
1.771083622e-13
1.734507631e-13
1.304826604e-13
5.566932589e-14
2.049422432e-14
0
1.339392724e-13
3.57905185e-13
1.0200319e-12
1.538291153e-12
2.243943261e-12
1.272772266e-12
0
6.946386545e-16
0
0
0
9.237655426e-16
9.446535769e-17
1.274869309e-15
9.137313542e-15
2.054823608e-14
3.150468289e-14
4.269104645e-14
6.224589402e-14
9.652814037e-14
1.212576174e-13
1.199090021e-13
1.365088758e-13
1.335639571e-13
1.052452845e-13
5.51550414e-14
6.619488381e-14
1.018132608e-13
1.753957507e-13
3.543363233e-13
1.000037239e-12
1.529624236e-12
2.21219298e-12
2.416432225e-12
1.516510163e-12
0
0
0
5.844941908e-16
2.5222109e-16
1.924599763e-16
4.240037567e-15
1.11206246e-14
1.933958729e-14
2.727287452e-14
3.592507094e-14
5.468166444e-14
7.325703909e-14
8.463882486e-14
7.395016156e-14
8.47361798e-14
7.912743937e-14
5.603740923e-14
6.060694588e-15
2.603603062e-14
1.351933148e-13
1.208025134e-13
2.366242747e-13
5.548522238e-13
1.325514403e-12
1.876544549e-12
1.483703135e-12
9.171413756e-13
0
0
8.887671262e-17
1.050517379e-16
0
1.233948495e-16
5.89230553e-15
1.042905335e-14
1.412731196e-14
1.642984213e-14
2.066365274e-14
3.653929079e-14
4.826331364e-14
5.101591664e-14
3.376572194e-14
4.489828018e-14
4.391457912e-14
3.001629257e-14
2.329869715e-16
3.601653273e-16
2.879620063e-14
2.393449941e-15
5.921532813e-14
2.266322933e-13
8.019018888e-13
1.145667133e-12
1.529500047e-12
7.099810528e-13
0
0
1.046605458e-16
0
3.515190164e-16
4.083569593e-15
8.301867835e-15
1.203628195e-14
1.664182753e-14
2.220186206e-14
3.074332144e-14
3.814487698e-14
4.242446588e-14
4.098697773e-14
2.31114877e-14
3.535167977e-14
3.401303996e-14
2.204738874e-14
0
0
2.327319935e-14
0
1.611449023e-14
1.63780108e-13
7.44795937e-13
1.166574606e-12
1.728752638e-12
1.862397332e-12
0
0
0
0
9.371527391e-16
5.088943002e-15
9.15862903e-15
1.377176338e-14
1.824036019e-14
2.579227512e-14
3.680262371e-14
5.014957238e-14
5.980061288e-14
6.481509463e-14
6.446309387e-14
6.601866127e-14
5.414599846e-14
3.262715281e-14
5.789648028e-16
2.612489467e-16
2.277049885e-14
0
1.343878575e-14
1.511694729e-13
6.001349321e-13
1.175108557e-12
1.715816928e-12
1.712735099e-12
4.335068515e-15
8.673317904e-16
4.21946489e-17
9.853144394e-16
1.510414134e-14
1.226834829e-14
2.010711896e-14
3.144093148e-14
4.509267803e-14
6.194302123e-14
8.045449056e-14
9.943105575e-14
1.180615953e-13
1.329768118e-13
1.379431301e-13
1.395397202e-13
1.219542086e-13
8.26709414e-14
9.723918826e-15
0
2.208244271e-14
7.278622051e-15
0
5.741833408e-14
2.372268027e-13
7.952720549e-13
1.113747934e-12
1.394320987e-12
1.332191039e-14
1.139706636e-14
1.159106236e-14
1.493829541e-14
2.425379034e-14
3.624857569e-14
5.204862463e-14
7.144236549e-14
9.572900665e-14
1.231455659e-13
1.576435815e-13
1.936975515e-13
2.300374932e-13
2.605647064e-13
2.699702259e-13
2.780393353e-13
2.640612991e-13
2.215462498e-13
1.352817612e-13
9.342018189e-14
1.125310571e-13
5.247217002e-14
5.705844467e-14
8.22544444e-14
1.832209746e-13
6.492323929e-13
8.251969206e-13
9.884581046e-13
3.25538731e-14
4.150340064e-14
3.483808038e-14
4.181017599e-14
5.407698128e-14
7.16550331e-14
9.488842971e-14
1.249735027e-13
1.59080058e-13
2.018601676e-13
2.488477119e-13
3.002832556e-13
3.543408373e-13
4.212997928e-13
4.241226225e-13
4.324825212e-13
4.18482115e-13
3.749766381e-13
2.86656553e-13
2.422588734e-13
2.606226816e-13
2.315707044e-13
1.669997555e-13
1.596029587e-13
2.462636532e-13
7.512489033e-13
1.097386024e-12
1.620715599e-12
5.656707913e-14
5.476795097e-14
5.740106445e-14
6.538335932e-14
7.974371876e-14
1.012636023e-13
1.322538228e-13
1.701527794e-13
2.083960084e-13
2.538031831e-13
3.071801126e-13
3.664227893e-13
4.278108918e-13
4.810011713e-13
5.099811595e-13
5.139593451e-13
4.966891419e-13
4.528173424e-13
3.658948282e-13
3.256329608e-13
3.497757458e-13
3.424959795e-13
2.349698148e-13
1.991857975e-13
2.550071502e-13
7.152041106e-13
9.917952523e-13
1.426928962e-12
6.234666897e-14
6.04874366e-14
6.240345437e-14
6.882798611e-14
8.256690963e-14
1.041090696e-13
1.320016956e-13
1.609887993e-13
1.992801467e-13
2.434336727e-13
2.932102162e-13
3.465680069e-13
3.995216165e-13
4.412104868e-13
4.676420308e-13
4.727148682e-13
4.582052699e-13
4.198737383e-13
3.433671359e-13
3.192287434e-13
3.652492611e-13
3.783314199e-13
2.622949189e-13
2.113419266e-13
2.270908535e-13
4.901535174e-13
7.877955288e-13
9.83760503e-13
6.126953262e-14
5.597730049e-14
5.343337832e-14
5.596677278e-14
6.505461317e-14
7.974445231e-14
9.612048387e-14
1.211178585e-13
1.526437127e-13
1.884659174e-13
2.276100652e-13
2.682488692e-13
3.000214167e-13
3.280950886e-13
3.48890372e-13
3.538943336e-13
3.424892045e-13
3.105564197e-13
2.4822967e-13
2.470878129e-13
3.30990136e-13
3.615284795e-13
2.44034427e-13
1.813896777e-13
1.546492917e-13
2.254657698e-13
6.366838989e-13
7.523522488e-13
6.289522197e-14
5.138084692e-14
4.268161971e-14
3.716352225e-14
3.73978803e-14
4.154880126e-14
5.412691899e-14
7.146281917e-14
9.205858677e-14
1.151979073e-13
1.399462473e-13
1.646427822e-13
1.80018286e-13
2.031315283e-13
2.167693149e-13
2.203339139e-13
2.130409373e-13
1.906666481e-13
1.456383734e-13
1.689795274e-13
2.840470314e-13
3.464408774e-13
2.45096688e-13
1.885152376e-13
1.547741967e-13
1.892899163e-13
7.150825979e-13
1.054195869e-12
6.980488848e-14
5.099828327e-14
3.634057634e-14
2.749843147e-14
2.192849169e-14
2.284264036e-14
2.813928042e-14
3.585138702e-14
4.565678536e-14
5.663687109e-14
6.811357053e-14
7.533691684e-14
9.506488036e-14
1.089755786e-13
1.16099362e-13
1.185396405e-13
1.145125637e-13
9.988412077e-14
7.148859467e-14
1.153726037e-13
2.528047737e-13
3.362341624e-13
2.516411818e-13
2.058464768e-13
1.835419591e-13
2.434328403e-13
7.168025379e-13
1.004240575e-12
7.157452576e-14
5.100795978e-14
3.419022174e-14
2.249078321e-14
1.679937213e-14
1.477156915e-14
1.484650682e-14
1.674990203e-14
1.950608544e-14
2.236403813e-14
2.340369307e-14
1.952403398e-14
3.585736974e-14
4.606656068e-14
5.258823326e-14
5.613899244e-14
5.375255011e-14
4.031718494e-14
2.344314533e-14
7.856192029e-14
2.265545938e-13
3.208588812e-13
2.576162538e-13
1.99528426e-13
1.731050621e-13
2.191873528e-13
6.325502948e-13
7.648938214e-13
8.222312546e-14
6.354024585e-14
5.003929343e-14
4.194446866e-14
3.798097079e-14
3.695625014e-14
3.777147423e-14
3.897229961e-14
3.957097242e-14
3.948263322e-14
3.512142774e-14
4.331391032e-14
4.497013753e-14
4.918536547e-14
5.106857431e-14
4.946910634e-14
4.130284399e-14
2.262887036e-14
4.523223356e-15
7.969327405e-14
1.984868152e-13
2.79134941e-13
2.094664728e-13
1.537279208e-13
1.360889256e-13
1.783912677e-13
4.978658178e-13
6.385491015e-13
1.464858925e-13
1.36851046e-13
1.311583407e-13
1.283612734e-13
1.280780259e-13
1.285723053e-13
1.278064832e-13
1.241153856e-13
1.16556579e-13
1.010155997e-13
9.186455006e-14
1.002958026e-13
1.058595353e-13
1.078654304e-13
1.051524841e-13
9.484635867e-14
7.288972153e-14
3.112980592e-14
1.412734981e-14
9.317278964e-14
1.861204196e-13
2.433973182e-13
1.604326668e-13
1.077788198e-13
1.043318975e-13
1.605741102e-13
4.321672856e-13
6.764886767e-13
2.916828625e-13
2.877190525e-13
2.853344892e-13
2.830909286e-13
2.789392968e-13
2.704677041e-13
2.553359466e-13
2.317497742e-13
1.960156334e-13
1.620297068e-13
1.66963521e-13
1.762947926e-13
1.88161686e-13
1.918176259e-13
1.856499147e-13
1.669314423e-13
1.316789194e-13
7.042285383e-14
5.050075256e-14
1.228814577e-13
2.050520083e-13
2.356124009e-13
1.376408428e-13
7.908558632e-14
6.957235444e-14
1.03998013e-13
3.156975278e-13
6.805109526e-13
)
;

boundaryField
{
    inletCH4
    {
        type            fixedValue;
        value           nonuniform List<scalar> 0();
    }
    wallOutside
    {
        type            zeroGradient;
    }
    wallTube
    {
        type            zeroGradient;
    }
    inletPilot
    {
        type            fixedValue;
        value           nonuniform List<scalar> 0();
    }
    inletAir
    {
        type            fixedValue;
        value           nonuniform List<scalar> 0();
    }
    outlet
    {
        type            zeroGradient;
    }
    axis
    {
        type            empty;
    }
    frontAndBack_pos
    {
        type            wedge;
    }
    frontAndBack_neg
    {
        type            wedge;
    }
    procBoundary4to0
    {
        type            processor;
        value           nonuniform List<scalar> 
27
(
8.456492018e-12
2.008999505e-11
2.24850087e-11
4.201098944e-11
4.009452823e-11
4.166251814e-11
4.084551318e-11
3.024807189e-11
2.783807135e-11
2.477502801e-11
3.684768405e-13
0
0
6.770727541e-13
6.211165129e-13
0
5.180873321e-13
1.751362089e-12
1.638980217e-12
1.077713612e-12
8.369587917e-13
1.588171967e-12
1.456105961e-12
9.456635111e-13
5.976234508e-13
7.761983946e-13
9.373655723e-13
)
;
    }
    procBoundary4to2
    {
        type            processor;
        value           nonuniform List<scalar> 10(2.8913891e-11 1.497921272e-11 4.124981695e-12 0 0 0 0 0 1.291767117e-13 5.309186081e-12);
    }
    procBoundary4to5
    {
        type            processor;
        value           nonuniform List<scalar> 
46
(
0
0
0
0
0
0
0
0
0
0
0
2.484297485e-11
2.022734273e-13
0
0
3.425508682e-12
2.942618561e-12
1.945277584e-12
1.945277584e-12
1.505485981e-12
6.385454569e-13
6.385454569e-13
7.232445991e-14
7.232445991e-14
4.832060486e-13
8.698291506e-13
8.698291506e-13
0
0
0
0
0
1.794116663e-15
1.084118316e-16
3.475021523e-17
2.86389618e-15
8.365902768e-15
2.055985353e-14
4.087267936e-14
1.299295259e-13
2.264925673e-13
3.151962304e-13
4.218514333e-13
5.377092014e-13
6.465468508e-13
6.465468508e-13
)
;
    }
}
)

// Processor5

13364
(dimensions      [0 0 0 0 0 0 0];

internalField   nonuniform List<scalar> 
862
(
1.536244521e-09
1.528634903e-09
1.50570538e-09
1.463672064e-09
1.403239563e-09
5.857658908e-10
5.806590417e-10
5.674966424e-10
5.457772992e-10
5.171395397e-10
2.293711836e-10
2.26827595e-10
2.206886729e-10
2.113969459e-10
1.989769354e-10
9.134170466e-11
9.018763659e-11
8.768255308e-11
8.427500191e-11
7.995035861e-11
3.536565056e-11
3.47761698e-11
3.38341831e-11
3.253654919e-11
3.083898111e-11
1.360732879e-11
1.376855158e-11
1.379848026e-11
1.336159082e-11
1.274633273e-11
6.100264923e-12
6.049705184e-12
5.92061859e-12
5.720639203e-12
5.483899972e-12
2.904975047e-12
2.888471231e-12
2.850868498e-12
2.797460025e-12
2.729465851e-12
1.710795436e-12
1.708246132e-12
1.702186313e-12
1.693475366e-12
1.679507448e-12
1.282961447e-12
1.284693384e-12
1.288535314e-12
1.294888099e-12
1.306758225e-12
1.065776394e-12
1.072704516e-12
1.088180879e-12
1.112801908e-12
1.145363856e-12
9.040072748e-13
9.106906265e-13
9.25105355e-13
9.465682114e-13
9.747282145e-13
6.50797087e-13
6.569704404e-13
6.701726511e-13
6.896780638e-13
7.149816387e-13
4.143463689e-13
4.184270112e-13
4.271389831e-13
4.398875866e-13
4.548116684e-13
2.128852456e-13
2.139544276e-13
2.174829834e-13
2.189310105e-13
2.194642354e-13
5.564439083e-14
5.146711777e-14
4.417613676e-14
3.651395812e-14
2.677062464e-14
0
0
0
0
0
2.007480477e-14
2.002039215e-14
1.968058343e-14
1.875696181e-14
1.717684584e-14
2.426724417e-15
1.382347605e-15
0
0
0
0
0
0
0
0
0
0
0
0
0
0
0
0
0
0
2.467265251e-14
2.33828451e-14
2.079660388e-14
1.731868125e-14
1.342879441e-14
6.768254191e-15
6.294990141e-15
5.42538933e-15
4.494451375e-15
3.839755553e-15
0
0
0
0
0
1.360038975e-09
4.970947588e-10
1.901795828e-10
7.690270634e-11
2.960796441e-11
1.228347938e-11
5.326630809e-12
2.679298905e-12
1.681249043e-12
1.321215221e-12
1.172722279e-12
9.980832459e-13
7.358484261e-13
4.664347638e-13
2.16391371e-13
2.252911167e-14
0
1.60493745e-14
0
0
0
0
1.081918318e-14
3.355527257e-15
0
1.335319266e-09
1.206094635e-09
1.010170347e-09
7.887455345e-10
5.772225854e-10
4.811334168e-10
4.300726853e-10
3.590515282e-10
2.834521021e-10
2.133001831e-10
1.827495456e-10
1.63015416e-10
1.367776067e-10
1.072764535e-10
8.306549512e-11
7.419474671e-11
6.796733746e-11
5.637855251e-11
4.445588001e-11
3.334696276e-11
2.832881114e-11
2.497002358e-11
2.234013798e-11
1.844580922e-11
1.446642947e-11
1.183296966e-11
1.075551951e-11
9.545388984e-12
8.121665228e-12
6.606455243e-12
5.178310206e-12
4.6968691e-12
4.206058488e-12
3.849921799e-12
3.353132587e-12
2.633088906e-12
2.507948187e-12
2.373500713e-12
2.190713849e-12
2.042988901e-12
1.692778774e-12
1.680404056e-12
1.662765234e-12
1.662137739e-12
1.706331261e-12
1.344438602e-12
1.39061326e-12
1.44886914e-12
1.524760372e-12
1.620873694e-12
1.215936572e-12
1.279803502e-12
1.3582016e-12
1.46512412e-12
1.596371564e-12
1.036105943e-12
1.105081312e-12
1.175943507e-12
1.277541086e-12
1.381617406e-12
7.709978114e-13
8.345962e-13
8.679430837e-13
9.095961322e-13
9.601447483e-13
4.876415899e-13
5.081158081e-13
5.032983295e-13
5.106685192e-13
5.304961686e-13
2.136003119e-13
1.995864022e-13
1.946484226e-13
1.966790294e-13
2.159235226e-13
1.864054954e-14
1.720744881e-14
2.946101276e-14
5.866127086e-14
6.186236379e-14
0
1.486988277e-14
1.855257287e-14
1.135596921e-14
0
1.543544661e-14
1.129237494e-14
0
0
0
0
0
0
0
0
0
0
0
0
0
0
0
0
0
0
0
0
2.621115672e-17
2.54330847e-15
2.656615617e-15
7.399689507e-15
4.076774561e-15
3.638504553e-15
2.877641354e-15
0
3.499172361e-15
2.622496303e-15
0
0
0
0
0
0
0
0
0
0
0
0
0
0
0
0
0
0
0
0
0
0
2.857614618e-10
1.258409438e-10
5.063076002e-11
2.081674211e-11
8.843538817e-12
1.885231987e-12
2.08882196e-12
2.526981439e-12
1.302884237e-12
2.483038195e-12
2.001447088e-12
3.312592346e-12
1.234609892e-11
5.107398078e-12
1.27267532e-13
0
0
0
0
0
0
3.767494918e-10
2.161488205e-10
1.148440933e-10
5.754384463e-11
2.692016555e-11
1.233773591e-11
5.925236658e-12
2.63095856e-12
6.160364738e-13
2.310480035e-12
2.287554256e-12
2.85323996e-13
2.445264363e-12
2.977096149e-12
8.288204668e-12
1.183664894e-11
3.449478604e-12
0
0
0
0
0
0
1.447745169e-10
8.83290729e-11
5.050640309e-11
2.554933387e-11
1.369609614e-11
6.198561984e-12
3.55102144e-12
1.451032235e-12
0
2.059570121e-12
3.105218792e-12
3.010164586e-12
2.055439381e-12
1.629502213e-12
1.885968468e-12
1.672883257e-11
1.904016896e-11
5.734729442e-12
0
0
0
0
0
5.902323517e-11
3.768205016e-11
2.09756857e-11
1.258134682e-11
6.78327644e-12
4.16571198e-12
2.786076775e-12
1.846496773e-12
1.590558772e-12
2.49780849e-12
2.999549668e-12
3.437910337e-12
1.552480296e-12
2.771223145e-12
1.056504056e-12
2.123053624e-12
1.841306666e-11
2.212144019e-11
6.115263813e-12
0
0
0
0
2.45306612e-11
1.565500178e-11
1.052114748e-11
6.279197175e-12
3.148459023e-12
2.674426495e-12
2.300154808e-12
2.14729561e-12
1.832265536e-12
2.281116806e-12
2.815156269e-12
2.97434272e-12
2.845518091e-12
8.376669429e-13
3.272212771e-12
4.231575946e-12
1.053921943e-11
1.664926574e-11
7.443406186e-12
7.904195397e-13
0
0
0
1.097305179e-11
7.850353429e-12
5.096907821e-12
3.58738237e-12
2.570449908e-12
2.224524375e-12
2.072174032e-12
1.992836449e-12
2.188639822e-12
2.172375307e-12
2.395355061e-12
2.683441981e-12
3.23645289e-12
2.877401486e-12
2.044902833e-12
7.607069194e-13
1.709103702e-12
1.634215835e-11
2.041636811e-11
8.325547771e-12
3.162482408e-13
0
0
5.206605879e-12
3.939113944e-12
2.93000212e-12
2.364148682e-12
2.120382982e-12
1.999567697e-12
2.01286174e-12
2.094211737e-12
2.268954429e-12
2.304638677e-12
2.373282597e-12
2.498197643e-12
2.235199035e-12
1.932515945e-12
0
1.00195989e-12
0
0
1.947988903e-11
2.322700906e-11
8.471936697e-12
0
0
2.81469708e-12
2.299679403e-12
1.992443559e-12
1.979402386e-12
1.988569588e-12
2.09020479e-12
2.314903217e-12
2.320183068e-12
2.406592476e-12
2.445564802e-12
2.217986079e-12
1.987389683e-12
1.728542684e-12
1.704976623e-12
3.819412874e-13
7.784699873e-13
1.266892266e-12
3.74569775e-12
1.827492044e-11
2.371373591e-11
1.214784986e-11
2.900397726e-12
0
1.998109002e-12
1.9067483e-12
1.863520602e-12
1.925248809e-12
2.197154819e-12
2.241016073e-12
2.601326264e-12
2.421964795e-12
2.27455551e-12
2.199731156e-12
1.835721179e-12
1.531302203e-12
1.158749466e-12
1.049023657e-12
1.043446997e-12
0
1.064156499e-12
8.689182095e-14
0
1.990217408e-11
2.435493368e-11
1.124579274e-11
1.849209079e-12
1.747712138e-12
1.811924856e-12
1.943212113e-12
2.00936878e-12
2.261686399e-12
2.213987827e-12
2.433800725e-12
2.408616718e-12
2.050155345e-12
1.817489049e-12
1.511254231e-12
1.32316735e-12
1.132899368e-12
1.159476866e-12
1.546794625e-12
1.519992288e-12
3.940955944e-12
7.067438261e-12
1.206765906e-11
2.564557541e-11
3.463796163e-11
3.453870999e-11
1.406249615e-11
1.773742182e-12
2.002488609e-12
2.017980161e-12
1.953989939e-12
2.098873345e-12
2.204843499e-12
2.144161172e-12
2.176033577e-12
1.795330492e-12
1.468261223e-12
1.281734537e-12
1.130932516e-12
1.057955956e-12
1.131601362e-12
1.54330711e-12
2.251188798e-12
2.687020739e-12
3.685832653e-12
2.571683071e-12
0
2.309857108e-11
3.026511957e-11
1.644657319e-11
1.79067964e-12
1.976913968e-12
1.938600553e-12
1.701262365e-12
1.592881972e-12
1.720176487e-12
1.694394279e-12
1.77922737e-12
1.452723408e-12
1.148238385e-12
1.024688989e-12
8.793339944e-13
8.438836187e-13
7.880494657e-13
1.01439806e-12
1.542838219e-12
1.293322454e-12
2.858773635e-12
3.83342909e-12
4.345131138e-12
9.457392861e-12
2.571237705e-11
2.77039952e-11
1.52781517e-12
1.567240898e-12
1.359129189e-12
1.147964391e-12
1.01963932e-12
1.137790069e-12
1.144393243e-12
1.285352029e-12
9.856550452e-13
7.264209411e-13
7.015483716e-13
5.861548092e-13
6.114525336e-13
5.139320874e-13
5.030459492e-13
7.170723603e-13
2.356534117e-13
1.458022365e-12
2.021988075e-12
8.564140484e-13
0
2.171538422e-11
3.031784748e-11
1.051406116e-12
1.033273309e-12
7.824641485e-13
5.581466285e-13
4.301335396e-13
5.508977832e-13
5.683817607e-13
6.994581484e-13
4.573926802e-13
2.647590488e-13
3.047060586e-13
1.898220477e-13
2.158189782e-13
1.820577055e-13
2.42662603e-13
5.1675861e-13
8.611379149e-13
6.987330708e-13
1.939929171e-12
2.417391594e-12
1.489391734e-12
8.15080455e-14
2.408430675e-11
5.744875278e-13
4.671343328e-13
3.339184819e-13
1.892190667e-13
1.595495883e-13
1.398509485e-13
1.212973595e-13
1.921771293e-13
1.062134129e-13
2.022626385e-14
8.626032863e-14
0
7.884842215e-15
9.557369389e-15
7.9207542e-14
3.364971217e-13
6.453678064e-13
2.688104852e-13
1.285565899e-12
1.853608497e-12
1.031970985e-12
0
2.484297485e-11
1.974730107e-13
1.328192797e-13
6.418817943e-14
0
4.993697417e-14
3.41151309e-14
8.569488807e-15
6.654421143e-14
1.663971529e-14
0
5.056277136e-14
0
0
0
2.59324513e-15
9.487817238e-14
3.074169885e-13
0
1.155587869e-12
2.304519693e-12
2.880174016e-12
2.516063832e-12
2.022734273e-13
3.758867024e-14
1.953868148e-14
0
2.272160649e-14
2.590338722e-14
2.086669722e-14
3.026788393e-16
4.972437486e-14
3.89655183e-15
0
4.058087742e-14
0
0
0
1.796863448e-14
1.46058323e-13
5.41801558e-13
1.105330779e-12
1.291435287e-12
2.088913796e-12
2.487060025e-12
1.543653677e-12
0
0
0
0
2.749857116e-15
5.411889891e-15
0
5.858739826e-16
4.754475897e-14
1.805565397e-15
0
2.124852127e-14
0
0
0
2.732406394e-15
1.019049659e-13
5.349623723e-13
1.084585839e-12
1.050168738e-12
2.223335339e-12
3.192733817e-12
3.425508682e-12
0
0
2.171775952e-15
7.856313795e-15
9.096192327e-15
0
0
1.791982454e-14
0
0
1.763943739e-14
0
0
0
0
4.71242282e-14
2.732573613e-13
5.521774582e-13
3.469837293e-13
1.14181364e-12
2.350073538e-12
2.942618561e-12
0
9.628260081e-15
1.155372653e-14
5.502402784e-15
0
0
2.854089445e-14
1.882769588e-15
0
0
7.864393256e-15
0
0
0
4.824144145e-16
7.278082494e-14
3.338960872e-13
7.036264633e-13
1.196236886e-12
1.272303891e-12
1.814408302e-12
1.945277584e-12
3.398091292e-15
5.541789222e-15
0
9.623954721e-18
0
0
4.252742679e-14
1.225047376e-15
0
0
4.288391871e-15
0
8.128380155e-15
2.649691228e-14
4.836070899e-14
1.826966344e-13
3.911401704e-13
7.356144086e-13
1.227207754e-12
1.148526888e-12
1.505485981e-12
3.455628817e-15
0
7.268999251e-15
0
0
1.465667545e-14
6.268544218e-16
0
0
0
6.263300728e-16
0
8.822966194e-15
2.960480023e-14
3.459553428e-14
1.334740013e-13
2.425298561e-13
4.263914189e-13
6.889589535e-13
4.642030802e-13
6.385454569e-13
0
0
0
0
0
3.683959869e-15
1.80226307e-15
0
0
0
6.601428861e-16
0
5.151573376e-15
1.573564937e-14
7.062794645e-15
4.772122165e-14
6.956930568e-14
8.657537995e-14
1.025659728e-13
7.232445991e-14
0
0
0
0
3.423106592e-15
0
1.428625706e-15
0
0
8.249653396e-16
7.519010107e-16
0
1.221210362e-14
5.009723535e-14
6.793782075e-14
1.548808742e-13
2.364019118e-13
3.147302404e-13
4.832060486e-13
0
0
0
0
0
1.706499012e-15
2.718204403e-16
0
2.448224866e-15
1.36516917e-14
2.112464356e-15
0
6.180194506e-14
1.51040239e-13
2.358305176e-13
3.482966502e-13
4.817602071e-13
6.228894861e-13
8.698291506e-13
0
0
0
0
0
1.794116663e-15
1.084118316e-16
3.475021523e-17
2.86389618e-15
8.365902768e-15
2.055985353e-14
4.087267936e-14
1.299295259e-13
2.264925673e-13
3.151962304e-13
4.218514333e-13
5.377092014e-13
6.465468508e-13
)
;

boundaryField
{
    inletCH4
    {
        type            fixedValue;
        value           nonuniform List<scalar> 0();
    }
    wallOutside
    {
        type            zeroGradient;
    }
    wallTube
    {
        type            zeroGradient;
    }
    inletPilot
    {
        type            fixedValue;
        value           nonuniform List<scalar> 0();
    }
    inletAir
    {
        type            fixedValue;
        value           nonuniform List<scalar> 0();
    }
    outlet
    {
        type            zeroGradient;
    }
    axis
    {
        type            empty;
    }
    frontAndBack_pos
    {
        type            wedge;
    }
    frontAndBack_neg
    {
        type            wedge;
    }
    procBoundary5to1
    {
        type            processor;
        value           uniform 0;
    }
    procBoundary5to2
    {
        type            processor;
        value           nonuniform List<scalar> 
16
(
0
0
0
0
0
0
0
0
0
0
0
1.558715633e-12
4.784067003e-12
1.255796936e-11
1.96354706e-11
2.8913891e-11
)
;
    }
    procBoundary5to3
    {
        type            processor;
        value           nonuniform List<scalar> 
30
(
4.211348715e-09
4.240704781e-09
4.269653757e-09
4.249935887e-09
4.200491195e-09
4.161415207e-09
4.230428374e-09
3.974849013e-09
3.410724966e-09
2.683680972e-09
1.942746478e-09
0
9.068291077e-10
3.289173744e-10
1.151746879e-10
3.844847835e-11
1.276385181e-11
4.264226765e-12
3.502516341e-12
3.478814386e-12
3.028977681e-12
1.983586677e-12
2.365066585e-12
1.422954638e-11
9.162641284e-12
1.785603924e-12
1.785603924e-12
1.218608218e-09
6.347524756e-10
6.347524756e-10
)
;
    }
    procBoundary5to4
    {
        type            processor;
        value           nonuniform List<scalar> 
46
(
0
0
0
0
0
0
0
0
0
0
0
3.797951551e-11
2.679144357e-11
2.666773348e-11
4.362756867e-12
4.362756867e-12
1.987750556e-12
7.923013172e-13
1.964533811e-12
1.964533811e-12
1.224025834e-12
4.099760721e-13
4.099760721e-13
5.875943356e-13
5.875943356e-13
1.022234231e-12
8.380118513e-13
0
0
7.519042948e-16
7.713033383e-16
9.346860475e-16
1.540146293e-15
2.669879509e-16
1.328272923e-15
9.968767925e-15
2.637163355e-14
4.699112346e-14
7.614822781e-14
1.505524358e-13
2.268868049e-13
2.768860851e-13
3.414455032e-13
3.834767709e-13
8.380118513e-13
3.738353221e-13
)
;
    }
}
)