/*--------------------------------*- C++ -*----------------------------------*\
  =========                 |
  \\      /  F ield         | OpenFOAM: The Open Source CFD Toolbox
   \\    /   O peration     | Website:  https://openfoam.org
    \\  /    A nd           | Version:  10
     \\/     M anipulation  |
\*---------------------------------------------------------------------------*/
FoamFile
{
    format      binary;
    class       decomposedBlockData;
    location    "/home/zhouyuchen/Desktop/FastChemistrySolver-OpenFOAM-10/EC-CCM/OpenFOAM-10/Sandia/processors6/0.02498655859/CH2";
    object      CH2;
}
// * * * * * * * * * * * * * * * * * * * * * * * * * * * * * * * * * * * * * //


// Processor0

6979
(/*--------------------------------*- C++ -*----------------------------------*\
  =========                 |
  \\      /  F ield         | OpenFOAM: The Open Source CFD Toolbox
   \\    /   O peration     | Website:  https://openfoam.org
    \\  /    A nd           | Version:  10
     \\/     M anipulation  |
\*---------------------------------------------------------------------------*/
FoamFile
{
    format      ascii;
    class       volScalarField;
    location    "0.02498655859";
    object      CH2;
}
// * * * * * * * * * * * * * * * * * * * * * * * * * * * * * * * * * * * * * //

dimensions      [0 0 0 0 0 0 0];

internalField   nonuniform List<scalar> 
864
(
1.1935084e-13
2.49520826e-14
0
0
0
0
0
0
0
0
0
0
0
0
0
0
0
0
0
0
0
0
0
0
0
0
0
0
0
0
0
0
2.038563074e-13
8.009855141e-14
1.000520102e-15
0
0
0
0
0
0
0
0
0
0
0
0
0
0
0
0
0
0
0
0
0
0
0
0
0
0
0
0
0
2.573885211e-13
1.403748767e-13
3.747275458e-14
0
0
0
0
0
0
0
0
0
0
0
0
0
0
0
0
0
0
0
0
0
0
0
0
0
0
0
0
0
3.764047297e-13
2.292333346e-13
9.123940487e-14
4.650179406e-15
0
0
0
0
0
0
0
0
0
0
0
0
0
0
0
0
0
0
0
0
0
0
0
0
0
0
0
0
3.688693671e-13
2.713653302e-13
1.422031328e-13
3.643600542e-14
0
0
0
0
0
0
0
0
0
0
0
0
0
0
0
0
0
0
0
0
0
0
0
0
0
0
0
0
3.683620904e-13
4.004535666e-13
2.133682272e-13
7.256076808e-14
1.001795488e-15
0
0
0
0
0
0
0
0
0
0
0
0
0
0
0
0
0
0
0
0
0
0
0
0
0
0
0
2.982540214e-13
3.138348948e-13
2.009110229e-13
8.295303836e-14
6.550036199e-15
0
0
0
0
0
0
0
0
0
0
0
0
0
0
0
0
0
0
0
0
0
0
0
0
0
0
0
2.062829175e-13
2.79537351e-13
2.247804608e-13
1.280155891e-13
3.933515465e-14
4.323602892e-17
0
0
0
0
0
0
0
0
0
0
0
0
0
0
0
0
0
0
0
0
0
0
0
0
0
0
1.986039919e-13
3.16907009e-13
3.238613457e-13
2.17095516e-13
1.027221199e-13
2.073756228e-14
0
0
0
0
0
0
0
0
0
0
0
0
0
0
0
0
0
0
0
0
0
0
0
0
0
0
1.757250707e-13
3.100973054e-13
3.576929648e-13
2.813694015e-13
1.690058823e-13
6.256449205e-14
8.97970129e-16
0
0
0
0
0
0
0
0
0
0
0
0
0
0
0
0
0
0
0
0
0
0
0
0
0
2.677732347e-14
2.573254884e-13
3.870077793e-13
3.891292624e-13
2.703346301e-13
1.380075978e-13
3.593429259e-14
0
0
0
0
0
0
0
0
0
0
0
0
0
0
0
0
0
0
0
0
0
0
0
0
0
0
2.348266937e-13
3.932337e-13
4.352035773e-13
3.388721758e-13
2.042846762e-13
7.841820192e-14
3.013791996e-15
0
0
0
0
0
0
0
0
0
0
0
0
0
0
0
0
0
0
0
0
0
0
0
0
0
1.606648903e-13
3.380065136e-13
4.455971022e-13
4.103562082e-13
2.881290637e-13
1.432511621e-13
3.551744082e-14
0
0
0
0
0
0
0
0
0
0
0
0
0
0
0
0
0
0
0
0
0
0
0
0
1.072381284e-14
1.585392543e-14
2.942775727e-13
4.657925847e-13
4.968646804e-13
3.784533739e-13
2.235713462e-13
8.520480256e-14
4.345030404e-15
0
0
0
0
0
0
0
0
0
0
0
0
0
0
0
0
0
0
0
0
0
0
0
4.638079042e-15
0
2.616948365e-13
4.449469244e-13
5.082195827e-13
4.207965025e-13
2.761399801e-13
1.283556792e-13
2.57514648e-14
0
0
0
0
0
0
0
0
0
0
0
0
0
0
0
0
0
0
0
0
0
0
0
0
0
1.558075411e-13
3.788091161e-13
5.20377497e-13
5.592129462e-13
3.621871458e-13
1.855123627e-13
5.712310999e-14
6.348165372e-16
0
0
0
0
0
0
0
0
0
0
0
0
0
0
0
0
0
0
0
0
0
0
5.215848815e-15
1.42775577e-14
2.30438331e-14
3.091044867e-13
4.884491869e-13
5.273469854e-13
4.037603477e-13
2.437378612e-13
1.004444757e-13
1.290219406e-14
0
0
0
0
0
0
0
0
0
0
0
0
0
0
0
0
0
0
0
0
0
0
5.3638803e-15
9.066816224e-15
0
2.73538064e-13
4.615630062e-13
5.276900386e-13
4.426287866e-13
2.991265034e-13
1.497495676e-13
4.04768627e-14
7.896335994e-17
0
0
0
0
0
0
0
0
0
0
0
0
0
0
0
0
0
0
0
0
0
8.542484741e-16
1.064006363e-15
0
2.163519111e-13
4.259957759e-13
5.729040557e-13
6.107014033e-13
4.194457814e-13
2.323049095e-13
8.604441823e-14
6.253648046e-15
0
0
0
0
0
0
0
0
0
0
0
0
0
0
0
0
0
0
0
0
0
1.438042963e-14
2.196084012e-14
4.008175309e-14
7.922041694e-14
3.608313347e-13
5.496811863e-13
5.946835905e-13
4.694067374e-13
2.988166436e-13
1.389709049e-13
3.213338592e-14
0
0
0
0
0
0
0
0
0
0
0
0
0
0
0
0
0
0
0
0
0
1.912286565e-14
2.286870068e-14
2.942541212e-14
2.752459431e-14
3.212480598e-13
5.217852933e-13
5.875737303e-13
4.952788289e-13
3.415669441e-13
1.803572545e-13
5.765384565e-14
8.500776773e-16
0
0
0
0
0
0
0
0
0
0
0
0
0
0
0
0
0
0
0
0
1.626673684e-14
1.684980359e-14
1.678855356e-14
8.430250412e-16
2.703536832e-13
4.852956428e-13
6.154051569e-13
6.309782251e-13
4.346976777e-13
2.429701874e-13
9.347023923e-14
1.008550757e-14
0
0
0
0
0
0
0
0
0
0
0
0
0
0
0
0
0
0
0
0
2.366886999e-14
3.248240119e-14
5.176402522e-14
8.150670693e-14
1.271990119e-13
4.02152459e-13
5.682087853e-13
5.930078944e-13
4.583881265e-13
2.873630146e-13
1.320433157e-13
3.019476644e-14
0
0
0
0
0
0
0
0
0
0
0
0
0
0
0
0
0
0
0
0
1.677219749e-14
2.281748307e-14
3.104226766e-14
3.88798263e-14
3.305042366e-14
3.186765046e-13
5.043783052e-13
5.560839698e-13
4.56857532e-13
3.069838465e-13
1.5640238e-13
4.646255305e-14
4.808774258e-16
0
0
0
0
0
0
0
0
0
0
0
0
0
0
0
0
0
0
0
8.030595206e-15
1.065263003e-14
1.300144543e-14
1.299444635e-14
0
2.60258026e-13
4.588137534e-13
5.607569533e-13
5.42913229e-13
3.700635727e-13
2.021456765e-13
7.272114382e-14
4.251068262e-15
0
0
0
0
0
0
0
0
0
0
0
0
0
0
0
0
0
0
0
7.845248313e-15
1.180402984e-14
1.15060081e-14
8.616593498e-15
0
1.941394973e-13
4.080760141e-13
5.590457816e-13
5.751884972e-13
4.400569006e-13
2.715939242e-13
1.21579307e-13
2.587327477e-14
0
0
0
0
0
0
0
0
0
0
0
0
0
0
0
0
0
0
0
2.174838028e-14
3.376207809e-14
4.667099612e-14
6.557139512e-14
9.313670187e-14
1.331470527e-13
4.218066109e-13
6.08401283e-13
6.501354199e-13
5.306745825e-13
3.584401655e-13
1.871589501e-13
6.067188852e-14
1.16452104e-15
0
0
0
0
0
0
0
0
0
0
0
0
0
0
0
0
0
0
)
;

boundaryField
{
    inletCH4
    {
        type            fixedValue;
        value           nonuniform List<scalar> 0();
    }
    wallOutside
    {
        type            zeroGradient;
    }
    wallTube
    {
        type            zeroGradient;
    }
    inletPilot
    {
        type            fixedValue;
        value           nonuniform List<scalar> 0();
    }
    inletAir
    {
        type            fixedValue;
        value           nonuniform List<scalar> 0();
    }
    outlet
    {
        type            zeroGradient;
    }
    axis
    {
        type            empty;
    }
    frontAndBack_pos
    {
        type            wedge;
    }
    frontAndBack_neg
    {
        type            wedge;
    }
    procBoundary0to2
    {
        type            processor;
        value           nonuniform List<scalar> 
32
(
7.010118699e-14
4.514350725e-16
0
0
0
0
0
0
0
0
0
0
0
0
0
0
0
0
0
0
0
0
0
0
0
0
0
0
0
0
0
0
)
;
    }
    procBoundary0to4
    {
        type            processor;
        value           nonuniform List<scalar> 
27
(
2.285345673e-13
3.208518122e-13
3.341434393e-13
3.616134047e-13
3.291866317e-13
2.407435162e-13
1.806005512e-13
3.163754703e-14
0
0
1.036662522e-14
1.594125511e-15
0
3.454422641e-15
1.166758081e-15
0
3.091885322e-15
4.127723887e-15
1.421530379e-15
9.373103194e-15
1.360784882e-14
1.268704468e-14
1.564101132e-14
1.081548028e-14
4.567375425e-15
4.073596879e-15
1.29178031e-14
)
;
    }
}


// ************************************************************************* //
)

// Processor1

1085
(dimensions      [0 0 0 0 0 0 0];

internalField   uniform 0;

boundaryField
{
    inletCH4
    {
        type            fixedValue;
        value           nonuniform List<scalar> 0();
    }
    wallOutside
    {
        type            zeroGradient;
    }
    wallTube
    {
        type            zeroGradient;
    }
    inletPilot
    {
        type            fixedValue;
        value           nonuniform List<scalar> 0();
    }
    inletAir
    {
        type            fixedValue;
        value           uniform 0;
    }
    outlet
    {
        type            zeroGradient;
    }
    axis
    {
        type            empty;
    }
    frontAndBack_pos
    {
        type            wedge;
    }
    frontAndBack_neg
    {
        type            wedge;
    }
    procBoundary1to2
    {
        type            processor;
        value           uniform 0;
    }
    procBoundary1to3
    {
        type            processor;
        value           uniform 0;
    }
    procBoundary1to5
    {
        type            processor;
        value           uniform 0;
    }
}
)

// Processor2

3559
(dimensions      [0 0 0 0 0 0 0];

internalField   nonuniform List<scalar> 
861
(
0
0
0
0
0
0
0
0
0
0
0
0
0
0
0
0
0
0
0
0
0
0
0
0
0
0
0
0
0
0
0
0
0
0
0
0
0
0
0
0
0
0
0
0
0
0
0
0
0
0
0
0
0
0
0
0
0
0
0
0
0
0
0
0
0
0
0
0
0
0
0
0
0
0
0
0
0
0
0
0
0
0
0
0
0
0
0
0
0
0
0
0
0
0
0
0
0
0
0
0
0
0
0
0
0
0
0
0
0
0
0
0
0
0
0
0
0
0
0
0
0
0
0
0
0
0
0
0
0
0
0
0
0
0
0
0
0
0
0
0
0
0
0
0
0
0
0
0
0
0
0
0
0
0
0
0
0
0
0
0
0
0
0
0
0
0
0
0
0
0
0
0
0
0
0
0
0
0
0
0
0
0
0
0
0
0
0
0
0
0
0
0
0
0
0
0
0
0
0
0
0
0
0
0
0
0
0
0
0
0
0
0
0
0
0
0
0
0
0
0
0
0
0
0
0
0
0
0
0
0
0
0
0
0
0
0
0
0
0
0
0
0
0
0
0
0
0
0
0
0
0
0
0
0
0
0
0
0
0
0
0
0
0
0
0
0
0
0
0
0
0
0
0
0
0
0
0
0
0
0
0
0
0
0
0
0
0
0
0
0
0
0
0
0
0
0
0
0
0
0
0
0
0
0
0
0
0
0
0
0
0
0
0
0
0
0
0
0
0
0
0
0
0
0
0
0
0
0
0
0
0
0
0
0
0
0
0
0
0
0
0
0
0
0
0
0
0
0
0
0
0
0
0
0
0
0
0
0
0
0
0
0
0
0
0
0
0
0
0
0
0
0
0
0
0
0
0
0
0
0
0
0
0
0
0
0
0
0
0
0
0
0
0
0
0
0
0
0
0
0
0
0
0
0
0
0
0
0
0
0
0
0
0
0
0
0
0
0
0
0
0
0
0
0
0
0
0
0
0
0
0
0
0
0
0
0
0
0
0
0
0
0
0
0
0
0
0
0
0
0
0
0
0
0
0
0
0
0
0
0
0
0
0
0
0
0
0
0
0
0
0
0
0
0
0
0
0
0
0
0
0
0
0
0
0
0
0
0
0
0
0
0
0
0
0
0
0
0
0
0
0
0
0
0
0
0
0
0
0
0
0
0
0
0
0
1.130160117e-16
0
0
0
0
0
0
0
0
0
0
0
0
0
0
0
0
0
0
0
0
0
0
0
0
0
0
0
0
0
0
0
0
0
0
0
0
1.8257993e-14
0
0
0
0
0
0
0
0
0
0
0
0
0
0
0
0
0
0
0
0
0
0
0
0
0
0
0
0
0
0
0
0
0
0
0
0
8.451705264e-14
1.576994861e-14
0
0
0
0
0
0
0
0
0
0
0
0
0
0
0
0
0
0
0
0
0
0
0
0
0
0
0
0
0
0
0
0
0
0
0
1.71083381e-13
8.243389841e-14
1.579855033e-15
0
0
0
0
0
0
0
0
0
0
0
0
0
0
0
0
0
0
0
0
0
0
0
0
0
0
0
0
0
0
0
0
0
0
2.159094154e-13
1.422852588e-13
4.960389941e-14
0
0
0
0
0
0
0
0
0
0
0
0
0
0
0
0
0
0
0
0
0
0
0
0
0
0
0
0
0
0
0
0
0
0
0
0
0
0
0
0
0
0
0
0
0
0
0
0
0
0
0
0
0
0
0
0
0
0
0
0
0
0
0
0
0
0
0
0
0
0
0
0
0
0
0
0
0
0
0
0
0
0
0
0
0
0
0
0
0
0
0
0
0
0
0
0
0
0
0
0
0
0
0
0
0
0
0
0
0
0
0
0
0
0
0
0
0
0
0
0
0
0
0
0
0
0
0
0
0
0
0
1.327528935e-14
0
0
0
0
0
0
0
0
0
0
0
0
0
0
0
0
0
0
0
0
0
0
0
0
0
0
0
0
0
0
0
7.010118699e-14
4.514350725e-16
0
0
0
0
0
0
0
0
0
0
0
0
0
0
0
0
0
0
0
0
0
0
0
0
0
0
0
0
0
0
)
;

boundaryField
{
    inletCH4
    {
        type            fixedValue;
        value           nonuniform List<scalar> 0();
    }
    wallOutside
    {
        type            zeroGradient;
    }
    wallTube
    {
        type            zeroGradient;
    }
    inletPilot
    {
        type            fixedValue;
        value           nonuniform List<scalar> 0();
    }
    inletAir
    {
        type            fixedValue;
        value           nonuniform List<scalar> 0();
    }
    outlet
    {
        type            zeroGradient;
    }
    axis
    {
        type            empty;
    }
    frontAndBack_pos
    {
        type            wedge;
    }
    frontAndBack_neg
    {
        type            wedge;
    }
    procBoundary2to0
    {
        type            processor;
        value           nonuniform List<scalar> 
32
(
1.1935084e-13
2.49520826e-14
0
0
0
0
0
0
0
0
0
0
0
0
0
0
0
0
0
0
0
0
0
0
0
0
0
0
0
0
0
0
)
;
    }
    procBoundary2to1
    {
        type            processor;
        value           uniform 0;
    }
    procBoundary2to4
    {
        type            processor;
        value           nonuniform List<scalar> 10(2.75756979e-13 3.189103641e-13 1.432726932e-13 2.983384543e-14 2.983384543e-14 6.282721949e-16 6.282721949e-16 4.713280401e-14 9.753168373e-14 1.874550889e-13);
    }
    procBoundary2to5
    {
        type            processor;
        value           nonuniform List<scalar> 
16
(
0
0
0
0
0
0
0
0
0
0
1.305983032e-14
6.169023843e-14
8.662915328e-14
1.590710978e-13
2.094164107e-13
1.635514483e-13
)
;
    }
}
)

// Processor3

10143
(dimensions      [0 0 0 0 0 0 0];

internalField   nonuniform List<scalar> 
861
(
0
0
0
0
0
0
0
0
0
0
0
0
0
0
0
0
0
0
0
0
0
0
0
0
0
0
0
0
0
0
0
0
0
0
0
0
0
0
0
0
0
0
0
0
0
0
0
0
0
0
0
0
0
0
0
0
0
0
0
0
0
0
0
0
0
0
0
0
0
0
0
0
0
0
0
0
0
0
0
0
0
0
0
0
0
0
0
0
0
0
0
0
0
0
0
0
0
0
0
0
2.195922588e-18
3.945326928e-20
0
1.879743079e-18
0
0
7.715371604e-19
1.346373561e-19
7.34460437e-18
2.508145892e-18
0
0
0
9.811112952e-18
1.200934992e-18
4.459612787e-19
0
5.409184113e-19
2.975047495e-18
0
0
0
0
0
1.357062579e-15
0
0
0
0
0
0
0
0
3.983927501e-11
7.971154789e-10
5.863179863e-10
3.784091265e-11
0
0
5.175730214e-09
6.047203791e-09
0
0
2.821547805e-09
2.262626492e-10
8.620235979e-10
3.05139138e-09
3.050149715e-09
6.057362799e-10
9.683036244e-12
0
1.202553075e-09
7.386782207e-10
0
4.192059482e-11
5.644631118e-11
0
0
0
4.393689757e-11
1.438697218e-11
1.807845412e-11
0
3.83228515e-11
1.590350272e-10
1.177951738e-10
5.115027241e-11
2.88678322e-11
8.085693626e-11
1.507667806e-10
1.877580964e-10
9.671336338e-11
6.478050654e-11
1.372084664e-10
1.311312563e-10
1.817915631e-10
1.565170636e-10
1.360142498e-10
1.552364333e-10
1.179728867e-10
1.472802032e-10
1.657179207e-10
1.555140403e-10
1.377033817e-10
1.087796972e-10
1.259429442e-10
1.406495089e-10
1.340936625e-10
1.133568254e-10
1.02127697e-10
1.742810556e-10
1.449330522e-10
1.163105135e-10
1.002343231e-10
9.586064053e-11
5.699566366e-09
4.331854796e-09
5.34237107e-10
1.783048414e-10
8.930216166e-12
0
0
0
1.531911839e-12
9.092303343e-11
0
0
1.522919716e-12
2.447412577e-11
7.141232752e-10
0
0
1.874912896e-12
3.314140693e-11
6.035696349e-10
0
1.612058437e-13
5.349802296e-12
9.769140581e-11
1.769439789e-09
0
9.512154134e-13
1.134861311e-11
2.016319781e-10
2.942858954e-09
5.022453407e-14
2.191054379e-12
1.632457668e-11
2.731673134e-10
3.113002823e-09
2.965695364e-13
3.606484014e-12
1.788239039e-11
2.26929004e-10
1.844113578e-09
5.179094408e-13
3.157184247e-12
1.6328065e-11
1.579419954e-10
9.808826038e-10
3.506544874e-13
8.369453452e-13
2.253058973e-11
2.245189704e-10
1.65503864e-09
4.920584431e-13
2.56865183e-12
3.601289101e-11
3.323253034e-10
2.317008632e-09
1.398813477e-12
6.711794961e-12
5.299372094e-11
4.233670923e-10
2.648846673e-09
1.175171422e-12
7.499405808e-12
6.017908047e-11
3.977935039e-10
2.117313148e-09
0
8.427543207e-12
5.829171784e-11
3.299562058e-10
1.566658105e-09
1.843270422e-12
1.149824214e-11
7.145018411e-11
3.903279159e-10
1.888325876e-09
4.758506618e-12
2.122518024e-11
9.178853396e-11
4.577536952e-10
2.056378807e-09
3.360902804e-12
2.706118876e-11
1.298476289e-10
6.047361004e-10
1.992935554e-09
1.205205352e-11
3.801672231e-11
1.574045029e-10
6.403355382e-10
2.408675242e-09
1.494188093e-11
3.648686199e-11
1.232590307e-10
9.309342772e-10
3.588292391e-09
3.311930969e-11
8.357982808e-11
3.09912604e-10
1.204392457e-09
4.197886142e-09
4.481631593e-11
9.758880691e-11
3.008874399e-10
9.582767155e-10
2.87695131e-09
4.59103762e-11
8.087769409e-11
1.929346201e-10
4.851228301e-10
1.189062468e-09
3.19318903e-11
4.568608172e-11
8.396712131e-11
1.672071646e-10
3.351397169e-10
1.388750043e-11
1.743386353e-11
2.633705255e-11
4.318540899e-11
7.258404468e-11
4.187994133e-12
4.825720088e-12
6.446259204e-12
8.922272209e-12
1.265936993e-11
9.624695248e-13
1.092503367e-12
1.343380578e-12
1.604262953e-12
2.061840411e-12
4.667958805e-10
8.013544853e-09
4.30345183e-09
1.388346735e-08
1.932553844e-08
1.738116797e-08
7.369119536e-09
3.216284398e-09
7.159059271e-09
9.410543642e-09
9.945742755e-09
6.959234639e-09
4.819451989e-09
6.11557671e-09
6.218981696e-09
5.500331363e-09
6.557243913e-09
9.660784838e-09
1.028344721e-08
6.240136355e-09
2.248195636e-09
5.540626178e-10
1.06618032e-10
1.736043806e-11
2.512891039e-12
1.288765945e-09
2.392422558e-09
2.851786749e-10
1.560189087e-09
7.31424761e-11
4.459591662e-08
7.463247916e-07
4.277037838e-08
1.384516094e-09
3.963396188e-10
1.711715799e-08
1.374290913e-07
5.382377275e-08
4.923721272e-09
1.568347219e-09
6.757667751e-08
8.992379539e-07
1.071312936e-05
8.061847432e-07
4.191327544e-08
8.42411623e-08
9.395364217e-07
8.934603715e-06
9.313952418e-07
6.785904759e-08
6.89251164e-08
4.645209256e-07
3.223532925e-06
4.670827584e-07
4.596491501e-08
2.166445024e-08
1.959101392e-07
1.154078559e-06
2.162489652e-07
2.866795934e-08
9.701626819e-09
1.225097476e-07
8.041995366e-07
3.309658052e-06
4.15831824e-07
2.485850336e-08
2.247523966e-07
1.710658713e-06
1.16357773e-05
1.654367197e-06
3.047186346e-08
2.388984713e-07
1.492669491e-06
8.878869872e-06
1.510204415e-06
3.083269483e-08
1.624105287e-07
1.040515493e-06
5.620890942e-06
1.083352172e-06
1.966867127e-08
1.210717379e-07
6.764190935e-07
3.384785855e-06
1.256549279e-06
1.328328565e-08
1.14063979e-07
6.065380809e-07
3.146401645e-06
8.673971177e-06
1.761843355e-08
1.135553108e-07
5.779412513e-07
2.874473818e-06
1.012211272e-05
1.688938933e-08
9.607346815e-08
4.921293812e-07
2.373229177e-06
8.541379563e-06
1.412849195e-08
7.491469998e-08
4.210304755e-07
1.909982791e-06
6.824538743e-06
1.651791033e-08
8.246024387e-08
4.107005118e-07
1.815690731e-06
6.483614989e-06
2.417827425e-08
1.235495644e-07
5.818577647e-07
2.567635856e-06
9.131198094e-06
2.331828559e-08
9.42566886e-08
3.295896458e-07
1.035801638e-06
1.356715894e-06
1.320435309e-08
4.217489687e-08
1.067999037e-07
2.047366745e-07
2.392922292e-07
4.445525144e-09
1.18616986e-08
2.470468335e-08
3.748597913e-08
3.603131329e-08
1.00826081e-09
2.27685346e-09
4.099719574e-09
5.465875658e-09
4.769685414e-09
1.771689562e-10
3.403263771e-10
5.353804048e-10
6.486067293e-10
5.418511268e-10
2.62387674e-11
4.32014049e-11
5.994062386e-11
6.66968515e-11
5.403509121e-11
3.472048286e-12
4.972776184e-12
6.124864569e-12
6.268473656e-12
4.923771884e-12
1.79205478e-13
0
0
0
0
0
0
0
0
0
0
0
0
0
0
0
1.7131574e-12
3.18317781e-13
0
0
0
0
0
0
0
0
0
0
0
0
0
0
1.053880148e-11
0
0
0
0
0
0
0
0
0
0
0
0
0
0
0
6.418841777e-10
2.432764627e-12
1.492275719e-13
0
0
0
0
0
0
0
0
0
0
0
0
0
2.377320143e-09
2.225001845e-11
2.449228841e-13
3.338516026e-14
0
0
0
0
0
0
0
0
0
0
0
0
5.016848313e-09
1.410349908e-10
1.285120867e-12
2.545682339e-13
0
0
0
0
0
0
0
0
0
0
0
0
5.654816417e-09
5.312679621e-10
1.411832329e-11
1.366762255e-13
1.642423735e-14
0
0
0
0
0
0
0
0
0
0
0
3.166636754e-08
2.881950577e-09
1.375342352e-10
2.434389357e-12
0
0
0
0
0
0
0
0
0
0
0
0
1.464352498e-07
1.149831085e-08
8.502578658e-10
3.061871883e-11
4.739208827e-13
2.01705081e-13
1.468571794e-16
0
0
0
0
0
0
0
0
0
1.64129397e-07
1.467897944e-08
2.521510239e-09
1.595400786e-10
4.742430015e-12
6.889615782e-14
3.727369144e-14
0
0
0
0
0
0
0
0
0
1.383568047e-07
1.300611764e-08
5.156652055e-09
6.680997612e-10
3.001441284e-11
6.221220306e-13
2.11810646e-13
8.477479957e-16
0
0
0
0
0
0
0
0
1.780262078e-07
1.943373865e-08
6.86821892e-09
2.542759322e-09
1.481698785e-10
4.1062418e-12
5.959952946e-14
2.34689069e-14
0
0
0
0
0
0
0
0
1.225364739e-06
1.374695062e-07
1.617471942e-08
8.870595935e-09
6.203319102e-10
2.16579394e-11
3.899471325e-13
8.772734023e-14
0
0
0
0
0
0
0
0
1.64565189e-06
2.143792032e-07
2.486096456e-08
1.860993633e-08
1.714246778e-09
7.44482896e-11
1.766498655e-12
3.256178863e-13
7.753136115e-15
0
0
0
0
0
0
0
1.568832271e-06
2.349569426e-07
3.216146827e-08
2.649315434e-08
2.991042422e-09
1.50438199e-10
4.564011404e-12
7.582332574e-13
3.761149274e-14
0
0
0
0
0
0
0
1.38153849e-06
2.313313833e-07
3.694943271e-08
3.988998082e-08
4.084785947e-09
2.134657251e-10
7.685985072e-12
5.509684e-13
3.716205883e-14
0
0
0
0
0
0
0
1.377140832e-06
2.429712253e-07
4.093203336e-08
5.535840555e-08
3.438527116e-09
1.577687832e-10
5.766771136e-12
1.1065696e-14
1.704457267e-14
0
0
0
0
0
0
0
1.855283918e-06
3.067715304e-07
5.640967283e-08
9.111371752e-09
6.451310863e-10
3.733681515e-11
1.7769396e-12
0
2.760806158e-14
5.674582696e-17
0
0
0
0
0
0
4.707622707e-07
1.022854444e-07
2.626796758e-08
2.797726748e-09
2.320337663e-10
1.497200778e-11
7.589720056e-13
8.984426942e-14
2.886932895e-15
2.818907179e-14
0
0
0
0
0
0
1.207899213e-07
3.079468232e-08
5.351712766e-09
6.631537533e-10
6.239799927e-11
4.498271952e-12
3.471808984e-13
3.911788946e-14
1.083804023e-14
3.151533405e-14
2.28454327e-14
0
0
0
0
0
1.834715918e-08
5.060288451e-09
9.290283937e-10
1.262487213e-10
1.291650871e-11
1.038992969e-12
0
2.057727653e-15
0
4.90074923e-15
3.229239513e-14
1.804520308e-14
0
0
0
0
2.382557293e-09
6.873059744e-10
1.359146522e-10
1.980205623e-11
2.229379693e-12
2.032747954e-13
1.3895048e-14
8.438136404e-16
0
0
3.010339411e-15
3.749355453e-14
2.368036863e-14
0
0
0
2.72410363e-10
8.176285554e-11
1.718406779e-11
2.719565748e-12
3.434405539e-13
3.648935185e-14
5.140331054e-15
3.73263829e-16
0
0
0
2.563114689e-15
4.131447479e-14
2.472363807e-14
0
0
2.772798618e-11
8.770249065e-12
1.978315385e-12
3.449461052e-13
5.082072993e-14
6.619572363e-15
7.967779461e-16
6.674735699e-17
4.678132861e-17
2.702690431e-17
0
0
4.725707735e-15
4.629526023e-14
2.624292407e-14
0
2.58425919e-12
8.60371475e-13
)
;

boundaryField
{
    inletCH4
    {
        type            fixedValue;
        value           uniform 0;
    }
    wallOutside
    {
        type            zeroGradient;
    }
    wallTube
    {
        type            zeroGradient;
    }
    inletPilot
    {
        type            fixedValue;
        value           uniform 0;
    }
    inletAir
    {
        type            fixedValue;
        value           uniform 0;
    }
    outlet
    {
        type            zeroGradient;
    }
    axis
    {
        type            empty;
    }
    frontAndBack_pos
    {
        type            wedge;
    }
    frontAndBack_neg
    {
        type            wedge;
    }
    procBoundary3to1
    {
        type            processor;
        value           uniform 0;
    }
    procBoundary3to5
    {
        type            processor;
        value           nonuniform List<scalar> 
30
(
1.931616881e-13
2.039703951e-13
2.253847483e-13
2.503349379e-13
2.7956357e-13
3.14544396e-13
3.867449256e-13
4.708817366e-13
5.043114823e-13
4.693950836e-13
3.584568827e-13
0
1.818391974e-13
3.597885368e-14
5.978510752e-15
8.152483852e-16
1.531272872e-16
0
0
0
0
0
0
0
4.220946422e-14
0
1.530437328e-14
1.92382735e-13
1.818391974e-13
6.932415961e-14
)
;
    }
}
)

// Processor4

12107
(dimensions      [0 0 0 0 0 0 0];

internalField   nonuniform List<scalar> 
862
(
0
0
0
0
0
0
0
0
0
0
0
0
0
0
0
0
0
0
0
0
4.757138418e-19
4.585260884e-19
4.40982108e-19
4.381363691e-19
4.252681833e-19
0
0
0
0
0
0
0
0
0
0
0
0
0
0
0
0
0
0
0
0
1.794988026e-19
1.293686184e-19
5.182620091e-20
0
0
2.280638105e-17
2.269448056e-17
2.243987159e-17
2.197051315e-17
2.112978636e-17
4.184985816e-17
4.092486741e-17
3.903172973e-17
3.644756154e-17
3.339294089e-17
4.260392216e-17
4.181618883e-17
4.026169293e-17
3.819727891e-17
3.607221246e-17
6.943768905e-17
6.793221251e-17
6.47112378e-17
5.990599573e-17
5.346546768e-17
4.344163503e-17
4.199495385e-17
3.89818585e-17
3.470846859e-17
2.931757775e-17
6.355700448e-17
6.285723624e-17
6.160028094e-17
6.078798816e-17
6.320317203e-17
2.921736864e-16
2.894018464e-16
2.833879986e-16
2.743114946e-16
2.612872999e-16
5.745561882e-16
5.687272618e-16
5.564320103e-16
5.386891258e-16
5.15224661e-16
8.62403719e-16
8.539313066e-16
8.357727208e-16
8.091213183e-16
7.740777817e-16
1.378697954e-15
1.373028087e-15
1.359152649e-15
1.332425344e-15
1.313288729e-15
0
0
0
2.9961418e-20
3.929526881e-19
0
0
0
0
0
2.006294656e-17
3.085833735e-17
3.49601997e-17
4.788710661e-17
2.493868282e-17
6.207277538e-17
2.487831245e-16
4.9468078e-16
7.441851959e-16
1.299327422e-15
0
0
0
0
0
0
0
0
0
0
0
0
0
0
0
1.330630249e-19
1.264046539e-19
1.728765869e-19
1.380502245e-19
0
3.202346341e-19
0
0
0
0
0
0
0
0
0
0
0
0
0
0
0
0
0
0
5.732504266e-20
0
8.834984811e-20
0
0
0
0
1.410600138e-19
2.922111803e-19
2.965560169e-19
2.378436072e-19
1.783567433e-17
1.390588054e-17
1.001312958e-17
6.846273119e-18
2.285767797e-18
2.649510446e-17
1.682429717e-17
7.283118706e-18
6.315633765e-18
1.764539155e-17
3.227784636e-17
4.195793147e-17
3.168821994e-17
1.398151508e-17
4.05801873e-18
3.869055037e-17
2.281829606e-17
1.056341564e-17
3.087684031e-18
9.171960096e-19
1.833281954e-17
9.064968571e-18
3.261513067e-18
3.13692329e-18
1.217787301e-17
6.579575195e-17
5.874845595e-17
4.777049193e-17
4.063617393e-17
3.435679034e-17
2.327894892e-16
2.021595875e-16
1.69557316e-16
1.349116285e-16
1.003170489e-16
4.658801253e-16
4.146481834e-16
3.603313057e-16
2.989687108e-16
2.33902024e-16
7.004475943e-16
6.205264382e-16
5.267674688e-16
4.511065446e-16
3.717430187e-16
1.266829139e-15
1.226992214e-15
1.195889556e-15
1.173238473e-15
1.157170259e-15
2.75756979e-13
3.189103641e-13
1.432726932e-13
2.983384543e-14
1.86514205e-13
2.53312662e-13
1.741250508e-13
7.247202564e-14
6.282721949e-16
1.72352646e-13
2.725418023e-13
2.588443272e-13
1.520297123e-13
4.713280401e-14
4.87462547e-15
4.100286459e-15
2.011118679e-13
2.699781157e-13
2.009900419e-13
9.753168373e-14
0
0
1.901106382e-13
3.04001214e-13
3.03337849e-13
1.874550889e-13
0
0
6.977355462e-14
2.308315328e-13
2.983466577e-13
2.285345673e-13
8.619866865e-17
0
0
0
2.050235684e-13
3.233552677e-13
3.208518122e-13
9.746816891e-17
3.420557071e-17
0
0
1.520168876e-13
2.8249868e-13
3.341434393e-13
3.739660937e-16
7.225559967e-16
6.695633468e-16
0
1.690712313e-15
0
2.307531604e-13
3.616134047e-13
4.22801073e-16
4.066754707e-15
5.762805944e-15
6.33633537e-15
5.174028138e-15
1.559035371e-15
0
1.896534724e-13
3.291866317e-13
6.263388225e-15
1.156680637e-14
1.445048357e-14
1.533285131e-14
1.368666645e-14
8.637022791e-15
9.811708542e-15
2.379679278e-15
2.407435162e-13
9.093512048e-15
1.170802233e-14
1.561865859e-14
1.787556046e-14
1.781220837e-14
1.497830244e-14
8.776854479e-15
3.647225642e-15
0
1.806005512e-13
0
0
0
0
0
0
0
1.735131029e-17
8.37945154e-17
2.442153828e-16
4.375921004e-16
6.650775088e-16
1.080130299e-15
1.61476795e-15
2.205878647e-15
3.574213106e-15
5.512223288e-15
6.820004519e-15
8.485719297e-15
1.024257603e-14
1.218225607e-14
1.353627817e-14
1.284837189e-14
1.031140024e-14
5.837397455e-15
9.716440323e-17
0
3.163754703e-14
0
0
0
0
0
0
7.943778591e-19
8.880718698e-18
6.868883057e-17
1.996746148e-16
3.421737608e-16
4.956106742e-16
7.80062316e-16
1.080532481e-15
1.325939039e-15
2.104213963e-15
3.283742081e-15
3.740172884e-15
4.066479618e-15
4.53075095e-15
5.14264535e-15
6.126729044e-15
5.811259155e-15
4.437626089e-15
2.177296563e-15
0
0
0
0
0
0
0
0
0
0
0
9.899155174e-18
3.031615973e-17
4.419044554e-17
4.398315056e-17
1.367111393e-16
1.541119789e-16
3.959036845e-17
2.550497023e-16
8.124788897e-16
8.029131849e-16
3.090894345e-16
2.165053541e-16
0
1.152700794e-15
1.200780753e-15
8.54082701e-16
3.58824814e-16
2.859616128e-18
0
0
0
0
0
0
0
0
0
0
9.055017186e-19
2.143517556e-18
1.877537958e-17
0
0
0
0
2.057254886e-17
1.756652536e-16
9.129485778e-17
0
0
0
0
0
1.35262335e-16
1.883560569e-16
4.914942394e-16
1.238531752e-15
1.036662522e-14
0
0
0
0
0
0
0
9.456529869e-19
8.327481915e-19
5.123704228e-19
4.170888993e-19
0
0
0
0
9.557698701e-18
9.386075345e-17
1.14627039e-16
0
0
4.442695038e-16
0
0
0
1.053718695e-16
9.338293383e-17
0
1.594125511e-15
0
0
0
0
0
0
0
9.885464035e-19
1.841716662e-18
1.845789765e-17
0
0
0
0
3.746252291e-17
2.027304687e-17
1.148657332e-16
1.612796537e-16
0
0
3.837600387e-16
0
0
0
1.043426045e-16
1.389991021e-16
1.162888797e-16
0
0
0
0
1.764611628e-19
0
0
9.080968121e-19
8.782577742e-19
1.571848402e-18
1.76693388e-17
0
0
0
0
8.181190003e-17
2.851708565e-17
1.23876353e-16
1.545150221e-16
0
0
3.956662653e-16
0
0
0
1.538549759e-16
5.401782223e-16
1.794724974e-15
3.454422641e-15
1.474179435e-19
0
0
0
0
9.016876305e-19
8.744876118e-19
1.86071868e-18
1.987748778e-17
1.890997167e-17
0
0
0
0
1.070329219e-16
9.169685706e-17
1.767448769e-16
1.851639113e-16
0
0
3.811169592e-16
1.831883838e-19
0
0
0
2.408855032e-16
8.602835117e-16
1.166758081e-15
1.40231926e-19
0
0
0
4.335384965e-18
9.148533313e-19
9.26980954e-19
1.845829862e-18
1.810122354e-17
0
0
0
0
0
1.132698506e-16
1.206646552e-16
2.109452986e-16
2.059542556e-16
0
0
3.939783838e-16
0
0
0
0
1.131142976e-16
1.375725343e-16
0
0
0
0
2.344812894e-18
7.371899092e-19
8.243245027e-19
1.934816022e-18
1.916517905e-17
1.844623218e-17
0
0
0
0
0
1.567341416e-17
1.220543283e-16
2.360817111e-16
2.265768084e-16
0
0
6.659100289e-16
7.510876366e-16
2.327439337e-16
0
0
2.536292751e-16
1.113187874e-15
3.091885322e-15
0
2.480807887e-18
2.431088453e-18
7.002584737e-19
7.23561259e-19
1.927703501e-18
2.012127517e-17
2.004927952e-17
2.215855497e-18
0
0
0
9.190252484e-18
5.110130291e-16
5.507058936e-17
1.962344088e-16
2.936586156e-16
2.598382874e-16
0
2.502863423e-17
1.101920902e-15
1.764941123e-15
7.358666148e-16
1.551660628e-16
1.679684902e-17
5.733461275e-16
1.927363354e-15
4.127723887e-15
7.374226086e-18
1.511299188e-18
7.785211808e-19
7.699600922e-19
1.901694121e-18
1.924806463e-17
2.099301493e-17
1.949082629e-17
0
0
3.832630494e-17
1.200113605e-16
2.519132412e-16
4.818121304e-16
4.544833071e-16
5.142204281e-16
5.185479196e-16
4.017084147e-16
1.919685741e-17
1.916256976e-17
1.347431733e-15
2.237202768e-15
1.092353648e-15
3.974287185e-16
4.64475423e-17
2.209542187e-16
6.736432075e-16
1.421530379e-15
1.20246767e-18
7.8229095e-19
1.877914896e-18
1.186712591e-17
1.979963949e-17
2.032322355e-17
1.831034027e-17
0
0
1.053139214e-17
7.196348127e-17
1.701727398e-16
3.059736485e-16
5.174777281e-16
5.667062096e-16
6.421839585e-16
6.206816823e-16
4.626502284e-16
1.224451874e-17
8.932160449e-17
1.662493699e-15
2.822724994e-15
1.91010927e-15
1.53063467e-15
1.640016174e-15
2.569843203e-15
5.190806027e-15
9.373103194e-15
1.050715467e-18
1.951011411e-18
1.891827816e-17
2.093643638e-17
2.032368437e-17
2.026993432e-17
3.054526259e-18
0
0
3.494662079e-18
5.850492298e-17
1.56307752e-16
3.480279851e-16
3.728424255e-16
4.97019323e-16
5.912342385e-16
5.800992312e-16
4.172474561e-16
0
3.042008629e-16
2.249192204e-15
3.57043628e-15
3.065607996e-15
3.221651862e-15
3.975859111e-15
5.655306906e-15
8.890337909e-15
1.360784882e-14
2.065386897e-17
2.154886006e-17
2.056091322e-17
2.121410977e-17
2.021325092e-17
1.67253065e-18
0
0
0
2.625094741e-17
1.034129803e-16
2.295582742e-16
3.503233065e-16
4.903026616e-16
6.204067612e-16
6.851307027e-16
6.471887087e-16
4.59905058e-16
3.626038235e-17
6.136153705e-16
2.779196156e-15
4.230773382e-15
4.017990514e-15
4.290273433e-15
4.994099769e-15
6.410341208e-15
9.091743139e-15
1.268704468e-14
2.695578792e-17
2.405702538e-17
2.116862147e-17
2.035569945e-17
2.868992685e-18
0
0
0
1.041080015e-17
6.922966574e-17
1.829651988e-16
4.337757488e-16
5.407438479e-16
6.020142524e-16
7.111569008e-16
7.419704553e-16
6.638104668e-16
4.367645401e-16
4.659073714e-17
8.084413262e-16
3.092915849e-15
4.61790557e-15
4.425559843e-15
4.615817737e-15
5.235490533e-15
6.806461951e-15
1.009253766e-14
1.564101132e-14
6.659872178e-17
3.85710069e-17
2.128162839e-17
0
0
0
0
0
2.776070871e-17
1.058144101e-16
3.257786137e-16
2.054964646e-16
4.890900884e-16
6.006873426e-16
7.013226174e-16
7.054360307e-16
5.708586219e-16
2.437445094e-16
4.365081792e-18
6.752464548e-16
2.850663153e-15
4.247950967e-15
3.927549724e-15
3.679064324e-15
3.772256903e-15
4.595979109e-15
6.799152356e-15
1.081548028e-14
1.658938139e-16
8.910240399e-17
2.754746255e-17
3.998344055e-18
0
8.162390403e-18
3.691511285e-17
8.679929757e-17
1.640467904e-16
2.944171758e-16
5.689404338e-16
6.967458841e-16
7.415016562e-16
8.56864293e-16
9.098615001e-16
8.420064037e-16
6.225603985e-16
2.219080368e-16
2.763708359e-17
7.505089935e-16
2.174292517e-15
3.166429829e-15
2.503087348e-15
1.928321388e-15
1.553260463e-15
1.535129827e-15
2.272177399e-15
4.567375425e-15
3.149610892e-16
2.76963778e-16
2.594855566e-16
2.589923978e-16
2.774256108e-16
3.13054063e-16
3.645376577e-16
4.325879387e-16
5.3489818e-16
7.394390105e-16
6.389183516e-16
9.329887628e-16
1.100554134e-15
1.255224439e-15
1.29423997e-15
1.16763408e-15
8.30293724e-16
1.059002037e-16
3.839275809e-17
8.683524161e-16
1.781379904e-15
2.424067537e-15
1.539254454e-15
9.665838232e-16
7.000930596e-16
8.088237872e-16
1.682563502e-15
4.073596879e-15
1.145860009e-15
1.143571681e-15
1.151947876e-15
1.165034489e-15
1.176155713e-15
1.178282266e-15
1.164192851e-15
1.135224445e-15
1.133743647e-15
8.832702748e-16
1.19639477e-15
1.4772137e-15
1.847420299e-15
2.081184448e-15
2.101944805e-15
1.871235602e-15
1.347217253e-15
3.281207659e-16
4.568014379e-17
1.046127277e-15
1.951073633e-15
2.545843918e-15
1.864937082e-15
1.842917245e-15
2.538335944e-15
4.121664212e-15
7.206066528e-15
1.29178031e-14
)
;

boundaryField
{
    inletCH4
    {
        type            fixedValue;
        value           nonuniform List<scalar> 0();
    }
    wallOutside
    {
        type            zeroGradient;
    }
    wallTube
    {
        type            zeroGradient;
    }
    inletPilot
    {
        type            fixedValue;
        value           nonuniform List<scalar> 0();
    }
    inletAir
    {
        type            fixedValue;
        value           nonuniform List<scalar> 0();
    }
    outlet
    {
        type            zeroGradient;
    }
    axis
    {
        type            empty;
    }
    frontAndBack_pos
    {
        type            wedge;
    }
    frontAndBack_neg
    {
        type            wedge;
    }
    procBoundary4to0
    {
        type            processor;
        value           nonuniform List<scalar> 
27
(
1.1935084e-13
2.038563074e-13
2.573885211e-13
3.764047297e-13
3.688693671e-13
3.683620904e-13
2.982540214e-13
2.062829175e-13
1.986039919e-13
1.757250707e-13
2.677732347e-14
0
0
1.072381284e-14
4.638079042e-15
0
5.215848815e-15
5.3638803e-15
8.542484741e-16
1.438042963e-14
1.912286565e-14
1.626673684e-14
2.366886999e-14
1.677219749e-14
8.030595206e-15
7.845248313e-15
2.174838028e-14
)
;
    }
    procBoundary4to2
    {
        type            processor;
        value           nonuniform List<scalar> 10(2.159094154e-13 1.422852588e-13 4.960389941e-14 0 0 0 0 0 1.327528935e-14 7.010118699e-14);
    }
    procBoundary4to5
    {
        type            processor;
        value           nonuniform List<scalar> 
46
(
0
0
0
0
0
0
0
0
0
0
0
1.653465299e-13
0
0
0
0
2.3209344e-16
1.034019102e-16
1.034019102e-16
0
0
0
0
0
4.043689386e-16
4.99967228e-15
4.99967228e-15
0
0
0
0
0
0
0
0
1.408580015e-17
9.063360916e-17
1.868772501e-16
3.08595347e-16
5.708909504e-16
9.894001764e-16
1.527786563e-15
2.893593584e-15
5.014956037e-15
6.755959472e-15
6.755959472e-15
)
;
    }
}
)

// Processor5

11178
(dimensions      [0 0 0 0 0 0 0];

internalField   nonuniform List<scalar> 
862
(
1.931616881e-13
2.039703951e-13
2.253847483e-13
2.503349379e-13
2.7956357e-13
3.924779956e-14
4.008906928e-14
4.111442544e-14
4.2618381e-14
4.352758979e-14
8.013303067e-15
8.031501277e-15
7.951522447e-15
7.706239499e-15
7.183701112e-15
1.696229995e-15
1.642849435e-15
1.568143502e-15
1.533591852e-15
1.426081294e-15
3.178991325e-16
2.802395097e-16
2.61827996e-16
2.576273422e-16
2.45096485e-16
3.944365468e-17
5.461653723e-17
7.193923976e-17
7.18983301e-17
6.782646274e-17
2.199956264e-17
2.211385051e-17
2.176110649e-17
2.072653151e-17
1.944664877e-17
9.969381485e-18
9.949896369e-18
9.862526529e-18
9.679731159e-18
9.386791269e-18
1.204420683e-17
1.238441406e-17
1.314130891e-17
1.430509985e-17
1.585212643e-17
2.889218634e-17
2.964657774e-17
3.13247509e-17
3.371822964e-17
3.755482766e-17
6.072378071e-17
6.295914459e-17
6.805507725e-17
7.638191582e-17
8.665371485e-17
9.124823417e-17
9.354508996e-17
9.857972288e-17
1.061717023e-16
1.162723172e-16
7.586477952e-17
7.789210395e-17
8.225704107e-17
8.868414517e-17
9.692822942e-17
4.340663767e-17
4.443959845e-17
4.658683498e-17
4.94736016e-17
5.206603771e-17
1.526888036e-17
1.544203841e-17
1.625095557e-17
1.602922241e-17
1.493868317e-17
2.427616364e-18
5.508255612e-19
0
0
0
0
0
0
0
0
1.19733797e-18
1.194695131e-18
1.164868563e-18
1.062868073e-18
1.092289727e-18
4.066339982e-20
1.367389507e-20
0
0
0
0
0
0
0
0
0
0
0
0
0
0
0
0
0
0
7.870206565e-19
7.874962498e-19
7.492427654e-19
5.913152042e-19
4.159680757e-19
4.011890273e-19
4.081363082e-19
3.948145412e-19
3.69962592e-19
3.272759905e-19
0
0
0
0
0
3.14544396e-13
4.562833214e-14
6.748141413e-15
1.343725804e-15
2.288704931e-16
6.390969002e-17
1.852587033e-17
9.136374045e-18
1.677983372e-17
4.196992159e-17
9.462943143e-17
1.246949937e-16
1.034799417e-16
5.404588889e-17
1.226238662e-17
0
0
1.158217933e-18
0
0
0
0
3.233948964e-19
3.107646834e-19
0
3.867449256e-13
4.708817366e-13
5.043114823e-13
4.693950836e-13
3.584568827e-13
5.12852985e-14
5.505444362e-14
5.328570094e-14
4.517572319e-14
3.482886006e-14
7.237682188e-15
7.027031962e-15
6.118351754e-15
2.472202084e-15
3.284473795e-15
1.320394793e-15
1.460890852e-15
1.094307356e-15
6.246278473e-16
1.79596128e-16
2.038086724e-16
1.251813109e-16
1.787441466e-16
1.385430515e-16
7.916359601e-17
5.952709157e-17
5.002948134e-17
4.522718344e-17
3.745360431e-17
2.596323686e-17
1.753592619e-17
1.398141987e-17
1.105839193e-17
9.817567055e-18
8.11163545e-18
8.721817078e-18
7.96069417e-18
7.226617119e-18
7.649083232e-18
1.064140824e-17
1.719441681e-17
2.171093927e-17
2.914925148e-17
3.968420625e-17
4.920971969e-17
4.772161015e-17
6.161883114e-17
7.860859205e-17
9.760506365e-17
1.338826179e-16
1.059967325e-16
1.244755857e-16
1.500370436e-16
1.920967991e-16
2.480735012e-16
1.378832281e-16
1.643150459e-16
1.886381781e-16
2.276444291e-16
2.670505659e-16
1.138648089e-16
1.354289665e-16
1.341013878e-16
1.470933543e-16
1.749500892e-16
5.754763353e-17
5.775585132e-17
4.743939975e-17
5.041793203e-17
6.750598213e-17
8.036254442e-18
7.60971833e-19
0
8.858361042e-19
1.143467777e-17
0
0
0
2.681580783e-19
4.586806389e-19
0
2.143933877e-19
2.768110847e-19
0
0
1.29955179e-18
5.836036457e-19
0
0
0
0
0
0
0
0
0
0
0
0
0
0
0
0
0
0
0
0
0
0
0
2.018834617e-19
1.413330675e-19
2.266549441e-19
0
0
3.175138209e-19
0
0
0
0
0
0
0
0
0
0
0
0
0
0
0
0
0
0
0
0
0
0
0
1.818391974e-13
3.597885368e-14
5.978510752e-15
8.152483852e-16
1.531272872e-16
0
0
0
0
0
0
0
4.220946422e-14
1.530437328e-14
0
0
0
0
0
0
0
1.92382735e-13
6.932415961e-14
1.93876632e-14
5.066845683e-15
9.414915781e-16
1.414727776e-16
1.677446218e-17
0
0
0
0
0
0
2.813616484e-15
2.008511174e-14
3.605829794e-14
1.938289118e-15
0
0
0
0
0
0
1.791366355e-14
7.014499109e-15
2.557443029e-15
2.188293767e-16
5.279588749e-17
2.815045287e-17
9.220321688e-18
0
0
0
0
0
0
0
2.830353002e-15
4.893661821e-14
5.750440682e-14
8.924666157e-15
0
0
0
0
0
2.209237317e-15
9.494283443e-16
0
3.111292371e-17
2.115899487e-17
1.147648283e-17
7.900469164e-18
0
0
2.429658812e-17
1.776981627e-16
0
0
0
0
5.920355039e-15
7.359645511e-14
9.690999188e-14
2.137683876e-14
0
0
0
0
2.409002912e-16
0
3.208868594e-17
2.296138942e-17
2.014995445e-17
6.25215909e-18
6.721765704e-18
0
0
2.934703183e-17
6.3882123e-17
1.723760964e-16
0
0
7.547217114e-16
1.772168642e-15
8.71471196e-15
5.852864065e-14
2.342121337e-14
0
0
0
0
5.768836388e-17
3.089682727e-17
1.45858412e-17
1.111076633e-17
1.170949633e-17
5.945876313e-18
0
3.834654507e-18
0
3.938336542e-17
1.133904689e-16
2.827277662e-16
9.65698396e-17
0
0
0
3.762298447e-15
7.08386149e-14
9.169764314e-14
3.692687359e-14
0
0
0
1.815417481e-17
1.161775235e-17
6.825364852e-18
4.397619496e-18
0
5.054488413e-18
0
0
1.411814275e-18
3.440885608e-17
1.048774497e-16
1.573711041e-16
2.235502575e-16
0
0
0
0
0
9.937097972e-14
1.228992685e-13
5.001948111e-14
0
0
6.648957693e-18
4.592593276e-18
4.028993676e-18
3.193422585e-18
0
2.483523461e-17
9.376027244e-17
4.324049708e-17
7.432119863e-17
1.125033486e-16
1.985973829e-16
2.307040681e-16
3.097436301e-16
3.660283836e-18
2.339400366e-16
1.188870785e-16
9.408621147e-16
1.791759413e-14
8.95525075e-14
1.270628527e-13
7.949026547e-14
2.20424125e-14
0
1.55456902e-17
1.676457995e-17
1.703017288e-17
2.941106733e-17
1.204781841e-16
1.111683112e-16
2.640466227e-16
1.524488986e-16
1.501531559e-16
1.494880435e-16
1.7482094e-16
1.225736963e-16
1.750196063e-16
0
0
0
0
0
0
1.120713461e-13
1.466507479e-13
8.129050725e-14
1.305983032e-14
7.098818597e-17
1.056637842e-16
1.462152763e-16
1.590360904e-16
2.630926039e-16
2.09743199e-16
3.477798389e-16
3.956312858e-16
2.910859064e-16
2.569453416e-16
2.323826352e-16
1.400748418e-16
2.174418978e-18
1.863712616e-16
1.591416101e-16
8.004582862e-16
3.18321909e-15
9.565234814e-15
3.30505134e-14
9.883302862e-14
1.527092913e-13
1.482408201e-13
6.169023843e-14
2.050168152e-16
3.152922178e-16
3.218290795e-16
3.082612743e-16
3.945224784e-16
4.593730651e-16
4.438844966e-16
5.082572201e-16
3.744035682e-16
3.225084702e-16
3.076752e-16
2.131323027e-16
1.916146478e-17
1.487878289e-16
0
4.652042114e-17
2.72685408e-16
1.161562078e-15
0
0
1.108866512e-13
1.506973247e-13
8.662915328e-14
3.394995514e-16
4.451249134e-16
4.449057457e-16
3.539835565e-16
3.354859853e-16
3.887723797e-16
4.135162482e-16
4.995211561e-16
3.73728718e-16
3.051814977e-16
2.600473985e-16
1.496038012e-16
4.619712588e-17
5.903076101e-17
2.76179255e-17
6.203431177e-17
3.520394713e-16
1.444262414e-16
0
1.987256945e-15
8.565323005e-15
1.324673067e-13
1.590710978e-13
3.519243567e-16
3.8293356e-16
2.890781349e-16
2.264915916e-16
2.067397772e-16
2.60660082e-16
3.025538228e-16
4.21506796e-16
3.033580494e-16
2.268915036e-16
1.92331642e-16
8.222177151e-17
0
4.424128033e-17
0
0
3.250090933e-16
1.13423901e-16
2.678376688e-17
0
0
1.351629471e-13
2.094164107e-13
2.452467613e-16
2.58584836e-16
1.514771677e-16
8.706893294e-17
6.586321654e-17
1.175184497e-16
1.532732304e-16
2.587595028e-16
1.609398637e-16
1.077644625e-16
1.037748931e-16
4.457587955e-17
0
6.121610046e-17
1.090043945e-16
0
6.75315309e-18
0
4.531630985e-17
0
0
0
1.635514483e-13
1.142993657e-16
7.003445809e-17
3.546295232e-17
7.460217916e-18
7.002218368e-18
5.331068003e-19
2.308725137e-18
3.268509126e-17
1.008426278e-17
1.393724912e-17
3.967172115e-17
2.645295187e-17
0
2.556407733e-18
6.494958196e-17
0
3.25162308e-17
2.024737508e-16
1.004791353e-16
2.082830034e-17
0
0
1.653465299e-13
7.933614301e-18
0
0
0
3.198526676e-18
0
0
1.074506298e-17
0
2.393595115e-18
2.584909705e-17
2.443661513e-17
4.71604949e-18
1.542286919e-18
4.774713979e-17
0
0
2.749522746e-16
0
4.493363247e-17
0
4.025072247e-16
0
0
0
0
6.084417488e-20
0
0
0
9.392702147e-18
0
9.040382032e-19
2.079356035e-17
2.495269239e-17
2.158975727e-17
2.454200833e-18
3.022157543e-17
3.511667271e-17
0
0
0
8.211872417e-17
6.276802342e-17
0
0
0
0
0
0
0
0
0
9.237636733e-18
0
0
6.814112659e-18
2.114217443e-17
2.113214427e-17
3.059886325e-18
2.80963244e-17
3.22848478e-17
0
0
0
8.714342144e-17
9.778227004e-17
0
0
0
0
0
0
0
0
8.112239174e-19
0
0
3.65618926e-18
6.942838873e-18
0
0
2.714611771e-17
0
0
0
5.508527134e-17
0
1.31574847e-16
2.3209344e-16
0
0
0
0
0
0
4.259634807e-18
0
0
0
2.891679041e-18
7.013692305e-18
0
0
3.459461946e-17
7.448683931e-18
0
0
0
0
9.643077439e-17
1.034019102e-16
0
0
0
0
0
0
1.065150525e-17
0
0
0
1.319759408e-18
4.778893028e-18
0
0
3.448206996e-17
0
0
0
0
0
0
0
0
0
0
0
4.881326926e-19
0
0
0
0
6.400790448e-19
1.178438544e-18
0
0
6.395556428e-18
0
0
0
0
0
0
0
0
0
0
0
0
0
0
0
0
2.395716563e-19
8.36773798e-19
0
0
5.651376009e-18
0
0
0
0
0
0
0
0
0
0
0
0
0
0
0
2.310701766e-19
7.896455332e-19
0
0
6.343129466e-18
1.62252872e-17
1.383823363e-16
2.738978277e-17
4.043689386e-16
0
0
0
0
0
0
0
0
0
2.894205092e-18
1.72876922e-18
4.403910758e-18
0
4.44908206e-17
1.410444809e-16
9.115705196e-16
2.33345761e-15
3.278954646e-15
4.99967228e-15
0
0
0
0
0
0
0
0
1.408580015e-17
9.063360916e-17
1.868772501e-16
3.08595347e-16
5.708909504e-16
9.894001764e-16
1.527786563e-15
2.893593584e-15
5.014956037e-15
6.755959472e-15
)
;

boundaryField
{
    inletCH4
    {
        type            fixedValue;
        value           nonuniform List<scalar> 0();
    }
    wallOutside
    {
        type            zeroGradient;
    }
    wallTube
    {
        type            zeroGradient;
    }
    inletPilot
    {
        type            fixedValue;
        value           nonuniform List<scalar> 0();
    }
    inletAir
    {
        type            fixedValue;
        value           nonuniform List<scalar> 0();
    }
    outlet
    {
        type            zeroGradient;
    }
    axis
    {
        type            empty;
    }
    frontAndBack_pos
    {
        type            wedge;
    }
    frontAndBack_neg
    {
        type            wedge;
    }
    procBoundary5to1
    {
        type            processor;
        value           uniform 0;
    }
    procBoundary5to2
    {
        type            processor;
        value           nonuniform List<scalar> 
16
(
0
0
0
0
0
0
0
0
0
0
0
1.130160117e-16
1.8257993e-14
8.451705264e-14
1.71083381e-13
2.159094154e-13
)
;
    }
    procBoundary5to3
    {
        type            processor;
        value           nonuniform List<scalar> 
30
(
9.624695248e-13
1.092503367e-12
1.343380578e-12
1.604262953e-12
2.061840411e-12
2.512891039e-12
3.472048286e-12
4.972776184e-12
6.124864569e-12
6.268473656e-12
4.923771884e-12
0
1.978315385e-12
3.449461052e-13
5.082072993e-14
6.619572363e-15
7.967779461e-16
6.674735699e-17
4.678132861e-17
2.702690431e-17
0
0
4.725707735e-15
4.629526023e-14
2.624292407e-14
0
0
2.58425919e-12
8.60371475e-13
8.60371475e-13
)
;
    }
    procBoundary5to4
    {
        type            processor;
        value           nonuniform List<scalar> 
46
(
0
0
0
0
0
0
0
0
0
0
0
2.75756979e-13
1.86514205e-13
1.72352646e-13
4.87462547e-15
4.87462547e-15
0
0
8.619866865e-17
8.619866865e-17
9.746816891e-17
3.739660937e-16
3.739660937e-16
4.22801073e-16
4.22801073e-16
6.263388225e-15
9.093512048e-15
0
0
0
0
0
0
0
1.735131029e-17
8.37945154e-17
2.442153828e-16
4.375921004e-16
6.650775088e-16
1.080130299e-15
1.61476795e-15
2.205878647e-15
3.574213106e-15
5.512223288e-15
9.093512048e-15
6.820004519e-15
)
;
    }
}
)