/*--------------------------------*- C++ -*----------------------------------*\
  =========                 |
  \\      /  F ield         | OpenFOAM: The Open Source CFD Toolbox
   \\    /   O peration     | Website:  https://openfoam.org
    \\  /    A nd           | Version:  10
     \\/     M anipulation  |
\*---------------------------------------------------------------------------*/
FoamFile
{
    format      binary;
    class       decomposedBlockData;
    location    "/home/zhouyuchen/Desktop/FastChemistrySolver-OpenFOAM-10/EC-CCM/OpenFOAM-10/Sandia/processors6/0.02498655859/CH2CO";
    object      CH2CO;
}
// * * * * * * * * * * * * * * * * * * * * * * * * * * * * * * * * * * * * * //


// Processor0

1679
(/*--------------------------------*- C++ -*----------------------------------*\
  =========                 |
  \\      /  F ield         | OpenFOAM: The Open Source CFD Toolbox
   \\    /   O peration     | Website:  https://openfoam.org
    \\  /    A nd           | Version:  10
     \\/     M anipulation  |
\*---------------------------------------------------------------------------*/
FoamFile
{
    format      ascii;
    class       volScalarField;
    location    "0.02498655859";
    object      CH2CO;
}
// * * * * * * * * * * * * * * * * * * * * * * * * * * * * * * * * * * * * * //

dimensions      [0 0 0 0 0 0 0];

internalField   uniform 0;

boundaryField
{
    inletCH4
    {
        type            fixedValue;
        value           nonuniform List<scalar> 0();
    }
    wallOutside
    {
        type            zeroGradient;
    }
    wallTube
    {
        type            zeroGradient;
    }
    inletPilot
    {
        type            fixedValue;
        value           nonuniform List<scalar> 0();
    }
    inletAir
    {
        type            fixedValue;
        value           nonuniform List<scalar> 0();
    }
    outlet
    {
        type            zeroGradient;
    }
    axis
    {
        type            empty;
    }
    frontAndBack_pos
    {
        type            wedge;
    }
    frontAndBack_neg
    {
        type            wedge;
    }
    procBoundary0to2
    {
        type            processor;
        value           uniform 0;
    }
    procBoundary0to4
    {
        type            processor;
        value           uniform 0;
    }
}


// ************************************************************************* //
)

// Processor1

3164
(dimensions      [0 0 0 0 0 0 0];

internalField   nonuniform List<scalar> 
860
(
0
0
0
0
0
0
0
0
0
0
0
0
0
0
0
0
0
0
0
0
0
0
0
0
0
0
0
0
0
0
0
0
0
0
0
0
0
0
0
0
0
0
0
0
0
0
0
0
0
0
0
0
0
0
0
0
0
0
0
0
0
0
0
0
0
0
0
0
0
0
0
0
0
0
0
0
0
0
0
0
0
0
0
0
0
0
0
0
0
0
0
0
0
0
0
0
0
0
0
0
0
0
0
0
0
0
0
0
0
0
0
0
0
0
0
0
0
0
0
0
0
0
0
0
0
0
0
0
0
0
0
0
0
0
0
0
0
0
0
0
0
0
0
0
0
0
0
0
0
0
0
0
0
0
0
0
0
0
0
0
0
0
0
0
0
0
0
0
0
0
0
0
0
0
0
0
0
0
0
0
0
0
0
0
0
0
0
0
0
0
0
0
0
0
0
0
0
0
0
0
0
0
0
0
0
0
0
0
0
0
0
0
0
0
0
0
0
0
0
0
0
0
0
0
0
0
0
0
0
0
0
0
0
0
0
0
0
0
0
0
0
0
0
0
0
0
0
0
0
0
0
0
0
0
0
0
0
0
0
0
0
0
0
0
0
0
0
0
0
0
0
0
0
0
0
0
0
0
0
0
0
0
0
0
0
0
0
0
0
0
0
0
0
0
0
0
0
0
0
0
0
0
0
0
0
0
0
0
0
0
0
0
0
0
0
0
0
0
0
0
0
0
0
0
0
0
0
0
0
0
0
0
0
0
0
0
0
0
0
0
0
0
0
0
0
0
0
0
0
0
0
0
0
0
0
0
0
0
0
0
0
0
0
0
0
0
0
0
0
0
0
0
0
0
0
0
0
0
0
0
0
0
0
0
0
0
0
0
0
0
0
0
0
0
0
0
0
0
0
0
0
0
0
0
0
0
0
0
0
0
0
0
0
0
0
0
0
0
0
0
0
0
0
0
0
0
0
0
0
0
0
0
0
0
0
0
0
0
0
0
0
0
0
0
0
0
0
0
0
0
0
0
0
0
0
0
0
0
0
0
0
0
0
0
0
0
0
0
0
0
0
0
0
0
0
0
0
0
0
0
0
0
0
0
0
0
0
0
0
0
0
0
0
0
0
0
0
0
0
0
0
0
0
0
0
0
0
0
0
0
0
0
0
0
0
0
0
0
0
0
0
0
0
0
0
0
0
0
0
0
0
0
0
0
0
0
0
0
0
0
0
0
0
0
0
0
0
0
0
0
0
0
0
0
0
0
0
0
0
0
0
0
0
0
0
0
0
0
0
0
0
0
0
0
0
0
0
0
0
0
0
0
0
0
0
0
0
0
0
0
0
0
0
0
0
0
0
0
0
0
0
0
0
0
0
0
0
0
0
0
0
0
0
0
0
0
0
0
0
0
0
0
0
0
0
0
0
0
0
0
0
0
0
0
0
0
0
0
0
0
0
0
0
0
0
0
0
0
0
0
0
0
0
0
0
0
0
0
0
0
0
0
0
0
0
0
0
0
0
0
0
0
0
0
0
0
0
0
0
0
0
0
0
0
0
0
0
0
0
0
0
0
0
0
0
0
0
0
0
0
0
0
0
0
0
0
0
0
0
0
0
0
0
0
0
0
0
0
0
0
0
0
0
0
0
0
0
0
0
0
0
0
0
0
0
0
0
0
0
0
0
0
0
0
0
0
0
0
0
0
0
0
0
0
0
0
0
0
0
0
0
0
0
0
0
0
0
0
0
0
0
0
0
0
0
0
0
0
0
0
0
0
0
0
0
0
0
0
0
0
0
0
6.096232577e-15
0
0
0
0
0
0
0
0
0
0
0
0
0
0
0
0
0
0
0
0
0
0
0
0
0
0
0
0
0
0
0
0
0
0
0
0
0
0
0
0
0
0
0
4.178561246e-13
0
0
0
0
0
0
0
0
0
2.281216796e-12
0
0
0
0
0
0
9.411653756e-12
3.059716267e-13
0
0
0
0
0
)
;

boundaryField
{
    inletCH4
    {
        type            fixedValue;
        value           nonuniform List<scalar> 0();
    }
    wallOutside
    {
        type            zeroGradient;
    }
    wallTube
    {
        type            zeroGradient;
    }
    inletPilot
    {
        type            fixedValue;
        value           nonuniform List<scalar> 0();
    }
    inletAir
    {
        type            fixedValue;
        value           uniform 0;
    }
    outlet
    {
        type            zeroGradient;
    }
    axis
    {
        type            empty;
    }
    frontAndBack_pos
    {
        type            wedge;
    }
    frontAndBack_neg
    {
        type            wedge;
    }
    procBoundary1to2
    {
        type            processor;
        value           uniform 0;
    }
    procBoundary1to3
    {
        type            processor;
        value           nonuniform List<scalar> 
22
(
0
0
0
0
0
0
0
0
0
0
0
0
2.463169663e-15
5.36093691e-14
1.442597164e-13
2.793043186e-13
6.059654109e-13
1.334819269e-12
2.963178413e-12
7.339921042e-12
2.339060214e-11
1.046684414e-10
)
;
    }
    procBoundary1to5
    {
        type            processor;
        value           nonuniform List<scalar> 7(4.475603638e-11 2.916782407e-12 0 0 0 0 0);
    }
}
)

// Processor2

1206
(dimensions      [0 0 0 0 0 0 0];

internalField   uniform 0;

boundaryField
{
    inletCH4
    {
        type            fixedValue;
        value           nonuniform List<scalar> 0();
    }
    wallOutside
    {
        type            zeroGradient;
    }
    wallTube
    {
        type            zeroGradient;
    }
    inletPilot
    {
        type            fixedValue;
        value           nonuniform List<scalar> 0();
    }
    inletAir
    {
        type            fixedValue;
        value           nonuniform List<scalar> 0();
    }
    outlet
    {
        type            zeroGradient;
    }
    axis
    {
        type            empty;
    }
    frontAndBack_pos
    {
        type            wedge;
    }
    frontAndBack_neg
    {
        type            wedge;
    }
    procBoundary2to0
    {
        type            processor;
        value           uniform 0;
    }
    procBoundary2to1
    {
        type            processor;
        value           uniform 0;
    }
    procBoundary2to4
    {
        type            processor;
        value           uniform 0;
    }
    procBoundary2to5
    {
        type            processor;
        value           uniform 0;
    }
}
)

// Processor3

12801
(dimensions      [0 0 0 0 0 0 0];

internalField   nonuniform List<scalar> 
861
(
0
0
0
0
0
0
0
0
0
0
0
0
0
0
0
0
0
0
0
0
0
0
0
0
0
0
0
0
0
0
0
0
0
0
0
0
0
0
0
0
0
0
0
0
0
0
0
0
0
0
0
0
0
0
0
0
0
0
0
0
0
0
0
0
0
0
0
0
0
0
0
0
0
0
0
0
0
0
0
0
0
0
0
0
0
0
0
0
0
0
0
0
0
7.729173302e-14
9.957245113e-13
2.621702147e-13
2.467458637e-12
2.127179337e-11
1.516008772e-10
7.326245472e-10
2.030261773e-16
7.728789641e-18
4.925732956e-18
7.477201399e-17
9.485137926e-17
0
5.118480026e-17
0
5.848104538e-16
2.203972209e-16
0
0
0
8.155856465e-16
1.079786118e-16
3.636437003e-17
3.149221837e-18
5.641113684e-17
3.433243802e-16
1.104143649e-16
0
0
0
9.206121173e-18
0
0
0
0
0
0
0
0
0
4.097583701e-11
6.716995393e-10
6.196720007e-10
3.469123944e-11
0
0
3.642696336e-09
4.570730731e-09
1.925753646e-11
1.536471783e-10
2.353117317e-09
3.13094394e-10
7.795931674e-10
2.601005076e-09
2.543964367e-09
7.779825904e-10
0
0
1.039162408e-09
7.954229243e-10
0
9.953261564e-11
1.064796601e-10
0
0
0
4.7752501e-11
2.707740079e-11
3.288764252e-11
0
6.482932106e-11
8.3841765e-11
6.683879834e-11
6.618643099e-11
5.376375561e-11
6.348753606e-11
6.035330074e-11
9.056538255e-11
6.57943983e-11
4.931764838e-11
6.345063072e-11
3.895447548e-11
8.124804745e-11
7.456774431e-11
6.107660331e-11
5.583579448e-11
2.780458537e-11
5.844859954e-11
6.661659347e-11
5.729464536e-11
4.065953593e-11
2.224295874e-11
4.333251012e-11
4.800528942e-11
4.162152497e-11
2.809568097e-11
1.970066451e-11
5.062926956e-10
1.748585153e-10
5.743341815e-11
2.775237957e-11
1.958151463e-11
5.491734855e-08
1.655764993e-08
2.349650697e-09
4.846535074e-10
1.970156639e-11
1.91620937e-11
1.486044856e-10
2.251966482e-09
3.298691459e-08
4.330146721e-07
4.578994351e-10
3.525064313e-09
5.087539532e-08
6.677159656e-07
7.157037247e-06
2.860822182e-09
2.0166708e-08
2.417886682e-07
2.416669774e-06
1.713609453e-05
1.094004197e-08
6.951295073e-08
6.970252785e-07
5.40610983e-06
2.665921497e-05
3.286917865e-08
1.874981289e-07
1.574782919e-06
9.514756693e-06
3.489077357e-05
8.674595347e-08
4.531521957e-07
3.163140667e-06
1.487661015e-05
4.390352149e-05
2.049011783e-07
9.803538684e-07
5.671295888e-06
2.155338328e-05
5.501686773e-05
4.440084529e-07
1.921853293e-06
9.25371548e-06
2.939135638e-05
6.677609963e-05
9.084735229e-07
3.511873721e-06
1.400606153e-05
3.782234297e-05
7.729933108e-05
1.772768052e-06
6.012127923e-06
1.987448839e-05
4.644353018e-05
8.637707177e-05
3.32361812e-06
9.721560888e-06
2.674850196e-05
5.513053541e-05
9.476450819e-05
6.223646139e-06
1.493686441e-05
3.45001732e-05
6.411198939e-05
0.000103403739
1.081083492e-05
2.155946719e-05
4.301528367e-05
7.3482075e-05
0.0001125306762
1.772330309e-05
2.981071387e-05
5.245121477e-05
8.344107241e-05
0.0001222688965
2.754609276e-05
4.000152261e-05
6.312753887e-05
9.428069264e-05
0.0001327515158
4.012079214e-05
5.240599736e-05
7.551380124e-05
0.0001064863621
0.0001443478339
5.621400027e-05
6.782403456e-05
9.02417418e-05
0.0001205056746
0.0001574582693
7.500441527e-05
8.572031736e-05
0.0001071129358
0.0001365595013
0.000172731615
9.585337542e-05
0.0001058323715
0.0001260437271
0.0001539063798
0.0001878465941
0.0001185503358
0.0001271036859
0.0001442069925
0.000166952375
0.0001929541366
0.0001392701248
0.0001447802485
0.0001554685615
0.0001688692131
0.0001828544575
0.0001465064185
0.0001486943468
0.0001528633548
0.0001577420152
0.0001620878384
0.0001364672593
0.0001368392959
0.0001373602656
0.0001375333532
0.000136849935
0.0001163123618
0.000115972219
0.0001150700379
0.00011346281
0.0001110254214
9.347026172e-05
9.298268447e-05
9.182740094e-05
8.999810273e-05
8.749786489e-05
1.570078397e-06
3.047456846e-05
5.098447933e-05
5.986338116e-05
6.620410902e-05
7.692383391e-05
9.171255936e-05
0.0001050236966
0.0001142275714
0.0001209763288
0.0001275354878
0.0001352063958
0.0001437388763
0.0001529115657
0.0001628055617
0.0001736390721
0.000185927928
0.0002005797063
0.0002135962442
0.0002110195395
0.0001914742283
0.0001641224984
0.0001357562157
0.0001090077499
8.557348198e-05
3.785729812e-06
1.454805285e-06
8.513558333e-08
1.16118065e-08
1.668591998e-09
9.450394316e-05
0.0004763705631
2.731994437e-05
8.967798871e-07
1.411661027e-07
0.0001254053915
0.0003537113705
3.365435596e-05
1.793051353e-06
3.362415941e-07
0.0001229752338
0.0002350846898
6.770886859e-05
5.314049472e-06
5.197915417e-07
0.0001235695442
0.0002294677191
0.0003032851971
3.021689689e-05
2.24847049e-06
0.0001383493752
0.0002810097841
0.0005038084775
6.325568798e-05
5.838597736e-06
0.0001593189556
0.0003192297039
0.0005450251838
7.997963568e-05
9.071037392e-06
0.0001727808616
0.000312692918
0.0004566049583
8.594277803e-05
1.137464643e-05
0.0001769563492
0.00028793918
0.0003769907255
0.0001623349532
2.367074222e-05
0.0001780908916
0.0002720205364
0.0003536808303
0.0002658397062
4.316903238e-05
0.0001809664187
0.0002698777042
0.0003617849966
0.0003535640675
6.339888414e-05
0.0001867028265
0.0002751388377
0.0003742379525
0.000405748708
8.077365743e-05
0.00019394003
0.0002808972964
0.0003784446915
0.0004256432396
0.0001237839657
0.0002018639243
0.0002859464705
0.0003785786636
0.0004324489233
0.000180181559
0.0002105023221
0.0002917352136
0.000380532328
0.0004368652518
0.0002361566916
0.0002198538754
0.0002978032635
0.0003824995433
0.0004407882655
0.0002846373794
0.0002305595797
0.0003057497585
0.0003876078727
0.0004455359586
0.0003007110555
0.0002438893164
0.0003169391929
0.0003947844324
0.0004393683711
0.0002422362581
0.0002533457823
0.0003190073497
0.0003857386398
0.0004163410414
0.0001224302135
0.0002382844145
0.0002746662089
0.000298307626
0.0002929415832
0.0002310917214
0.0002044389859
0.0002149743946
0.0002119783965
0.0001915988075
0.0001536120939
0.0001675430505
0.0001652340029
0.0001541616076
0.0001351583105
0.0001110411309
0.0001347575374
0.0001282443076
0.0001169510158
0.0001021424367
8.560319507e-05
0.0001067112734
0.0001000289343
9.061940975e-05
7.945341676e-05
6.760785953e-05
8.333079309e-05
7.775486554e-05
7.048839908e-05
6.221789363e-05
5.360436853e-05
1.983637853e-10
1.365792822e-11
0
0
0
0
0
0
0
0
0
0
0
0
0
0
1.594885463e-08
1.586530893e-09
1.635261365e-10
2.165301816e-11
3.054376777e-12
0
0
0
0
0
0
0
0
0
0
0
5.066016159e-08
1.04217434e-08
1.401678081e-09
1.994757061e-10
4.333172215e-11
1.187485266e-11
2.841511417e-12
0
0
0
0
0
0
0
0
0
1.024514578e-07
4.66138725e-08
1.34292569e-08
1.736016516e-09
3.368088423e-10
1.019614153e-10
3.818066731e-11
1.415416374e-11
4.127736198e-12
2.80281956e-13
0
0
0
0
0
0
4.526335793e-07
1.56952896e-07
8.656307076e-08
1.58890409e-08
2.384094693e-09
5.894165188e-10
2.072381761e-10
8.27134337e-11
3.224669695e-11
1.078066791e-11
2.375380527e-12
0
0
0
0
0
1.007638593e-06
3.063421494e-07
2.097621724e-07
8.800245425e-08
1.322549095e-08
2.418187472e-09
7.050780056e-10
2.61618807e-10
1.027587915e-10
3.820630474e-11
1.197844686e-11
2.388500213e-12
0
0
0
0
9.517762923e-07
3.283637603e-07
2.804573399e-07
2.399496493e-07
6.894483703e-08
9.961009863e-09
2.168425825e-09
6.953573277e-10
2.596282584e-10
9.728715331e-11
3.339161148e-11
9.242865263e-12
1.352816249e-12
0
0
0
9.536568467e-07
3.712368926e-07
3.026096403e-07
3.755094877e-07
2.406887129e-07
4.481041962e-08
7.091785464e-09
1.819811248e-09
6.104034708e-10
2.203341976e-10
7.659673185e-11
2.347498204e-11
5.318570316e-12
2.995992589e-13
0
0
2.162987969e-06
4.290618882e-07
3.400824486e-07
4.602639857e-07
4.792686713e-07
1.799087204e-07
2.53816479e-08
4.81014751e-09
1.371212604e-09
4.580861285e-10
1.545929051e-10
4.829948519e-11
1.254241726e-11
1.938464191e-12
0
0
4.584932612e-06
5.664671608e-07
4.7224746e-07
5.616569946e-07
6.884052946e-07
4.687895087e-07
9.291882852e-08
1.299506939e-08
2.981403718e-09
8.895776627e-10
2.835681996e-10
8.694481995e-11
2.353392987e-11
4.658079029e-12
1.624257325e-13
0
7.716152018e-06
7.742363754e-07
4.457805897e-07
6.121918497e-07
8.648101877e-07
8.238278748e-07
2.722528554e-07
3.872160431e-08
6.850391313e-09
1.708359502e-09
4.90239299e-10
1.419486126e-10
3.809628323e-11
8.286863915e-12
8.1856889e-13
0
1.096445148e-05
1.157926211e-06
3.979037292e-07
9.402038252e-07
1.166230116e-06
1.251254528e-06
6.141145582e-07
9.574676792e-08
1.47706678e-08
3.05069678e-09
7.707362502e-10
2.06676682e-10
5.368438524e-11
1.209083636e-11
1.638277813e-12
0
1.824623426e-05
2.129720417e-06
4.361672286e-07
1.243987242e-06
1.572169443e-06
1.824096464e-06
1.150725425e-06
2.274133093e-07
3.178569278e-08
5.358104567e-09
1.12725525e-09
2.703297387e-10
6.674467475e-11
1.521713977e-11
2.395237391e-12
2.463169663e-15
2.90845682e-05
3.79706932e-06
5.67434369e-07
1.078424448e-06
1.879985639e-06
2.510093234e-06
1.884718831e-06
5.324525462e-07
6.778235321e-08
9.810585539e-09
1.660243651e-09
3.428386378e-10
7.914852158e-11
1.815066871e-11
3.181421879e-12
5.36093691e-14
4.202584259e-05
6.177173635e-06
8.836658479e-07
1.009618489e-06
2.416544312e-06
3.412563478e-06
2.724292982e-06
1.048030778e-06
1.488195365e-07
1.88628784e-08
2.465707035e-09
4.198978701e-10
8.959436641e-11
2.066586419e-11
3.934031482e-12
1.442597164e-13
5.532099923e-05
8.995808225e-06
1.41658066e-06
1.499563639e-06
3.739252192e-06
4.755933045e-06
3.589667204e-06
1.670711884e-06
3.094883991e-07
3.750640428e-08
3.766724871e-09
5.127363276e-10
1.009703754e-10
2.353287195e-11
4.793725085e-12
2.793043186e-13
6.166067864e-05
1.064980763e-05
2.479140916e-06
8.172016532e-06
6.93533982e-06
6.494975388e-06
4.39753425e-06
2.14249062e-06
5.781811577e-07
7.88842413e-08
6.841421404e-09
7.586946705e-10
1.346216609e-10
3.048076891e-11
6.460184734e-12
6.059654109e-13
4.958293683e-05
8.389054548e-06
2.644138979e-06
9.337590128e-06
1.087628328e-05
8.359715705e-06
5.034679381e-06
2.465649138e-06
8.953804248e-07
1.915570051e-07
2.102100404e-08
2.005285138e-09
2.683091157e-10
5.031490997e-11
1.023995907e-11
1.334819269e-12
2.74293422e-05
9.368018223e-06
2.796007167e-05
2.27071531e-05
1.562413434e-05
9.717171937e-06
5.505955824e-06
2.796607557e-06
1.22558036e-06
4.089027854e-07
8.111734922e-08
8.892916139e-09
8.733705709e-10
1.152534713e-10
1.966809442e-11
2.963178413e-12
0.0001501671571
7.348486022e-05
4.467847661e-05
2.82078181e-05
1.736500757e-05
1.039841794e-05
5.931956903e-06
3.163513e-06
1.543930919e-06
6.591665192e-07
2.150426401e-07
4.165300568e-08
4.465268051e-09
4.248507724e-10
5.21072605e-11
7.339921042e-12
0.0001070584892
6.903783578e-05
4.450915655e-05
2.821897388e-05
1.761819334e-05
1.074476427e-05
6.326047099e-06
3.553663069e-06
1.875860618e-06
9.083469416e-07
3.845948538e-07
1.242073801e-07
2.358039123e-08
2.412843618e-09
2.148312219e-10
2.339060214e-11
8.383114233e-05
5.891381064e-05
4.004888153e-05
2.655024968e-05
1.721251705e-05
1.088211238e-05
6.673525105e-06
3.940022707e-06
2.215009864e-06
1.166250682e-06
5.602654624e-07
2.340148661e-07
7.408681016e-08
1.352039957e-08
1.286869415e-09
1.046684414e-10
6.730313572e-05
4.96201423e-05
3.530757576e-05
2.442242553e-05
1.647805779e-05
1.083186907e-05
6.916591186e-06
4.2674323e-06
2.523627108e-06
1.413607024e-06
7.368554605e-07
3.475687207e-07
1.411973565e-07
4.293278361e-08
7.320714623e-09
6.280926808e-10
5.467294798e-05
4.181398301e-05
3.087127777e-05
2.213629618e-05
1.546803221e-05
1.053340633e-05
6.970071645e-06
4.463635145e-06
2.749553261e-06
1.614886806e-06
8.928979488e-07
4.559473433e-07
2.085556564e-07
8.105677569e-08
2.31441996e-08
3.583920008e-09
4.418558063e-05
3.458580701e-05
)
;

boundaryField
{
    inletCH4
    {
        type            fixedValue;
        value           uniform 0;
    }
    wallOutside
    {
        type            zeroGradient;
    }
    wallTube
    {
        type            zeroGradient;
    }
    inletPilot
    {
        type            fixedValue;
        value           uniform 0;
    }
    inletAir
    {
        type            fixedValue;
        value           uniform 0;
    }
    outlet
    {
        type            zeroGradient;
    }
    axis
    {
        type            empty;
    }
    frontAndBack_pos
    {
        type            wedge;
    }
    frontAndBack_neg
    {
        type            wedge;
    }
    procBoundary3to1
    {
        type            processor;
        value           nonuniform List<scalar> 
22
(
0
0
0
0
0
0
0
0
0
0
0
0
0
0
0
0
0
0
6.096232577e-15
4.178561246e-13
2.281216796e-12
9.411653756e-12
)
;
    }
    procBoundary3to5
    {
        type            processor;
        value           nonuniform List<scalar> 
30
(
7.23949487e-05
7.195551763e-05
7.094862757e-05
6.939576955e-05
6.73349296e-05
6.578394043e-05
6.396410482e-05
5.971547328e-05
5.436363091e-05
4.838159509e-05
4.219537161e-05
4.475603638e-11
2.626127725e-05
1.953520673e-05
1.410003175e-05
9.896706621e-06
6.755034007e-06
4.465536265e-06
2.845463382e-06
1.735883083e-06
1.004086157e-06
5.429513949e-07
2.686522408e-07
1.175574844e-07
4.29031562e-08
2.673703167e-10
1.121321886e-08
3.542523616e-05
2.626127725e-05
2.848431032e-05
)
;
    }
}
)

// Processor4

13352
(dimensions      [0 0 0 0 0 0 0];

internalField   nonuniform List<scalar> 
862
(
2.362774885e-11
2.361815021e-11
2.358728292e-11
2.35323266e-11
2.345657291e-11
1.792512184e-11
1.791048884e-11
1.787427338e-11
1.781639535e-11
1.773817807e-11
1.535709496e-11
1.534134831e-11
1.530537396e-11
1.524984079e-11
1.517544429e-11
1.378561612e-11
1.377097253e-11
1.373832592e-11
1.368860764e-11
1.362173106e-11
1.258211278e-11
1.256870271e-11
1.253888157e-11
1.24933913e-11
1.243259117e-11
1.15448678e-11
1.153288982e-11
1.150624996e-11
1.146590423e-11
1.141205565e-11
1.061957156e-11
1.060883734e-11
1.058503118e-11
1.054878461e-11
1.050056777e-11
9.778154716e-12
9.768627706e-12
9.747523761e-12
9.715410851e-12
9.672548892e-12
9.014888976e-12
9.006398074e-12
8.987600479e-12
8.959020828e-12
8.920942289e-12
8.328275004e-12
8.320672805e-12
8.303837862e-12
8.278222873e-12
8.244033521e-12
7.709512912e-12
7.702696903e-12
7.687606968e-12
7.664645958e-12
7.633989375e-12
7.154966727e-12
7.148825757e-12
7.135237048e-12
7.114562128e-12
7.086950313e-12
6.656076266e-12
6.650490974e-12
6.638139804e-12
6.619351324e-12
6.594253921e-12
6.199892467e-12
6.194794892e-12
6.183535876e-12
6.166423758e-12
6.143577387e-12
5.778077168e-12
5.773439186e-12
5.76320089e-12
5.747646979e-12
5.726887815e-12
5.382109446e-12
5.377938563e-12
5.368742445e-12
5.354814183e-12
5.336294211e-12
5.010062936e-12
5.006329047e-12
4.998077458e-12
4.985534574e-12
4.968790045e-12
4.659853426e-12
4.656537001e-12
4.649198911e-12
4.638030557e-12
4.623105855e-12
4.340188573e-12
4.337257649e-12
4.330768766e-12
4.320887443e-12
4.307676102e-12
4.078815644e-12
4.076177734e-12
4.070326837e-12
4.061384469e-12
4.049493376e-12
2.343137875e-11
1.768581806e-11
1.511846996e-11
1.356832304e-11
1.238380616e-11
1.136867866e-11
1.046170668e-11
9.637938145e-12
8.890307113e-12
8.216430473e-12
7.609209105e-12
7.064590431e-12
6.573889582e-12
6.124995351e-12
5.709995846e-12
5.321145761e-12
4.955193375e-12
4.611003831e-12
4.296966454e-12
4.039858066e-12
2.356782066e-11
2.351419152e-11
2.320824966e-11
2.270113407e-11
2.203802324e-11
1.766166509e-11
1.751014356e-11
1.724950354e-11
1.689702225e-11
1.6468785e-11
1.505153748e-11
1.488371492e-11
1.465521533e-11
1.43742596e-11
1.404574949e-11
1.349634965e-11
1.333760836e-11
1.313436362e-11
1.289131894e-11
1.261261102e-11
1.231551471e-11
1.217117381e-11
1.199059637e-11
1.177734074e-11
1.15338426e-11
1.130709851e-11
1.117839835e-11
1.101832524e-11
1.082887818e-11
1.061270694e-11
1.04062481e-11
1.029106747e-11
1.014826903e-11
9.979815818e-12
9.787651006e-12
9.588446325e-12
9.485846951e-12
9.358751841e-12
9.208983928e-12
9.038562766e-12
8.846496051e-12
8.755251431e-12
8.642256657e-12
8.508588056e-12
8.355669948e-12
8.176934433e-12
8.095111464e-12
7.993831824e-12
7.874461467e-12
7.738295572e-12
7.573645265e-12
7.500215532e-12
7.409464668e-12
7.30256318e-12
7.180614655e-12
7.032348139e-12
6.966006019e-12
6.884135268e-12
6.787699662e-12
6.67754151e-12
6.544365935e-12
6.483803789e-12
6.408908064e-12
6.321110626e-12
6.221123263e-12
6.097850807e-12
6.042544569e-12
5.974701073e-12
5.895013058e-12
5.80416869e-12
5.685279871e-12
5.635037482e-12
5.573423814e-12
5.501091107e-12
5.418836212e-12
5.299080793e-12
5.253887171e-12
5.19840226e-12
5.133050223e-12
5.05847589e-12
4.935475332e-12
4.894994191e-12
4.845104518e-12
4.786350795e-12
4.719254054e-12
4.593523152e-12
4.557538103e-12
4.513088184e-12
4.460655195e-12
4.400693847e-12
4.281532915e-12
4.249658e-12
4.210182408e-12
4.163519875e-12
4.10999495e-12
4.025937976e-12
3.997191135e-12
3.961546974e-12
3.91940238e-12
3.871052044e-12
0
0
0
0
0
0
0
0
0
0
0
0
0
0
0
0
0
0
0
0
0
0
0
0
0
0
0
0
0
0
0
0
0
0
0
0
0
0
0
0
0
0
0
0
0
0
4.791472022e-14
0
0
0
0
0
0
0
1.411732673e-13
0
0
0
0
0
0
0
0
1.543623521e-13
1.322059722e-14
0
0
0
0
0
0
0
8.607012481e-13
0
1.213932955e-14
0
0
0
0
0
0
0
2.115505473e-11
1.997979549e-11
1.864747946e-11
1.722133558e-11
1.575837427e-11
1.429389967e-11
1.285697812e-11
1.148375067e-11
1.022385071e-11
9.074402092e-12
7.988945283e-12
6.953095246e-12
5.988641244e-12
5.052200105e-12
4.069350219e-12
3.38007188e-12
2.672993882e-12
1.94471183e-12
1.250837257e-12
6.133499334e-13
3.577747328e-13
8.880446999e-14
0
0
0
0
0
0
1.592171485e-11
1.523134051e-11
1.445315087e-11
1.360809217e-11
1.271523552e-11
1.178819733e-11
1.084379967e-11
9.911741574e-12
9.029761605e-12
8.175237339e-12
7.323652732e-12
6.479517672e-12
5.670191608e-12
4.859593823e-12
3.984943283e-12
3.374427907e-12
2.743895232e-12
2.105424691e-12
1.507582643e-12
9.852303546e-13
5.977013709e-13
2.845504076e-13
0
0
0
0
0
0
1.363179489e-11
1.311483964e-11
1.25375346e-11
1.190802865e-11
1.123260518e-11
1.051895237e-11
9.782418546e-12
9.049368704e-12
8.329817895e-12
7.602083905e-12
6.860079827e-12
6.118116138e-12
5.398936455e-12
4.663257922e-12
3.852622768e-12
3.288948657e-12
2.687086348e-12
2.053872678e-12
1.40029005e-12
7.419004348e-13
1.696824963e-13
6.022318342e-14
0
0
0
0
0
0
1.226497923e-11
1.183427557e-11
1.135381507e-11
1.082727122e-11
1.025925803e-11
9.656924549e-12
9.032094273e-12
8.407735594e-12
7.77694991e-12
7.128054155e-12
6.463840538e-12
5.80025971e-12
5.146803897e-12
4.474965582e-12
3.748841534e-12
3.194407503e-12
2.610589547e-12
1.991429786e-12
1.340481119e-12
6.89345677e-13
1.678650907e-13
3.25730151e-14
0
0
0
0
0
0
1.123037359e-11
1.085418675e-11
1.043359697e-11
9.971214216e-12
9.471302487e-12
8.941642298e-12
8.402378934e-12
7.856283089e-12
7.291276898e-12
6.706793066e-12
6.108915963e-12
5.511859259e-12
4.91031883e-12
4.29190994e-12
3.621312621e-12
3.117028768e-12
2.582610506e-12
2.02446202e-12
1.418636517e-12
8.057214561e-13
2.363179776e-13
1.595383674e-13
6.536178423e-14
0
0
0
0
0
1.034336449e-11
1.000958527e-11
9.636371391e-12
9.226665346e-12
8.783886839e-12
8.320559188e-12
7.846422751e-12
7.352142347e-12
6.839346688e-12
6.310551496e-12
5.771632037e-12
5.24333731e-12
4.708704182e-12
4.165201288e-12
3.621942934e-12
3.107886526e-12
2.619200456e-12
2.126600053e-12
1.618471618e-12
1.168893452e-12
8.036408484e-13
5.364846398e-13
2.94358584e-13
2.813505913e-14
0
0
0
0
9.548299999e-12
9.252357735e-12
8.921177996e-12
8.557741156e-12
8.16852791e-12
7.75987716e-12
7.330041424e-12
6.881525165e-12
6.416396284e-12
5.938700814e-12
5.457944372e-12
4.982447909e-12
4.500563303e-12
4.012485887e-12
3.525307525e-12
3.061519297e-12
2.615722148e-12
2.169604559e-12
1.71290926e-12
1.317027224e-12
9.926907913e-13
6.986433826e-13
4.12705828e-13
9.499095003e-14
0
0
0
0
8.825632865e-12
8.561008718e-12
8.265589673e-12
7.944152056e-12
7.599663647e-12
7.231676863e-12
6.843701634e-12
6.437885429e-12
6.016444617e-12
5.583616442e-12
5.153824819e-12
4.722503665e-12
4.283391832e-12
3.838329206e-12
3.394268919e-12
2.972050432e-12
2.559896396e-12
2.145452043e-12
1.717821348e-12
1.346712401e-12
1.03902522e-12
7.491992677e-13
4.604149213e-13
1.458018085e-13
0
0
0
0
8.164498983e-12
7.927656766e-12
7.666003161e-12
7.381142788e-12
7.072209038e-12
6.740784629e-12
6.391135582e-12
6.025222857e-12
5.645271862e-12
5.253927246e-12
4.86403164e-12
4.467153224e-12
4.062211039e-12
3.65092512e-12
3.241740407e-12
2.851782866e-12
2.463132428e-12
2.067679092e-12
1.655858394e-12
1.297897308e-12
1.002539431e-12
7.277524227e-13
4.610751016e-13
1.965236407e-13
0
0
0
0
7.568592399e-12
7.358388898e-12
7.123763456e-12
6.86571327e-12
6.586713708e-12
6.288296108e-12
5.972191249e-12
5.640269212e-12
5.294204672e-12
4.941806581e-12
4.583095854e-12
4.212692879e-12
3.831285333e-12
3.444982079e-12
3.069766904e-12
2.713336243e-12
2.350847321e-12
1.975531865e-12
1.579990354e-12
1.236375914e-12
9.560118037e-13
7.00084853e-13
4.599109596e-13
2.344733766e-13
0
0
0
0
7.028559793e-12
6.839908847e-12
6.628325961e-12
6.3961013e-12
6.144423927e-12
5.874792329e-12
5.589106381e-12
5.287428532e-12
4.972126032e-12
4.650489935e-12
4.31715112e-12
3.970629052e-12
3.612229111e-12
3.251694223e-12
2.911414923e-12
2.585972509e-12
2.24958179e-12
1.897393215e-12
1.523248784e-12
1.19870756e-12
9.355233172e-13
6.949090651e-13
4.68060028e-13
2.519248885e-13
1.055512393e-14
0
0
0
6.539682519e-12
6.369224777e-12
6.178595301e-12
5.968767392e-12
5.740986914e-12
5.496876438e-12
5.236368734e-12
4.961802728e-12
4.679077169e-12
4.385804061e-12
4.082009355e-12
3.768374796e-12
3.445655891e-12
3.119352164e-12
2.805329648e-12
2.494316374e-12
2.173264208e-12
1.839169749e-12
1.484646496e-12
1.178859827e-12
9.321242491e-13
7.045002836e-13
4.86054721e-13
2.719577768e-13
2.431477227e-14
0
0
0
6.096530806e-12
5.942064668e-12
5.76916833e-12
5.578995913e-12
5.372097576e-12
5.149300401e-12
4.912401862e-12
4.665024561e-12
4.406954358e-12
4.138872088e-12
3.861701828e-12
3.575823326e-12
3.281758177e-12
2.985056516e-12
2.697930867e-12
2.407402398e-12
2.106154495e-12
1.7927579e-12
1.459679611e-12
1.174111571e-12
9.445288104e-13
7.295076315e-13
5.183361572e-13
3.071474387e-13
6.861749264e-14
0
0
0
5.690891218e-12
5.550486905e-12
5.393697796e-12
5.220128728e-12
5.030972079e-12
4.827618137e-12
4.613316547e-12
4.387315194e-12
4.150399419e-12
3.903544618e-12
3.646999365e-12
3.380943224e-12
3.109020729e-12
2.843676671e-12
2.586863885e-12
2.322206435e-12
2.046090994e-12
1.758041197e-12
1.450678077e-12
1.190111124e-12
9.846267108e-13
7.805726137e-13
5.768437964e-13
3.690436035e-13
1.477617891e-13
0
0
0
5.316393748e-12
5.188854834e-12
5.045934617e-12
4.888233464e-12
4.716663812e-12
4.532259953e-12
4.336163565e-12
4.129470019e-12
3.913185711e-12
3.688094698e-12
3.454635661e-12
3.213116663e-12
2.967016241e-12
2.72775712e-12
2.48984415e-12
2.244415826e-12
1.989301687e-12
1.72015035e-12
1.441240828e-12
1.204655985e-12
1.019818162e-12
8.30879373e-13
6.372907358e-13
4.358485593e-13
2.214803785e-13
0
0
0
4.965442668e-12
4.849821853e-12
4.720151502e-12
4.577074037e-12
4.421321682e-12
4.253629828e-12
4.075124199e-12
3.886755728e-12
3.689340886e-12
3.483519467e-12
3.269531037e-12
3.048162115e-12
2.824506699e-12
2.608984607e-12
2.390328769e-12
2.163765804e-12
1.92799472e-12
1.678569021e-12
1.41992597e-12
1.202672146e-12
1.034977447e-12
8.600858963e-13
6.77374513e-13
4.846201242e-13
2.773255599e-13
2.60534776e-14
0
0
4.635449979e-12
4.531266329e-12
4.414306525e-12
4.284996826e-12
4.144096752e-12
3.992258683e-12
3.830346607e-12
3.659083621e-12
3.479114561e-12
3.290750408e-12
3.094101658e-12
2.891434989e-12
2.693187328e-12
2.496448574e-12
2.293732573e-12
2.083200293e-12
1.863116235e-12
1.624348806e-12
1.389341107e-12
1.189750087e-12
1.037144803e-12
8.741415651e-13
7.00071777e-13
5.121536259e-13
3.048484025e-13
4.564883225e-14
0
0
4.325701977e-12
4.232292658e-12
4.127156688e-12
4.010823279e-12
3.883738705e-12
3.746570194e-12
3.59988771e-12
3.444305908e-12
3.28034491e-12
3.108310729e-12
2.929140157e-12
2.746842799e-12
2.568576446e-12
2.387183082e-12
2.199415244e-12
2.004078184e-12
1.799243419e-12
1.576240955e-12
1.359427625e-12
1.191125733e-12
1.040122689e-12
8.850431977e-13
7.169514881e-13
5.327254715e-13
3.264836331e-13
6.934159349e-14
0
0
4.043018462e-12
3.959396609e-12
3.865131431e-12
3.760625831e-12
3.646211493e-12
3.52232341e-12
3.389443771e-12
3.247990148e-12
3.098105826e-12
2.939887195e-12
2.775341225e-12
2.614001259e-12
2.45249411e-12
2.284963182e-12
2.11070396e-12
1.928710302e-12
1.736691047e-12
1.524235811e-12
1.329166e-12
1.181687397e-12
1.038561856e-12
8.904198691e-13
7.281273797e-13
5.485132123e-13
3.468838002e-13
1.02590726e-13
0
0
3.810350221e-12
3.734519056e-12
3.648895071e-12
3.553675666e-12
3.449127732e-12
3.335560571e-12
3.213240653e-12
3.082200267e-12
2.942317909e-12
2.794911087e-12
2.647706582e-12
2.501816861e-12
2.351264707e-12
2.194124378e-12
2.029908772e-12
1.857067923e-12
1.673100435e-12
1.467906185e-12
1.291121567e-12
1.158177837e-12
1.025584254e-12
8.840311354e-13
7.278142023e-13
5.541476667e-13
3.588442217e-13
1.260219188e-13
0
0
)
;

boundaryField
{
    inletCH4
    {
        type            fixedValue;
        value           nonuniform List<scalar> 0();
    }
    wallOutside
    {
        type            zeroGradient;
    }
    wallTube
    {
        type            zeroGradient;
    }
    inletPilot
    {
        type            fixedValue;
        value           nonuniform List<scalar> 0();
    }
    inletAir
    {
        type            fixedValue;
        value           nonuniform List<scalar> 0();
    }
    outlet
    {
        type            zeroGradient;
    }
    axis
    {
        type            empty;
    }
    frontAndBack_pos
    {
        type            wedge;
    }
    frontAndBack_neg
    {
        type            wedge;
    }
    procBoundary4to0
    {
        type            processor;
        value           uniform 0;
    }
    procBoundary4to2
    {
        type            processor;
        value           uniform 0;
    }
    procBoundary4to5
    {
        type            processor;
        value           nonuniform List<scalar> 
46
(
4.007830561e-11
4.009804746e-11
4.009781248e-11
4.006531627e-11
4.001279664e-11
4.008961151e-11
4.077442091e-11
4.104572233e-11
4.057696662e-11
3.955326215e-11
3.812279113e-11
0
0
0
0
0
0
0
0
0
0
0
3.072343738e-13
3.072343738e-13
8.564727564e-13
8.583267409e-13
8.583267409e-13
3.616871463e-11
3.348570141e-11
3.042808467e-11
2.721585566e-11
2.400307819e-11
2.090434743e-11
1.799803852e-11
1.534821654e-11
1.30223225e-11
1.106871728e-11
9.370714843e-12
7.860103613e-12
6.559616956e-12
5.366662282e-12
4.171365971e-12
3.38187041e-12
2.56922681e-12
1.714838602e-12
1.714838602e-12
)
;
    }
}
)

// Processor5

15368
(dimensions      [0 0 0 0 0 0 0];

internalField   nonuniform List<scalar> 
862
(
7.23949487e-05
7.195551763e-05
7.094862757e-05
6.939576955e-05
6.73349296e-05
5.578240027e-05
5.544370909e-05
5.46649267e-05
5.347313743e-05
5.190721662e-05
4.268347563e-05
4.243234349e-05
4.185715151e-05
4.098040773e-05
3.983326887e-05
3.242988304e-05
3.22483033e-05
3.183333142e-05
3.120170399e-05
3.037628992e-05
2.437359061e-05
2.424506752e-05
2.395126844e-05
2.35038952e-05
2.291908713e-05
1.803078204e-05
1.794190596e-05
1.773821402e-05
1.742746588e-05
1.702075257e-05
1.306132802e-05
1.300146115e-05
1.286358877e-05
1.265261596e-05
1.237599728e-05
9.215706171e-06
9.176557304e-06
9.085784437e-06
8.946325501e-06
8.763082646e-06
6.299198113e-06
6.274469358e-06
6.216616297e-06
6.127300172e-06
6.009672425e-06
4.150054282e-06
4.135058502e-06
4.099582852e-06
4.044493996e-06
3.971764683e-06
2.624077303e-06
2.61540878e-06
2.594603732e-06
2.562069466e-06
2.519004694e-06
1.586986829e-06
1.582238345e-06
1.570633978e-06
1.552333937e-06
1.52804042e-06
9.155151133e-07
9.130680848e-07
9.069444199e-07
8.971866673e-07
8.841908027e-07
5.026765938e-07
5.01498808e-07
4.984582279e-07
4.935497864e-07
4.869872011e-07
2.622143735e-07
2.616904728e-07
2.602787414e-07
2.579613039e-07
2.548482949e-07
1.297665935e-07
1.295542558e-07
1.289459727e-07
1.279250407e-07
1.265454813e-07
6.086971721e-08
6.079333743e-08
6.055262246e-08
6.013595143e-08
5.956851364e-08
2.705183552e-08
2.702869725e-08
2.694255857e-08
2.67865119e-08
2.657168244e-08
1.139360227e-08
1.138861661e-08
1.136152381e-08
1.130867715e-08
1.12347395e-08
4.554180565e-09
4.554141498e-09
4.547111597e-09
4.531335643e-09
4.508666189e-09
1.734263268e-09
1.734991011e-09
1.733768105e-09
1.729817688e-09
1.723846023e-09
6.353289703e-10
6.358499825e-10
6.359150273e-10
6.352085733e-10
6.33987925e-10
2.304050616e-10
2.306602215e-10
2.308300708e-10
2.307952798e-10
2.306425902e-10
8.825063743e-11
8.834383929e-11
8.84146718e-11
8.842145193e-11
8.839274947e-11
4.007830561e-11
4.009804746e-11
4.009781248e-11
4.006531627e-11
4.001279664e-11
6.578394043e-05
5.074445349e-05
3.89851348e-05
2.976760425e-05
2.24893416e-05
1.672351035e-05
1.217544229e-05
8.63168523e-06
5.92655378e-06
3.921344397e-06
2.489872628e-06
1.512115233e-06
8.760100035e-07
4.830700293e-07
2.531187597e-07
1.258529726e-07
5.932446763e-08
2.6500977e-08
1.122158261e-08
4.510262141e-09
1.72705528e-09
6.360702083e-10
2.316241008e-10
8.874648043e-11
4.008961151e-11
6.396410482e-05
5.971547328e-05
5.436363091e-05
4.838159509e-05
4.219537161e-05
4.93832915e-05
4.624994483e-05
4.234224052e-05
3.799249684e-05
3.348902059e-05
3.799548164e-05
3.5721949e-05
3.288812077e-05
2.972709938e-05
2.64378767e-05
2.906376564e-05
2.743297678e-05
2.538882534e-05
2.309574065e-05
2.069335151e-05
2.200147787e-05
2.084894839e-05
1.938837279e-05
1.773628688e-05
1.599167397e-05
1.639615782e-05
1.559798428e-05
1.45699463e-05
1.339466045e-05
1.214244409e-05
1.196426594e-05
1.142516742e-05
1.07158048e-05
9.894432528e-06
9.010766676e-06
8.501813555e-06
8.148414735e-06
7.670806646e-06
7.109651237e-06
6.499729999e-06
5.851377476e-06
5.627883823e-06
5.315814255e-06
4.9431035e-06
4.533673806e-06
3.881185506e-06
3.74581134e-06
3.549130027e-06
3.309893191e-06
3.044158028e-06
2.470714412e-06
2.392746645e-06
2.273855065e-06
2.12624749e-06
1.960367204e-06
1.504511713e-06
1.462117822e-06
1.393509922e-06
1.306351047e-06
1.207184422e-06
8.740537787e-07
8.524553858e-07
8.148078825e-07
7.657262213e-07
7.091418342e-07
4.834071315e-07
4.731924293e-07
4.536160294e-07
4.273345229e-07
3.966046337e-07
2.540726378e-07
2.496472818e-07
2.400330584e-07
2.266862622e-07
2.108404188e-07
1.26731085e-07
1.250129905e-07
1.20567961e-07
1.1415402e-07
1.064112819e-07
5.993652336e-08
5.936454645e-08
5.743582863e-08
5.452417517e-08
5.094444558e-08
2.686586084e-08
2.672109513e-08
2.593804061e-08
2.469106684e-08
2.312666344e-08
1.141573213e-08
1.140301045e-08
1.110646782e-08
1.060298304e-08
9.956991172e-09
4.604281356e-09
4.619100161e-09
4.514628634e-09
4.322923919e-09
4.070811767e-09
1.768910259e-09
1.782125454e-09
1.747975269e-09
1.679108553e-09
1.586069749e-09
6.533386064e-10
6.608371056e-10
6.506033521e-10
6.271558836e-10
5.944340708e-10
2.382020126e-10
2.415352835e-10
2.384884067e-10
2.307026518e-10
2.195396257e-10
9.102456577e-11
9.220801185e-11
9.119215877e-11
8.854783269e-11
8.472502889e-11
4.077442091e-11
4.104572233e-11
4.057696662e-11
3.955326215e-11
3.812279113e-11
4.475603638e-11
2.916782407e-12
0
0
0
0
0
2.673703167e-10
1.611762394e-11
3.31138292e-13
0
0
0
0
2.626127725e-05
1.953520673e-05
1.410003175e-05
9.896706621e-06
6.755034007e-06
4.465536265e-06
2.845463382e-06
1.735883083e-06
1.004086157e-06
5.429513949e-07
2.686522408e-07
1.175574844e-07
4.29031562e-08
1.121321886e-08
1.534127664e-09
9.999499569e-11
4.482272621e-12
0
0
0
0
3.542523616e-05
2.848431032e-05
2.231145803e-05
1.702567808e-05
1.264559257e-05
9.123332631e-06
6.38401053e-06
4.329878546e-06
2.836125544e-06
1.783934742e-06
1.06911272e-06
6.03685636e-07
3.160182982e-07
1.496775602e-07
6.169712618e-08
2.072543723e-08
4.817436395e-09
5.593917401e-10
3.006968481e-11
4.660270258e-13
0
0
0
2.852891925e-05
2.336680692e-05
1.865317688e-05
1.45197917e-05
1.10174662e-05
8.138410351e-06
5.835276337e-06
4.05033836e-06
2.713230825e-06
1.749631872e-06
1.078594611e-06
6.297540709e-07
3.437554581e-07
1.721980162e-07
7.69848956e-08
2.934938608e-08
8.828687944e-09
1.747679776e-09
1.597337961e-10
5.825319587e-12
0
0
0
2.278550353e-05
1.892876935e-05
1.534142533e-05
1.213428645e-05
9.362840041e-06
7.040060189e-06
5.148555217e-06
3.649821838e-06
2.498929048e-06
1.64454987e-06
1.036652313e-06
6.209989287e-07
3.497256994e-07
1.824163973e-07
8.626727284e-08
3.581111616e-08
1.2335427e-08
3.185532233e-09
5.024737114e-10
3.220304145e-11
2.10985512e-13
0
0
1.800312236e-05
1.512499345e-05
1.240797097e-05
9.940611594e-06
7.773943229e-06
5.928369447e-06
4.400883896e-06
3.171826201e-06
2.21057608e-06
1.483154315e-06
9.524019091e-07
5.816129481e-07
3.351669288e-07
1.800228688e-07
8.860387455e-08
3.898868006e-08
1.474407866e-08
4.477153976e-09
1.010937964e-09
1.276604391e-10
5.235488937e-12
0
0
1.402136735e-05
1.188769963e-05
9.84737309e-06
7.969807582e-06
6.298764271e-06
4.856081425e-06
3.646020123e-06
2.659650928e-06
1.878555827e-06
1.278581693e-06
8.34099303e-07
5.179694395e-07
3.034905372e-07
1.665079987e-07
8.435116796e-08
3.869348495e-08
1.560382494e-08
5.218420969e-09
1.304977125e-09
2.296948591e-10
1.913662087e-11
4.316525818e-14
0
1.071594584e-05
9.152889796e-06
7.640574021e-06
6.232693786e-06
4.965358398e-06
3.859016529e-06
2.921074591e-06
2.1486387e-06
1.531200952e-06
1.052830671e-06
6.945617494e-07
4.368757311e-07
2.599190533e-07
1.447250878e-07
7.483028787e-08
3.536180787e-08
1.492060174e-08
5.39989315e-09
1.501203148e-09
2.361923819e-10
2.518616658e-11
4.910253404e-13
0
7.995271106e-06
6.869616537e-06
5.768665239e-06
4.733329148e-06
3.792481802e-06
2.963880287e-06
2.255648114e-06
1.668026039e-06
1.195128363e-06
8.26665182e-07
5.493938466e-07
3.486311664e-07
2.097255682e-07
1.185016719e-07
6.218932928e-08
3.003468994e-08
1.309668811e-08
4.988770232e-09
1.509541209e-09
2.849444144e-10
4.02637998e-11
2.393116346e-12
0
5.792728022e-06
5.00013497e-06
4.217270214e-06
3.474652075e-06
2.794609534e-06
2.191657673e-06
1.673300053e-06
1.241104091e-06
8.918711219e-07
6.188407836e-07
4.128626917e-07
2.634173327e-07
1.596476076e-07
9.118237448e-08
4.85575646e-08
2.38495844e-08
1.066817458e-08
4.232063849e-09
1.404682818e-09
2.982050929e-10
4.895574877e-12
4.461327568e-14
0
4.055039096e-06
3.512542956e-06
2.971922067e-06
2.455322124e-06
1.979378246e-06
1.555308536e-06
1.189326029e-06
8.832891909e-07
6.354998686e-07
4.41532986e-07
2.950935965e-07
1.888176094e-07
1.149721614e-07
6.613076158e-08
3.561755332e-08
1.774589459e-08
8.090833959e-09
3.29984583e-09
1.138356477e-09
2.536180472e-10
3.638024159e-12
0
0
2.730897711e-06
2.372005427e-06
2.011423328e-06
1.664685195e-06
1.343687249e-06
1.056653509e-06
8.083338942e-07
6.003947498e-07
4.319453088e-07
3.001134003e-07
2.006560223e-07
1.285443971e-07
7.849269577e-08
4.538833085e-08
2.465385259e-08
1.244621514e-08
5.764044026e-09
2.410171699e-09
8.69556119e-10
2.398087023e-10
6.421156723e-12
0
0
1.763171845e-06
1.534826224e-06
1.303633007e-06
1.080070594e-06
8.722808129e-07
6.859896515e-07
5.245929017e-07
3.89387846e-07
2.799123334e-07
1.943345593e-07
1.29878132e-07
8.322720094e-08
5.089494187e-08
2.952862921e-08
1.61381739e-08
8.232891033e-09
3.870299382e-09
1.646236819e-09
6.067639766e-10
1.702683796e-10
4.680163543e-12
0
0
1.088285429e-06
9.491182788e-07
8.071647931e-07
6.691890873e-07
5.405098296e-07
4.249123611e-07
3.246808465e-07
2.407324747e-07
1.728328124e-07
1.198457324e-07
8.002126273e-08
5.126287693e-08
3.137208137e-08
1.824748469e-08
1.002204638e-08
5.153946633e-09
2.453856733e-09
1.058364329e-09
3.983583335e-10
1.133504725e-10
1.520563145e-11
0
0
6.407007656e-07
5.597155575e-07
4.765028185e-07
3.952279454e-07
3.19196341e-07
2.507817623e-07
1.914336687e-07
1.4175291e-07
1.016239627e-07
7.036873306e-08
4.693189071e-08
3.004788523e-08
1.839511012e-08
1.07175983e-08
5.907677456e-09
3.057782319e-09
1.469123847e-09
6.434986362e-10
2.430953727e-10
6.656570379e-11
5.127970934e-12
0
0
3.590963915e-07
3.142158579e-07
2.677610952e-07
2.221738181e-07
1.794042815e-07
1.408625283e-07
1.074175262e-07
7.943777325e-08
5.686719141e-08
3.932124565e-08
2.619405148e-08
1.675898712e-08
1.026088959e-08
5.98590815e-09
3.309355865e-09
1.721536071e-09
8.32473895e-10
3.687091216e-10
1.393270656e-10
3.91276267e-11
2.311443416e-12
0
0
1.913146234e-07
1.676785324e-07
1.430305392e-07
1.187283847e-07
9.58630119e-08
7.52274236e-08
5.731409639e-08
4.233561821e-08
3.026733273e-08
2.090166467e-08
1.390893829e-08
8.893370512e-09
5.445560368e-09
3.180272329e-09
1.762723208e-09
9.206649553e-10
4.477010373e-10
1.995879305e-10
7.450776446e-11
1.896762947e-11
4.052242533e-13
0
0
9.677341464e-08
8.496429305e-08
7.255446957e-08
6.025943124e-08
4.86567273e-08
3.816867907e-08
2.905938324e-08
2.144484288e-08
1.531551233e-08
1.056537993e-08
7.024880931e-09
4.489754152e-09
2.749709946e-09
1.607589227e-09
8.930772731e-10
4.67976273e-10
2.283499772e-10
1.00322339e-10
3.873180073e-11
7.347100856e-12
0
0
0
4.644009795e-08
4.084961477e-08
3.492720898e-08
2.902977934e-08
2.344656645e-08
1.839052342e-08
1.399552338e-08
1.032178677e-08
7.366357531e-09
5.078148174e-09
3.374951393e-09
2.156855436e-09
1.321647263e-09
7.736465519e-10
4.306905038e-10
2.260155696e-10
1.099806703e-10
4.692222479e-11
1.753628993e-11
7.535559041e-13
0
0
2.113510774e-08
1.862930175e-08
1.595213221e-08
1.327164724e-08
1.072504634e-08
8.41395299e-09
6.402381289e-09
4.721128489e-09
3.368619638e-09
2.321882331e-09
1.543513798e-09
9.871319653e-10
6.058072467e-10
3.554782592e-10
1.986336417e-10
1.046697818e-10
5.10919846e-11
2.159737591e-11
8.248975795e-12
1.719300571e-12
0
0
9.124224642e-09
8.061138013e-09
6.91494207e-09
5.76061823e-09
4.659860691e-09
3.658360412e-09
2.785417081e-09
2.054843076e-09
1.466966533e-09
1.011901726e-09
6.737542926e-10
4.319341875e-10
2.661187493e-10
1.570724025e-10
8.853212189e-11
4.718518042e-11
2.329048237e-11
9.708887929e-12
1.752702539e-12
3.344914699e-13
0
0
3.74146164e-09
3.314292053e-09
2.849255319e-09
2.377994374e-09
1.926685828e-09
1.514834981e-09
1.155203172e-09
8.537349851e-10
6.107952799e-10
4.225884192e-10
2.826268325e-10
1.823475971e-10
1.134413233e-10
6.79094046e-11
3.904177664e-11
2.137596649e-11
1.083556128e-11
4.477743729e-12
1.828869296e-13
0
0
1.462602963e-09
1.299757352e-09
1.12063699e-09
9.38037282e-10
7.622705883e-10
6.012639675e-10
4.602077947e-10
3.416363959e-10
2.457667106e-10
1.714403624e-10
1.159614743e-10
7.598896758e-11
4.832564836e-11
2.979847127e-11
1.765594183e-11
1.024831421e-11
5.521763808e-12
2.419532634e-12
9.667561243e-14
3.150524916e-14
0
5.503274178e-10
4.911658605e-10
4.254159882e-10
3.57870027e-10
2.924880679e-10
2.323472755e-10
1.793992464e-10
1.346419682e-10
9.819719856e-11
6.986942061e-11
4.853124385e-11
3.293338692e-11
2.196586562e-11
1.437647771e-11
9.107661671e-12
5.873956085e-12
3.617158684e-12
1.956232494e-12
6.610595046e-13
3.072343738e-13
2.043527835e-10
1.836444376e-10
1.60395095e-10
1.363087595e-10
1.128123883e-10
9.10164324e-11
7.165697304e-11
5.511615075e-11
4.148253103e-11
3.076068984e-11
2.253758795e-11
1.631003692e-11
1.177475931e-11
8.420531984e-12
5.825130879e-12
4.211363781e-12
2.914809087e-12
1.812186264e-12
8.564727564e-13
7.947121216e-11
7.224888657e-11
6.405234867e-11
5.548805781e-11
4.711236601e-11
3.924176218e-11
3.211292546e-11
2.587163627e-11
2.060038369e-11
1.633798568e-11
1.291383465e-11
1.012901078e-11
7.973479617e-12
6.197008364e-12
4.618255077e-12
3.595991258e-12
2.647779608e-12
1.724291265e-12
8.583267409e-13
3.616871463e-11
3.348570141e-11
3.042808467e-11
2.721585566e-11
2.400307819e-11
2.090434743e-11
1.799803852e-11
1.534821654e-11
1.30223225e-11
1.106871728e-11
9.370714843e-12
7.860103613e-12
6.559616956e-12
5.366662282e-12
4.171365971e-12
3.38187041e-12
2.56922681e-12
1.714838602e-12
)
;

boundaryField
{
    inletCH4
    {
        type            fixedValue;
        value           nonuniform List<scalar> 0();
    }
    wallOutside
    {
        type            zeroGradient;
    }
    wallTube
    {
        type            zeroGradient;
    }
    inletPilot
    {
        type            fixedValue;
        value           nonuniform List<scalar> 0();
    }
    inletAir
    {
        type            fixedValue;
        value           nonuniform List<scalar> 0();
    }
    outlet
    {
        type            zeroGradient;
    }
    axis
    {
        type            empty;
    }
    frontAndBack_pos
    {
        type            wedge;
    }
    frontAndBack_neg
    {
        type            wedge;
    }
    procBoundary5to1
    {
        type            processor;
        value           nonuniform List<scalar> 7(9.411653756e-12 3.059716267e-13 0 0 0 0 0);
    }
    procBoundary5to2
    {
        type            processor;
        value           uniform 0;
    }
    procBoundary5to3
    {
        type            processor;
        value           nonuniform List<scalar> 
30
(
9.347026172e-05
9.298268447e-05
9.182740094e-05
8.999810273e-05
8.749786489e-05
8.557348198e-05
8.333079309e-05
7.775486554e-05
7.048839908e-05
6.221789363e-05
5.360436853e-05
6.280926808e-10
3.087127777e-05
2.213629618e-05
1.546803221e-05
1.053340633e-05
6.970071645e-06
4.463635145e-06
2.749553261e-06
1.614886806e-06
8.928979488e-07
4.559473433e-07
2.085556564e-07
8.105677569e-08
2.31441996e-08
3.583920008e-09
3.583920008e-09
4.418558063e-05
3.458580701e-05
3.458580701e-05
)
;
    }
    procBoundary5to4
    {
        type            processor;
        value           nonuniform List<scalar> 
46
(
2.362774885e-11
2.361815021e-11
2.358728292e-11
2.35323266e-11
2.345657291e-11
2.343137875e-11
2.356782066e-11
2.351419152e-11
2.320824966e-11
2.270113407e-11
2.203802324e-11
0
0
0
0
0
0
0
0
0
0
4.791472022e-14
4.791472022e-14
1.411732673e-13
1.411732673e-13
1.543623521e-13
8.607012481e-13
2.115505473e-11
1.997979549e-11
1.864747946e-11
1.722133558e-11
1.575837427e-11
1.429389967e-11
1.285697812e-11
1.148375067e-11
1.022385071e-11
9.074402092e-12
7.988945283e-12
6.953095246e-12
5.988641244e-12
5.052200105e-12
4.069350219e-12
3.38007188e-12
2.672993882e-12
8.607012481e-13
1.94471183e-12
)
;
    }
}
)