/*--------------------------------*- C++ -*----------------------------------*\
  =========                 |
  \\      /  F ield         | OpenFOAM: The Open Source CFD Toolbox
   \\    /   O peration     | Website:  https://openfoam.org
    \\  /    A nd           | Version:  10
     \\/     M anipulation  |
\*---------------------------------------------------------------------------*/
FoamFile
{
    format      binary;
    class       decomposedBlockData;
    location    "/home/zhouyuchen/Desktop/FastChemistrySolver-OpenFOAM-10/EC-CCM/OpenFOAM-10/Sandia/processors6/0.02498655859/CH2CHO_0";
    object      CH2CHO_0;
}
// * * * * * * * * * * * * * * * * * * * * * * * * * * * * * * * * * * * * * //


// Processor0

5328
(/*--------------------------------*- C++ -*----------------------------------*\
  =========                 |
  \\      /  F ield         | OpenFOAM: The Open Source CFD Toolbox
   \\    /   O peration     | Website:  https://openfoam.org
    \\  /    A nd           | Version:  10
     \\/     M anipulation  |
\*---------------------------------------------------------------------------*/
FoamFile
{
    format      ascii;
    class       volScalarField;
    location    "0.02498655859";
    object      CH2CHO_0;
}
// * * * * * * * * * * * * * * * * * * * * * * * * * * * * * * * * * * * * * //

dimensions      [0 0 0 0 0 0 0];

internalField   nonuniform List<scalar> 
864
(
0
0
0
0
0
0
0
0
0
0
0
0
0
0
0
0
0
0
0
0
0
0
0
0
0
0
0
0
0
0
0
0
5.837581218e-14
0
0
0
0
0
0
0
0
0
0
0
0
0
0
0
0
0
0
0
0
0
0
0
0
0
0
0
0
0
0
0
6.390116429e-14
0
0
0
0
0
0
0
0
0
0
0
0
0
0
0
0
0
0
0
0
0
0
0
0
0
0
0
0
0
0
0
1.182640123e-12
8.273687128e-14
0
0
0
0
0
0
0
0
0
0
0
0
0
0
0
0
0
0
0
0
0
0
0
0
0
0
0
0
0
0
9.843757215e-13
5.914867341e-14
0
0
0
0
0
0
0
0
0
0
0
0
0
0
0
0
0
0
0
0
0
0
0
0
0
0
0
0
0
0
1.04303279e-12
7.407261363e-13
0
0
0
0
0
0
0
0
0
0
0
0
0
0
0
0
0
0
0
0
0
0
0
0
0
0
0
0
0
0
1.101080142e-12
9.219831683e-13
2.844988302e-14
0
0
0
0
0
0
0
0
0
0
0
0
0
0
0
0
0
0
0
0
0
0
0
0
0
0
0
0
0
8.362548838e-13
8.567651752e-13
5.183954455e-14
0
0
0
0
0
0
0
0
0
0
0
0
0
0
0
0
0
0
0
0
0
0
0
0
0
0
0
0
0
8.710616831e-13
1.147365255e-12
8.693852259e-13
1.588052968e-14
0
0
0
0
0
0
0
0
0
0
0
0
0
0
0
0
0
0
0
0
0
0
0
0
0
0
0
0
7.664597598e-13
1.098815346e-12
9.408693169e-13
6.968311141e-14
0
0
0
0
0
0
0
0
0
0
0
0
0
0
0
0
0
0
0
0
0
0
0
0
0
0
0
0
0
8.662773219e-13
1.230640767e-12
1.01509398e-12
6.865290713e-14
0
0
0
0
0
0
0
0
0
0
0
0
0
0
0
0
0
0
0
0
0
0
0
0
0
0
0
0
7.706922259e-13
1.171026251e-12
1.00355992e-12
6.837326822e-14
0
0
0
0
0
0
0
0
0
0
0
0
0
0
0
0
0
0
0
0
0
0
0
0
0
0
0
0
4.415577154e-13
9.090422868e-13
9.029888084e-13
9.848706312e-14
0
0
0
0
0
0
0
0
0
0
0
0
0
0
0
0
0
0
0
0
0
0
0
0
0
0
0
0
0
7.899523186e-13
1.118603049e-12
8.68778037e-13
2.543257292e-14
0
0
0
0
0
0
0
0
0
0
0
0
0
0
0
0
0
0
0
0
0
0
0
0
0
0
0
0
7.426943388e-13
1.126999154e-12
9.585339795e-13
7.497161318e-14
0
0
0
0
0
0
0
0
0
0
0
0
0
0
0
0
0
0
0
0
0
0
0
0
0
0
0
0
1.258587805e-13
9.419925112e-13
1.111246955e-12
7.836684264e-13
3.13409187e-15
0
0
0
0
0
0
0
0
0
0
0
0
0
0
0
0
0
0
0
0
0
0
0
0
0
0
0
0
8.017616382e-13
1.158063057e-12
9.46538919e-13
5.070542996e-14
0
0
0
0
0
0
0
0
0
0
0
0
0
0
0
0
0
0
0
0
0
0
0
0
0
2.438097299e-13
0
0
7.542852403e-13
1.13639242e-12
9.689972538e-13
9.306079292e-14
0
0
0
0
0
0
0
0
0
0
0
0
0
0
0
0
0
0
0
0
0
0
0
0
0
4.836762061e-13
0
0
6.561129796e-13
1.129421941e-12
1.279146603e-12
1.054084968e-12
7.363506857e-14
0
0
0
0
0
0
0
0
0
0
0
0
0
0
0
0
0
0
0
0
0
0
0
0
3.327426908e-13
0
0
0
8.369342163e-13
1.194558264e-12
9.928596746e-13
7.151862048e-14
0
0
0
0
0
0
0
0
0
0
0
0
0
0
0
0
0
0
0
0
0
0
0
0
3.394962345e-13
0
0
0
7.771812772e-13
1.160480396e-12
9.826855189e-13
1.013263845e-13
0
0
0
0
0
0
0
0
0
0
0
0
0
0
0
0
0
0
0
0
0
0
0
0
3.524213992e-13
0
0
0
6.965966325e-13
1.161297959e-12
1.263950291e-12
9.81919283e-13
5.553161938e-14
0
0
0
0
0
0
0
0
0
0
0
0
0
0
0
0
0
0
0
0
0
0
0
4.114958198e-13
4.991786876e-14
0
0
7.376032956e-14
8.788656518e-13
1.209869583e-12
9.865242083e-13
7.107195991e-14
0
0
0
0
0
0
0
0
0
0
0
0
0
0
0
0
0
0
0
0
0
0
0
3.872630647e-13
1.223709313e-14
0
0
0
7.886428285e-13
1.167982507e-12
9.795779196e-13
8.964547551e-14
0
0
0
0
0
0
0
0
0
0
0
0
0
0
0
0
0
0
0
0
0
0
0
3.340039842e-13
0
0
0
0
6.97564481e-13
1.11479144e-12
1.065286417e-12
4.313252779e-13
0
0
0
0
0
0
0
0
0
0
0
0
0
0
0
0
0
0
0
0
0
0
0
3.569463516e-13
3.173556606e-13
0
0
0
4.541309616e-13
9.969180744e-13
1.205599579e-12
9.1157325e-13
4.741567031e-14
0
0
0
0
0
0
0
0
0
0
0
0
0
0
0
0
0
0
0
0
0
0
3.58490202e-13
3.415671196e-13
0
0
0
0
8.352693553e-13
1.190664213e-12
9.766109747e-13
7.952966751e-14
0
0
0
0
0
0
0
0
0
0
0
0
0
0
0
0
0
0
0
0
0
0
)
;

boundaryField
{
    inletCH4
    {
        type            fixedValue;
        value           nonuniform List<scalar> 0();
    }
    wallOutside
    {
        type            zeroGradient;
    }
    wallTube
    {
        type            zeroGradient;
    }
    inletPilot
    {
        type            fixedValue;
        value           nonuniform List<scalar> 0();
    }
    inletAir
    {
        type            fixedValue;
        value           nonuniform List<scalar> 0();
    }
    outlet
    {
        type            zeroGradient;
    }
    axis
    {
        type            empty;
    }
    frontAndBack_pos
    {
        type            wedge;
    }
    frontAndBack_neg
    {
        type            wedge;
    }
    procBoundary0to2
    {
        type            processor;
        value           uniform 0;
    }
    procBoundary0to4
    {
        type            processor;
        value           nonuniform List<scalar> 
27
(
4.50637087e-14
1.077075545e-12
9.729847002e-13
1.276658302e-12
1.092879805e-12
7.773933524e-13
7.32516447e-13
8.366059832e-14
0
0
0
0
0
2.569708955e-13
2.728770583e-13
9.22343163e-13
3.854101487e-13
4.68973258e-13
5.272666824e-13
4.680531835e-13
3.621696045e-13
3.593340632e-13
3.695318603e-13
3.608973288e-13
3.463503817e-13
3.434287843e-13
3.325429101e-13
)
;
    }
}


// ************************************************************************* //
)

// Processor1

1085
(dimensions      [0 0 0 0 0 0 0];

internalField   uniform 0;

boundaryField
{
    inletCH4
    {
        type            fixedValue;
        value           nonuniform List<scalar> 0();
    }
    wallOutside
    {
        type            zeroGradient;
    }
    wallTube
    {
        type            zeroGradient;
    }
    inletPilot
    {
        type            fixedValue;
        value           nonuniform List<scalar> 0();
    }
    inletAir
    {
        type            fixedValue;
        value           uniform 0;
    }
    outlet
    {
        type            zeroGradient;
    }
    axis
    {
        type            empty;
    }
    frontAndBack_pos
    {
        type            wedge;
    }
    frontAndBack_neg
    {
        type            wedge;
    }
    procBoundary1to2
    {
        type            processor;
        value           uniform 0;
    }
    procBoundary1to3
    {
        type            processor;
        value           uniform 0;
    }
    procBoundary1to5
    {
        type            processor;
        value           uniform 0;
    }
}
)

// Processor2

3199
(dimensions      [0 0 0 0 0 0 0];

internalField   nonuniform List<scalar> 
861
(
0
0
0
0
0
0
0
0
0
0
0
0
0
0
0
0
0
0
0
0
0
0
0
0
0
0
0
0
0
0
0
0
0
0
0
0
0
0
0
0
0
0
0
0
0
0
0
0
0
0
0
0
0
0
0
0
0
0
0
0
0
0
0
0
0
0
0
0
0
0
0
0
0
0
0
0
0
0
0
0
0
0
0
0
0
0
0
0
0
0
0
0
0
0
0
0
0
0
0
0
0
0
0
0
0
0
0
0
0
0
0
0
0
0
0
0
0
0
0
0
0
0
0
0
0
0
0
0
0
0
0
0
0
0
0
0
0
0
0
0
0
0
0
0
0
0
0
0
0
0
0
0
0
0
0
0
0
0
0
0
0
0
0
0
0
0
0
0
0
0
0
0
0
0
0
0
0
0
0
0
0
0
0
0
0
0
0
0
0
0
0
0
0
0
0
0
0
0
0
0
0
0
0
0
0
0
0
0
0
0
0
0
0
0
0
0
0
0
0
0
0
0
0
0
0
0
0
0
0
0
0
0
0
0
0
0
0
0
0
0
0
0
0
0
0
0
0
0
0
0
0
0
0
0
0
0
0
0
0
0
0
0
0
0
0
0
0
0
0
0
0
0
0
0
0
0
0
0
0
0
0
0
0
0
0
0
0
0
0
0
0
0
0
0
0
0
0
0
0
0
0
0
0
0
0
0
0
0
0
0
0
0
0
0
0
0
0
0
0
0
0
0
0
0
0
0
0
0
0
0
0
0
0
0
0
0
0
0
0
0
0
0
0
0
0
0
0
0
0
0
0
0
0
0
0
0
0
0
0
0
0
0
0
0
0
0
0
0
0
0
0
0
0
0
0
0
0
0
0
0
0
0
0
0
0
0
0
0
0
0
0
0
0
0
0
0
0
0
0
0
0
0
0
0
0
0
0
0
0
0
0
0
0
0
0
0
0
0
0
0
0
0
0
0
0
0
0
0
0
0
0
0
0
0
0
0
0
0
0
0
0
0
0
0
0
0
0
0
0
0
0
0
0
0
0
0
0
0
0
0
0
0
0
0
0
0
0
0
0
0
0
0
0
0
0
0
0
0
0
0
0
0
0
0
0
0
0
0
0
0
0
0
0
0
0
0
0
0
0
0
0
0
0
0
0
0
0
0
0
0
0
0
0
0
0
0
0
0
0
0
0
0
0
0
0
0
0
0
0
0
0
0
0
0
0
0
0
0
0
0
0
0
0
0
0
0
0
0
0
0
0
0
0
0
0
0
0
0
0
0
0
0
0
0
0
0
0
0
0
0
0
0
0
0
0
0
0
0
0
0
0
0
0
0
0
0
0
0
0
0
0
0
0
0
0
0
0
0
0
0
0
0
0
0
0
0
0
0
0
0
0
0
0
0
0
0
0
0
0
0
0
0
0
0
0
0
2.500342282e-15
0
0
0
0
0
0
0
0
0
0
0
0
0
0
0
0
0
0
0
0
0
0
0
0
0
0
0
0
0
0
0
0
0
0
0
0
7.154837675e-13
0
0
0
0
0
0
0
0
0
0
0
0
0
0
0
0
0
0
0
0
0
0
0
0
0
0
0
0
0
0
0
0
0
0
0
0
0
0
0
0
0
0
0
0
0
0
0
0
0
0
0
0
0
0
0
0
0
0
0
0
0
0
0
0
0
0
0
0
0
0
0
0
0
0
0
0
0
0
0
0
0
0
0
0
0
0
0
0
0
0
0
0
0
0
0
0
0
0
0
0
0
0
0
0
0
0
0
0
0
0
0
0
0
0
0
0
0
0
0
0
0
0
0
0
0
0
0
0
0
0
0
0
0
0
0
0
0
0
0
0
0
0
0
0
0
0
0
0
0
0
0
0
0
0
0
0
0
0
0
0
0
0
0
0
0
0
0
0
0
0
0
0
0
0
0
0
0
0
0
0
0
0
0
0
0
0
0
0
0
0
0
0
0
0
0
0
0
)
;

boundaryField
{
    inletCH4
    {
        type            fixedValue;
        value           nonuniform List<scalar> 0();
    }
    wallOutside
    {
        type            zeroGradient;
    }
    wallTube
    {
        type            zeroGradient;
    }
    inletPilot
    {
        type            fixedValue;
        value           nonuniform List<scalar> 0();
    }
    inletAir
    {
        type            fixedValue;
        value           nonuniform List<scalar> 0();
    }
    outlet
    {
        type            zeroGradient;
    }
    axis
    {
        type            empty;
    }
    frontAndBack_pos
    {
        type            wedge;
    }
    frontAndBack_neg
    {
        type            wedge;
    }
    procBoundary2to0
    {
        type            processor;
        value           uniform 0;
    }
    procBoundary2to1
    {
        type            processor;
        value           uniform 0;
    }
    procBoundary2to4
    {
        type            processor;
        value           nonuniform List<scalar> 10(1.200381589e-12 1.107673438e-12 2.090706507e-14 0 0 0 0 0 0 2.980377315e-14);
    }
    procBoundary2to5
    {
        type            processor;
        value           nonuniform List<scalar> 
16
(
0
0
0
0
0
0
0
0
0
0
0
4.613209529e-15
1.873921508e-15
7.569929454e-13
7.514507726e-13
6.916306082e-13
)
;
    }
}
)

// Processor3

10333
(dimensions      [0 0 0 0 0 0 0];

internalField   nonuniform List<scalar> 
861
(
0
0
0
0
0
0
0
0
0
0
0
0
0
0
0
0
0
0
0
0
0
0
0
0
0
0
0
0
0
0
0
0
0
0
0
0
0
0
0
0
0
0
0
0
0
0
0
0
0
0
0
0
0
0
0
0
0
0
0
0
0
0
0
0
0
0
0
0
0
0
0
0
0
0
0
0
0
0
0
0
0
0
0
0
0
0
0
0
0
0
0
0
0
0
0
0
0
0
0
0
2.088452815e-21
0
0
0
3.985456917e-21
1.13464912e-22
1.494187809e-22
1.741746286e-21
2.07057831e-21
1.720806655e-21
7.314629208e-23
0
3.194081122e-22
3.157923945e-21
4.290170348e-22
0
6.384708204e-23
6.320553147e-22
5.393364585e-22
0
0
0
0
0
0
0
0
0
0
0
0
0
7.663693217e-16
1.70246467e-14
2.768264253e-13
5.484951417e-13
1.158148546e-14
0
4.536512542e-14
1.744907443e-12
1.714635697e-12
5.67574055e-14
0
6.403971231e-13
1.432889924e-13
2.584500506e-13
1.089839101e-12
6.656946327e-13
1.386517034e-13
0
0
3.559815536e-13
1.659957002e-13
0
1.922442811e-14
3.681734798e-14
0
0
0
4.201822034e-15
8.099439444e-15
0
0
2.127222634e-14
2.995635839e-14
2.528322067e-14
2.827839113e-14
2.073987711e-14
2.222932738e-14
2.483051827e-14
3.307931089e-14
2.622974275e-14
1.726240914e-14
2.755735595e-14
1.960193143e-14
2.693817528e-14
3.099485164e-14
2.659088516e-14
2.633091697e-14
1.645554376e-14
1.929836531e-14
2.767805386e-14
2.643727506e-14
2.087261863e-14
1.459090924e-14
1.593185674e-14
2.126304486e-14
2.087310461e-14
1.645389585e-14
1.370941281e-14
1.471337709e-13
8.186472066e-14
3.116926259e-14
1.776663649e-14
1.391302012e-14
1.48424561e-11
9.554395901e-12
1.444018383e-12
3.1164753e-13
1.059965582e-14
0
0
0
2.227975405e-11
7.844473565e-10
0
0
1.055498982e-11
1.70463227e-10
4.499356746e-09
0
3.748824539e-14
2.539875204e-11
3.703254377e-10
6.729391862e-09
0
8.733248166e-13
3.427228167e-11
5.853596299e-10
8.098546114e-09
0
4.067982483e-12
6.178197755e-11
7.943406087e-10
8.992442993e-09
0
8.768523245e-12
7.121243207e-11
1.111235097e-09
1.087217796e-08
6.445929783e-13
1.800070927e-11
1.159655062e-10
1.603208128e-09
1.397877461e-08
2.821288221e-12
2.580938681e-11
1.906074008e-10
2.243123464e-09
1.729867187e-08
4.497508679e-12
2.498031421e-11
2.881170932e-10
2.858236167e-09
1.916040504e-08
7.931438685e-12
3.490785914e-11
4.205527111e-10
3.573682581e-09
2.112032698e-08
1.920504683e-11
7.701602777e-11
6.207222625e-10
4.537916785e-09
2.373235038e-08
1.8236058e-11
1.122727575e-10
9.203918238e-10
5.841798147e-09
2.696163911e-08
1.335018678e-11
1.838504499e-10
1.311461716e-09
7.301425823e-09
2.951162684e-08
5.828729931e-11
3.120843598e-10
1.875201603e-09
9.169073761e-09
3.223474518e-08
1.55365469e-10
6.41801101e-10
2.746203111e-09
1.165026411e-08
3.516868557e-08
2.28333603e-10
1.011006168e-09
4.229710576e-09
1.552621541e-08
3.883328055e-08
7.814582758e-10
1.998263696e-09
6.831733649e-09
2.067311608e-08
4.3851703e-08
1.989133502e-09
4.049008722e-09
1.111407419e-08
2.835696234e-08
5.028934316e-08
4.943449596e-09
8.442656909e-09
1.84990238e-08
3.649596783e-08
5.299392109e-08
1.118684403e-08
1.572034885e-08
2.618328739e-08
4.016958563e-08
5.00475023e-08
2.035189448e-08
2.418366976e-08
3.198876518e-08
4.171387441e-08
5.070649695e-08
2.49552857e-08
2.723869734e-08
3.203316856e-08
3.873538281e-08
4.686611042e-08
1.917850371e-08
2.006768472e-08
2.188264265e-08
2.432623585e-08
2.707633563e-08
8.891088776e-09
9.021500744e-09
9.255145623e-09
9.434055459e-09
9.479037279e-09
2.607728666e-09
2.603397853e-09
2.563609105e-09
2.455543501e-09
2.300351264e-09
3.452821766e-09
2.77296497e-08
3.479288634e-08
3.996697027e-08
4.114241658e-08
4.607480236e-08
5.35067119e-08
5.781748734e-08
5.446244125e-08
5.222716175e-08
5.144463572e-08
5.188829523e-08
5.108354773e-08
4.987487763e-08
4.917516336e-08
4.911712346e-08
5.110994122e-08
5.364760802e-08
5.367513173e-08
5.094953903e-08
5.558201937e-08
5.323768479e-08
2.901125442e-08
9.465714429e-09
2.183726774e-09
3.005279854e-09
1.171637704e-09
6.490015307e-11
8.432386148e-12
2.942114365e-12
4.316937398e-08
3.85274667e-07
2.205857744e-08
6.750826662e-10
5.108709235e-10
5.370606367e-08
1.420591751e-07
1.447302734e-08
8.880369306e-10
2.075349765e-09
5.984916653e-08
6.43012258e-08
2.662888746e-08
2.249256158e-09
1.025559072e-09
8.146251419e-08
7.50199291e-08
3.27263244e-07
3.242405712e-08
2.809684369e-09
9.818348269e-08
9.960303443e-08
4.849066568e-07
6.118093666e-08
6.116357692e-09
1.093063981e-07
1.035301827e-07
4.115397774e-07
6.154465918e-08
7.186478559e-09
1.076485126e-07
8.779926408e-08
2.58771503e-07
4.648045415e-08
6.368809274e-09
9.432864816e-08
7.024684288e-08
1.626458328e-07
9.693549258e-08
1.416782257e-08
8.351488403e-08
6.221398524e-08
1.345131546e-07
2.02850212e-07
3.263962794e-08
7.438850736e-08
6.062545985e-08
1.328176528e-07
2.878202807e-07
5.136120834e-08
7.042513543e-08
6.099044593e-08
1.330458207e-07
3.246958909e-07
6.337429676e-08
6.776357454e-08
6.038711939e-08
1.240707921e-07
3.065379777e-07
7.414704796e-08
5.977057471e-08
5.64108657e-08
1.138453953e-07
2.723212832e-07
1.017532636e-07
5.464488647e-08
5.287800094e-08
1.062495681e-07
2.453637956e-07
1.407407131e-07
5.034271214e-08
5.04043577e-08
1.021185501e-07
2.277698316e-07
1.814288249e-07
5.010385669e-08
5.370686376e-08
1.041458072e-07
2.288393091e-07
1.981740815e-07
4.931951865e-08
5.954364271e-08
1.18803735e-07
2.596383148e-07
1.601406089e-07
4.995232487e-08
6.632351137e-08
1.315608206e-07
2.865463379e-07
1.01121682e-07
5.003793641e-08
6.182900167e-08
1.01483973e-07
1.773484511e-07
2.724307209e-07
6.196712602e-08
8.335057577e-08
1.36779309e-07
2.480618548e-07
4.156775691e-07
6.350781843e-08
8.466218634e-08
1.11369101e-07
1.31478128e-07
1.233002918e-07
3.254852866e-08
3.544698795e-08
3.417471849e-08
2.832919404e-08
1.971951794e-08
9.745636662e-09
8.935770554e-09
7.086634718e-09
4.861890212e-09
2.912142887e-09
2.11016697e-09
1.744100948e-09
1.249914823e-09
7.840630708e-10
4.371094802e-10
7.016104623e-14
0
0
0
0
0
0
0
0
0
0
0
0
0
0
0
1.237548558e-11
8.004023153e-13
0
0
0
0
0
0
0
0
0
0
0
0
0
0
9.719001244e-11
0
0
0
0
0
0
0
0
0
0
0
0
0
0
0
1.035901174e-09
1.427147908e-11
2.177327118e-12
0
0
0
0
0
0
0
0
0
0
0
0
0
7.468488727e-09
2.584105923e-10
2.788206508e-13
1.399851501e-12
0
0
0
0
0
0
0
0
0
0
0
0
6.174978902e-09
2.249602389e-09
6.408027741e-11
1.766416946e-11
7.647226096e-13
0
0
0
0
0
0
0
0
0
0
0
1.870182875e-09
6.355257987e-09
5.713675872e-10
1.556349914e-11
5.396028763e-12
0
0
0
0
0
0
0
0
0
0
0
8.693635303e-10
4.059231221e-09
2.78631242e-09
1.562963332e-10
1.104368192e-11
2.702161986e-12
0
0
0
0
0
0
0
0
0
0
1.473293497e-09
2.106378431e-09
7.073167707e-09
1.037841595e-09
4.40691747e-11
1.425154959e-11
7.187844501e-13
0
0
0
0
0
0
0
0
0
3.51679226e-09
1.053495071e-09
6.619324512e-09
3.83607101e-09
3.003973137e-10
8.897523724e-12
3.90962378e-12
0
0
0
0
0
0
0
0
0
6.26309964e-09
9.178472029e-10
3.716030726e-09
1.102734445e-08
1.374281019e-09
5.951465949e-11
1.526133102e-11
1.16307538e-12
0
0
0
0
0
0
0
0
8.623270948e-09
1.132287118e-09
2.379731863e-09
1.671723455e-08
4.439734962e-09
2.623517118e-10
5.327201179e-12
3.704394714e-12
8.787844605e-14
0
0
0
0
0
0
0
1.112103092e-08
1.473838996e-09
1.578910122e-09
1.395362185e-08
1.190548643e-08
9.243709177e-10
2.951323062e-11
7.071214132e-12
5.269267653e-13
0
0
0
0
0
0
0
1.654347732e-08
2.312014482e-09
1.355269598e-09
9.744314158e-09
2.755793042e-08
2.710535353e-09
1.108749568e-10
1.826436104e-11
1.040217158e-12
0
0
0
0
0
0
0
2.506244684e-08
3.841908902e-09
1.586997941e-09
9.070722895e-09
5.033979734e-08
5.553450761e-09
2.763731688e-10
4.214132455e-11
2.429156207e-12
1.208069701e-14
0
0
0
0
0
0
3.520736638e-08
5.983654936e-09
2.51781612e-09
1.222515988e-08
5.344283988e-08
6.233973612e-09
3.586042505e-10
2.857352676e-11
2.588377746e-12
2.100195596e-14
0
0
0
0
0
0
4.076884677e-08
8.720597498e-09
1.316986252e-08
9.58984056e-08
4.794982549e-08
4.265650774e-09
2.699888857e-10
1.13229695e-11
1.435106497e-12
0
0
0
0
0
0
0
3.380807402e-08
9.448132165e-09
2.279665208e-08
1.632278629e-07
2.509282953e-08
1.907129943e-09
1.181668678e-10
0
5.929923885e-13
0
0
0
0
0
0
0
4.395667404e-08
6.982655893e-08
3.408253346e-07
7.467783857e-08
8.015127112e-09
5.947477772e-10
3.959242011e-11
6.498184416e-12
4.031442047e-13
5.007802925e-13
0
0
0
0
0
0
4.050490519e-07
5.845760358e-07
1.541995685e-07
2.208537984e-08
2.157694186e-09
1.777552138e-10
1.600772229e-11
2.7264246e-12
6.305868905e-13
6.663611973e-13
3.687473716e-13
0
0
0
0
0
4.499829238e-07
1.58257636e-07
3.260117227e-08
4.570352739e-09
4.975135102e-10
4.938068968e-11
3.991709695e-12
4.521152288e-13
2.718179306e-13
0
7.475484272e-13
3.394440122e-13
0
0
0
0
7.811635132e-08
2.478746388e-08
5.23572484e-09
8.11094369e-10
1.02302865e-10
1.142586463e-11
1.104954862e-12
1.126477832e-13
0
9.382161649e-14
9.760298041e-14
7.869680957e-13
3.786679959e-13
0
0
0
1.035591072e-08
3.35718374e-09
7.64652623e-10
1.336674729e-10
2.014857331e-11
2.898256921e-12
5.471328525e-13
5.815527458e-14
1.11660741e-14
1.845918604e-13
0
0
6.667266561e-13
1.910542754e-13
0
0
1.380875414e-09
4.558691704e-10
1.124009748e-10
2.260799988e-11
4.5076596e-12
7.721482362e-13
1.298086788e-13
0
1.133802583e-14
2.011901404e-14
2.141844856e-13
0
0
3.912124902e-13
0
0
1.95911997e-10
6.566412856e-11
)
;

boundaryField
{
    inletCH4
    {
        type            fixedValue;
        value           uniform 0;
    }
    wallOutside
    {
        type            zeroGradient;
    }
    wallTube
    {
        type            zeroGradient;
    }
    inletPilot
    {
        type            fixedValue;
        value           uniform 0;
    }
    inletAir
    {
        type            fixedValue;
        value           uniform 0;
    }
    outlet
    {
        type            zeroGradient;
    }
    axis
    {
        type            empty;
    }
    frontAndBack_pos
    {
        type            wedge;
    }
    frontAndBack_neg
    {
        type            wedge;
    }
    procBoundary3to1
    {
        type            processor;
        value           uniform 0;
    }
    procBoundary3to5
    {
        type            processor;
        value           nonuniform List<scalar> 
30
(
5.463633391e-10
5.375377267e-10
5.142395614e-10
4.769195436e-10
4.284160709e-10
3.949241089e-10
3.660442361e-10
2.860851367e-10
1.956581103e-10
1.184234893e-10
6.442643138e-11
0
1.604203306e-11
3.870365111e-12
5.088962174e-13
1.861166351e-13
5.439196545e-14
0
1.823449579e-15
4.792618615e-15
0
4.741115665e-13
0
1.158504234e-14
3.279475607e-13
0
0
2.859046093e-11
1.604203306e-11
1.02383976e-11
)
;
    }
}
)

// Processor4

9359
(dimensions      [0 0 0 0 0 0 0];

internalField   nonuniform List<scalar> 
862
(
0
0
0
0
0
0
0
0
0
0
0
0
0
0
0
0
0
0
0
0
2.432184166e-19
0
0
0
0
0
0
0
0
0
0
0
0
0
0
0
0
0
0
0
0
0
0
0
0
0
0
0
0
0
4.996583574e-18
4.680337566e-18
4.289237903e-18
4.073968791e-18
4.169434856e-18
3.510513986e-18
3.554156245e-18
3.581824927e-18
3.508389725e-18
3.205446149e-18
0
0
0
0
0
4.675844458e-18
4.662694193e-18
4.726987769e-18
4.837000381e-18
4.523798218e-18
0
0
0
0
0
0
0
0
0
0
2.353597207e-17
2.394891743e-17
2.493292303e-17
2.767363428e-17
3.865266937e-17
2.296593158e-16
2.302496313e-16
2.310829299e-16
2.310007693e-16
2.297954408e-16
3.084437872e-16
3.008682037e-16
2.847363782e-16
2.620137277e-16
2.36406712e-16
9.984918097e-17
9.953971907e-17
9.774476109e-17
9.097208817e-17
8.791467145e-17
0
0
0
0
0
0
0
0
0
0
4.356698146e-18
2.925299371e-18
0
1.570423281e-18
0
4.610744539e-18
6.798176314e-17
2.307724862e-16
2.228216886e-16
9.156285079e-17
0
0
0
0
0
0
0
0
0
0
0
0
0
0
0
0
0
0
0
0
0
0
0
0
0
0
0
0
0
0
0
0
0
0
0
0
0
0
0
0
0
0
0
0
1.968158238e-18
4.765655571e-18
6.487731026e-18
5.895557111e-18
5.256318807e-18
4.406466236e-18
4.994454543e-18
4.244949343e-18
4.040118988e-18
3.776015464e-18
0
3.158965927e-18
0
0
0
6.425868839e-18
0
3.925825914e-18
0
0
0
0
0
0
0
0
0
0
0
0
0
1.401623711e-17
1.786740655e-17
1.972728289e-17
2.256971587e-17
3.262189357e-17
1.064804331e-16
1.296644888e-16
1.338040749e-16
1.299559039e-16
1.288115723e-16
2.336000462e-16
2.376370377e-16
2.228964103e-16
2.023510031e-16
1.805425116e-16
2.066775502e-16
1.784533117e-16
1.596419893e-16
1.424899398e-16
1.142064716e-16
9.587599106e-17
9.331063806e-17
6.300399665e-17
3.332904078e-17
1.26835694e-17
1.200381589e-12
1.107673438e-12
2.090706507e-14
0
8.698141133e-13
9.227186239e-13
3.101662586e-14
0
0
9.211473597e-13
1.291722728e-12
1.082896696e-12
4.07908934e-14
0
5.884132286e-13
8.157386155e-14
8.412074046e-13
9.099685857e-13
3.899204734e-14
0
1.999567311e-13
0
8.207864e-13
1.216537655e-12
1.019282917e-12
2.980377315e-14
1.187262866e-13
0
7.137982896e-14
8.601334811e-13
9.007556541e-13
4.50637087e-14
7.214050515e-13
1.221058694e-12
4.296789901e-13
0
8.373065481e-13
1.244828514e-12
1.077075545e-12
4.227555083e-13
6.235074325e-13
1.138657845e-13
0
6.662052711e-13
1.067991908e-12
9.729847002e-13
1.185216853e-14
3.609540635e-13
5.284546246e-13
3.222299185e-13
0
0
8.540947954e-13
1.276658302e-12
2.321077622e-15
2.002513772e-14
2.204685459e-13
4.205469146e-13
5.487892766e-13
2.084083061e-13
0
6.927758505e-13
1.092879805e-12
5.485381571e-14
7.307716154e-15
2.406269053e-14
3.964780572e-13
5.926330146e-13
1.842221592e-13
0
0
7.773933524e-13
1.377653473e-14
7.214053459e-14
0
2.105164e-14
4.102540695e-13
7.131275795e-13
1.014407815e-12
1.807101306e-13
0
7.32516447e-13
0
0
0
0
0
0
0
0
0
0
0
7.801458687e-18
2.277609456e-16
1.823087652e-15
1.629455082e-14
1.866391387e-15
1.397688046e-16
0
1.531727213e-16
3.715740104e-15
0
4.617717259e-15
2.635113259e-13
4.504414131e-13
6.036256654e-13
2.318748958e-13
0
8.366059832e-14
0
0
0
0
0
0
0
0
0
0
0
0
4.34521853e-17
1.045777438e-15
1.579861165e-14
1.587229873e-15
0
0
0
0
0
0
1.483144882e-14
3.757782534e-13
5.457473916e-13
1.248722453e-13
0
0
0
0
0
0
0
0
0
0
0
0
0
0
3.092703867e-17
1.015956481e-15
1.572752837e-14
1.600090365e-15
9.675977791e-17
0
0
0
1.083738762e-14
0
1.136863451e-14
3.743641862e-13
6.153349773e-13
9.57369425e-13
7.040306409e-16
0
0
0
0
0
0
0
0
0
0
0
0
4.325747364e-18
3.130455518e-18
1.446640301e-16
3.870541955e-15
1.086594952e-16
0
0
0
4.809694621e-16
2.993042229e-14
0
8.598943551e-15
3.370239159e-13
4.551000982e-13
6.144437805e-13
3.832176069e-13
0
0
0
0
0
0
0
0
0
0
0
0
0
0
1.279124344e-16
3.664130748e-15
6.848892521e-17
1.288943632e-18
0
0
2.109157646e-16
2.278389824e-14
0
7.792676512e-17
1.077662757e-13
3.976407428e-13
5.592848651e-13
1.392273607e-13
0
0
0
0
0
0
0
0
0
0
0
9.207661379e-18
0
0
0
0
0
8.712544686e-17
0
0
0
2.441706154e-16
0
0
9.639218782e-15
3.345629251e-13
4.39381257e-13
5.881547418e-13
0
0
0
0
8.514395043e-19
0
0
0
0
0
0
0
0
0
0
0
0
5.929935289e-17
0
0
0
9.546183629e-17
0
0
7.115667433e-15
3.248116796e-13
4.003943604e-13
4.837880452e-13
2.569708955e-13
0
1.28478745e-18
2.870168583e-18
0
0
0
0
0
0
2.165215514e-17
6.847120191e-18
0
0
7.381043663e-18
0
7.475315608e-17
1.540189708e-16
0
0
0
0
0
0
2.301004287e-15
2.066312444e-13
3.96636114e-13
5.191301862e-13
2.728770583e-13
4.474636791e-18
4.421477666e-18
1.07596915e-18
0
1.029488132e-17
0
0
0
2.952881961e-18
4.513991959e-17
0
0
0
0
0
1.249358349e-16
1.582705119e-16
0
0
0
0
0
0
0
6.546052491e-14
3.873701734e-13
6.122129871e-13
9.22343163e-13
3.042928195e-18
0
0
0
0
0
0
0
3.197576838e-17
2.881853636e-18
0
0
0
0
0
5.220634454e-17
1.902183117e-16
0
0
0
0
0
0
0
8.090212134e-15
3.263940275e-13
3.89064243e-13
3.854101487e-13
0
0
0
0
0
0
7.348346243e-18
5.360706801e-17
7.160053886e-17
9.059750955e-18
0
0
9.958741484e-19
1.911643501e-16
0
2.797764918e-16
2.079011756e-16
0
0
0
2.697521209e-16
0
0
0
6.893148856e-15
3.24444128e-13
3.943434831e-13
4.68973258e-13
0
0
0
0
0
1.019807548e-17
6.554530757e-17
9.698063734e-17
5.537980181e-17
0
0
0
1.623248724e-18
1.675949529e-16
1.233193965e-16
3.624143517e-16
2.169196346e-16
0
0
0
4.098657004e-16
0
0
0
7.295700556e-15
3.252105343e-13
4.055561195e-13
5.272666824e-13
0
0
0
9.33596135e-18
2.559699281e-17
7.391857688e-17
1.061616197e-16
8.232975929e-17
7.471580109e-18
0
0
0
3.07165917e-18
1.038504007e-16
1.846946517e-16
3.689385293e-16
2.050223332e-16
0
0
0
5.192784187e-16
0
0
0
2.238179041e-15
2.009750143e-13
3.714339847e-13
4.680531835e-13
0
0
8.893638493e-18
2.842113663e-17
7.748542152e-17
1.081510453e-16
9.310374425e-17
1.987891618e-17
0
0
0
2.1575947e-17
5.238346235e-16
2.207355087e-16
5.010247612e-16
5.180799513e-16
2.003369662e-16
0
0
0
5.196155178e-16
0
0
0
0
9.738770101e-14
3.385725373e-13
3.621696045e-13
8.578930345e-18
2.871662687e-17
7.724284675e-17
9.51814014e-17
1.186453355e-16
1.153528639e-16
2.627294317e-17
0
0
0
0
3.986115485e-17
4.153417192e-16
2.234235564e-16
5.845177244e-16
5.732016234e-16
2.073571379e-16
0
0
0
5.203766884e-16
0
0
0
0
1.002778883e-14
3.190000538e-13
3.593340632e-13
8.196676965e-17
1.035794947e-16
1.216166736e-16
1.181215675e-16
9.530640832e-17
2.756925448e-17
8.077305498e-18
0
0
0
1.301892897e-17
3.718440067e-16
3.459966032e-16
3.099298503e-16
6.159848673e-16
5.497235417e-16
1.36215313e-16
0
0
0
3.6443843e-16
0
0
0
0
6.435660622e-15
3.188116167e-13
3.695318603e-13
1.41452503e-16
1.421556538e-16
1.37941822e-16
9.638380625e-17
2.824162792e-17
8.080971237e-18
0
0
0
0
2.589045036e-16
4.368054007e-16
3.527799002e-16
6.625469084e-16
7.74076776e-16
5.801677607e-16
1.006439243e-16
0
0
0
0
0
0
0
0
6.389415049e-15
3.163563336e-13
3.608973288e-13
1.539967746e-16
1.200126646e-16
8.742837507e-17
1.961355606e-17
0
0
0
0
0
1.403343739e-17
3.691255247e-16
3.084007515e-16
3.988575883e-16
7.740204673e-16
8.341763195e-16
6.00323688e-16
1.017813497e-16
0
0
0
0
0
0
0
0
2.817397724e-15
2.441349826e-13
3.463503817e-13
8.805815128e-17
2.694377935e-17
8.097509031e-18
0
0
0
0
0
1.429280482e-17
3.968008263e-16
5.010417556e-16
3.742979435e-16
7.777126706e-16
9.712684107e-16
8.867944633e-16
5.257239038e-16
0
0
0
6.577615494e-16
6.246674296e-16
0
0
0
0
1.818740475e-15
1.824038872e-13
3.434287843e-13
6.302407649e-18
0
0
0
0
0
0
2.606116369e-18
2.619868418e-16
5.602864827e-16
4.457547738e-16
4.917871924e-16
8.970688765e-16
1.011003143e-15
8.525789599e-16
4.264550197e-16
5.276732759e-17
0
0
0
0
0
0
0
0
8.076482087e-16
1.342892008e-13
3.325429101e-13
)
;

boundaryField
{
    inletCH4
    {
        type            fixedValue;
        value           nonuniform List<scalar> 0();
    }
    wallOutside
    {
        type            zeroGradient;
    }
    wallTube
    {
        type            zeroGradient;
    }
    inletPilot
    {
        type            fixedValue;
        value           nonuniform List<scalar> 0();
    }
    inletAir
    {
        type            fixedValue;
        value           nonuniform List<scalar> 0();
    }
    outlet
    {
        type            zeroGradient;
    }
    axis
    {
        type            empty;
    }
    frontAndBack_pos
    {
        type            wedge;
    }
    frontAndBack_neg
    {
        type            wedge;
    }
    procBoundary4to0
    {
        type            processor;
        value           nonuniform List<scalar> 
27
(
0
5.837581218e-14
6.390116429e-14
1.182640123e-12
9.843757215e-13
1.04303279e-12
1.101080142e-12
8.362548838e-13
8.710616831e-13
7.664597598e-13
0
0
0
0
0
0
0
2.438097299e-13
4.836762061e-13
3.327426908e-13
3.394962345e-13
3.524213992e-13
4.114958198e-13
3.872630647e-13
3.340039842e-13
3.569463516e-13
3.58490202e-13
)
;
    }
    procBoundary4to2
    {
        type            processor;
        value           nonuniform List<scalar> 10(7.154837675e-13 0 0 0 0 0 0 0 0 0);
    }
    procBoundary4to5
    {
        type            processor;
        value           nonuniform List<scalar> 
46
(
1.330625624e-16
1.305930243e-16
1.162560209e-16
4.131281982e-17
0
0
0
0
0
0
0
7.778515185e-13
0
0
0
5.099783304e-13
6.951680544e-13
6.036202573e-13
6.036202573e-13
3.547600558e-13
3.543354065e-14
3.543354065e-14
0
0
7.344547185e-15
2.821385823e-14
2.821385823e-14
0
0
0
0
0
0
0
0
1.630770568e-16
0
0
1.978026756e-16
2.459815379e-15
6.73229434e-15
2.729589156e-14
6.745436442e-15
2.436171337e-15
3.115086517e-16
3.115086517e-16
)
;
    }
}
)

// Processor5

11853
(dimensions      [0 0 0 0 0 0 0];

internalField   nonuniform List<scalar> 
862
(
5.463633391e-10
5.375377267e-10
5.142395614e-10
4.769195436e-10
4.284160709e-10
1.050012028e-10
1.028241617e-10
9.744971383e-11
8.91724741e-11
7.837424944e-11
1.982425907e-11
1.928173597e-11
1.808110529e-11
1.666778971e-11
1.425784058e-11
3.874896615e-12
3.717078328e-12
3.330539262e-12
3.208198446e-12
2.8761398e-12
7.46129269e-13
6.909999499e-13
6.242957537e-13
5.882348978e-13
5.280460043e-13
1.444460562e-13
1.680979515e-13
1.622095704e-13
1.532362908e-13
1.401406757e-13
4.793984721e-14
4.733037636e-14
4.502451528e-14
4.171625438e-14
3.788364523e-14
1.608940566e-14
1.593956838e-14
1.55935498e-14
1.510728808e-14
1.450465766e-14
1.157135063e-14
1.175047525e-14
1.215035714e-14
1.278495405e-14
1.369833036e-14
1.984474748e-14
2.030233983e-14
2.136884892e-14
2.303700577e-14
2.677737576e-14
4.037606085e-14
4.181491146e-14
4.508775732e-14
5.018640963e-14
5.697966603e-14
5.951231805e-14
6.097474027e-14
6.417297031e-14
6.895730157e-14
7.526759631e-14
4.756775001e-14
4.884044369e-14
5.157796223e-14
5.559477851e-14
6.071072796e-14
2.537154818e-14
2.597419998e-14
2.72402307e-14
2.900928361e-14
3.087648251e-14
8.229624958e-15
8.264336373e-15
8.317943678e-15
8.127453862e-15
7.523002359e-15
1.250043286e-15
0
0
0
0
0
0
0
0
0
3.662036377e-16
3.649489848e-16
3.630401675e-16
3.123292516e-16
3.516010077e-16
0
0
0
0
0
0
0
0
0
0
0
0
0
0
0
0
0
0
0
0
3.048702283e-16
2.95657776e-16
2.699518743e-16
2.208755168e-16
1.557549565e-16
1.493517846e-16
1.491736319e-16
1.467970141e-16
1.391185963e-16
1.272182322e-16
1.330625624e-16
1.305930243e-16
1.162560209e-16
4.131281982e-17
0
3.949241089e-10
7.142702635e-11
1.255508077e-11
2.636815686e-12
4.828701677e-13
1.291684763e-13
3.603049366e-14
1.394498064e-14
1.441930082e-14
2.957369647e-14
6.205919983e-14
8.042906116e-14
6.469031166e-14
3.176477421e-14
5.969921465e-15
0
0
4.953146413e-16
0
0
0
0
1.174067479e-16
1.129262725e-16
0
3.660442361e-10
2.860851367e-10
1.956581103e-10
1.184234893e-10
6.442643138e-11
6.517155363e-11
5.073092654e-11
3.456978068e-11
2.102232376e-11
1.17197132e-11
1.062303698e-11
9.212635969e-12
6.447496295e-12
4.056224769e-12
2.361561327e-12
2.406374272e-12
2.20611612e-12
1.478324551e-12
9.053401832e-13
4.900300577e-13
4.222684195e-13
2.954347313e-13
3.033662272e-13
2.215731177e-13
1.346661496e-13
1.165094618e-13
9.087529716e-14
8.104017682e-14
6.183271601e-14
4.274684028e-14
3.406939559e-14
2.62035882e-14
2.014651913e-14
1.816340787e-14
1.42310089e-14
1.322325448e-14
1.162512292e-14
1.014063515e-14
9.061938146e-15
9.867926959e-15
1.502795921e-14
1.755908488e-14
2.190827196e-14
2.796089107e-14
3.404156611e-14
3.341256512e-14
4.258191467e-14
5.359691361e-14
6.404713341e-14
8.40852757e-14
6.729533617e-14
8.364729889e-14
9.825192569e-14
1.243459837e-13
1.56077335e-13
8.810732894e-14
1.046432432e-13
1.205835499e-13
1.430037564e-13
1.608209841e-13
7.068053914e-14
8.133279135e-14
8.049259395e-14
8.609206184e-14
9.912640292e-14
3.307740433e-14
3.200285006e-14
2.452928531e-14
2.483914251e-14
3.362376242e-14
3.44663191e-15
8.264130574e-16
0
0
0
0
0
0
9.885821323e-17
2.277700049e-16
0
6.986961567e-17
1.747782031e-17
0
0
6.561672157e-16
3.799047012e-16
0
0
0
0
0
0
0
0
0
0
0
0
0
0
0
0
0
0
0
0
0
3.253581831e-18
9.014442276e-17
7.769388827e-17
4.772190924e-17
1.118667195e-16
0
0
1.392465331e-16
1.2479964e-16
0
0
0
0
0
0
0
0
0
0
0
0
0
0
0
0
0
0
0
0
0
0
1.604203306e-11
3.870365111e-12
5.088962174e-13
1.861166351e-13
5.439196545e-14
0
1.823449579e-15
4.792618615e-15
0
4.741115665e-13
0
1.158504234e-14
3.279475607e-13
0
0
0
0
0
0
0
0
2.859046093e-11
1.02383976e-11
3.246328435e-12
1.067005984e-12
2.710446827e-13
5.767795117e-14
1.372359037e-14
1.295247949e-15
0
8.992604548e-15
1.457322775e-14
0
5.567340334e-13
1.826615009e-13
3.298284116e-13
4.409373927e-13
0
0
0
0
0
0
0
5.523189171e-12
2.181487555e-12
7.734592988e-13
9.408412847e-14
5.60857727e-14
6.850286155e-15
5.595461443e-15
0
0
0
5.983191911e-15
2.075614647e-14
7.291169636e-14
0
3.048604849e-14
6.22373998e-13
7.413654409e-13
0
0
0
0
0
0
1.250880872e-12
5.553564322e-13
1.6844249e-13
7.08877743e-14
9.204227333e-15
8.740640573e-15
4.646112901e-15
0
0
0
0
2.106357442e-14
0
1.781698455e-13
0
2.717857355e-14
5.309391739e-13
6.569772399e-13
0
0
0
0
0
2.930877066e-13
1.02400251e-13
6.667708019e-14
2.694982471e-14
5.022376904e-15
4.291732884e-15
3.55278277e-15
0
0
1.075507701e-15
9.348867505e-18
0
1.774714693e-14
0
4.042411298e-13
4.419556821e-15
1.790817073e-13
4.987002426e-13
0
0
0
0
0
8.57896854e-14
4.896457458e-14
1.932090311e-14
1.178241915e-14
6.332631753e-15
3.789949793e-15
0
6.010912314e-16
0
3.421453433e-15
2.806904285e-14
3.79667197e-16
6.611018855e-15
2.244647929e-14
1.756191233e-13
0
6.903410747e-15
4.102644153e-13
5.941106277e-13
0
0
0
0
2.790117351e-14
1.462202657e-14
6.692279898e-15
4.421680117e-15
0
0
0
0
0
0
1.036104825e-15
7.650785243e-15
7.729863554e-15
4.924759256e-15
0
3.376693488e-13
0
0
5.024345568e-13
6.8042123e-13
0
0
0
9.594005161e-15
4.302946406e-15
2.034909093e-15
3.055535035e-15
1.185124166e-15
1.587580639e-14
8.770935913e-14
1.446843424e-14
2.043722541e-14
1.405081228e-14
1.827727066e-14
4.859486958e-14
1.091711198e-14
1.681242337e-14
0
2.167216715e-13
4.317505601e-13
0
5.733410966e-13
6.686655397e-13
0
0
0
1.309541474e-14
1.219216839e-14
9.716383446e-15
1.341801405e-14
6.66258793e-14
5.497173542e-14
1.64039693e-13
6.974316478e-14
6.427757823e-14
4.555294795e-14
3.091790102e-14
3.573384431e-14
3.067178497e-15
2.280775891e-15
1.053332479e-14
0
3.913551747e-13
0
0
4.901525564e-13
6.521316756e-13
0
0
4.608177767e-14
6.656157591e-14
8.142878378e-14
9.099353529e-14
1.513528716e-13
1.164458281e-13
1.94967921e-13
2.156475083e-13
1.265015515e-13
9.15850296e-14
5.193284872e-14
3.69152825e-14
5.574325127e-14
4.045357179e-14
6.618811316e-14
1.086392294e-13
8.096402113e-13
1.365500197e-12
8.654465169e-13
1.218508413e-12
1.266582569e-12
1.093689595e-12
4.613209529e-15
1.29481683e-13
1.926795663e-13
1.878919739e-13
1.806937957e-13
2.132429446e-13
2.477305107e-13
2.300357248e-13
2.655761623e-13
1.537581327e-13
1.032589327e-13
5.781488957e-14
4.024111191e-14
5.648071285e-14
2.2914588e-14
7.143754123e-14
8.188725831e-14
2.555267225e-13
6.178204657e-13
6.581814218e-14
0
5.785292171e-13
8.036860898e-13
1.873921508e-15
1.931022521e-13
2.682804617e-13
2.603479304e-13
2.01211654e-13
1.779332889e-13
1.954093018e-13
1.943807825e-13
2.523104684e-13
1.471199462e-13
9.940624847e-14
5.792753201e-14
4.225867335e-14
6.428906154e-14
2.376030288e-14
4.942616419e-14
8.826261954e-14
1.131932067e-13
7.784819479e-13
1.220299893e-12
4.632367733e-13
8.643921066e-14
8.030138163e-13
7.569929454e-13
2.003123416e-13
2.237652415e-13
1.632787289e-13
1.203955546e-13
9.906923025e-14
1.205338826e-13
1.32437811e-13
2.147180635e-13
1.117104987e-13
6.924766928e-14
4.145870192e-14
2.81523806e-14
5.782073194e-14
2.919950162e-14
3.51687914e-14
8.889294929e-14
0
4.474236631e-13
6.785656923e-13
8.479893824e-14
0
5.528102677e-13
7.514507726e-13
1.315754443e-13
1.477619912e-13
8.327630165e-14
4.360026835e-14
2.639409898e-14
5.276683893e-14
6.584696287e-14
1.426489774e-13
5.912257072e-14
3.038774621e-14
1.263367969e-14
2.774863395e-16
2.286664022e-14
2.022304138e-15
3.327286416e-15
4.05857046e-14
4.678805675e-14
8.40048078e-14
7.795512037e-13
1.239574146e-12
4.044379193e-13
0
6.916306082e-13
5.395814504e-14
3.781295356e-14
1.841293545e-14
3.86337119e-15
1.709806925e-15
0
2.899330265e-16
9.925376871e-15
1.262497484e-15
4.897625385e-15
8.617062562e-16
0
2.94334947e-15
2.359827629e-14
4.395982241e-15
2.888583099e-14
4.184031142e-14
2.826113089e-14
4.659891279e-13
7.221357519e-13
2.040125688e-13
0
7.778515185e-13
3.275149439e-15
0
0
0
1.715160162e-16
0
0
1.330535037e-15
0
3.039276132e-15
8.290875272e-17
0
7.328748001e-16
2.320478235e-14
8.02042049e-16
1.228961513e-14
7.254855154e-14
0
3.458993002e-13
8.628045193e-13
1.175869462e-12
5.512663105e-13
0
0
0
0
1.108122666e-16
2.45939034e-16
0
0
1.059710542e-15
0
3.12773665e-15
8.375608711e-17
0
0
2.284454147e-14
6.562108571e-16
1.1840399e-15
4.604004212e-14
7.433359469e-14
1.248158945e-13
5.061216154e-13
7.331612406e-13
2.205742169e-13
0
0
0
0
0
0
0
0
1.067674705e-15
0
3.069457399e-15
7.82396639e-17
0
0
2.258286602e-14
6.16674264e-16
1.116741984e-15
3.240539938e-14
5.552041702e-14
5.472084021e-14
4.458177208e-13
7.250292326e-13
5.099783304e-13
0
0
0
0
0
0
5.498471382e-15
6.812216366e-17
0
3.126221862e-15
8.668336244e-17
0
8.229440448e-16
1.551045622e-14
4.089035835e-16
1.286370697e-16
1.256808233e-14
6.79389396e-14
1.327548697e-15
9.206408386e-14
4.63355596e-13
6.951680544e-13
0
6.939476212e-18
0
0
0
0
6.223083611e-16
0
0
3.097724341e-15
8.033310382e-17
0
2.212694372e-18
3.586773177e-15
0
3.006118299e-16
1.564879704e-15
3.908554541e-14
5.98247501e-14
8.649919718e-14
4.188788782e-13
6.036202573e-13
0
1.167362544e-16
0
0
0
0
2.165710001e-15
0
0
2.755115466e-15
3.981925878e-17
0
0
0
0
3.384676259e-16
8.985652211e-16
3.74032782e-14
7.179355622e-14
8.561397321e-14
3.547600558e-13
9.816200371e-17
0
0
0
0
0
0
0
0
1.189475228e-15
0
0
8.306152079e-17
3.133648363e-15
2.467394365e-14
3.662367166e-15
8.342851497e-16
2.576623669e-14
7.03553152e-14
0
3.543354065e-14
0
0
0
0
0
0
0
0
0
1.554951921e-16
0
0
8.745138004e-16
5.963074755e-15
2.799579391e-14
5.435247905e-15
0
6.649522779e-16
9.343716477e-15
0
0
0
0
0
0
0
0
0
7.442559745e-17
4.317626381e-16
0
0
1.975515217e-15
8.048181858e-15
3.009641222e-14
7.107728688e-15
5.584706441e-16
3.286559997e-16
7.344547185e-15
0
0
0
0
0
0
0
0
0
2.607994813e-17
0
0
3.135190222e-15
9.209299735e-15
3.059365652e-14
8.382987508e-15
1.42857106e-15
7.018049072e-16
2.821385823e-14
0
0
0
0
0
0
0
0
1.630770568e-16
0
0
1.978026756e-16
2.459815379e-15
6.73229434e-15
2.729589156e-14
6.745436442e-15
2.436171337e-15
3.115086517e-16
)
;

boundaryField
{
    inletCH4
    {
        type            fixedValue;
        value           nonuniform List<scalar> 0();
    }
    wallOutside
    {
        type            zeroGradient;
    }
    wallTube
    {
        type            zeroGradient;
    }
    inletPilot
    {
        type            fixedValue;
        value           nonuniform List<scalar> 0();
    }
    inletAir
    {
        type            fixedValue;
        value           nonuniform List<scalar> 0();
    }
    outlet
    {
        type            zeroGradient;
    }
    axis
    {
        type            empty;
    }
    frontAndBack_pos
    {
        type            wedge;
    }
    frontAndBack_neg
    {
        type            wedge;
    }
    procBoundary5to1
    {
        type            processor;
        value           uniform 0;
    }
    procBoundary5to2
    {
        type            processor;
        value           nonuniform List<scalar> 
16
(
0
0
0
0
0
0
0
0
0
0
0
0
0
0
2.500342282e-15
7.154837675e-13
)
;
    }
    procBoundary5to3
    {
        type            processor;
        value           nonuniform List<scalar> 
30
(
2.607728666e-09
2.603397853e-09
2.563609105e-09
2.455543501e-09
2.300351264e-09
2.183726774e-09
2.11016697e-09
1.744100948e-09
1.249914823e-09
7.840630708e-10
4.371094802e-10
0
1.124009748e-10
2.260799988e-11
4.5076596e-12
7.721482362e-13
1.298086788e-13
0
1.133802583e-14
2.011901404e-14
2.141844856e-13
0
0
3.912124902e-13
0
0
0
1.95911997e-10
6.566412856e-11
6.566412856e-11
)
;
    }
    procBoundary5to4
    {
        type            processor;
        value           nonuniform List<scalar> 
46
(
0
0
0
0
0
0
0
0
0
0
0
1.200381589e-12
8.698141133e-13
9.211473597e-13
5.884132286e-13
5.884132286e-13
1.999567311e-13
1.187262866e-13
7.214050515e-13
7.214050515e-13
4.227555083e-13
1.185216853e-14
1.185216853e-14
2.321077622e-15
2.321077622e-15
5.485381571e-14
1.377653473e-14
0
0
0
0
0
0
0
0
0
0
0
7.801458687e-18
2.277609456e-16
1.823087652e-15
1.629455082e-14
1.866391387e-15
1.397688046e-16
1.377653473e-14
0
)
;
    }
}
)