/*--------------------------------*- C++ -*----------------------------------*\
  =========                 |
  \\      /  F ield         | OpenFOAM: The Open Source CFD Toolbox
   \\    /   O peration     | Website:  https://openfoam.org
    \\  /    A nd           | Version:  10
     \\/     M anipulation  |
\*---------------------------------------------------------------------------*/
FoamFile
{
    format      binary;
    class       decomposedBlockData;
    location    "/home/zhouyuchen/Desktop/FastChemistrySolver-OpenFOAM-10/EC-CCM/OpenFOAM-10/Sandia/processors6/0.02498655859/CH2CHO";
    object      CH2CHO;
}
// * * * * * * * * * * * * * * * * * * * * * * * * * * * * * * * * * * * * * //


// Processor0

5328
(/*--------------------------------*- C++ -*----------------------------------*\
  =========                 |
  \\      /  F ield         | OpenFOAM: The Open Source CFD Toolbox
   \\    /   O peration     | Website:  https://openfoam.org
    \\  /    A nd           | Version:  10
     \\/     M anipulation  |
\*---------------------------------------------------------------------------*/
FoamFile
{
    format      ascii;
    class       volScalarField;
    location    "0.02498655859";
    object      CH2CHO;
}
// * * * * * * * * * * * * * * * * * * * * * * * * * * * * * * * * * * * * * //

dimensions      [0 0 0 0 0 0 0];

internalField   nonuniform List<scalar> 
864
(
0
0
0
0
0
0
0
0
0
0
0
0
0
0
0
0
0
0
0
0
0
0
0
0
0
0
0
0
0
0
0
0
5.87146225e-14
0
0
0
0
0
0
0
0
0
0
0
0
0
0
0
0
0
0
0
0
0
0
0
0
0
0
0
0
0
0
0
6.537502772e-14
0
0
0
0
0
0
0
0
0
0
0
0
0
0
0
0
0
0
0
0
0
0
0
0
0
0
0
0
0
0
0
1.160433595e-12
8.35325931e-14
0
0
0
0
0
0
0
0
0
0
0
0
0
0
0
0
0
0
0
0
0
0
0
0
0
0
0
0
0
0
9.694321051e-13
6.055412863e-14
0
0
0
0
0
0
0
0
0
0
0
0
0
0
0
0
0
0
0
0
0
0
0
0
0
0
0
0
0
0
1.029066315e-12
7.254049078e-13
0
0
0
0
0
0
0
0
0
0
0
0
0
0
0
0
0
0
0
0
0
0
0
0
0
0
0
0
0
0
1.086407699e-12
9.064522966e-13
2.906756842e-14
0
0
0
0
0
0
0
0
0
0
0
0
0
0
0
0
0
0
0
0
0
0
0
0
0
0
0
0
0
8.20085358e-13
8.40390354e-13
5.272830552e-14
0
0
0
0
0
0
0
0
0
0
0
0
0
0
0
0
0
0
0
0
0
0
0
0
0
0
0
0
0
8.54388907e-13
1.131674077e-12
8.530918491e-13
1.617368749e-14
0
0
0
0
0
0
0
0
0
0
0
0
0
0
0
0
0
0
0
0
0
0
0
0
0
0
0
0
7.518443961e-13
1.085073796e-12
9.256979109e-13
7.101153169e-14
0
0
0
0
0
0
0
0
0
0
0
0
0
0
0
0
0
0
0
0
0
0
0
0
0
0
0
0
0
8.487832739e-13
1.214723228e-12
9.964464019e-13
6.901542096e-14
0
0
0
0
0
0
0
0
0
0
0
0
0
0
0
0
0
0
0
0
0
0
0
0
0
0
0
0
7.53816945e-13
1.156285126e-12
9.879023834e-13
6.97291374e-14
0
0
0
0
0
0
0
0
0
0
0
0
0
0
0
0
0
0
0
0
0
0
0
0
0
0
0
0
4.323167118e-13
8.965593234e-13
8.869496306e-13
9.910723559e-14
0
0
0
0
0
0
0
0
0
0
0
0
0
0
0
0
0
0
0
0
0
0
0
0
0
0
0
0
0
7.723851901e-13
1.102933048e-12
8.523418528e-13
2.587347901e-14
0
0
0
0
0
0
0
0
0
0
0
0
0
0
0
0
0
0
0
0
0
0
0
0
0
0
0
0
7.25340155e-13
1.112058618e-12
9.430479796e-13
7.645797514e-14
0
0
0
0
0
0
0
0
0
0
0
0
0
0
0
0
0
0
0
0
0
0
0
0
0
0
0
0
1.354592773e-13
9.261453919e-13
1.097475952e-12
7.674992174e-13
2.979248205e-15
0
0
0
0
0
0
0
0
0
0
0
0
0
0
0
0
0
0
0
0
0
0
0
0
0
0
0
0
7.844466369e-13
1.143200595e-12
9.313024682e-13
5.179978547e-14
0
0
0
0
0
0
0
0
0
0
0
0
0
0
0
0
0
0
0
0
0
0
0
0
0
1.927130091e-13
0
0
7.372482574e-13
1.121757218e-12
9.538655891e-13
9.482102892e-14
0
0
0
0
0
0
0
0
0
0
0
0
0
0
0
0
0
0
0
0
0
0
0
0
0
4.200243981e-13
0
0
6.415348413e-13
1.11766034e-12
1.266213669e-12
1.038910101e-12
7.503161572e-14
0
0
0
0
0
0
0
0
0
0
0
0
0
0
0
0
0
0
0
0
0
0
0
0
2.688807795e-13
0
0
0
8.198405209e-13
1.180370865e-12
9.779696939e-13
7.317944703e-14
0
0
0
0
0
0
0
0
0
0
0
0
0
0
0
0
0
0
0
0
0
0
0
0
3.593943889e-13
0
0
0
7.598913206e-13
1.145701082e-12
9.676200592e-13
1.032353133e-13
0
0
0
0
0
0
0
0
0
0
0
0
0
0
0
0
0
0
0
0
0
0
0
0
3.718409123e-13
0
0
0
6.814533035e-13
1.148909158e-12
1.25107406e-12
9.685279545e-13
5.682978114e-14
0
0
0
0
0
0
0
0
0
0
0
0
0
0
0
0
0
0
0
0
0
0
0
4.287082352e-13
1.130652393e-14
0
0
6.579963612e-14
8.666013719e-13
1.195683341e-12
9.716714697e-13
7.27026166e-14
0
0
0
0
0
0
0
0
0
0
0
0
0
0
0
0
0
0
0
0
0
0
0
4.044811852e-13
0
0
0
0
7.71394728e-13
1.153145623e-12
9.64361982e-13
9.141294108e-14
0
0
0
0
0
0
0
0
0
0
0
0
0
0
0
0
0
0
0
0
0
0
0
3.537330402e-13
0
0
0
0
6.821547611e-13
1.101283479e-12
1.050876819e-12
4.251505441e-13
0
0
0
0
0
0
0
0
0
0
0
0
0
0
0
0
0
0
0
0
0
0
0
3.845852196e-13
3.373129064e-13
0
0
0
4.457146514e-13
9.856423428e-13
1.191503242e-12
8.964956451e-13
4.848011019e-14
0
0
0
0
0
0
0
0
0
0
0
0
0
0
0
0
0
0
0
0
0
0
3.865643839e-13
3.623213643e-13
0
0
0
3.548588481e-14
8.203539865e-13
1.17587443e-12
9.613488902e-13
8.110955348e-14
0
0
0
0
0
0
0
0
0
0
0
0
0
0
0
0
0
0
0
0
0
0
)
;

boundaryField
{
    inletCH4
    {
        type            fixedValue;
        value           nonuniform List<scalar> 0();
    }
    wallOutside
    {
        type            zeroGradient;
    }
    wallTube
    {
        type            zeroGradient;
    }
    inletPilot
    {
        type            fixedValue;
        value           nonuniform List<scalar> 0();
    }
    inletAir
    {
        type            fixedValue;
        value           nonuniform List<scalar> 0();
    }
    outlet
    {
        type            zeroGradient;
    }
    axis
    {
        type            empty;
    }
    frontAndBack_pos
    {
        type            wedge;
    }
    frontAndBack_neg
    {
        type            wedge;
    }
    procBoundary0to2
    {
        type            processor;
        value           uniform 0;
    }
    procBoundary0to4
    {
        type            processor;
        value           nonuniform List<scalar> 
27
(
4.577423922e-14
1.057025528e-12
9.576711633e-13
1.261779097e-12
1.079795701e-12
7.60639095e-13
7.153332784e-13
9.640198479e-14
0
0
0
0
0
2.066901604e-13
2.271985412e-13
8.775766424e-13
4.092762633e-13
4.911309716e-13
5.526041784e-13
4.930831464e-13
3.909870541e-13
3.873799174e-13
3.984843803e-13
3.896961944e-13
3.725157776e-13
3.684898045e-13
3.569999397e-13
)
;
    }
}


// ************************************************************************* //
)

// Processor1

1085
(dimensions      [0 0 0 0 0 0 0];

internalField   uniform 0;

boundaryField
{
    inletCH4
    {
        type            fixedValue;
        value           nonuniform List<scalar> 0();
    }
    wallOutside
    {
        type            zeroGradient;
    }
    wallTube
    {
        type            zeroGradient;
    }
    inletPilot
    {
        type            fixedValue;
        value           nonuniform List<scalar> 0();
    }
    inletAir
    {
        type            fixedValue;
        value           uniform 0;
    }
    outlet
    {
        type            zeroGradient;
    }
    axis
    {
        type            empty;
    }
    frontAndBack_pos
    {
        type            wedge;
    }
    frontAndBack_neg
    {
        type            wedge;
    }
    procBoundary1to2
    {
        type            processor;
        value           uniform 0;
    }
    procBoundary1to3
    {
        type            processor;
        value           uniform 0;
    }
    procBoundary1to5
    {
        type            processor;
        value           uniform 0;
    }
}
)

// Processor2

3198
(dimensions      [0 0 0 0 0 0 0];

internalField   nonuniform List<scalar> 
861
(
0
0
0
0
0
0
0
0
0
0
0
0
0
0
0
0
0
0
0
0
0
0
0
0
0
0
0
0
0
0
0
0
0
0
0
0
0
0
0
0
0
0
0
0
0
0
0
0
0
0
0
0
0
0
0
0
0
0
0
0
0
0
0
0
0
0
0
0
0
0
0
0
0
0
0
0
0
0
0
0
0
0
0
0
0
0
0
0
0
0
0
0
0
0
0
0
0
0
0
0
0
0
0
0
0
0
0
0
0
0
0
0
0
0
0
0
0
0
0
0
0
0
0
0
0
0
0
0
0
0
0
0
0
0
0
0
0
0
0
0
0
0
0
0
0
0
0
0
0
0
0
0
0
0
0
0
0
0
0
0
0
0
0
0
0
0
0
0
0
0
0
0
0
0
0
0
0
0
0
0
0
0
0
0
0
0
0
0
0
0
0
0
0
0
0
0
0
0
0
0
0
0
0
0
0
0
0
0
0
0
0
0
0
0
0
0
0
0
0
0
0
0
0
0
0
0
0
0
0
0
0
0
0
0
0
0
0
0
0
0
0
0
0
0
0
0
0
0
0
0
0
0
0
0
0
0
0
0
0
0
0
0
0
0
0
0
0
0
0
0
0
0
0
0
0
0
0
0
0
0
0
0
0
0
0
0
0
0
0
0
0
0
0
0
0
0
0
0
0
0
0
0
0
0
0
0
0
0
0
0
0
0
0
0
0
0
0
0
0
0
0
0
0
0
0
0
0
0
0
0
0
0
0
0
0
0
0
0
0
0
0
0
0
0
0
0
0
0
0
0
0
0
0
0
0
0
0
0
0
0
0
0
0
0
0
0
0
0
0
0
0
0
0
0
0
0
0
0
0
0
0
0
0
0
0
0
0
0
0
0
0
0
0
0
0
0
0
0
0
0
0
0
0
0
0
0
0
0
0
0
0
0
0
0
0
0
0
0
0
0
0
0
0
0
0
0
0
0
0
0
0
0
0
0
0
0
0
0
0
0
0
0
0
0
0
0
0
0
0
0
0
0
0
0
0
0
0
0
0
0
0
0
0
0
0
0
0
0
0
0
0
0
0
0
0
0
0
0
0
0
0
0
0
0
0
0
0
0
0
0
0
0
0
0
0
0
0
0
0
0
0
0
0
0
0
0
0
0
0
0
0
0
0
0
0
0
0
0
0
0
0
0
0
0
0
0
0
0
0
0
0
0
0
0
0
0
0
0
0
0
0
0
0
0
0
0
0
0
0
0
0
0
0
0
0
0
0
0
0
0
0
0
0
0
0
0
0
0
0
0
0
0
0
0
0
0
0
0
0
0
0
0
0
0
0
0
0
0
0
0
0
0
0
0
0
0
0
0
0
0
0
0
0
0
0
0
0
0
0
0
0
0
0
0
0
0
0
0
0
0
0
0
0
0
0
0
2.255541258e-15
0
0
0
0
0
0
0
0
0
0
0
0
0
0
0
0
0
0
0
0
0
0
0
0
0
0
0
0
0
0
0
0
0
0
0
0
6.983830915e-13
0
0
0
0
0
0
0
0
0
0
0
0
0
0
0
0
0
0
0
0
0
0
0
0
0
0
0
0
0
0
0
0
0
0
0
0
0
0
0
0
0
0
0
0
0
0
0
0
0
0
0
0
0
0
0
0
0
0
0
0
0
0
0
0
0
0
0
0
0
0
0
0
0
0
0
0
0
0
0
0
0
0
0
0
0
0
0
0
0
0
0
0
0
0
0
0
0
0
0
0
0
0
0
0
0
0
0
0
0
0
0
0
0
0
0
0
0
0
0
0
0
0
0
0
0
0
0
0
0
0
0
0
0
0
0
0
0
0
0
0
0
0
0
0
0
0
0
0
0
0
0
0
0
0
0
0
0
0
0
0
0
0
0
0
0
0
0
0
0
0
0
0
0
0
0
0
0
0
0
0
0
0
0
0
0
0
0
0
0
0
0
0
0
0
0
0
0
)
;

boundaryField
{
    inletCH4
    {
        type            fixedValue;
        value           nonuniform List<scalar> 0();
    }
    wallOutside
    {
        type            zeroGradient;
    }
    wallTube
    {
        type            zeroGradient;
    }
    inletPilot
    {
        type            fixedValue;
        value           nonuniform List<scalar> 0();
    }
    inletAir
    {
        type            fixedValue;
        value           nonuniform List<scalar> 0();
    }
    outlet
    {
        type            zeroGradient;
    }
    axis
    {
        type            empty;
    }
    frontAndBack_pos
    {
        type            wedge;
    }
    frontAndBack_neg
    {
        type            wedge;
    }
    procBoundary2to0
    {
        type            processor;
        value           uniform 0;
    }
    procBoundary2to1
    {
        type            processor;
        value           uniform 0;
    }
    procBoundary2to4
    {
        type            processor;
        value           nonuniform List<scalar> 10(1.184659187e-12 1.084397316e-12 2.079006813e-14 0 0 0 0 0 0 2.982807603e-14);
    }
    procBoundary2to5
    {
        type            processor;
        value           nonuniform List<scalar> 
16
(
0
0
0
0
0
0
0
0
0
0
0
3.956703546e-15
1.466948957e-15
7.39909244e-13
7.330444886e-13
6.748888099e-13
)
;
    }
}
)

// Processor3

10405
(dimensions      [0 0 0 0 0 0 0];

internalField   nonuniform List<scalar> 
861
(
0
0
0
0
0
0
0
0
0
0
0
0
0
0
0
0
0
0
0
0
0
0
0
0
0
0
0
0
0
0
0
0
0
0
0
0
0
0
0
0
0
0
0
0
0
0
0
0
0
0
0
0
0
0
0
0
0
0
0
0
0
0
0
0
0
0
0
0
0
0
0
0
0
0
0
0
0
0
0
0
0
0
0
0
0
0
0
0
0
0
0
0
0
0
0
0
0
0
0
0
1.572408305e-21
1.195188349e-22
1.496315886e-22
7.137310724e-24
3.355986789e-21
1.250030193e-22
0
1.213355203e-21
1.77117815e-21
1.308824085e-21
5.219794141e-25
0
6.659606971e-23
2.618856255e-21
3.73488545e-22
0
0
4.119105575e-22
5.731717214e-22
1.634451853e-22
0
0
0
0
0
0
0
0
0
0
0
0
0
1.65353657e-14
3.502340971e-13
2.60181357e-13
1.060568255e-14
0
3.127927786e-15
1.779447327e-12
1.733310152e-12
0
0
7.607049067e-13
1.444681836e-13
2.694035074e-13
8.393889852e-13
7.83020934e-13
1.27164403e-13
0
0
3.342692855e-13
1.55104837e-13
0
1.808501618e-14
3.396060029e-14
0
0
0
4.529211288e-15
9.034468144e-15
5.402507399e-15
0
1.900109537e-14
2.921291386e-14
2.482222469e-14
2.593735323e-14
1.854133365e-14
2.220000823e-14
2.506636243e-14
3.282330946e-14
2.631234712e-14
1.775220111e-14
2.7153359e-14
1.999196664e-14
2.733970013e-14
3.071839455e-14
2.615079627e-14
2.637470556e-14
1.681710698e-14
1.984137794e-14
2.790891052e-14
2.648258511e-14
2.129707127e-14
1.487297184e-14
1.635329195e-14
2.179601225e-14
2.132396173e-14
1.68744851e-14
1.391601791e-14
1.476384437e-13
8.265096789e-14
3.176112753e-14
1.816271861e-14
1.409815312e-14
1.48421365e-11
9.516339246e-12
1.445580794e-12
3.103954824e-13
1.059175222e-14
0
0
6.521485043e-15
2.366867866e-11
7.847609988e-10
0
0
1.063397887e-11
1.706679168e-10
4.498835079e-09
0
3.657835518e-14
2.268377867e-11
3.702749223e-10
6.72688478e-09
0
9.406801369e-13
3.465709755e-11
5.872251149e-10
8.106908266e-09
0
4.005957513e-12
5.27353896e-11
7.948863912e-10
9.005060635e-09
0
8.679890194e-12
7.112979496e-11
1.110123029e-09
1.089503972e-08
6.976561287e-13
1.797402992e-11
1.158907756e-10
1.600703449e-09
1.396704193e-08
2.758415233e-12
2.436597906e-11
1.908589963e-10
2.248408995e-09
1.736732198e-08
4.538360433e-12
2.419721552e-11
2.884819973e-10
2.859425201e-09
1.914130213e-08
8.001212006e-12
3.475387585e-11
4.210544974e-10
3.571467959e-09
2.103258143e-08
1.939863734e-11
7.803726993e-11
6.204884084e-10
4.537885222e-09
2.373210396e-08
1.826195967e-11
1.124162832e-10
9.185370446e-10
5.833700399e-09
2.693966265e-08
1.236964248e-11
1.840772799e-10
1.311733743e-09
7.302007492e-09
2.952728978e-08
5.788302246e-11
3.122498157e-10
1.876249672e-09
9.174634596e-09
3.225540304e-08
1.571989565e-10
6.480278085e-10
2.747761856e-09
1.165044606e-08
3.516792141e-08
2.226434392e-10
1.01041488e-09
4.223687124e-09
1.55089923e-08
3.874885742e-08
7.769577528e-10
1.993295542e-09
6.818556596e-09
2.063680995e-08
4.377267533e-08
1.985032456e-09
4.035517833e-09
1.105427308e-08
2.819689826e-08
4.999323237e-08
4.933607586e-09
8.422576326e-09
1.847182722e-08
3.656082117e-08
5.33401174e-08
1.113788162e-08
1.56650261e-08
2.614389006e-08
4.021879117e-08
5.016803266e-08
2.026604521e-08
2.41196077e-08
3.194463476e-08
4.162989657e-08
5.046954428e-08
2.52085386e-08
2.75187901e-08
3.236877282e-08
3.915112173e-08
4.741477391e-08
1.977475675e-08
2.070253635e-08
2.260358185e-08
2.518105234e-08
2.812110493e-08
9.352884137e-09
9.498588359e-09
9.753049541e-09
9.964697323e-09
1.003545697e-08
2.779263749e-09
2.776079071e-09
2.736240198e-09
2.62569248e-09
2.462995733e-09
3.453778401e-09
2.772316106e-08
3.478732785e-08
3.996263426e-08
4.119986964e-08
4.632790413e-08
5.354973421e-08
5.833710452e-08
5.428727397e-08
5.161927003e-08
5.140912691e-08
5.187992213e-08
5.117477202e-08
4.991969677e-08
4.916841301e-08
4.900757644e-08
5.099628749e-08
5.335039433e-08
5.411004525e-08
5.103091305e-08
5.521285469e-08
5.398309314e-08
3.023477609e-08
1.005578578e-08
2.342292541e-09
3.006246743e-09
1.172076641e-09
6.490031841e-11
8.440379079e-12
2.951546854e-12
4.316777548e-08
3.855641915e-07
2.206700216e-08
6.752746178e-10
5.104316936e-10
5.38030522e-08
1.419890882e-07
1.449979185e-08
8.889548124e-10
2.076581906e-09
5.972798529e-08
6.425776449e-08
2.632316273e-08
2.223027042e-09
1.025343827e-09
8.14579952e-08
7.499411653e-08
3.268290832e-07
3.231904734e-08
2.806723035e-09
9.888184007e-08
9.964054554e-08
4.847511822e-07
6.117711326e-08
6.12100574e-09
1.097343766e-07
1.035380334e-07
4.103583484e-07
6.14821198e-08
7.194396573e-09
1.103537034e-07
8.803188468e-08
2.585900745e-07
4.650755078e-08
6.376969965e-09
9.336114038e-08
7.010429108e-08
1.626888348e-07
9.679464141e-08
1.414764747e-08
8.163758391e-08
6.220767523e-08
1.345471741e-07
2.026651699e-07
3.260681368e-08
7.417992215e-08
5.972585466e-08
1.327374044e-07
2.878774089e-07
5.137785491e-08
7.049192318e-08
6.09308246e-08
1.330532836e-07
3.246491762e-07
6.338238539e-08
6.796819941e-08
6.085318119e-08
1.241972562e-07
3.065493598e-07
7.411941511e-08
5.985005004e-08
5.669923459e-08
1.138939198e-07
2.723960786e-07
1.01682017e-07
5.461758035e-08
5.290030334e-08
1.062436866e-07
2.453341298e-07
1.405675917e-07
5.044556122e-08
5.035722771e-08
1.020728128e-07
2.2747476e-07
1.815131139e-07
4.975952241e-08
5.302889638e-08
1.037015828e-07
2.276620789e-07
1.998950634e-07
4.910283052e-08
5.945775342e-08
1.177678599e-07
2.571652602e-07
1.642846351e-07
5.044116058e-08
6.71514812e-08
1.350297604e-07
3.051454055e-07
9.33726195e-08
5.015160055e-08
6.219430705e-08
1.01816085e-07
1.792416711e-07
2.745852208e-07
6.152011278e-08
8.304508912e-08
1.371246799e-07
2.505173061e-07
4.248651024e-07
6.468324255e-08
8.768834564e-08
1.185314964e-07
1.444149918e-07
1.380926473e-07
3.409782662e-08
3.768446396e-08
3.708558335e-08
3.145260747e-08
2.225571842e-08
1.038996209e-08
9.610313096e-09
7.716746139e-09
5.375730711e-09
3.267016491e-09
2.268313326e-09
1.883613096e-09
1.359025066e-09
8.604227792e-10
4.849010021e-10
6.999697866e-14
0
0
0
0
0
0
0
0
0
0
0
0
0
0
0
1.237998078e-11
7.918710308e-13
0
0
0
0
0
0
0
0
0
0
0
0
0
0
9.708865383e-11
1.313263245e-15
0
0
0
0
0
0
0
0
0
0
0
0
0
0
1.032784544e-09
1.420215098e-11
2.162686162e-12
0
0
0
0
0
0
0
0
0
0
0
0
0
7.481928484e-09
2.581687427e-10
3.048917e-13
1.383074537e-12
0
0
0
0
0
0
0
0
0
0
0
0
6.176866974e-09
2.248331038e-09
6.390402229e-11
1.760642894e-11
7.629908513e-13
0
0
0
0
0
0
0
0
0
0
0
1.868634479e-09
6.340172909e-09
5.691283553e-10
1.551920249e-11
5.36676819e-12
0
0
0
0
0
0
0
0
0
0
0
8.687666099e-10
4.046405824e-09
2.769342421e-09
1.553325949e-10
1.099311868e-11
2.686229339e-12
0
0
0
0
0
0
0
0
0
0
1.470714733e-09
2.097971011e-09
7.022450726e-09
1.032105399e-09
4.386543121e-11
1.423141061e-11
7.215089975e-13
0
0
0
0
0
0
0
0
0
3.513089443e-09
1.048098773e-09
6.564543834e-09
3.813442387e-09
2.993854478e-10
8.930958663e-12
3.893679843e-12
0
0
0
0
0
0
0
0
0
6.26639672e-09
9.112542869e-10
3.67746777e-09
1.094180571e-08
1.369821091e-09
5.98095498e-11
1.534333205e-11
1.172201e-12
0
0
0
0
0
0
0
0
8.626645812e-09
1.129989797e-09
2.352136054e-09
1.649413746e-08
4.428342561e-09
2.639069303e-10
5.466707835e-12
3.686254986e-12
8.85311394e-14
0
0
0
0
0
0
0
1.11147959e-08
1.468897464e-09
1.546872486e-09
1.364613846e-08
1.190470577e-08
9.336231318e-10
3.001139421e-11
7.153236718e-12
5.310465137e-13
0
0
0
0
0
0
0
1.651710996e-08
2.301362095e-09
1.32382831e-09
9.49724874e-09
2.755004537e-08
2.748722106e-09
1.132994991e-10
1.885452364e-11
1.081317873e-12
0
0
0
0
0
0
0
2.499686755e-08
3.821264807e-09
1.550080347e-09
8.809164102e-09
5.041812944e-08
5.687839985e-09
2.857165576e-10
4.394020732e-11
2.585151538e-12
1.587823409e-14
0
0
0
0
0
0
3.518516314e-08
5.946799714e-09
2.352752696e-09
1.118121939e-08
5.492771608e-08
6.572378008e-09
3.801266206e-10
2.96249777e-11
2.735409197e-12
2.677134562e-14
0
0
0
0
0
0
4.111260631e-08
8.710948617e-09
1.258702305e-08
8.971729439e-08
5.084867172e-08
4.550524177e-09
2.877811939e-10
1.232081347e-11
1.540278133e-12
2.933367271e-16
0
0
0
0
0
0
3.441031931e-08
9.351043696e-09
2.314401529e-08
1.683523302e-07
2.785778361e-08
2.163690543e-09
1.328984247e-10
0
5.751159891e-13
0
0
0
0
0
0
0
3.485833512e-08
6.0948838e-08
3.015557672e-07
8.187403632e-08
9.29638606e-09
6.858713851e-10
4.445233339e-11
7.047902525e-12
4.388093802e-13
4.879386774e-13
0
0
0
0
0
0
4.009800996e-07
5.599927316e-07
1.719511702e-07
2.610610383e-08
2.573903485e-09
2.069003749e-10
1.868439771e-11
2.917175246e-12
5.961250011e-13
6.53456634e-13
3.56882837e-13
0
0
0
0
0
4.802613895e-07
1.759692922e-07
3.802749221e-08
5.454888184e-09
5.929770459e-10
5.674682086e-11
3.425611224e-12
4.036230826e-13
1.954824598e-13
1.604120068e-14
7.217569811e-13
3.285106699e-13
0
0
0
0
8.745587199e-08
2.834414016e-08
6.148229646e-09
9.671420726e-10
1.213826082e-10
1.344411106e-11
1.385600088e-12
1.449863046e-13
0
1.395844853e-14
5.775911891e-14
7.611570253e-13
3.669725626e-13
0
0
0
1.172415773e-08
3.871491483e-09
9.001431978e-10
1.58711095e-10
2.354996877e-11
3.293964191e-12
6.09750305e-13
6.611464856e-14
1.265068389e-14
1.986215132e-13
0
0
6.414383033e-13
1.830717726e-13
0
0
1.565187216e-09
5.254337528e-10
1.312587277e-10
2.629763275e-11
4.793387465e-12
8.384181889e-13
1.433301997e-13
1.451140219e-14
2.962975517e-14
2.384468412e-14
2.264269925e-13
0
0
3.722627741e-13
0
0
2.198598408e-10
7.448049951e-11
)
;

boundaryField
{
    inletCH4
    {
        type            fixedValue;
        value           uniform 0;
    }
    wallOutside
    {
        type            zeroGradient;
    }
    wallTube
    {
        type            zeroGradient;
    }
    inletPilot
    {
        type            fixedValue;
        value           uniform 0;
    }
    inletAir
    {
        type            fixedValue;
        value           uniform 0;
    }
    outlet
    {
        type            zeroGradient;
    }
    axis
    {
        type            empty;
    }
    frontAndBack_pos
    {
        type            wedge;
    }
    frontAndBack_neg
    {
        type            wedge;
    }
    procBoundary3to1
    {
        type            processor;
        value           uniform 0;
    }
    procBoundary3to5
    {
        type            processor;
        value           nonuniform List<scalar> 
30
(
5.849807207e-10
5.757553383e-10
5.513241265e-10
5.116238053e-10
4.610323479e-10
4.248075291e-10
3.940072608e-10
3.085238532e-10
2.115243823e-10
1.28489919e-10
7.025397636e-11
0
1.812531648e-11
4.308495575e-12
8.817905576e-13
1.923534812e-13
5.615142735e-14
0
3.364455122e-15
1.955061178e-14
0
4.26223629e-13
0
0
3.116211092e-13
0
0
3.137943001e-11
1.812531648e-11
1.124749206e-11
)
;
    }
}
)

// Processor4

9693
(dimensions      [0 0 0 0 0 0 0];

internalField   nonuniform List<scalar> 
862
(
0
0
0
0
0
0
0
0
0
0
0
0
0
0
0
0
0
0
0
0
0
0
0
0
0
0
0
0
0
0
0
0
0
0
0
0
0
0
0
0
0
0
0
0
0
1.767432439e-18
1.926977866e-18
2.025814127e-18
1.948977095e-18
1.631705652e-18
5.628598461e-18
5.405370736e-18
5.100872037e-18
4.948503009e-18
5.053208644e-18
4.265874773e-18
4.300795878e-18
4.309330908e-18
4.218399683e-18
3.902308164e-18
0
0
0
0
0
0
0
0
0
0
1.83399972e-17
1.85272797e-17
1.86994717e-17
1.867838636e-17
1.785817188e-17
1.756431714e-17
1.747478332e-17
1.684215665e-17
1.437193985e-17
1.842012754e-18
1.973733606e-17
2.014108826e-17
2.175401881e-17
2.684877964e-17
4.180847719e-17
2.164526161e-16
2.167709768e-16
2.172341199e-16
2.172930531e-16
2.177949816e-16
2.923027853e-16
2.848550265e-16
2.69393165e-16
2.482882712e-16
2.259089935e-16
5.350412989e-17
5.228851429e-17
4.906791264e-17
4.193695699e-17
4.26229194e-17
0
0
0
0
0
0
0
0
0
1.898772851e-18
5.190379194e-18
3.498599204e-18
0
0
1.650824785e-17
2.15856211e-18
6.051348367e-17
2.203367615e-16
2.142409068e-16
4.86459626e-17
0
0
0
0
0
0
0
0
0
0
0
0
0
0
0
0
0
0
0
0
0
0
0
0
0
0
0
0
0
0
0
0
0
0
0
0
0
0
0
0
0
3.427085406e-18
3.366725777e-18
2.654771845e-18
2.076956618e-18
5.48554841e-18
7.4638187e-18
6.855209787e-18
6.224166629e-18
4.943862541e-18
5.565761528e-18
4.981323876e-18
4.610661343e-18
3.062051058e-18
0
2.362035818e-18
0
0
0
9.627203729e-18
0
8.709119577e-18
0
0
1.922947687e-17
0
1.966343959e-17
2.337085213e-17
2.493777987e-17
2.604545201e-17
2.184432764e-17
2.432052685e-17
2.50290726e-17
2.499280239e-17
2.34228455e-17
4.765137677e-18
8.400995021e-18
1.093712669e-17
1.520135281e-17
2.786244568e-17
9.018729603e-17
1.131655675e-16
1.184477439e-16
1.160741433e-16
1.161034711e-16
2.195535177e-16
2.21253407e-16
2.078107119e-16
1.88069908e-16
1.662613383e-16
1.935585924e-16
1.632189622e-16
1.086884486e-16
8.707012651e-17
5.657476197e-17
4.038427545e-17
3.287525262e-17
8.047333963e-18
0
0
1.184659187e-12
1.084397316e-12
2.079006813e-14
0
8.528510509e-13
9.064568892e-13
3.154052226e-14
0
0
9.04222354e-13
1.275181853e-12
1.063352632e-12
4.065156392e-14
0
5.246649306e-13
8.6666664e-14
8.273804299e-13
8.934630529e-13
3.961723257e-14
0
1.306235395e-13
0
8.023754815e-13
1.200099981e-12
1.000271765e-12
2.982807603e-14
5.070928205e-14
0
8.327249784e-14
8.442777934e-13
8.844483323e-13
4.577423922e-14
7.514983227e-13
1.207950219e-12
3.815632786e-13
0
8.196321305e-13
1.22862221e-12
1.057025528e-12
4.488044355e-13
6.376886816e-13
4.737594649e-14
0
6.505866678e-13
1.054883964e-12
9.576711633e-13
1.882578063e-14
3.851388741e-13
5.469319226e-13
2.407815795e-13
0
0
8.375461647e-13
1.261779097e-12
0
2.172405929e-14
2.496895838e-13
4.492623236e-13
5.635415021e-13
1.586380576e-13
0
6.767503905e-13
1.079795701e-12
4.343159231e-14
4.699684817e-15
3.269555226e-14
4.208453347e-13
6.049657134e-13
1.173708849e-13
0
0
7.60639095e-13
1.603107711e-14
8.383498841e-14
5.997419304e-16
2.861959606e-14
4.367218303e-13
7.386406567e-13
8.937188797e-13
1.385573313e-13
0
7.153332784e-13
0
0
0
0
0
0
0
0
8.555244197e-18
0
0
0
3.141268445e-16
2.571378163e-15
1.63812265e-14
2.482488257e-15
1.808382785e-16
0
2.648897943e-16
4.080564333e-15
0
8.887289884e-15
2.929323823e-13
4.813936249e-13
6.212813139e-13
1.83128983e-13
0
9.640198479e-14
0
0
0
0
0
0
0
0
6.61070649e-18
0
0
0
7.570708732e-17
1.796491169e-15
1.575869677e-14
2.155986352e-15
3.712415776e-17
0
0
0
0
0
2.340409901e-14
4.001857057e-13
5.592108133e-13
6.0406e-14
0
0
0
0
0
0
0
0
0
6.676428805e-18
0
0
0
0
6.228296077e-17
1.753565065e-15
1.565743533e-14
2.162767095e-15
9.590693485e-17
0
0
5.240195302e-17
0
0
1.83475546e-14
4.0027748e-13
6.464957395e-13
9.480015491e-13
0
0
0
0
0
0
0
0
0
7.893714064e-18
0
0
0
0
0
4.333319874e-16
6.747066954e-15
3.465722001e-16
0
0
4.233115605e-17
1.333151858e-15
1.880312021e-14
0
1.453429719e-14
3.602331031e-13
4.873632855e-13
6.355320887e-13
3.28295528e-13
0
0
0
0
0
0
1.743116097e-18
0
0
0
0
0
0
0
3.864583929e-16
6.421576979e-15
2.76069113e-16
0
0
0
1.07167637e-15
2.095757643e-14
0
0
1.224034491e-13
4.238112388e-13
5.728253662e-13
7.477567009e-14
0
0
0
0
0
6.151245027e-19
0
0
3.224511386e-18
4.780325498e-18
0
0
0
0
0
0
0
0
0
0
0
1.970553356e-16
0
0
1.591889771e-14
3.583072858e-13
4.710476346e-13
5.958661523e-13
0
0
0
0
6.539693577e-20
0
0
5.200904465e-18
1.080339321e-17
2.900569393e-19
0
0
0
0
0
0
0
0
0
0
0
0
0
0
1.245485104e-14
3.47152635e-13
4.309439656e-13
5.055869815e-13
2.066901604e-13
0
1.022755688e-18
2.488631294e-18
0
0
5.399138791e-18
1.449155449e-17
1.070979328e-17
0
3.17703042e-18
0
0
0
0
0
0
5.249615423e-17
0
0
0
1.106114697e-16
0
0
4.315380579e-15
2.353198781e-13
4.248254415e-13
5.383752172e-13
2.271985412e-13
4.844870207e-18
4.153446379e-18
0
0
1.626074783e-17
1.171206482e-17
1.728652187e-17
1.223264621e-17
0
0
0
0
0
0
0
2.847647551e-17
5.963962254e-17
0
0
0
0
0
0
0
8.180999525e-14
4.143800353e-13
6.422100948e-13
8.775766424e-13
3.028720811e-18
0
0
0
1.735991239e-17
2.01210815e-17
1.388904247e-17
0
1.219348519e-17
0
0
0
0
0
0
0
8.485522911e-17
0
0
0
0
0
0
0
1.375017176e-14
3.490757622e-13
4.190083121e-13
4.092762633e-13
0
1.173989081e-17
0
1.976033107e-17
2.300053411e-17
1.959448975e-17
2.670053654e-19
3.542051679e-17
1.0905562e-17
0
0
0
0
1.887124176e-16
0
1.707787409e-16
1.112724529e-16
0
0
0
0
0
0
0
1.214423343e-14
3.467741329e-13
4.245213028e-13
4.911309716e-13
0
1.874633387e-17
2.363939075e-17
2.460500403e-17
2.124181846e-17
4.227963799e-18
4.951877164e-17
7.556573857e-17
0
0
0
0
0
6.218114934e-17
4.596110509e-17
2.52354133e-16
1.236035802e-16
0
0
0
1.821704418e-16
1.711255103e-18
0
0
1.268785385e-14
3.475498183e-13
4.366964607e-13
5.526041784e-13
2.478279204e-17
2.724678933e-17
2.634423129e-17
1.153437173e-18
1.758068266e-17
5.830385073e-17
8.562604299e-17
2.006584005e-17
0
0
0
0
0
2.27209956e-17
9.907242288e-17
2.616065969e-16
1.135814517e-16
0
0
0
2.472671141e-16
3.088576942e-17
0
0
4.054385742e-15
2.293333394e-13
3.997499678e-13
4.930831464e-13
2.671515251e-17
2.477080936e-17
2.222803259e-18
2.037542734e-17
6.191439441e-17
8.856233996e-17
3.433214131e-17
0
0
0
0
0
5.01866682e-16
1.708261385e-16
3.948056038e-16
4.091786916e-16
1.166391227e-16
0
0
0
2.481354707e-16
1.077197094e-16
0
0
0
1.098064351e-13
3.623333805e-13
3.909870541e-13
2.598036351e-18
2.146553328e-17
6.084188412e-17
8.092979201e-17
1.002002718e-16
5.425279838e-17
0
0
0
0
0
3.279353533e-18
3.041172812e-16
1.628937831e-16
4.745287584e-16
4.640009766e-16
1.252076501e-16
0
0
0
2.47959935e-16
9.529205544e-17
0
0
0
1.582704728e-14
3.409054048e-13
3.873799174e-13
6.566376157e-17
8.877347902e-17
1.058765551e-16
1.003149393e-16
3.77692065e-17
0
0
0
0
0
0
3.712758947e-16
2.528257148e-16
2.398051437e-16
5.062407953e-16
4.420327801e-16
6.09844724e-17
0
0
0
1.568980343e-16
9.385477158e-17
0
0
0
1.150023536e-14
3.406968487e-13
3.984843803e-13
1.266340613e-16
1.275589319e-16
1.183027124e-16
3.623598419e-17
0
0
0
0
0
0
2.101956968e-16
3.620650219e-16
2.927756089e-16
5.592856725e-16
6.653559596e-16
4.752793534e-16
2.785132301e-17
0
0
0
4.653472377e-16
7.985926353e-17
0
0
0
1.143433615e-14
3.379563082e-13
3.896961944e-13
1.371818094e-16
6.594328612e-17
2.518767006e-17
0
0
0
0
0
0
0
3.681056626e-16
2.26192675e-16
3.264768463e-16
6.662548878e-16
7.269049931e-16
4.965628899e-16
2.951890244e-17
0
0
0
4.673728013e-16
1.918061034e-16
0
0
0
6.123331583e-15
2.711593048e-13
3.725157776e-13
2.618271405e-17
0
0
0
0
0
0
0
0
4.043851648e-16
4.298047615e-16
3.235621214e-16
6.738972871e-16
8.631773768e-16
7.806697313e-16
4.291168948e-16
0
0
0
3.51112627e-16
3.366831539e-16
3.003296096e-16
0
0
0
2.931685308e-15
2.105051423e-13
3.684898045e-13
0
0
0
0
0
0
0
0
2.793180246e-16
4.766033518e-16
3.600866337e-16
4.233639583e-16
7.900975613e-16
9.045145461e-16
7.481791831e-16
3.409862354e-16
0
0
0
4.946112068e-16
4.291546486e-16
4.541332982e-16
0
0
0
4.963145398e-16
1.69525141e-13
3.569999397e-13
)
;

boundaryField
{
    inletCH4
    {
        type            fixedValue;
        value           nonuniform List<scalar> 0();
    }
    wallOutside
    {
        type            zeroGradient;
    }
    wallTube
    {
        type            zeroGradient;
    }
    inletPilot
    {
        type            fixedValue;
        value           nonuniform List<scalar> 0();
    }
    inletAir
    {
        type            fixedValue;
        value           nonuniform List<scalar> 0();
    }
    outlet
    {
        type            zeroGradient;
    }
    axis
    {
        type            empty;
    }
    frontAndBack_pos
    {
        type            wedge;
    }
    frontAndBack_neg
    {
        type            wedge;
    }
    procBoundary4to0
    {
        type            processor;
        value           nonuniform List<scalar> 
27
(
0
5.87146225e-14
6.537502772e-14
1.160433595e-12
9.694321051e-13
1.029066315e-12
1.086407699e-12
8.20085358e-13
8.54388907e-13
7.518443961e-13
0
0
0
0
0
0
0
1.927130091e-13
4.200243981e-13
2.688807795e-13
3.593943889e-13
3.718409123e-13
4.287082352e-13
4.044811852e-13
3.537330402e-13
3.845852196e-13
3.865643839e-13
)
;
    }
    procBoundary4to2
    {
        type            processor;
        value           nonuniform List<scalar> 10(6.983830915e-13 0 0 0 0 0 0 0 0 0);
    }
    procBoundary4to5
    {
        type            processor;
        value           nonuniform List<scalar> 
46
(
0
0
0
0
0
0
0
0
0
0
0
7.59964678e-13
0
0
0
4.429272506e-13
7.049492513e-13
6.170402731e-13
6.170402731e-13
3.872671596e-13
4.412061914e-14
4.412061914e-14
0
0
7.000073473e-15
2.799079318e-14
2.799079318e-14
0
0
0
0
0
0
0
0
7.013590304e-17
2.466262882e-17
0
0
2.542701584e-15
7.60360422e-15
2.708497106e-14
7.468418736e-15
2.490052614e-15
8.619314526e-16
8.619314526e-16
)
;
    }
}
)

// Processor5

11518
(dimensions      [0 0 0 0 0 0 0];

internalField   nonuniform List<scalar> 
862
(
5.849807207e-10
5.757553383e-10
5.513241265e-10
5.116238053e-10
4.610323479e-10
1.123295584e-10
1.1003321e-10
1.044116716e-10
9.514651106e-11
8.433917444e-11
2.113677738e-11
2.05719453e-11
1.928357018e-11
1.757365998e-11
1.533614521e-11
4.127611923e-12
3.97846128e-12
3.692309782e-12
3.386397783e-12
3.049724431e-12
7.870417218e-13
7.322560026e-13
6.730827507e-13
6.145974234e-13
5.437853482e-13
1.081753594e-13
1.359117387e-13
1.65374519e-13
1.59103794e-13
1.462473902e-13
4.802540475e-14
4.784436474e-14
4.629573774e-14
4.316671414e-14
3.981946281e-14
1.664546642e-14
1.648864639e-14
1.610805006e-14
1.555418891e-14
1.47800556e-14
1.152406789e-14
1.169575692e-14
1.207690993e-14
1.266712532e-14
1.340710144e-14
2.036211905e-14
2.082447716e-14
2.186033852e-14
2.335136574e-14
2.574325381e-14
4.017521029e-14
4.162092961e-14
4.491957517e-14
5.031409064e-14
5.69482138e-14
5.94963117e-14
6.094967649e-14
6.413090373e-14
6.891461176e-14
7.525149023e-14
4.825590131e-14
4.95170558e-14
5.22248173e-14
5.6192289e-14
6.124081306e-14
2.640458573e-14
2.700913592e-14
2.824704847e-14
2.986225412e-14
3.12022126e-14
8.276499031e-15
8.386723486e-15
8.865612457e-15
8.766609159e-15
8.12924382e-15
1.15077112e-15
0
0
0
0
0
0
0
0
0
5.061808092e-16
5.023954729e-16
4.86479706e-16
4.41189325e-16
4.700129288e-16
5.945898723e-17
0
0
0
0
0
0
0
0
0
0
0
0
0
0
0
0
0
0
0
3.989303504e-16
3.944426785e-16
3.681685479e-16
2.978862964e-16
2.191448213e-16
2.068767953e-16
2.054529609e-16
1.999781123e-16
1.914637321e-16
1.727166153e-16
0
0
0
0
0
4.248075291e-10
7.668986893e-11
1.373715842e-11
2.794076817e-12
4.915654418e-13
1.347201489e-13
3.756500656e-14
1.417456758e-14
1.393393461e-14
2.852730204e-14
6.208356977e-14
8.051369909e-14
6.521180022e-14
3.215725944e-14
6.531269599e-15
0
0
5.154966533e-16
0
0
0
0
1.727025788e-16
1.638768443e-16
0
3.940072608e-10
3.085238532e-10
2.115243823e-10
1.28489919e-10
7.025397636e-11
6.999231189e-11
5.426128056e-11
3.614365337e-11
2.246689222e-11
1.299948299e-11
1.257785921e-11
9.769052622e-12
6.76606654e-12
3.779058358e-12
2.503850925e-12
2.583326829e-12
2.369102938e-12
1.594605845e-12
9.43354519e-13
4.915185156e-13
4.231654586e-13
2.880098412e-13
3.157957729e-13
2.323481215e-13
1.405457903e-13
1.214826822e-13
1.004289949e-13
8.441469436e-14
6.614985215e-14
4.471411458e-14
3.515622085e-14
2.772026917e-14
2.139360058e-14
1.879509316e-14
1.450389304e-14
1.341007896e-14
1.170457237e-14
1.01753109e-14
9.008773498e-15
9.65471468e-15
1.418853267e-14
1.670176297e-14
2.091015726e-14
2.703450696e-14
3.269079678e-14
3.215760246e-14
4.090022497e-14
5.146347914e-14
6.30595644e-14
8.467245504e-14
6.94377833e-14
8.116332782e-14
9.656833638e-14
1.217609038e-13
1.549622713e-13
8.876899746e-14
1.051433943e-13
1.195117516e-13
1.42361737e-13
1.627804106e-13
7.150829683e-14
8.456255159e-14
8.129804446e-14
8.73884601e-14
1.028113474e-13
3.388859859e-14
3.304432734e-14
2.548869117e-14
2.640252902e-14
3.63784662e-14
3.962125865e-15
0
0
0
6.99181381e-15
0
0
0
7.40335449e-17
1.383446814e-16
0
3.833714893e-17
4.398792893e-17
0
0
5.914802268e-16
2.074043112e-16
0
0
0
0
0
0
0
0
0
0
0
0
0
0
0
0
0
0
0
0
0
0
0
1.111330688e-16
7.252651602e-17
1.144369704e-16
0
0
1.677934538e-16
0
0
0
0
0
0
0
0
0
0
0
0
0
0
0
0
0
0
0
0
0
0
0
1.812531648e-11
4.308495575e-12
8.817905576e-13
1.923534812e-13
5.615142735e-14
0
3.364455122e-15
1.955061178e-14
0
4.26223629e-13
0
0
3.116211092e-13
0
0
0
0
0
0
0
0
3.137943001e-11
1.124749206e-11
3.53413828e-12
1.095272703e-12
2.772054445e-13
7.444826493e-14
1.495753127e-14
9.738204483e-16
0
2.605361878e-14
2.450052083e-14
0
4.550232812e-13
1.178359395e-13
3.224279218e-13
4.259846522e-13
0
0
0
0
0
0
0
5.939979154e-12
2.3382892e-12
8.615897412e-13
1.700894158e-13
6.892193255e-14
1.367100947e-14
6.583616887e-15
0
0
0
2.633702663e-14
3.6845039e-14
1.000699327e-13
0
3.281762535e-14
6.074922608e-13
7.217891967e-13
0
0
0
0
0
0
1.362699538e-12
6.025979624e-13
1.48226652e-13
7.139488753e-14
1.893306506e-14
9.94218492e-15
4.881444003e-15
0
0
0
2.661121728e-16
2.857689181e-14
0
1.900242629e-13
0
2.80695035e-14
5.202919635e-13
6.441936555e-13
0
0
0
0
0
3.048226129e-13
9.202666341e-14
6.502492613e-14
2.766310889e-14
9.008060319e-15
5.18743684e-15
3.62602636e-15
0
0
1.192223336e-15
1.019798099e-17
4.055653023e-16
2.546698413e-14
0
4.032613545e-13
0
1.764993628e-13
4.822729662e-13
0
0
0
0
0
8.917994231e-14
4.865019811e-14
1.95053313e-14
1.241050882e-14
7.21729063e-15
3.952169295e-15
0
4.870427634e-16
0
3.560468429e-15
2.691373537e-14
1.162977883e-15
2.683765337e-14
4.601697946e-14
1.953381534e-13
0
4.343403273e-15
4.003887709e-13
5.760489879e-13
0
0
0
0
2.906335445e-14
1.64831647e-14
7.866079687e-15
4.166261053e-15
0
1.535519036e-15
0
0
0
0
4.327728562e-15
7.286982745e-15
6.938957011e-15
2.026853096e-14
0
3.405476791e-13
0
0
4.884009585e-13
6.624584646e-13
0
0
0
1.016927007e-14
5.434267003e-15
2.725047716e-15
2.364057867e-15
0
1.19926159e-14
4.784576032e-14
1.22472455e-14
1.691398291e-14
1.321618341e-14
2.193276813e-14
4.671176707e-14
1.198185393e-14
3.086039229e-14
0
2.432140273e-13
3.451692446e-13
1.426572648e-16
5.569855716e-13
6.524891994e-13
0
0
0
1.225519807e-14
1.158075116e-14
1.017504428e-14
1.607529554e-14
6.947291503e-14
5.638090485e-14
1.377651035e-13
6.500878391e-14
5.657191646e-14
4.34692436e-14
3.037176823e-14
3.52100654e-14
3.466075227e-15
3.514203401e-15
2.297360756e-14
0
3.953837606e-13
0
0
4.767057307e-13
6.343586699e-13
0
0
4.519762222e-14
6.49777013e-14
8.794969034e-14
9.198400569e-14
1.507090369e-13
1.097741027e-13
1.787731596e-13
1.949657543e-13
1.21636019e-13
8.802410686e-14
5.157946444e-14
4.119646662e-14
5.542066676e-14
4.092222537e-14
8.521993658e-14
1.071304171e-13
8.257886854e-13
1.23939835e-12
7.996599646e-13
1.200018237e-12
1.253667269e-12
1.073625516e-12
3.956703546e-15
1.277183178e-13
1.938491397e-13
1.936100036e-13
1.793849349e-13
2.23388533e-13
2.498617994e-13
2.243331254e-13
2.444373457e-13
1.49736622e-13
9.726077346e-14
5.777819769e-14
4.414039856e-14
5.617197172e-14
2.539474815e-14
7.073790248e-14
1.078412431e-13
2.95842165e-13
6.272764751e-13
6.579281424e-15
0
5.657937238e-13
7.861842187e-13
1.466948957e-15
2.088203558e-13
2.702876286e-13
2.646053344e-13
1.997323548e-13
1.782165305e-13
1.916728406e-13
1.959997824e-13
2.316493196e-13
1.443232253e-13
9.369821765e-14
5.765954868e-14
4.275187042e-14
6.302283639e-14
2.536863913e-14
5.073521084e-14
1.068707862e-13
1.143096947e-13
7.954512448e-13
1.092945239e-12
3.916236834e-13
8.272033635e-14
7.855475471e-13
7.39909244e-13
2.120587608e-13
2.278890057e-13
1.648416378e-13
1.202215713e-13
1.004603172e-13
1.17988756e-13
1.355747306e-13
1.931317279e-13
1.140598541e-13
6.469874522e-14
4.075991479e-14
2.912841352e-14
5.681015876e-14
2.916503366e-14
3.762985422e-14
1.042186423e-13
0
4.71948584e-13
6.885488451e-13
2.28486825e-14
0
5.372112665e-13
7.330444886e-13
1.451724967e-13
1.528837834e-13
8.503538921e-14
4.351784373e-14
2.783023747e-14
4.996590013e-14
6.871554675e-14
1.237312781e-13
6.156192366e-14
2.588276374e-14
1.328132319e-14
1.228451667e-15
2.263241225e-14
1.962115005e-15
3.967550488e-15
4.055848343e-14
6.686105862e-14
1.043067086e-13
7.973595433e-13
1.110311948e-12
3.328129094e-13
9.172281319e-14
6.748888099e-13
6.547240965e-14
3.860886344e-14
1.803460901e-14
2.076573733e-15
2.164305976e-15
0
2.137548017e-16
1.084076152e-14
2.063625731e-15
0
9.546394142e-16
0
5.16126109e-15
2.329689093e-14
4.976673544e-15
2.903896323e-14
6.042021687e-14
3.956841213e-14
4.923090415e-13
7.33440527e-13
1.360420194e-13
0
7.59964678e-13
3.706127788e-15
0
0
0
0
0
0
1.073054762e-15
0
0
0
0
1.290786414e-15
2.287208013e-14
7.499215344e-16
1.481456256e-14
8.415280086e-14
0
3.796946329e-13
8.823951752e-13
1.077517702e-12
4.895133064e-13
0
0
0
0
0
0
0
0
6.543689449e-16
0
0
0
0
7.819511422e-17
2.240901681e-14
0
3.281263694e-15
4.629423143e-14
9.344155526e-14
1.3388457e-13
5.337928168e-13
7.449857463e-13
1.520160142e-13
0
0
0
0
0
0
0
0
6.525054652e-16
0
0
0
0
7.264232517e-17
2.21170018e-14
0
2.331131334e-15
3.272764341e-14
7.422627262e-14
6.459739388e-14
4.714843615e-13
7.392265998e-13
4.429272506e-13
0
0
0
0
0
0
0
0
0
0
0
0
1.498793183e-15
1.546356086e-14
0
8.989468556e-16
1.489996952e-14
8.035718356e-14
3.252143338e-15
1.000112438e-13
4.905998451e-13
7.049492513e-13
0
0
0
0
0
0
1.967630788e-16
0
0
0
0
0
2.498389764e-16
6.438806591e-15
0
2.640304907e-16
3.071669934e-15
3.937194282e-14
7.859843634e-14
9.262857988e-14
4.43996512e-13
6.170402731e-13
0
0
0
0
0
0
1.544553185e-15
0
0
0
0
0
2.953458112e-17
9.381728881e-16
0
2.615246035e-16
2.472319793e-15
3.783399101e-14
9.011690056e-14
9.036058399e-14
3.872671596e-13
0
0
0
0
0
0
0
0
0
7.041129738e-16
4.806206691e-18
0
1.862234653e-16
4.028137534e-15
2.411532156e-14
4.42587388e-15
2.033882385e-15
2.708356365e-14
8.657451668e-14
6.601961323e-16
4.412061914e-14
0
0
0
0
0
0
0
0
0
0
0
0
1.03741446e-15
6.793109409e-15
2.759289876e-14
6.163154053e-15
2.281453265e-16
1.049500455e-15
9.29863148e-15
0
0
0
0
0
0
0
0
0
0
1.301422274e-16
1.898378221e-17
0
2.130368207e-15
8.839616869e-15
2.966010459e-14
7.803365391e-15
7.881591397e-16
4.08744478e-16
7.000073473e-15
0
0
0
0
0
0
0
0
0
2.17162313e-17
0
0
3.223012051e-15
9.97528222e-15
3.023763034e-14
9.029450793e-15
1.690385491e-15
1.853493288e-15
2.799079318e-14
0
0
0
0
0
0
0
0
7.013590304e-17
2.466262882e-17
0
0
2.542701584e-15
7.60360422e-15
2.708497106e-14
7.468418736e-15
2.490052614e-15
8.619314526e-16
)
;

boundaryField
{
    inletCH4
    {
        type            fixedValue;
        value           nonuniform List<scalar> 0();
    }
    wallOutside
    {
        type            zeroGradient;
    }
    wallTube
    {
        type            zeroGradient;
    }
    inletPilot
    {
        type            fixedValue;
        value           nonuniform List<scalar> 0();
    }
    inletAir
    {
        type            fixedValue;
        value           nonuniform List<scalar> 0();
    }
    outlet
    {
        type            zeroGradient;
    }
    axis
    {
        type            empty;
    }
    frontAndBack_pos
    {
        type            wedge;
    }
    frontAndBack_neg
    {
        type            wedge;
    }
    procBoundary5to1
    {
        type            processor;
        value           uniform 0;
    }
    procBoundary5to2
    {
        type            processor;
        value           nonuniform List<scalar> 
16
(
0
0
0
0
0
0
0
0
0
0
0
0
0
0
2.255541258e-15
6.983830915e-13
)
;
    }
    procBoundary5to3
    {
        type            processor;
        value           nonuniform List<scalar> 
30
(
2.779263749e-09
2.776079071e-09
2.736240198e-09
2.62569248e-09
2.462995733e-09
2.342292541e-09
2.268313326e-09
1.883613096e-09
1.359025066e-09
8.604227792e-10
4.849010021e-10
0
1.312587277e-10
2.629763275e-11
4.793387465e-12
8.384181889e-13
1.433301997e-13
1.451140219e-14
2.962975517e-14
2.384468412e-14
2.264269925e-13
0
0
3.722627741e-13
0
0
0
2.198598408e-10
7.448049951e-11
7.448049951e-11
)
;
    }
    procBoundary5to4
    {
        type            processor;
        value           nonuniform List<scalar> 
46
(
0
0
0
0
0
0
0
0
0
0
0
1.184659187e-12
8.528510509e-13
9.04222354e-13
5.246649306e-13
5.246649306e-13
1.306235395e-13
5.070928205e-14
7.514983227e-13
7.514983227e-13
4.488044355e-13
1.882578063e-14
1.882578063e-14
0
0
4.343159231e-14
1.603107711e-14
0
0
0
0
0
0
0
0
8.555244197e-18
0
0
0
3.141268445e-16
2.571378163e-15
1.63812265e-14
2.482488257e-15
1.808382785e-16
1.603107711e-14
0
)
;
    }
}
)