/*--------------------------------*- C++ -*----------------------------------*\
  =========                 |
  \\      /  F ield         | OpenFOAM: The Open Source CFD Toolbox
   \\    /   O peration     | Website:  https://openfoam.org
    \\  /    A nd           | Version:  10
     \\/     M anipulation  |
\*---------------------------------------------------------------------------*/
FoamFile
{
    format      binary;
    class       decomposedBlockData;
    location    "/home/zhouyuchen/Desktop/FastChemistrySolver-OpenFOAM-10/EC-CCM/OpenFOAM-10/Sandia/processors6/0.02498655859/OH_0";
    object      OH_0;
}
// * * * * * * * * * * * * * * * * * * * * * * * * * * * * * * * * * * * * * //


// Processor0

7764
(/*--------------------------------*- C++ -*----------------------------------*\
  =========                 |
  \\      /  F ield         | OpenFOAM: The Open Source CFD Toolbox
   \\    /   O peration     | Website:  https://openfoam.org
    \\  /    A nd           | Version:  10
     \\/     M anipulation  |
\*---------------------------------------------------------------------------*/
FoamFile
{
    format      ascii;
    class       volScalarField;
    location    "0.02498655859";
    object      OH_0;
}
// * * * * * * * * * * * * * * * * * * * * * * * * * * * * * * * * * * * * * //

dimensions      [0 0 0 0 0 0 0];

internalField   nonuniform List<scalar> 
864
(
2.940849951e-07
2.930188507e-07
1.685011928e-07
2.454895045e-08
0
0
0
0
0
0
0
0
0
0
0
0
0
0
0
0
0
0
0
0
0
0
0
0
0
0
0
0
2.702299385e-07
3.605615413e-07
2.939079058e-07
1.205741121e-07
3.471398871e-10
0
0
0
0
0
0
0
0
0
0
0
0
0
0
0
0
0
0
0
0
0
0
0
0
0
0
0
2.416985371e-07
3.951957269e-07
3.994630285e-07
2.585618083e-07
6.838282167e-08
0
0
0
0
0
0
0
0
0
0
0
0
0
0
0
0
0
0
0
0
0
0
0
0
0
0
0
1.37230416e-07
3.813010441e-07
4.750211677e-07
3.973967866e-07
1.987161514e-07
2.393351044e-08
0
0
0
0
0
0
0
0
0
0
0
0
0
0
0
0
0
0
0
0
0
0
0
0
0
0
4.694373486e-08
3.280926459e-07
4.981026904e-07
5.02456709e-07
3.475701483e-07
1.210448833e-07
0
0
0
0
0
0
0
0
0
0
0
0
0
0
0
0
0
0
0
0
0
0
0
0
0
0
0
2.353295823e-07
4.833063786e-07
5.7809852e-07
4.917892028e-07
2.733733699e-07
5.653808804e-08
0
0
0
0
0
0
0
0
0
0
0
0
0
0
0
0
0
0
0
0
0
0
0
0
0
0
1.001300289e-07
4.191755094e-07
6.067870594e-07
6.109509918e-07
4.407691549e-07
1.849673284e-07
1.094388267e-08
0
0
0
0
0
0
0
0
0
0
0
0
0
0
0
0
0
0
0
0
0
0
0
0
0
7.69288522e-08
4.049256777e-07
6.521089174e-07
7.349533484e-07
6.227007799e-07
3.670452797e-07
9.84001748e-08
0
0
0
0
0
0
0
0
0
0
0
0
0
0
0
0
0
0
0
0
0
0
0
0
0
1.595525718e-09
2.200916381e-07
6.042284717e-07
8.050205179e-07
7.819092577e-07
5.637327418e-07
2.573468001e-07
3.090784217e-08
0
0
0
0
0
0
0
0
0
0
0
0
0
0
0
0
0
0
0
0
0
0
0
0
0
1.704453194e-07
5.674036427e-07
8.354384808e-07
8.982559645e-07
7.457276942e-07
4.478232221e-07
1.394496831e-07
0
0
0
0
0
0
0
0
0
0
0
0
0
0
0
0
0
0
0
0
0
0
0
0
0
8.247945961e-08
3.654159797e-07
7.668936814e-07
9.479179972e-07
8.924160515e-07
6.429604909e-07
3.096462956e-07
4.904749428e-08
0
0
0
0
0
0
0
0
0
0
0
0
0
0
0
0
0
0
0
0
0
0
0
0
1.482330641e-08
2.501858131e-07
6.821153783e-07
9.510269161e-07
9.984084507e-07
8.255980219e-07
5.075422793e-07
1.762989736e-07
2.09922658e-09
0
0
0
0
0
0
0
0
0
0
0
0
0
0
0
0
0
0
0
0
0
0
0
0
1.987182409e-07
6.302821689e-07
9.628986038e-07
1.101864775e-06
1.009213084e-06
7.25525605e-07
3.633332425e-07
7.11237739e-08
0
0
0
0
0
0
0
0
0
0
0
0
0
0
0
0
0
0
0
0
0
0
0
0
1.079099527e-07
4.256392473e-07
8.897355286e-07
1.148875824e-06
1.157833766e-06
9.365879272e-07
5.764080197e-07
2.166297486e-07
1.009003021e-08
0
0
0
0
0
0
0
0
0
0
0
0
0
0
0
0
0
0
0
0
0
0
0
6.749483019e-08
3.580460682e-07
8.477839573e-07
1.177923493e-06
1.275534446e-06
1.129592921e-06
8.003427259e-07
4.084618239e-07
9.514467703e-08
0
0
0
0
0
0
0
0
0
0
0
0
0
0
0
0
0
0
0
0
0
0
0
4.317987599e-08
3.06059353e-07
7.657795342e-07
1.185035743e-06
1.375484808e-06
1.311467166e-06
1.030431237e-06
6.312310332e-07
2.496549298e-07
1.962674216e-08
0
0
0
0
0
0
0
0
0
0
0
0
0
0
0
0
0
0
0
0
0
1.812456755e-10
0
2.002186774e-07
5.88485629e-07
1.106522992e-06
1.40649689e-06
1.44471844e-06
1.23743177e-06
8.628172115e-07
4.455054956e-07
1.16780679e-07
0
0
0
0
0
0
0
0
0
0
0
0
0
0
0
0
0
0
0
0
0
5.611836561e-11
0
1.468803582e-07
5.05383222e-07
1.045077948e-06
1.414395422e-06
1.542563411e-06
1.417342518e-06
1.09034799e-06
6.661513425e-07
2.749172648e-07
3.21273895e-08
0
0
0
0
0
0
0
0
0
0
0
0
0
0
0
0
0
0
1.105392463e-09
0
2.853289512e-10
0
1.112891992e-07
4.301469625e-07
9.21733082e-07
1.391781511e-06
1.617142684e-06
1.578591934e-06
1.310347488e-06
8.996463036e-07
4.678627123e-07
1.375325675e-07
8.730920247e-11
0
0
0
0
0
0
0
0
0
0
0
0
0
0
0
0
0
1.355125426e-08
1.408209627e-08
2.414063692e-08
4.421769802e-08
8.615350624e-08
3.29319074e-07
7.529828438e-07
1.301027237e-06
1.628395354e-06
1.691278717e-06
1.502300041e-06
1.130216235e-06
6.849088971e-07
2.905046014e-07
4.661905352e-08
0
0
0
0
0
0
0
0
0
0
0
0
0
0
0
0
0
2.117051063e-08
1.948667981e-08
2.347022745e-08
3.533343057e-08
3.907818766e-08
2.444499295e-07
6.480305118e-07
1.220800148e-06
1.61747894e-06
1.770112899e-06
1.665286186e-06
1.348122002e-06
9.116232522e-07
4.736612316e-07
1.46991461e-07
2.633897752e-09
0
0
0
0
0
0
0
0
0
0
0
0
0
0
0
0
2.592234051e-08
2.292804345e-08
2.081272664e-08
2.293804715e-08
9.517730049e-09
1.836952784e-07
5.504706831e-07
1.081969029e-06
1.576954875e-06
1.827318075e-06
1.811108959e-06
1.557721719e-06
1.145501752e-06
6.841180351e-07
2.895305702e-07
5.040401121e-08
0
0
0
0
0
0
0
0
0
0
0
0
0
0
0
0
2.631180591e-08
2.432352981e-08
2.199965773e-08
2.555129276e-08
3.186024924e-08
1.29274854e-07
4.205623178e-07
8.845139988e-07
1.465349766e-06
1.82115224e-06
1.908385698e-06
1.737246137e-06
1.370258911e-06
9.075414463e-07
4.634535534e-07
1.414534697e-07
3.000685633e-09
0
0
0
0
0
0
0
0
0
0
0
0
0
0
0
1.847898423e-08
1.706327514e-08
1.670367533e-08
2.732968095e-08
5.220840027e-08
8.277417324e-08
3.230960161e-07
7.643348342e-07
1.372970673e-06
1.799588626e-06
1.976852395e-06
1.890121519e-06
1.58086529e-06
1.135274437e-06
6.626516408e-07
2.717600085e-07
4.260395839e-08
0
0
0
0
0
0
0
0
0
0
0
0
0
0
0
1.09684317e-08
1.072706503e-08
1.183694473e-08
2.243880819e-08
4.36892652e-08
5.825032934e-08
2.751719854e-07
6.974601327e-07
1.302245831e-06
1.795218746e-06
2.053696575e-06
2.044385796e-06
1.792298025e-06
1.371219092e-06
8.832857492e-07
4.362831745e-07
1.240455334e-07
7.145071986e-10
0
0
0
0
0
0
0
0
0
0
0
0
0
0
1.313193024e-08
1.945211118e-08
2.770519521e-08
4.608195019e-08
7.420473351e-08
8.606027558e-08
2.712911231e-07
6.37946649e-07
1.160333016e-06
1.767372386e-06
2.122163088e-06
2.192167105e-06
1.998010894e-06
1.606612296e-06
1.114470385e-06
6.266740125e-07
2.399433623e-07
2.614273935e-08
0
0
0
0
0
0
0
0
0
0
0
0
0
0
1.897032754e-08
3.053602733e-08
4.637561494e-08
7.385296617e-08
1.161589769e-07
1.706503887e-07
2.924461529e-07
6.124317526e-07
1.109072569e-06
1.737937341e-06
2.14674102e-06
2.282210949e-06
2.147746521e-06
1.797717026e-06
1.320396629e-06
8.161604886e-07
3.805226969e-07
9.279571207e-08
0
0
0
0
0
0
0
0
0
0
0
0
0
0
)
;

boundaryField
{
    inletCH4
    {
        type            fixedValue;
        value           nonuniform List<scalar> 0();
    }
    wallOutside
    {
        type            zeroGradient;
    }
    wallTube
    {
        type            zeroGradient;
    }
    inletPilot
    {
        type            fixedValue;
        value           nonuniform List<scalar> 0();
    }
    inletAir
    {
        type            fixedValue;
        value           nonuniform List<scalar> 0();
    }
    outlet
    {
        type            zeroGradient;
    }
    axis
    {
        type            empty;
    }
    frontAndBack_pos
    {
        type            wedge;
    }
    frontAndBack_neg
    {
        type            wedge;
    }
    procBoundary0to2
    {
        type            processor;
        value           nonuniform List<scalar> 
32
(
2.524452183e-07
1.933582991e-07
5.712479748e-08
0
0
0
0
0
0
0
0
0
0
0
0
0
0
0
0
0
0
0
0
0
0
0
0
0
0
0
0
0
)
;
    }
    procBoundary0to4
    {
        type            processor;
        value           nonuniform List<scalar> 
27
(
1.738557336e-07
3.596406487e-08
0
0
0
0
0
0
8.347286136e-11
2.148181577e-10
0
0
0
0
0
1.689125271e-10
0
0
1.87927046e-09
1.229075093e-08
2.015612816e-08
2.548138878e-08
2.566956685e-08
1.836693778e-08
1.010817493e-08
8.422610643e-09
1.076219279e-08
)
;
    }
}


// ************************************************************************* //
)

// Processor1

1085
(dimensions      [0 0 0 0 0 0 0];

internalField   uniform 0;

boundaryField
{
    inletCH4
    {
        type            fixedValue;
        value           nonuniform List<scalar> 0();
    }
    wallOutside
    {
        type            zeroGradient;
    }
    wallTube
    {
        type            zeroGradient;
    }
    inletPilot
    {
        type            fixedValue;
        value           nonuniform List<scalar> 0();
    }
    inletAir
    {
        type            fixedValue;
        value           uniform 0;
    }
    outlet
    {
        type            zeroGradient;
    }
    axis
    {
        type            empty;
    }
    frontAndBack_pos
    {
        type            wedge;
    }
    frontAndBack_neg
    {
        type            wedge;
    }
    procBoundary1to2
    {
        type            processor;
        value           uniform 0;
    }
    procBoundary1to3
    {
        type            processor;
        value           uniform 0;
    }
    procBoundary1to5
    {
        type            processor;
        value           uniform 0;
    }
}
)

// Processor2

3607
(dimensions      [0 0 0 0 0 0 0];

internalField   nonuniform List<scalar> 
861
(
0
0
0
0
0
0
0
0
0
0
0
0
0
0
0
0
0
0
0
0
0
0
0
0
0
0
0
0
0
0
0
0
0
0
0
0
0
0
0
0
0
0
0
0
0
0
0
0
0
0
0
0
0
0
0
0
0
0
0
0
0
0
0
0
0
0
0
0
0
0
0
0
0
0
0
0
0
0
0
0
0
0
0
0
0
0
0
0
0
0
0
0
0
0
0
0
0
0
0
0
0
0
0
0
0
0
0
0
0
0
0
0
0
0
0
0
0
0
0
0
0
0
0
0
0
0
0
0
0
0
0
0
0
0
0
0
0
0
0
0
0
0
0
0
0
0
0
0
0
0
0
0
0
0
0
0
0
0
0
0
0
0
0
0
0
0
0
0
0
0
0
0
0
0
0
0
0
0
0
0
0
0
0
0
0
0
0
0
0
0
0
0
0
0
0
0
0
0
0
0
0
0
0
0
0
0
0
0
0
0
0
0
0
0
0
0
0
0
0
0
0
0
0
0
0
0
0
0
0
0
0
0
0
0
0
0
0
0
0
0
0
0
0
0
0
0
0
0
0
0
0
0
0
0
0
0
0
0
0
0
0
0
0
0
0
0
0
0
0
0
0
0
0
0
0
0
0
0
0
0
0
0
0
0
0
0
0
0
0
0
0
0
0
0
0
0
0
0
0
0
0
0
0
0
0
0
0
0
0
0
0
0
0
0
0
0
0
0
0
0
0
0
0
0
0
0
0
0
0
0
0
0
0
0
0
0
0
0
0
0
0
0
0
0
0
0
0
0
0
0
0
0
0
0
0
0
0
0
0
0
0
0
0
0
0
0
0
0
0
0
0
0
0
0
0
0
0
0
0
0
0
0
0
0
0
0
0
0
0
0
0
0
0
0
0
0
0
0
0
0
0
0
0
0
0
0
0
0
0
0
0
0
0
0
0
0
0
0
0
0
0
0
0
0
0
0
0
0
0
0
0
0
0
0
0
0
0
0
0
0
0
0
0
0
0
0
0
0
0
0
0
0
0
0
0
0
0
0
0
0
0
0
0
0
0
0
0
0
0
0
0
0
0
0
0
0
0
0
0
0
0
0
0
0
0
0
0
0
0
0
0
0
0
0
0
0
0
0
0
0
0
0
0
0
0
0
0
0
0
0
0
0
0
0
0
0
0
0
0
0
0
0
0
0
0
0
0
0
0
0
0
0
0
0
0
0
0
0
0
0
0
0
0
0
0
0
0
0
0
0
0
0
1.531281636e-08
8.610132742e-09
0
0
0
0
0
0
0
0
0
0
0
0
0
0
0
0
0
0
0
0
0
0
0
0
0
0
0
0
0
0
0
0
0
0
0
1.758964765e-08
2.466173587e-08
6.337486801e-09
0
0
0
0
0
0
0
0
0
0
0
0
0
0
0
0
0
0
0
0
0
0
0
0
0
0
0
0
0
0
0
0
0
0
1.687901015e-08
4.274342236e-08
4.102814671e-08
4.358292073e-09
0
0
0
0
0
0
0
0
0
0
0
0
0
0
0
0
0
0
0
0
0
0
0
0
0
0
0
0
0
0
0
0
0
0
4.526521143e-08
7.177211801e-08
4.664865046e-08
0
0
0
0
0
0
0
0
0
0
0
0
0
0
0
0
0
0
0
0
0
0
0
0
0
0
0
0
0
0
0
0
0
4.659399702e-08
0
0
0
0
0
0
0
0
0
0
0
0
0
0
0
0
0
0
0
0
0
0
0
0
0
0
0
0
0
0
0
0
3.250300681e-08
0
0
0
0
0
0
0
0
0
0
0
0
0
0
0
0
0
0
0
0
0
0
0
0
0
0
0
0
0
0
0
1.114059777e-07
1.271455439e-08
0
0
0
0
0
0
0
0
0
0
0
0
0
0
0
0
0
0
0
0
0
0
0
0
0
0
0
0
0
0
1.967881611e-07
8.835446591e-08
0
0
0
0
0
0
0
0
0
0
0
0
0
0
0
0
0
0
0
0
0
0
0
0
0
0
0
0
0
0
2.524452183e-07
1.933582991e-07
5.712479748e-08
0
0
0
0
0
0
0
0
0
0
0
0
0
0
0
0
0
0
0
0
0
0
0
0
0
0
0
0
0
)
;

boundaryField
{
    inletCH4
    {
        type            fixedValue;
        value           nonuniform List<scalar> 0();
    }
    wallOutside
    {
        type            zeroGradient;
    }
    wallTube
    {
        type            zeroGradient;
    }
    inletPilot
    {
        type            fixedValue;
        value           nonuniform List<scalar> 0();
    }
    inletAir
    {
        type            fixedValue;
        value           nonuniform List<scalar> 0();
    }
    outlet
    {
        type            zeroGradient;
    }
    axis
    {
        type            empty;
    }
    frontAndBack_pos
    {
        type            wedge;
    }
    frontAndBack_neg
    {
        type            wedge;
    }
    procBoundary2to0
    {
        type            processor;
        value           nonuniform List<scalar> 
32
(
2.940849951e-07
2.930188507e-07
1.685011928e-07
2.454895045e-08
0
0
0
0
0
0
0
0
0
0
0
0
0
0
0
0
0
0
0
0
0
0
0
0
0
0
0
0
)
;
    }
    procBoundary2to1
    {
        type            processor;
        value           uniform 0;
    }
    procBoundary2to4
    {
        type            processor;
        value           nonuniform List<scalar> 10(0 0 7.736303407e-08 9.896481221e-08 9.896481221e-08 1.151718951e-07 1.151718951e-07 1.69654744e-07 2.075662995e-07 1.777093114e-07);
    }
    procBoundary2to5
    {
        type            processor;
        value           nonuniform List<scalar> 
16
(
0
0
0
0
0
0
0
0
0
0
0
0
6.558195354e-09
0
0
0
)
;
    }
}
)

// Processor3

10387
(dimensions      [0 0 0 0 0 0 0];

internalField   nonuniform List<scalar> 
861
(
0
0
0
0
0
0
0
0
0
0
0
0
0
0
0
0
0
0
0
0
0
0
0
0
0
0
0
0
0
0
0
0
0
0
0
0
0
0
0
0
0
0
0
0
0
0
0
0
0
0
0
0
0
0
0
0
0
0
0
0
0
0
0
0
0
0
0
0
0
0
0
0
0
0
0
0
0
0
0
0
0
0
0
0
0
0
0
0
0
0
0
0
0
0
0
0
0
0
1.079200744e-09
1.540117766e-08
0.002084262834
0.002083970796
0.002083962944
0.002085188197
0.00208560178
0.001668744566
0.001710649234
0.001709786145
0.001700685017
0.001639498399
0.001392513927
0.001465903487
0.001465731138
0.001441989328
0.001351387957
0.001218090113
0.001291411902
0.001294537361
0.001257150372
0.001158584539
0.001085306435
0.001160859979
0.001167579926
0.001131453087
0.001032888639
0.001003345854
0.001072852208
0.001080577925
0.001038290793
0.0009561478366
0.0009405882269
0.001002043737
0.001007035899
0.0009784338803
0.0009265494389
0.0009269542586
0.000951767758
0.0009566790423
0.0009284665865
0.0009207590047
0.0009269879699
0.0009281382082
0.000923396298
0.0009218643329
0.0008760977525
0.0008831537267
0.0009250464936
0.0009219841549
0.0008925998909
0.0008494143859
0.0008551099405
0.0008927675871
0.0008937589845
0.0008676944808
0.0008428258995
0.0008459912497
0.0008662642982
0.0008681273181
0.000848870098
0.0008341267899
0.0008360350374
0.0008480805676
0.0008492265743
0.0008401603686
0.0008282400219
0.0008311448464
0.0008398494495
0.0008407454581
0.0008329185678
0.0008216684743
0.0008255390854
0.000833324553
0.0008335831898
0.0008264596088
0.0008148908323
0.0008194628498
0.0008276770515
0.0008276519272
0.0008198172481
0.0008080210609
0.0008132348999
0.0008216086022
0.0008213519563
0.0008130132012
0.0008010699103
0.000807227379
0.0008152837825
0.0008146872785
0.0008060758179
0.0007940587857
0.0008086131784
0.0008101130262
0.0008078804871
0.0007988683902
0.0007868362335
0.001624398702
0.0009039608641
0.0008173441157
0.0007932221293
0.0007766035162
0
9.081914251e-11
2.656575257e-08
4.278206603e-07
1.060582588e-05
0
1.864489394e-09
4.79765921e-08
3.418659373e-07
5.337976203e-06
0
3.559617062e-09
5.031623115e-08
2.510367416e-07
2.493197351e-06
0
4.513492666e-09
4.063236215e-08
1.8015268e-07
1.24029329e-06
0
3.402198254e-10
0
1.291813481e-07
6.872907528e-07
0
2.519322307e-10
1.051301759e-08
1.043726084e-07
4.885194617e-07
0
1.253429843e-09
2.58222596e-08
9.360729157e-08
4.308084481e-07
0
2.237839051e-09
2.99758691e-08
8.993097448e-08
4.16198414e-07
0
4.031250624e-10
3.015047861e-08
7.886332009e-08
3.160687466e-07
0
9.548785369e-09
2.965007792e-08
7.183625276e-08
2.676086017e-07
1.090777294e-09
1.322877186e-08
2.930160871e-08
7.235677337e-08
2.827024063e-07
7.321995335e-09
1.566463189e-08
2.883845926e-08
7.067558296e-08
2.620131041e-07
1.069204579e-08
1.643309625e-08
2.70842384e-08
6.078482636e-08
1.949567613e-07
1.208914563e-08
1.644324399e-08
2.591824761e-08
5.81157196e-08
1.869586915e-07
1.292151273e-08
1.655401193e-08
2.525482658e-08
5.682364041e-08
1.77985763e-07
1.277159448e-08
1.632218121e-08
2.687055417e-08
6.591975188e-08
1.781101039e-07
1.334116975e-08
1.687472216e-08
2.927649657e-08
7.303930127e-08
2.27751263e-07
1.383415785e-08
1.742924817e-08
2.964616755e-08
1.002297404e-07
3.299062165e-07
1.631330992e-08
2.30627233e-08
5.012577107e-08
1.525727749e-07
5.252660508e-07
1.91998042e-08
2.675204677e-08
5.329632853e-08
1.352334754e-07
3.805746829e-07
2.289873887e-08
2.894225542e-08
4.665233255e-08
8.942559298e-08
1.89464534e-07
2.542609372e-08
2.88626429e-08
3.763160697e-08
5.48091124e-08
8.670645647e-08
2.331266225e-08
2.485914705e-08
2.844773195e-08
3.446293757e-08
4.369768039e-08
1.72231935e-08
1.775516352e-08
1.897062903e-08
2.069405999e-08
2.296924777e-08
1.075764099e-08
1.091280895e-08
1.120716795e-08
1.154794867e-08
1.198075681e-08
8.949509479e-05
2.952653734e-05
1.127734534e-05
5.097353379e-06
2.692755971e-06
2.003706383e-06
1.771020788e-06
1.642643477e-06
1.091001458e-06
8.56160107e-07
9.377741104e-07
8.079601661e-07
5.301290219e-07
5.20816542e-07
4.74867464e-07
4.472163554e-07
5.91031798e-07
8.477969042e-07
1.42275421e-06
8.546926719e-07
3.429859105e-07
1.259737571e-07
5.300667109e-08
2.503710903e-08
1.231884193e-08
0.0003739246686
0.003284769518
0.002079978482
0.0008806892135
0.0002833004865
9.505963827e-05
0.0005921393423
0.003726290543
0.001522749938
0.0001718534745
3.743877371e-05
0.0003119737805
0.003374374636
0.002396308534
0.0002134257568
1.722549109e-05
0.0001438342605
0.001236325023
0.003242101946
0.0005926561458
9.173430821e-06
7.688317104e-05
0.0006147769047
0.00384630451
0.001413086554
7.240645876e-06
6.246953272e-05
0.0005109828249
0.003788838521
0.002358001159
6.217862228e-06
5.559235389e-05
0.0004317376835
0.003096399696
0.003211687697
5.374173303e-06
3.922799611e-05
0.0002679868959
0.001698269224
0.003700422726
3.398083204e-06
2.521717682e-05
0.0001579425495
0.00092329733
0.003812466813
2.532749559e-06
1.973006371e-05
0.0001211181016
0.0007172089943
0.003573713483
2.822887177e-06
1.645658401e-05
0.0001017137119
0.0005857151378
0.00297175391
2.290236367e-06
1.363958465e-05
7.804622107e-05
0.0004198512053
0.002026934479
1.388601316e-06
1.130529612e-05
5.30211975e-05
0.0002616843995
0.001168911331
1.397238877e-06
8.289212659e-06
4.132691228e-05
0.000198062905
0.0008915716673
1.220155558e-06
6.456974263e-06
3.516131121e-05
0.000170424203
0.0007567139882
1.086394404e-06
5.805806217e-06
3.270676708e-05
0.0001522215692
0.0006562085019
1.486840385e-06
7.30508347e-06
3.525467185e-05
0.0001578117253
0.0006721436944
2.086238799e-06
1.049304884e-05
4.924476397e-05
0.0002183510327
0.0009085908598
3.798847184e-06
2.099161256e-05
0.0001074996253
0.0005219947354
0.002404088354
1.981566744e-06
8.072660662e-06
2.974254212e-05
9.784174937e-05
0.0002551925329
6.751540807e-07
2.017887765e-06
5.470234459e-06
1.319294015e-05
2.501799103e-05
2.044890593e-07
4.471865014e-07
9.122485227e-07
1.670728494e-06
2.482555193e-06
7.039394282e-08
1.103648155e-07
1.659929437e-07
2.312071156e-07
2.766091662e-07
2.876114917e-08
3.477979513e-08
4.027359711e-08
4.385115001e-08
4.314488287e-08
1.308305427e-08
1.376264892e-08
1.373108509e-08
1.289017042e-08
1.122866685e-08
6.053817324e-06
2.797434072e-07
0
0
0
0
0
0
0
0
0
0
0
0
0
0
5.517665975e-06
1.799985857e-07
0
0
0
0
0
0
0
0
0
0
0
0
0
0
6.141952287e-06
2.023244137e-07
0
0
0
0
0
0
0
0
0
0
0
0
0
0
2.179566915e-05
7.650581803e-07
2.905907291e-08
0
0
0
0
0
0
0
0
0
0
0
0
0
8.040750096e-05
2.9395664e-06
1.272640926e-07
0
0
0
0
0
0
0
0
0
0
0
0
0
0.0002857471649
1.350540582e-05
5.989000584e-07
4.764439142e-08
0
0
0
0
0
0
0
0
0
0
0
0
0.0007390493629
4.928830134e-05
2.599486841e-06
1.314365279e-07
0
0
0
0
0
0
0
0
0
0
0
0
0.001423627644
0.0001527069377
9.684144238e-06
5.426192492e-07
0
0
0
0
0
0
0
0
0
0
0
0
0.002233149771
0.0003919082394
3.137173003e-05
2.182385858e-06
1.379516461e-07
0
0
0
0
0
0
0
0
0
0
0
0.00302006582
0.0008181041711
8.919367004e-05
6.71331973e-06
4.990892354e-07
3.622757091e-08
0
0
0
0
0
0
0
0
0
0
0.003595888648
0.001438089595
0.0002381364964
2.015495592e-05
1.496430611e-06
1.072274017e-07
0
0
0
0
0
0
0
0
0
0
0.003857489454
0.002116470598
0.0005223767354
5.352358168e-05
3.907280988e-06
2.699764295e-07
2.13334855e-08
0
0
0
0
0
0
0
0
0
0.003835460506
0.002759727938
0.0009260804696
0.000127491163
9.548184144e-06
6.308486437e-07
4.604915679e-08
2.177185552e-10
0
0
0
0
0
0
0
0
0.003618734558
0.003302929781
0.001418004872
0.0002710937699
2.171169487e-05
1.400581325e-06
9.610159996e-08
0
0
0
0
0
0
0
0
0
0.003209018046
0.00367852911
0.001915721488
0.0004530650911
3.789476119e-05
2.413409721e-06
1.639954049e-07
1.098551697e-08
0
0
0
0
0
0
0
0
0.002769765198
0.003833669504
0.002215541422
0.0005241541462
4.185640523e-05
2.597370932e-06
1.780081345e-07
1.949956652e-08
4.541753523e-12
0
0
0
0
0
0
0
0.002817761429
0.00379106136
0.002013213755
0.0002725457406
2.057726758e-05
1.351889157e-06
1.073850302e-07
1.349036118e-08
0
0
0
0
0
0
0
0
0.003504181735
0.003321490752
0.001202384363
0.0001060290801
7.09296297e-06
4.710684475e-07
3.875103141e-08
3.781282586e-09
0
0
0
0
0
0
0
0
0.003881702059
0.002263239265
0.0002586089752
2.157275999e-05
1.507209144e-06
1.121475896e-07
1.115412533e-08
3.205114436e-09
6.122974704e-10
0
0
0
0
0
0
0
0.000321655291
0.0001599278688
2.607302323e-05
2.792726121e-06
2.567517098e-07
2.679228111e-08
4.124048939e-09
1.477440785e-09
6.859335873e-10
0
0
0
0
0
0
0
2.688660737e-05
1.232016938e-05
2.483541433e-06
3.509471421e-07
4.640738836e-08
7.608182091e-09
1.59418724e-09
1.131612245e-09
1.546276222e-09
1.869260785e-10
0
0
0
0
0
0
2.373539963e-06
1.068086697e-06
2.656271088e-07
5.23102241e-08
1.071973717e-08
2.545147162e-09
7.156264875e-10
3.832028064e-10
9.560086759e-10
1.527495851e-09
3.476190634e-10
0
0
0
0
0
2.409602434e-07
1.152138813e-07
3.757061585e-08
1.115769399e-08
3.555910027e-09
1.234852838e-09
4.699533519e-10
1.804075151e-10
2.938249697e-10
8.926611991e-10
1.517254349e-09
3.145627774e-10
0
0
0
0
3.462771541e-08
1.907362306e-08
8.546822964e-09
3.628784486e-09
1.5567901e-09
6.52656196e-10
2.830431366e-10
1.280550974e-10
1.831251751e-10
2.296840912e-10
7.088514053e-10
1.5409814e-09
3.684306269e-10
0
0
0
8.574800309e-09
5.322062001e-09
)
;

boundaryField
{
    inletCH4
    {
        type            fixedValue;
        value           uniform 0;
    }
    wallOutside
    {
        type            zeroGradient;
    }
    wallTube
    {
        type            zeroGradient;
    }
    inletPilot
    {
        type            fixedValue;
        value           uniform 0.0028;
    }
    inletAir
    {
        type            fixedValue;
        value           uniform 0;
    }
    outlet
    {
        type            zeroGradient;
    }
    axis
    {
        type            empty;
    }
    frontAndBack_pos
    {
        type            wedge;
    }
    frontAndBack_neg
    {
        type            wedge;
    }
    procBoundary3to1
    {
        type            processor;
        value           uniform 0;
    }
    procBoundary3to5
    {
        type            processor;
        value           nonuniform List<scalar> 
30
(
5.955752798e-09
5.970492575e-09
5.991073236e-09
5.994863722e-09
5.973294285e-09
5.963028834e-09
6.058662869e-09
5.934728645e-09
5.518188006e-09
4.858370396e-09
4.040494754e-09
0
2.85919916e-09
1.518914759e-09
7.378885513e-10
3.817242395e-10
1.891442636e-10
9.545395039e-11
1.256143094e-10
3.089914638e-10
3.434034711e-10
8.693447853e-10
1.880564522e-09
0
0
0
0
3.057958772e-09
2.85919916e-09
2.055815754e-09
)
;
    }
}
)

// Processor4

11828
(dimensions      [0 0 0 0 0 0 0];

internalField   nonuniform List<scalar> 
862
(
3.476897961e-14
3.209489541e-14
4.467255822e-14
0
0
9.64971616e-12
9.47790123e-12
9.114153071e-12
8.577624542e-12
7.89250707e-12
2.035844412e-11
2.0000786e-11
1.924499574e-11
1.814395539e-11
1.674066995e-11
3.010543156e-11
2.954788493e-11
2.83433215e-11
2.650448151e-11
2.428904815e-11
3.608009018e-11
3.54412503e-11
3.410197636e-11
3.225870548e-11
2.995981845e-11
4.497749679e-11
4.426289414e-11
4.282634192e-11
4.063504284e-11
3.781999222e-11
5.896112938e-11
5.81252977e-11
5.639087039e-11
5.386606916e-11
5.045867057e-11
7.857820406e-11
7.738054995e-11
7.482024353e-11
7.104937408e-11
6.61629633e-11
1.056351932e-10
1.03863783e-10
1.000554555e-10
9.438528946e-11
8.68030809e-11
1.530031212e-10
1.513202302e-10
1.477767849e-10
1.425798112e-10
1.357973432e-10
2.068688573e-10
2.064989185e-10
2.059432678e-10
2.055929993e-10
2.059236639e-10
2.1296188e-10
2.138870331e-10
2.162508813e-10
2.211122931e-10
2.299153854e-10
1.47798771e-10
1.521230802e-10
1.616566011e-10
1.761842502e-10
1.951389784e-10
7.023444849e-12
7.286077406e-12
8.174268583e-12
1.031373048e-11
1.539843147e-11
0
0
0
0
0
0
0
0
0
0
2.431763664e-12
2.450126918e-12
2.659518278e-12
3.311546132e-12
4.801846775e-12
6.002652152e-10
6.012153363e-10
6.031683983e-10
6.060405545e-10
6.094299426e-10
9.958519296e-10
9.873928697e-10
9.70066519e-10
9.45954526e-10
9.161002036e-10
9.643213477e-10
9.516880257e-10
9.241757186e-10
8.814283577e-10
8.272568075e-10
0
7.32790462e-12
1.560082537e-11
2.249779958e-11
2.807007266e-11
3.549329435e-11
4.766587655e-11
6.221966841e-11
7.982173794e-11
1.298855746e-10
2.065965241e-10
2.390219802e-10
2.092202784e-10
2.223046304e-11
0
0
6.763973901e-12
6.096931675e-10
8.904190077e-10
7.822221328e-10
0
0
0
0
0
6.278180227e-12
4.695451494e-12
3.256686698e-12
1.991606595e-12
9.554859155e-13
1.364455448e-11
1.058246266e-11
7.604928547e-12
4.637542158e-12
2.062164014e-12
1.945291418e-11
1.466130244e-11
1.052748029e-11
6.98305078e-12
4.186060982e-12
2.485221581e-11
1.974756596e-11
1.498312186e-11
1.061108153e-11
7.357539622e-12
3.165264328e-11
2.588109907e-11
2.03404252e-11
1.566449676e-11
1.173993076e-11
4.321805584e-11
3.623806952e-11
2.894773489e-11
2.190319521e-11
1.548252112e-11
5.594355386e-11
4.547589403e-11
3.487948413e-11
2.438848166e-11
1.216715998e-11
6.87608155e-11
5.242536596e-11
3.560946691e-11
2.087275172e-11
7.919135222e-12
1.189271294e-10
1.038149775e-10
9.024677754e-11
7.897461719e-11
7.188467357e-11
2.065409185e-10
2.135683834e-10
2.3079969e-10
2.601528724e-10
3.056552519e-10
2.544757469e-10
2.963445609e-10
3.588442833e-10
4.308551086e-10
4.976993299e-10
2.292518254e-10
2.456488008e-10
3.453956892e-10
4.462686227e-10
5.563813055e-10
3.371021889e-11
6.109765953e-11
1.104254835e-10
1.792738041e-10
2.679667268e-10
0
0
0
0
2.012457862e-11
0
0
0
0
3.191152004e-13
9.650991123e-12
2.380289961e-11
5.229101156e-11
9.393997907e-11
1.362227505e-10
6.016955765e-10
5.808051922e-10
5.396686642e-10
4.717994859e-10
3.898748094e-10
8.434451436e-10
7.434244008e-10
6.240288435e-10
4.867346348e-10
3.3661083e-10
7.077398592e-10
5.764749238e-10
4.282696087e-10
2.879112129e-10
1.609762148e-10
0
0
7.736303407e-08
9.896481221e-08
0
0
8.156316845e-08
1.354652045e-07
1.151718951e-07
0
0
0
1.224594654e-07
1.69654744e-07
0
0
0
0
1.221057397e-07
2.075662995e-07
1.142968934e-09
0
0
0
0
1.777093114e-07
1.202347986e-09
1.553376463e-10
0
0
0
1.738557336e-07
0
2.861017932e-10
9.843045085e-11
0
0
0
3.596406487e-08
0
2.337648805e-11
1.123593795e-09
0
0
0
0
0
0
4.317279182e-13
8.654976612e-10
5.364103507e-12
0
0
0
2.046677196e-09
9.681617939e-10
1.845910794e-10
0
0
2.165224908e-12
0
0
0
3.747996594e-09
2.514732991e-09
1.376815881e-09
5.545244491e-10
3.861525293e-10
1.257473786e-09
0
0
0
4.1648985e-09
3.776301016e-09
2.47556977e-09
1.21400853e-09
2.359067348e-10
0
3.418242228e-10
0
0
0
0
0
0
2.069085036e-13
1.209030071e-12
1.862734545e-12
2.940189171e-12
4.710714655e-12
1.046197308e-11
1.632811772e-12
5.637696507e-11
1.795572681e-10
3.568818087e-10
6.882104333e-10
1.179272962e-09
1.711850693e-09
2.288441805e-09
2.734108888e-09
2.813128104e-09
2.389282497e-09
1.347358457e-09
3.857044079e-10
0
0
0
8.388905929e-12
0
0
1.179601655e-13
0
1.774281321e-13
1.136757706e-12
1.521973558e-12
1.651471998e-12
0
1.240158024e-12
7.647312432e-12
0
0
0
1.283190952e-12
9.86280342e-11
3.100525667e-10
5.553213245e-10
8.638091541e-10
1.115442131e-09
1.15082906e-09
9.068232458e-10
3.764001442e-10
0
0
0
0
9.205462081e-10
0
8.347286136e-11
2.238874972e-13
0
5.174138115e-13
1.260569271e-12
1.46722405e-12
1.27226713e-12
0
3.909012664e-12
0
0
0
0
0
0
8.043501604e-12
0
4.957016351e-11
1.401897796e-10
2.278611501e-10
3.141091671e-10
4.021107144e-10
0
0
0
0
1.085502989e-10
0
2.148181577e-10
2.256884531e-12
1.212878113e-12
1.422023918e-12
1.434214282e-12
1.002011953e-12
0
9.224288887e-13
6.963460854e-12
0
0
0
0
0
0
5.805571251e-12
0
0
0
1.096555553e-12
1.958225764e-11
1.272520898e-10
0
0
0
0
0
0
0
4.459914125e-12
2.830888485e-12
1.740379573e-12
9.784526635e-13
0
0
1.877934419e-12
0
0
0
0
0
0
0
5.975476759e-12
0
0
0
0
0
0
0
0
0
0
0
8.598485651e-10
0
7.626763496e-12
4.095711278e-12
1.54291904e-12
0
0
2.123453077e-12
3.793929404e-12
0
0
0
0
0
0
0
7.361770191e-11
0
0
0
0
0
0
0
0
0
0
0
3.334771843e-13
0
9.091647717e-12
9.72965777e-13
0
0
0
2.698968414e-13
0
0
0
0
0
0
0
0
7.267274438e-11
0
0
0
0
0
0
0
0
0
0
0
0
0
2.146891534e-12
0
0
0
2.41118051e-12
0
0
0
0
0
0
0
0
0
0
0
0
0
0
0
0
0
0
0
0
0
0
0
0
0
0
1.779343458e-12
0
0
0
0
0
0
0
0
0
0
0
4.756387546e-11
1.368607787e-10
1.948147566e-10
2.583183397e-10
2.802883484e-10
3.256292778e-10
4.441506235e-10
0
0
0
0
0
1.689125271e-10
7.137655776e-11
8.79916452e-11
1.358715056e-10
2.002143361e-10
2.798050747e-10
3.880807259e-10
5.15261154e-10
6.546643721e-10
7.808716519e-10
8.708215809e-10
9.560245994e-10
1.07796498e-09
1.224886731e-09
1.396095299e-09
1.626644152e-09
1.818605651e-09
1.9765185e-09
2.035884622e-09
2.009966625e-09
1.822764304e-09
1.517861177e-09
1.14256491e-09
1.616243191e-10
0
0
0
0
0
3.831139838e-10
4.8498388e-10
6.545749989e-10
8.427853802e-10
1.07622119e-09
1.346664958e-09
1.645351202e-09
1.946427537e-09
2.23088944e-09
2.470189363e-09
2.730736246e-09
3.016733145e-09
3.313677791e-09
3.640849331e-09
3.910352253e-09
4.198521694e-09
4.354348565e-09
4.32580396e-09
4.129056841e-09
3.651853022e-09
2.915859929e-09
1.957775444e-09
6.690919759e-10
0
0
0
0
0
6.823344659e-10
8.863670877e-10
1.139167167e-09
1.439996548e-09
1.78428957e-09
2.165749862e-09
2.557353197e-09
2.936632733e-09
3.282027273e-09
3.607631501e-09
3.952957308e-09
4.303551766e-09
4.640653622e-09
4.973542069e-09
5.235637294e-09
5.4541217e-09
5.501021466e-09
5.343219362e-09
5.019684921e-09
4.428339903e-09
3.607799643e-09
2.649928948e-09
1.607476804e-09
1.141376741e-09
1.185268956e-09
1.507740824e-09
1.847545765e-09
1.87927046e-09
7.144442037e-10
9.322003038e-10
1.195757132e-09
1.505474003e-09
1.845145766e-09
2.200657589e-09
2.543884886e-09
2.85243358e-09
3.110279687e-09
3.375108246e-09
3.652931578e-09
3.928665579e-09
4.191715346e-09
4.455197934e-09
4.613256581e-09
4.720933291e-09
4.698691182e-09
4.539864649e-09
4.309526986e-09
3.94021006e-09
3.495692889e-09
3.107120048e-09
3.105201083e-09
3.904470387e-09
5.443550951e-09
7.548989516e-09
9.980227483e-09
1.229075093e-08
3.911457244e-10
5.600889407e-10
7.665211822e-10
9.944365208e-10
1.231052394e-09
1.44676911e-09
1.612257236e-09
1.715547274e-09
1.810009199e-09
1.933838255e-09
2.082762768e-09
2.255528967e-09
2.502405417e-09
2.628607886e-09
2.739774474e-09
2.845299428e-09
2.931473635e-09
3.022950334e-09
3.19516449e-09
3.396674156e-09
3.679911821e-09
4.198509857e-09
5.452185769e-09
7.587123152e-09
1.047169503e-08
1.382610143e-08
1.732844345e-08
2.015612816e-08
7.297047831e-11
1.635967161e-10
2.847089411e-10
4.124819819e-10
5.074000704e-10
5.459341369e-10
4.867463269e-10
4.281059042e-10
4.118027152e-10
4.41214415e-10
5.251810856e-10
6.732918672e-10
9.620323689e-10
1.005126512e-09
1.141321077e-09
1.376924087e-09
1.728898848e-09
2.230721403e-09
2.950177988e-09
3.834475089e-09
4.907159452e-09
6.279445464e-09
8.504847366e-09
1.155003364e-08
1.51976586e-08
1.908378502e-08
2.27926412e-08
2.548138878e-08
1.530615814e-11
6.474608633e-11
1.171443446e-10
1.161376769e-10
8.439178253e-11
2.775914923e-11
1.587062478e-12
0
0
0
3.77051613e-12
1.348430797e-10
1.945838538e-10
2.27653689e-10
4.385627473e-10
8.084635644e-10
1.378176123e-09
2.181730222e-09
3.256276323e-09
4.537736101e-09
6.007613509e-09
7.723858783e-09
1.018196227e-08
1.328164971e-08
1.677012402e-08
2.029797427e-08
2.342788972e-08
2.566956685e-08
1.599156102e-10
1.397899032e-10
1.018511646e-10
3.235343632e-11
0
0
0
0
0
0
3.360231446e-11
1.781412246e-10
3.99023487e-11
2.526808647e-11
1.713989402e-10
4.988316419e-10
1.044115986e-09
1.829435003e-09
2.819425815e-09
3.9525339e-09
5.160151055e-09
6.465659634e-09
8.325367584e-09
1.053443969e-08
1.294587834e-08
1.526473302e-08
1.717167275e-08
1.836693778e-08
2.871446223e-10
1.563739525e-10
5.461450695e-11
0
0
0
0
0
0
0
6.612480623e-11
6.62263103e-11
2.22376718e-12
0
0
1.016505308e-10
3.728705588e-10
8.126265426e-10
1.364897454e-09
1.938757591e-09
2.477954839e-09
2.982331275e-09
3.863730431e-09
4.941852205e-09
6.207859578e-09
7.560520207e-09
8.888426569e-09
1.010817493e-08
1.892486331e-10
5.655757085e-11
0
0
0
0
0
0
0
1.524984247e-10
2.901913403e-10
1.058793992e-10
0
0
0
0
0
4.087908305e-11
1.257199346e-10
1.828587657e-10
1.619597238e-10
1.035085261e-10
3.072752636e-10
7.104171308e-10
1.51164797e-09
2.899238624e-09
5.085857174e-09
8.422610643e-09
4.604520285e-11
0
0
0
0
0
0
4.502637468e-11
2.652511414e-10
5.778684138e-10
4.110615016e-10
1.71472975e-10
3.081017026e-12
0
0
0
0
0
0
0
0
0
0
0
4.610592659e-10
2.093738578e-09
5.305271282e-09
1.076219279e-08
)
;

boundaryField
{
    inletCH4
    {
        type            fixedValue;
        value           nonuniform List<scalar> 0();
    }
    wallOutside
    {
        type            zeroGradient;
    }
    wallTube
    {
        type            zeroGradient;
    }
    inletPilot
    {
        type            fixedValue;
        value           nonuniform List<scalar> 0();
    }
    inletAir
    {
        type            fixedValue;
        value           nonuniform List<scalar> 0();
    }
    outlet
    {
        type            zeroGradient;
    }
    axis
    {
        type            empty;
    }
    frontAndBack_pos
    {
        type            wedge;
    }
    frontAndBack_neg
    {
        type            wedge;
    }
    procBoundary4to0
    {
        type            processor;
        value           nonuniform List<scalar> 
27
(
2.940849951e-07
2.702299385e-07
2.416985371e-07
1.37230416e-07
4.694373486e-08
0
0
0
0
0
0
0
0
0
0
0
0
0
1.105392463e-09
1.355125426e-08
2.117051063e-08
2.592234051e-08
2.631180591e-08
1.847898423e-08
1.09684317e-08
1.313193024e-08
1.897032754e-08
)
;
    }
    procBoundary4to2
    {
        type            processor;
        value           nonuniform List<scalar> 10(0 4.526521143e-08 7.177211801e-08 4.664865046e-08 4.659399702e-08 4.659399702e-08 3.250300681e-08 1.114059777e-07 1.967881611e-07 2.524452183e-07);
    }
    procBoundary4to5
    {
        type            processor;
        value           nonuniform List<scalar> 
46
(
5.643796028e-13
5.611171372e-13
5.33001298e-13
3.95215574e-13
2.518059852e-13
2.004805971e-13
1.091533687e-13
0
0
0
0
0
0
3.899430615e-10
3.899430615e-10
1.179287871e-09
5.247490755e-11
2.534714552e-11
2.534714552e-11
0
0
0
4.695907921e-10
4.695907921e-10
2.175458225e-09
3.929404685e-09
3.929404685e-09
0
0
0
1.124121937e-13
1.080340304e-12
4.092302564e-12
9.661852459e-12
2.044092232e-11
3.633188251e-11
6.034553574e-11
1.823330583e-10
3.919021875e-10
6.711116255e-10
1.131342122e-09
1.782058837e-09
2.488359677e-09
3.267777783e-09
3.92743714e-09
3.92743714e-09
)
;
    }
}
)

// Processor5

13518
(dimensions      [0 0 0 0 0 0 0];

internalField   nonuniform List<scalar> 
862
(
5.955752798e-09
5.970492575e-09
5.991073236e-09
5.994863722e-09
5.973294285e-09
3.144280491e-09
3.135701123e-09
3.108953426e-09
3.060298069e-09
2.988630367e-09
1.586614692e-09
1.577521017e-09
1.554115273e-09
1.51642336e-09
1.463844153e-09
7.819797963e-10
7.759886185e-10
7.609131057e-10
7.449399872e-10
7.206648347e-10
3.707263039e-10
3.680434002e-10
3.618837574e-10
3.532493534e-10
3.41364445e-10
1.806439738e-10
1.806743945e-10
1.781646382e-10
1.742165571e-10
1.688731176e-10
9.610090701e-11
9.560405041e-11
9.439430552e-11
9.257050885e-11
9.028581008e-11
5.893185181e-11
5.879207228e-11
5.846754283e-11
5.799922814e-11
5.744960872e-11
4.626886498e-11
4.636570841e-11
4.657637342e-11
4.6898445e-11
4.732842483e-11
4.707186575e-11
4.738638206e-11
4.808399711e-11
4.910372647e-11
5.045202094e-11
5.647128934e-11
5.695131618e-11
5.801614101e-11
5.961986924e-11
6.172756782e-11
6.69235744e-11
6.768653661e-11
6.938416763e-11
7.197594786e-11
7.545334037e-11
7.33960827e-11
7.439215158e-11
7.658884276e-11
7.992575842e-11
8.440646686e-11
6.9994259e-11
7.116136529e-11
7.373983253e-11
7.769634259e-11
8.304807988e-11
5.293262142e-11
5.387603023e-11
5.593366717e-11
5.908800771e-11
6.337418993e-11
2.842768619e-11
2.930496011e-11
3.081416609e-11
3.292948332e-11
3.565754164e-11
7.178761209e-12
7.577176817e-12
8.420462565e-12
9.689280491e-12
1.167907832e-11
4.116734e-12
4.249015181e-12
4.523348901e-12
4.959259301e-12
5.291805398e-12
2.665746366e-13
2.136520145e-13
2.159967819e-13
2.085829089e-13
1.825944624e-13
0
0
0
0
0
4.099928216e-14
4.689671215e-14
2.991547769e-14
0
0
0
0
0
0
0
2.38218378e-12
2.285515924e-12
2.087695593e-12
1.820012499e-12
1.520740762e-12
1.308401334e-12
1.240108713e-12
1.097856521e-12
9.103872874e-13
7.206957372e-13
5.643796028e-13
5.611171372e-13
5.33001298e-13
3.95215574e-13
2.518059852e-13
5.963028834e-09
2.939929418e-09
1.426006667e-09
7.038166075e-10
3.328631157e-10
1.651394134e-10
8.886167697e-11
5.709927518e-11
4.76643488e-11
5.157033694e-11
6.336635915e-11
7.824993151e-11
8.810466615e-11
8.730790616e-11
6.698478692e-11
3.801786639e-11
1.350257676e-11
5.5190057e-12
1.848145526e-13
0
0
0
1.327004564e-12
6.380268849e-13
2.004805971e-13
6.058662869e-09
5.934728645e-09
5.518188006e-09
4.858370396e-09
4.040494754e-09
2.923255628e-09
2.77895404e-09
2.522131944e-09
2.173837098e-09
1.797125294e-09
1.393661485e-09
1.312624136e-09
1.173473494e-09
1.009031038e-09
8.318167987e-10
6.906307686e-10
6.490934812e-10
5.725986155e-10
4.874029605e-10
3.997855388e-10
3.255150103e-10
3.011211813e-10
2.752055501e-10
2.390628614e-10
2.025464011e-10
1.620500068e-10
1.525833849e-10
1.415498972e-10
1.262360521e-10
1.10457113e-10
8.778569531e-11
8.336145666e-11
7.867078831e-11
7.460921536e-11
6.971739835e-11
5.685983958e-11
5.617472204e-11
5.55796184e-11
5.528133352e-11
5.557947778e-11
4.809485212e-11
4.959973356e-11
5.199448228e-11
5.527583201e-11
5.95870744e-11
5.296892776e-11
5.659522266e-11
6.168230245e-11
6.805838258e-11
7.665753766e-11
6.540965101e-11
7.081002441e-11
7.904200757e-11
8.920215307e-11
1.01267582e-10
8.207327032e-11
9.055405269e-11
1.016894737e-10
1.151723528e-10
1.334889021e-10
9.353923343e-11
1.049632005e-10
1.214583081e-10
1.384049315e-10
1.549919678e-10
9.374789022e-11
1.06136398e-10
1.19904161e-10
1.342338999e-10
1.489694145e-10
7.275205309e-11
8.208895806e-11
9.232029658e-11
1.026833097e-10
1.150767247e-10
4.198074369e-11
4.884726109e-11
5.702823549e-11
6.678540876e-11
7.500249979e-11
1.657623826e-11
2.27384831e-11
2.703482423e-11
2.963848835e-11
3.173910108e-11
6.059173469e-12
6.673884603e-12
6.517128628e-12
6.373524509e-12
5.856074444e-12
1.485446839e-13
7.512658543e-14
3.185771351e-14
0
0
0
0
0
0
0
0
0
0
0
6.020494733e-14
0
0
5.743568154e-14
2.893744835e-13
4.806953893e-13
1.093566687e-12
8.731714426e-13
7.197558468e-13
5.094910197e-13
0
6.241507374e-13
6.070479978e-13
5.130115094e-13
5.876985313e-14
0
1.091533687e-13
0
0
0
0
0
0
0
0
0
0
0
0
0
0
0
0
0
0
2.85919916e-09
1.518914759e-09
7.378885513e-10
3.817242395e-10
1.891442636e-10
9.545395039e-11
1.256143094e-10
3.089914638e-10
3.434034711e-10
8.693447853e-10
1.880564522e-09
0
0
0
0
0
0
0
0
0
0
3.057958772e-09
2.055815754e-09
1.285721932e-09
7.568433425e-10
4.296619921e-10
2.362733674e-10
1.388059588e-10
9.83371696e-11
1.11834385e-10
2.390627871e-10
5.430305254e-10
7.189675154e-10
1.272367833e-09
9.909213705e-10
0
0
0
0
0
0
0
0
0
1.383567733e-09
9.650742736e-10
6.348081356e-10
3.877845326e-10
2.433713018e-10
1.460459143e-10
1.056292925e-10
9.187517159e-11
1.031420121e-10
1.715707351e-10
3.836579732e-10
6.887846838e-10
9.108140013e-10
1.63273565e-09
8.117247048e-10
0
0
0
0
0
0
0
0
6.490470956e-10
4.701398997e-10
3.138207886e-10
2.140012828e-10
1.414256784e-10
1.057990323e-10
9.191221167e-11
9.39864892e-11
1.301451325e-10
1.989125648e-10
3.857019625e-10
6.481926328e-10
8.356758344e-10
1.060852803e-09
1.984782841e-09
1.107214322e-09
0
0
0
0
0
0
0
3.188162795e-10
2.371016388e-10
1.75761353e-10
1.255250746e-10
8.682248099e-11
7.949367066e-11
7.695151349e-11
8.339652859e-11
1.30894579e-10
1.983364329e-10
2.98391352e-10
4.591235692e-10
6.150284541e-10
3.945009665e-10
2.535053766e-10
7.777624823e-10
0
0
0
0
0
0
0
1.671750907e-10
1.343702538e-10
1.029576489e-10
8.356482987e-11
7.40516252e-11
7.505779537e-11
8.2804014e-11
1.048746929e-10
1.334745026e-10
2.052232867e-10
3.179178191e-10
4.449051469e-10
5.888805364e-10
7.843691898e-10
9.194504443e-10
1.808623744e-09
1.093381935e-09
0
0
0
0
0
0
9.550521097e-11
8.239654774e-11
7.237723108e-11
6.802598225e-11
7.157678167e-11
8.169151598e-11
9.775250539e-11
1.248235308e-10
1.574257239e-10
2.218269342e-10
2.953628143e-10
4.480777647e-10
6.195744654e-10
7.799045117e-10
6.204789261e-10
6.581630513e-10
1.766052886e-09
6.747194762e-10
0
0
0
0
0
6.512170568e-11
6.22236158e-11
6.331456217e-11
6.883888094e-11
7.904394341e-11
9.429569091e-11
1.081380768e-10
1.577251996e-10
2.042871137e-10
2.703070738e-10
3.491029954e-10
4.883605194e-10
6.342727485e-10
8.100094398e-10
9.775358452e-10
6.114636618e-10
1.208064588e-09
8.80167508e-10
0
0
0
0
0
5.731212776e-11
6.225951664e-11
7.029190476e-11
8.13927084e-11
9.275645584e-11
1.1871501e-10
1.381547818e-10
1.987516519e-10
2.665657603e-10
3.43851741e-10
4.573142949e-10
5.324320743e-10
6.660247995e-10
7.538171975e-10
8.094242873e-10
5.240839143e-10
4.429377234e-10
1.601195131e-09
5.650213597e-10
0
0
0
0
6.68104778e-11
7.805064598e-11
9.215783213e-11
1.118896637e-10
1.341455625e-10
1.683178722e-10
2.028609126e-10
2.508366036e-10
3.203081811e-10
4.118455707e-10
5.154072547e-10
5.579056787e-10
6.955294301e-10
8.258409112e-10
9.668204417e-10
8.824096347e-10
1.700081186e-10
7.340204786e-10
4.780855825e-10
0
0
0
0
8.839757326e-11
1.033890738e-10
1.328647516e-10
1.674414363e-10
2.018270738e-10
2.445209198e-10
2.939438451e-10
3.326855428e-10
3.989431857e-10
4.802360613e-10
5.585361797e-10
6.491797543e-10
6.999948739e-10
7.486842561e-10
7.2326788e-10
6.49616023e-10
1.929240315e-10
1.581851982e-10
1.392262788e-09
4.754229956e-10
0
0
6.558195354e-09
1.169846821e-10
1.397763616e-10
1.795136316e-10
2.31076478e-10
2.805408991e-10
3.30527745e-10
3.847551114e-10
4.203927704e-10
4.880093849e-10
5.495007599e-10
6.068969779e-10
6.984469428e-10
7.484904241e-10
8.322021538e-10
8.592656527e-10
9.295851605e-10
8.168132792e-10
1.300523973e-10
8.094690984e-10
7.622062169e-10
0
0
0
1.539445883e-10
1.865749372e-10
2.381698298e-10
2.847919766e-10
3.300929673e-10
3.747687146e-10
4.201751127e-10
4.473662481e-10
5.066226024e-10
5.385034117e-10
5.527809895e-10
5.990011992e-10
5.77171187e-10
6.602312051e-10
6.854343854e-10
7.933059603e-10
7.725279064e-10
8.970359565e-12
6.29402617e-11
1.251091321e-09
1.107711931e-10
0
0
1.735184672e-10
2.030932221e-10
2.490991818e-10
2.856853345e-10
3.191635531e-10
3.504510876e-10
3.799322361e-10
3.951179929e-10
4.379586273e-10
4.471806373e-10
4.344953752e-10
4.334704344e-10
3.554042959e-10
3.613281387e-10
2.988467805e-10
2.717638637e-10
3.221089783e-10
3.143833496e-11
1.866943349e-11
9.47129771e-10
1.192185511e-09
0
0
1.666414849e-10
1.982346633e-10
2.280618366e-10
2.534898531e-10
2.813105144e-10
2.986853111e-10
3.182777193e-10
3.389853613e-10
3.504842629e-10
3.481978399e-10
3.379912306e-10
3.215812214e-10
2.304527792e-10
1.692527933e-10
1.565339756e-10
1.552393316e-10
3.502926861e-10
3.597845029e-10
0
6.402579371e-11
1.255440323e-09
7.585030652e-11
0
1.336696224e-10
1.533258071e-10
1.708788475e-10
1.84459756e-10
2.021933936e-10
2.096877513e-10
2.245917839e-10
2.382791292e-10
2.463671329e-10
2.483700095e-10
2.515301312e-10
2.423528782e-10
1.707104163e-10
9.383928065e-11
1.401907371e-10
9.117527215e-11
2.766037333e-10
4.786241588e-10
0
6.609109041e-12
9.549549748e-10
3.189552879e-10
0
8.322606656e-11
9.177605689e-11
9.96022973e-11
1.118746983e-10
1.186583528e-10
1.174085624e-10
1.27300486e-10
1.383629947e-10
1.483423573e-10
1.535781209e-10
1.656993309e-10
1.681664993e-10
1.183656427e-10
4.527089346e-11
8.283638029e-11
2.708916058e-12
1.731923758e-11
1.477896886e-10
0
0
5.437038296e-11
1.233219736e-09
3.899430615e-10
3.363205943e-11
3.509295908e-11
3.495198564e-11
4.146791968e-11
4.105581938e-11
4.162567613e-11
4.77282518e-11
5.919553952e-11
7.028845075e-11
7.560794869e-11
8.996387856e-11
1.03695617e-10
7.447084272e-11
2.980854906e-11
7.872662523e-11
6.749274931e-13
2.883765514e-12
1.495634342e-10
8.122510956e-11
0
2.614415257e-11
1.179287871e-09
5.13302424e-12
3.044552677e-12
7.701846984e-12
8.800423019e-12
3.308813358e-12
4.400886862e-12
5.278617777e-12
1.620264457e-11
2.790720035e-11
3.029056452e-11
4.223053763e-11
5.255343069e-11
1.962691557e-11
1.156670333e-11
7.660713013e-11
2.16142736e-12
2.298625079e-12
1.131192343e-10
2.019875451e-10
0
0
5.247490755e-11
0
1.156260672e-12
1.13533906e-12
0
0
2.489227837e-13
2.847958202e-12
3.084990883e-12
8.01061666e-12
5.980658225e-13
4.334705185e-12
1.955788754e-11
0
9.22782769e-12
7.382195602e-11
0
0
3.632058435e-12
1.072939024e-10
0
0
2.534714552e-11
6.02081386e-13
5.513228397e-13
3.091003581e-13
0
0
3.521576091e-13
3.522580785e-12
2.868509982e-12
4.288552184e-12
1.608289754e-12
0
1.055289684e-11
0
2.437222348e-12
7.309481782e-11
0
0
3.05945062e-13
8.389749586e-11
0
0
3.120469676e-13
2.193121995e-13
0
0
2.644915188e-15
1.208948198e-12
1.192736109e-12
2.754021056e-12
3.413122045e-12
3.943049097e-12
0
3.33343961e-12
0
0
8.923591401e-12
0
0
0
6.162471024e-11
0
0
4.381269483e-13
0
0
0
3.831807769e-14
1.029078296e-12
1.495723909e-12
2.728586832e-12
4.843563878e-12
1.120783133e-11
0
2.231989492e-12
0
0
2.488704685e-11
5.004229002e-11
2.294585862e-10
4.079557976e-10
5.470757191e-10
4.695907921e-10
0
0
0
0
8.328233112e-13
9.1602887e-13
1.705442959e-12
3.077361036e-12
7.335513254e-12
1.465336653e-11
8.036138695e-12
8.751303291e-11
1.536985965e-10
3.060301632e-10
6.220993435e-10
9.594963599e-10
1.436246232e-09
1.90870182e-09
2.175458225e-09
0
0
0
2.308004355e-13
1.402142656e-12
4.853070422e-12
1.026831592e-11
2.099732359e-11
3.938471138e-11
4.482843669e-11
1.386499857e-10
3.258049128e-10
5.386884041e-10
9.078477933e-10
1.475007682e-09
2.110921561e-09
2.849854574e-09
3.551610155e-09
3.929404685e-09
0
0
0
1.124121937e-13
1.080340304e-12
4.092302564e-12
9.661852459e-12
2.044092232e-11
3.633188251e-11
6.034553574e-11
1.823330583e-10
3.919021875e-10
6.711116255e-10
1.131342122e-09
1.782058837e-09
2.488359677e-09
3.267777783e-09
3.92743714e-09
)
;

boundaryField
{
    inletCH4
    {
        type            fixedValue;
        value           nonuniform List<scalar> 0();
    }
    wallOutside
    {
        type            zeroGradient;
    }
    wallTube
    {
        type            zeroGradient;
    }
    inletPilot
    {
        type            fixedValue;
        value           nonuniform List<scalar> 0();
    }
    inletAir
    {
        type            fixedValue;
        value           nonuniform List<scalar> 0();
    }
    outlet
    {
        type            zeroGradient;
    }
    axis
    {
        type            empty;
    }
    frontAndBack_pos
    {
        type            wedge;
    }
    frontAndBack_neg
    {
        type            wedge;
    }
    procBoundary5to1
    {
        type            processor;
        value           uniform 0;
    }
    procBoundary5to2
    {
        type            processor;
        value           nonuniform List<scalar> 
16
(
0
0
0
0
0
0
0
0
0
0
0
0
1.531281636e-08
1.758964765e-08
1.687901015e-08
0
)
;
    }
    procBoundary5to3
    {
        type            processor;
        value           nonuniform List<scalar> 
30
(
1.075764099e-08
1.091280895e-08
1.120716795e-08
1.154794867e-08
1.198075681e-08
1.231884193e-08
1.308305427e-08
1.376264892e-08
1.373108509e-08
1.289017042e-08
1.122866685e-08
0
8.546822964e-09
3.628784486e-09
1.5567901e-09
6.52656196e-10
2.830431366e-10
1.280550974e-10
1.831251751e-10
2.296840912e-10
7.088514053e-10
1.5409814e-09
3.684306269e-10
0
0
0
0
8.574800309e-09
5.322062001e-09
5.322062001e-09
)
;
    }
    procBoundary5to4
    {
        type            processor;
        value           nonuniform List<scalar> 
46
(
3.476897961e-14
3.209489541e-14
4.467255822e-14
0
0
0
0
0
0
0
0
0
0
0
0
0
1.142968934e-09
1.202347986e-09
0
0
0
0
0
2.046677196e-09
2.046677196e-09
3.747996594e-09
4.1648985e-09
0
0
0
2.069085036e-13
1.209030071e-12
1.862734545e-12
2.940189171e-12
4.710714655e-12
1.046197308e-11
1.632811772e-12
5.637696507e-11
1.795572681e-10
3.568818087e-10
6.882104333e-10
1.179272962e-09
1.711850693e-09
2.288441805e-09
4.1648985e-09
2.734108888e-09
)
;
    }
}
)