/*--------------------------------*- C++ -*----------------------------------*\
  =========                 |
  \\      /  F ield         | OpenFOAM: The Open Source CFD Toolbox
   \\    /   O peration     | Website:  https://openfoam.org
    \\  /    A nd           | Version:  10
     \\/     M anipulation  |
\*---------------------------------------------------------------------------*/
FoamFile
{
    format      binary;
    class       decomposedBlockData;
    location    "/home/zhouyuchen/Desktop/FastChemistrySolver-OpenFOAM-10/EC-CCM/OpenFOAM-10/Sandia/processors6/0.0250188088/C2H2_0";
    object      C2H2_0;
}
// * * * * * * * * * * * * * * * * * * * * * * * * * * * * * * * * * * * * * //


// Processor0

1679
(/*--------------------------------*- C++ -*----------------------------------*\
  =========                 |
  \\      /  F ield         | OpenFOAM: The Open Source CFD Toolbox
   \\    /   O peration     | Website:  https://openfoam.org
    \\  /    A nd           | Version:  10
     \\/     M anipulation  |
\*---------------------------------------------------------------------------*/
FoamFile
{
    format      ascii;
    class       volScalarField;
    location    "0.0250188088";
    object      C2H2_0;
}
// * * * * * * * * * * * * * * * * * * * * * * * * * * * * * * * * * * * * * //

dimensions      [0 0 0 0 0 0 0];

internalField   uniform 0;

boundaryField
{
    inletCH4
    {
        type            fixedValue;
        value           nonuniform List<scalar> 0();
    }
    wallOutside
    {
        type            zeroGradient;
    }
    wallTube
    {
        type            zeroGradient;
    }
    inletPilot
    {
        type            fixedValue;
        value           nonuniform List<scalar> 0();
    }
    inletAir
    {
        type            fixedValue;
        value           nonuniform List<scalar> 0();
    }
    outlet
    {
        type            zeroGradient;
    }
    axis
    {
        type            empty;
    }
    frontAndBack_pos
    {
        type            wedge;
    }
    frontAndBack_neg
    {
        type            wedge;
    }
    procBoundary0to2
    {
        type            processor;
        value           uniform 0;
    }
    procBoundary0to4
    {
        type            processor;
        value           uniform 0;
    }
}


// ************************************************************************* //
)

// Processor1

3486
(dimensions      [0 0 0 0 0 0 0];

internalField   nonuniform List<scalar> 
860
(
0
0
0
0
0
0
0
0
0
0
0
0
0
0
0
0
0
0
0
0
0
0
0
0
0
0
0
0
0
0
0
0
0
0
0
0
0
0
0
0
0
0
0
0
0
0
0
0
0
0
0
0
0
0
0
0
0
0
0
0
0
0
0
0
0
0
0
0
0
0
0
0
0
0
0
0
0
0
0
0
0
0
0
0
0
0
0
0
0
0
0
0
0
0
0
0
0
0
0
0
0
0
0
0
0
0
0
0
0
0
0
0
0
0
0
0
0
0
0
0
0
0
0
0
0
0
0
0
0
0
0
0
0
0
0
0
0
0
0
0
0
0
0
0
0
0
0
0
0
0
0
0
0
0
0
0
0
0
0
0
0
0
0
0
0
0
0
0
0
0
0
0
0
0
0
0
0
0
0
0
0
0
0
0
0
0
0
0
0
0
0
0
0
0
0
0
0
0
0
0
0
0
0
0
0
0
0
0
0
0
0
0
0
0
0
0
0
0
0
0
0
0
0
0
0
0
0
0
0
0
0
0
0
0
0
0
0
0
0
0
0
0
0
0
0
0
0
0
0
0
0
0
0
0
0
0
0
0
0
0
0
0
0
0
0
0
0
0
0
0
0
0
0
0
0
0
0
0
0
0
0
0
0
0
0
0
0
0
0
0
0
0
0
0
0
0
0
0
0
0
0
0
0
0
0
0
0
0
0
0
0
0
0
0
0
0
0
0
0
0
0
0
0
0
0
0
0
0
0
0
0
0
0
0
0
0
0
0
0
0
0
0
0
0
0
0
0
0
0
0
0
0
0
0
0
0
0
0
0
0
0
0
0
0
0
0
0
0
0
0
0
0
0
0
0
0
0
0
0
0
0
0
0
0
0
0
0
0
0
0
0
0
0
0
0
0
0
0
0
0
0
0
0
0
0
0
0
0
0
0
0
0
0
0
0
0
0
0
0
0
0
0
0
0
0
0
0
0
0
0
0
0
0
0
0
0
0
0
0
0
6.820328047e-15
0
0
0
0
0
0
0
0
0
0
0
0
0
0
0
0
0
0
0
0
0
0
0
0
0
0
0
0
0
0
0
0
0
0
0
0
0
0
0
0
0
0
0
5.266602364e-14
0
0
0
0
0
0
0
0
0
0
0
0
0
0
0
0
0
0
0
0
0
0
0
0
0
0
0
0
0
0
0
0
0
0
0
0
0
0
0
0
0
0
0
1.190041854e-13
0
0
0
0
0
0
0
0
0
0
0
0
0
0
0
0
0
0
0
0
0
0
0
0
0
0
0
0
0
0
0
0
0
0
0
0
0
0
0
0
0
0
0
1.978229059e-13
0
0
0
0
0
0
0
0
0
0
0
0
0
0
0
0
0
0
0
0
0
0
0
0
0
0
0
0
0
0
0
0
0
0
0
0
0
0
0
0
0
0
0
2.743221543e-13
2.895209991e-16
0
0
0
0
0
0
0
0
0
0
0
0
0
0
0
0
0
0
0
0
0
0
0
0
0
0
0
0
0
0
0
0
0
0
0
0
0
0
0
0
0
0
3.465846478e-13
2.149911087e-15
0
0
0
0
0
0
0
0
0
0
0
0
0
0
0
0
0
0
0
0
0
0
0
0
0
0
0
0
0
0
0
0
0
0
0
0
0
0
0
0
0
0
4.424895919e-13
1.045563503e-14
0
0
0
0
0
0
0
0
0
0
0
0
0
0
0
0
0
0
0
0
0
0
0
0
0
0
0
0
0
0
0
0
0
0
0
0
0
0
0
0
0
0
6.182779153e-13
3.575576525e-14
0
0
0
0
0
0
0
0
0
0
0
0
0
0
0
0
0
0
0
0
0
0
0
0
0
0
0
0
0
0
0
0
0
0
0
0
0
0
0
0
0
0
9.660883241e-13
9.629122441e-14
0
0
0
0
0
0
0
0
0
0
0
0
0
0
0
0
0
0
0
0
0
0
0
0
0
0
0
0
0
0
0
0
0
0
0
0
0
0
0
0
0
0
1.738307523e-12
2.359325942e-13
0
0
0
0
0
0
0
0
3.782524628e-12
5.672540699e-13
1.401281978e-14
0
0
0
0
1.080883818e-11
1.436205952e-12
1.229190347e-13
0
0
0
0
)
;

boundaryField
{
    inletCH4
    {
        type            fixedValue;
        value           nonuniform List<scalar> 0();
    }
    wallOutside
    {
        type            zeroGradient;
    }
    wallTube
    {
        type            zeroGradient;
    }
    inletPilot
    {
        type            fixedValue;
        value           nonuniform List<scalar> 0();
    }
    inletAir
    {
        type            fixedValue;
        value           uniform 0;
    }
    outlet
    {
        type            zeroGradient;
    }
    axis
    {
        type            empty;
    }
    frontAndBack_pos
    {
        type            wedge;
    }
    frontAndBack_neg
    {
        type            wedge;
    }
    procBoundary1to2
    {
        type            processor;
        value           uniform 0;
    }
    procBoundary1to3
    {
        type            processor;
        value           nonuniform List<scalar> 
22
(
0
0
0
0
0
0
0
0
4.961984194e-14
2.236378112e-13
4.917954017e-13
8.290246909e-13
1.172593384e-12
1.507583573e-12
1.788343374e-12
2.028088978e-12
2.388065538e-12
3.171539551e-12
4.883878008e-12
9.279171806e-12
2.472070756e-11
1.02142241e-10
)
;
    }
    procBoundary1to5
    {
        type            processor;
        value           nonuniform List<scalar> 7(4.429797534e-11 4.280399613e-12 4.307732589e-13 3.755079918e-16 0 0 0);
    }
}
)

// Processor2

1303
(dimensions      [0 0 0 0 0 0 0];

internalField   uniform 0;

boundaryField
{
    inletCH4
    {
        type            fixedValue;
        value           nonuniform List<scalar> 0();
    }
    wallOutside
    {
        type            zeroGradient;
    }
    wallTube
    {
        type            zeroGradient;
    }
    inletPilot
    {
        type            fixedValue;
        value           nonuniform List<scalar> 0();
    }
    inletAir
    {
        type            fixedValue;
        value           nonuniform List<scalar> 0();
    }
    outlet
    {
        type            zeroGradient;
    }
    axis
    {
        type            empty;
    }
    frontAndBack_pos
    {
        type            wedge;
    }
    frontAndBack_neg
    {
        type            wedge;
    }
    procBoundary2to0
    {
        type            processor;
        value           uniform 0;
    }
    procBoundary2to1
    {
        type            processor;
        value           uniform 0;
    }
    procBoundary2to4
    {
        type            processor;
        value           uniform 0;
    }
    procBoundary2to5
    {
        type            processor;
        value           nonuniform List<scalar> 
16
(
0
0
0
0
0
0
0
0
1.064427487e-14
2.391277749e-13
2.841673879e-13
0
0
0
0
0
)
;
    }
}
)

// Processor3

13019
(dimensions      [0 0 0 0 0 0 0];

internalField   nonuniform List<scalar> 
861
(
0
0
0
0
0
0
0
0
0
0
0
0
0
0
0
0
0
0
0
0
0
0
0
0
0
0
0
0
0
0
0
0
0
0
0
0
0
0
0
0
0
0
0
0
0
0
0
0
0
0
0
0
0
0
0
0
0
0
0
0
0
0
0
0
0
0
0
0
0
0
0
0
0
0
0
0
0
0
0
0
0
0
0
0
0
0
0
0
0
0
0
0
0
1.803879959e-13
8.915629636e-13
3.211904017e-13
2.028039695e-12
1.646593351e-11
1.153666624e-10
5.45196878e-10
0
0
0
0
1.715960018e-16
0
0
1.86261802e-17
0
4.407268557e-17
1.275252609e-17
0
7.638078406e-17
0
3.963365321e-18
1.115197213e-17
3.435542941e-17
7.050432604e-17
0
0
0
7.657823028e-17
3.253812376e-17
0
0
0
0
0
2.692394189e-16
0
4.238403882e-14
0
0
0
0
0
1.063985139e-11
0
0
0
0
0
0
0
1.360014223e-11
0
4.094332676e-10
2.728451196e-10
6.986984366e-12
1.395265078e-12
3.119893302e-11
4.646041299e-10
3.25868342e-10
1.035519878e-11
7.309088247e-11
2.039791078e-11
4.472125574e-11
1.297242596e-11
1.866101776e-12
1.70337214e-11
2.28359576e-12
2.858342738e-12
1.507011042e-12
1.294832196e-11
1.549571996e-10
6.631916683e-11
1.747433341e-12
2.626233211e-12
8.174770577e-11
2.878872138e-10
1.986744438e-10
5.356704627e-11
4.732027382e-11
1.562508023e-10
2.028217796e-10
2.431188162e-10
1.470458613e-10
1.367453153e-10
2.481737794e-10
2.103246638e-10
1.960216541e-10
2.447984483e-10
2.302627652e-10
1.990192665e-10
3.104115685e-10
1.840727408e-10
1.851083845e-10
1.76346097e-10
1.787643163e-10
1.917033456e-10
6.256070049e-10
3.338634752e-10
2.069900694e-10
2.681366026e-10
1.082235149e-10
3.529725675e-08
1.834883415e-08
3.318297868e-09
6.566327914e-10
4.294483857e-11
1.652153192e-11
1.228658055e-10
1.80309986e-09
2.553018782e-08
3.180653448e-07
7.279314329e-10
5.668077548e-09
8.242839181e-08
1.093707441e-06
1.191306895e-05
4.568977856e-09
3.221279933e-08
3.857502155e-07
3.835695611e-06
2.676107036e-05
1.773588158e-08
1.123333543e-07
1.12663868e-06
8.76457445e-06
4.334768067e-05
5.608495724e-08
3.280807443e-07
2.83347332e-06
1.776954654e-05
7.038116078e-05
1.578433788e-07
8.627214843e-07
6.396308264e-06
3.279284599e-05
0.0001097584437
4.072483099e-07
2.058480067e-06
1.28668141e-05
5.403187347e-05
0.000154103367
9.697403233e-07
4.442711101e-06
2.30287637e-05
7.945793221e-05
0.0001940904452
2.158850647e-06
8.79316514e-06
3.730443224e-05
0.000107152832
0.0002298313695
4.527110814e-06
1.607804976e-05
5.598200024e-05
0.000137714433
0.0002683021481
9.060250712e-06
2.763875674e-05
7.975011819e-05
0.0001730313467
0.0003142970403
1.775878546e-05
4.486262837e-05
0.0001089995938
0.0002140163755
0.0003665498616
3.36455733e-05
6.897187769e-05
0.0001441679459
0.0002599079846
0.0004211371234
5.793310529e-05
0.0001004262025
0.0001850938213
0.000309546323
0.0004763085408
9.491152649e-05
0.0001416348096
0.0002330777238
0.0003638717085
0.0005344552179
0.0001443947653
0.000193032751
0.0002889206228
0.0004243550414
0.000598030175
0.0002082562527
0.0002572701538
0.000354967065
0.0004921199575
0.0006661309975
0.0002871375622
0.0003337863902
0.0004283207271
0.0005613359412
0.0007290367827
0.0003688356122
0.000410492724
0.0004957313734
0.0006146785256
0.0007607824486
0.0004427360702
0.0004766862391
0.0005448542681
0.0006358214797
0.0007397415632
0.0004968682208
0.0005192044502
0.000562167267
0.0006149508439
0.0006679150189
0.0005101320684
0.0005190647264
0.000535480591
0.0005535317809
0.0005677910845
0.0004664238611
0.0004677151555
0.0004691865885
0.0004686811523
0.0004641139944
0.0003894038203
0.0003879259164
0.0003840390989
0.0003771597421
0.0003667620823
0.0003037571146
0.0003017836109
0.0002971101646
0.0002897466551
0.0002798002139
1.099196638e-06
5.118897383e-05
7.68529189e-05
9.841056975e-05
0.0001505620962
0.0002187136991
0.0002779116821
0.0003157440914
0.0003473440244
0.00038867392
0.0004430545007
0.0005025761395
0.0005599884716
0.0006151175927
0.0006735180843
0.0007380106976
0.000805099361
0.0008620547453
0.0008731744705
0.0008120289288
0.0006988899339
0.0005729430321
0.0004582581093
0.0003581584836
0.0002722314417
2.39286652e-06
2.209593514e-06
1.307647223e-07
1.177202956e-08
6.808540465e-10
0.0001578110197
0.0008190340489
4.706380236e-05
1.404786919e-06
5.751941448e-08
0.0001814017005
0.0004471487002
4.621615319e-05
2.579193609e-06
1.117577406e-07
0.0002056570656
0.0004571391817
0.0008090190655
6.145109418e-05
3.030110142e-06
0.000317028027
0.000879849062
0.002377033718
0.0002347312525
1.655538721e-05
0.0004370527795
0.001084967101
0.002274543145
0.0002916272157
2.683572185e-05
0.0005094944519
0.001053968496
0.001737131458
0.000263446064
3.033748218e-05
0.0005282660791
0.0009152720575
0.001219255286
0.0004977151036
6.489027176e-05
0.0005471469643
0.0009060509075
0.001336880113
0.001852204463
0.0002618285849
0.0005932413814
0.0009977090442
0.001596129065
0.002564261598
0.000421976853
0.0006615926165
0.001112432366
0.001778152007
0.002791211381
0.0005075783518
0.0007303920279
0.001184150866
0.001787702993
0.002553250824
0.0005532261768
0.0007879445536
0.001214354612
0.0017260648
0.002300500743
0.001319906597
0.0008397622553
0.001245217046
0.00172643746
0.00230581653
0.002115357759
0.0008967354272
0.001298253861
0.001789056186
0.002420172216
0.002711208396
0.0009617796003
0.00136515447
0.001860784878
0.00248869
0.002947447775
0.001026528651
0.001422152126
0.001899731793
0.002483423247
0.002966146504
0.001073835053
0.001449780357
0.001906107531
0.0024812832
0.002956104443
0.001052014342
0.001352446361
0.001701656593
0.002139936663
0.002201783988
0.0009242837736
0.00106476803
0.001152469235
0.001154025336
0.0006957239611
0.0007469905847
0.000773263872
0.0007379546544
0.0006343871637
0.0004529300296
0.0005829083712
0.000563778324
0.0005080244761
0.0004224122992
0.0003212667251
0.0004522921504
0.0004223540038
0.0003736069387
0.0003131200049
0.0002494771175
0.0003480992551
0.0003205413001
0.000283333898
0.0002408633275
0.0001977567528
0.0002633413416
0.000241961609
0.0002148401691
0.0001848518836
0.0001546201682
1.344915304e-10
9.335874399e-12
4.253629267e-13
0
0
0
0
0
0
0
0
0
0
0
0
0
9.453058286e-09
8.04161036e-10
5.597939273e-11
6.293916569e-12
1.212248911e-12
2.205409259e-13
0
0
0
0
0
0
0
0
0
0
2.917977752e-08
5.200923793e-09
5.189970351e-10
6.556306417e-11
1.458356242e-11
4.800306753e-12
1.826263386e-12
6.292067515e-13
1.157944419e-13
0
0
0
0
0
0
0
5.516215881e-07
1.201089814e-07
1.305273695e-08
1.054266677e-09
1.657984409e-10
4.746346859e-11
1.852034757e-11
7.850393652e-12
3.174588724e-12
1.093987288e-12
2.390751729e-13
0
0
0
0
0
1.703875566e-06
5.022672123e-07
1.206649188e-07
1.408943849e-08
1.676511877e-09
3.641373338e-10
1.211534993e-10
4.822340641e-11
1.984898273e-11
7.811238074e-12
2.730556808e-12
7.359585018e-13
7.486689166e-14
0
0
0
1.644442929e-06
5.661382682e-07
2.626348686e-07
7.781474637e-08
1.031937795e-08
1.726019171e-09
4.764343801e-10
1.729388399e-10
6.856144529e-11
2.697122965e-11
9.942770621e-12
3.226971234e-12
7.975782384e-13
7.119703728e-14
0
0
1.951345346e-06
4.270187941e-07
3.092510681e-07
2.022761957e-07
5.445438931e-08
7.636175602e-09
1.601598192e-09
5.0397304e-10
1.8855244e-10
7.261000408e-11
2.690922702e-11
9.159948721e-12
2.681038376e-12
5.612594955e-13
1.678718797e-14
0
4.928600839e-06
4.744259937e-07
3.198969497e-07
3.178642751e-07
1.897695413e-07
3.608570215e-08
5.648111691e-09
1.431204607e-09
4.811259488e-10
1.769021035e-10
6.430208271e-11
2.195516707e-11
6.737121444e-12
1.706199949e-12
2.619216795e-13
0
2.317761298e-05
1.571078466e-06
5.14463748e-07
4.802573385e-07
4.308317641e-07
1.625756143e-07
2.312520707e-08
4.281329964e-09
1.21002637e-09
4.07731623e-10
1.413927306e-10
4.708125196e-11
1.444637906e-11
3.877256796e-12
7.88385207e-13
4.961984194e-14
4.660291094e-05
3.417835542e-06
5.984745272e-07
5.79253436e-07
6.488954309e-07
4.519169135e-07
9.499781433e-08
1.305790763e-08
2.941968005e-09
8.80400304e-10
2.861155766e-10
9.152604647e-11
2.749588506e-11
7.457221863e-12
1.679600437e-12
2.236378112e-13
6.50018932e-05
6.107523714e-06
6.186862771e-07
5.529567681e-07
8.141078173e-07
8.162583301e-07
2.857378117e-07
4.01525306e-08
7.054344595e-09
1.796391684e-09
5.309638996e-10
1.59932925e-10
4.627155826e-11
1.240280896e-11
2.90950771e-12
4.917954017e-13
7.082830847e-05
7.567178131e-06
6.884071298e-07
4.459592138e-07
9.465090907e-07
1.202551063e-06
6.874297727e-07
1.188760648e-07
1.79952479e-08
3.693539599e-09
9.446799196e-10
2.594720807e-10
7.071331486e-11
1.8398006e-11
4.371412706e-12
8.290246909e-13
0.0001898866278
2.202295123e-05
2.041241149e-06
4.878912509e-07
1.157717577e-06
1.727054199e-06
1.31752761e-06
3.302189678e-07
4.515141916e-08
7.592372566e-09
1.596486434e-09
3.842264497e-10
9.645469141e-11
2.41034005e-11
5.748381516e-12
1.172593384e-12
0.0003368452132
4.428758466e-05
4.372169676e-06
6.179255506e-07
1.404365797e-06
2.440457465e-06
2.237154452e-06
8.027938259e-07
1.086863426e-07
1.583090139e-08
2.688017041e-09
5.475533713e-10
1.235435036e-10
2.929395844e-11
6.979360436e-12
1.507583573e-12
0.0004744111699
7.048819638e-05
8.697734163e-06
1.065295492e-06
1.795223782e-06
3.432596368e-06
3.371087339e-06
1.638964526e-06
2.657750026e-07
3.550622675e-08
4.622555196e-09
7.453402007e-10
1.463855316e-10
3.282396795e-11
7.863478975e-12
1.788343374e-12
0.00056938044
9.714661785e-05
1.341887319e-05
1.732282265e-06
2.645698972e-06
4.980890062e-06
4.739525036e-06
2.678911246e-06
5.922742491e-07
8.155886856e-08
8.272743408e-09
9.881971841e-10
1.62704552e-10
3.475925083e-11
8.494713464e-12
2.028088978e-12
0.000625611437
0.000109808705
1.692761063e-05
2.499305742e-06
4.96066863e-06
7.535237453e-06
6.333978553e-06
3.572795945e-06
1.134473409e-06
1.755045733e-07
1.528672253e-08
1.366890479e-09
1.905439434e-10
3.935910429e-11
9.737305508e-12
2.388065538e-12
0.00063752976
0.0001147118007
1.749406424e-05
5.230418652e-06
1.051540997e-05
1.110866005e-05
7.983077983e-06
4.323440774e-06
1.658193849e-06
3.577143611e-07
3.498931978e-08
2.699984715e-09
3.138889874e-10
5.704739578e-11
1.319528356e-11
3.171539551e-12
0.0004652192728
8.225389514e-05
1.296710201e-05
1.585957449e-05
1.876595801e-05
1.496595991e-05
9.461242263e-06
4.975612493e-06
2.13366857e-06
6.662313797e-07
1.188368302e-07
1.129033841e-08
9.860760933e-10
1.238340659e-10
2.252315739e-11
4.883878008e-12
0.0001833788576
3.800360439e-05
4.302040852e-05
3.770982635e-05
2.79951905e-05
1.839193083e-05
1.084245847e-05
5.716648887e-06
2.657679024e-06
1.050662313e-06
3.099819795e-07
5.30414916e-08
5.027650966e-09
4.420665603e-10
5.427557642e-11
9.279171806e-12
0.0002328303453
0.0001281048068
8.118911154e-05
5.30264227e-05
3.407513758e-05
2.098242821e-05
1.215583755e-05
6.545606528e-06
3.239070242e-06
1.445584489e-06
5.572800117e-07
1.617862085e-07
2.728501259e-08
2.522017274e-09
2.135467782e-10
2.472070756e-11
0.0002163594538
0.0001395577608
9.036209327e-05
5.826630528e-05
3.689146373e-05
2.2594037e-05
1.32367671e-05
7.355411924e-06
3.843341516e-06
1.86379685e-06
8.195289245e-07
3.117730423e-07
8.921206578e-08
1.464517494e-08
1.284039676e-09
1.02142241e-10
0.0001842433612
0.0001281843013
8.691317696e-05
5.756738393e-05
3.712771159e-05
2.317692572e-05
1.392835935e-05
8.017216617e-06
4.392892093e-06
2.269448723e-06
1.087764522e-06
4.707296183e-07
1.7512688e-07
4.856655734e-08
7.562079323e-09
6.099099834e-10
0.0001529979485
0.0001113437253
7.830474636e-05
5.340562577e-05
3.535196414e-05
2.26570846e-05
1.401996638e-05
8.351197851e-06
4.76722343e-06
2.588969395e-06
1.321872173e-06
6.226929139e-07
2.625891756e-07
9.416314349e-08
2.480291993e-08
3.570855016e-09
0.0001227360817
9.175672745e-05
)
;

boundaryField
{
    inletCH4
    {
        type            fixedValue;
        value           uniform 0;
    }
    wallOutside
    {
        type            zeroGradient;
    }
    wallTube
    {
        type            zeroGradient;
    }
    inletPilot
    {
        type            fixedValue;
        value           uniform 0;
    }
    inletAir
    {
        type            fixedValue;
        value           uniform 0;
    }
    outlet
    {
        type            zeroGradient;
    }
    axis
    {
        type            empty;
    }
    frontAndBack_pos
    {
        type            wedge;
    }
    frontAndBack_neg
    {
        type            wedge;
    }
    procBoundary3to1
    {
        type            processor;
        value           nonuniform List<scalar> 
22
(
0
0
0
0
0
0
0
0
0
0
6.820328047e-15
5.266602364e-14
1.190041854e-13
1.978229059e-13
2.743221543e-13
3.465846478e-13
4.424895919e-13
6.182779153e-13
9.660883241e-13
1.738307523e-12
3.782524628e-12
1.080883818e-11
)
;
    }
    procBoundary3to5
    {
        type            processor;
        value           nonuniform List<scalar> 
30
(
0.0002240325435
0.0002223928897
0.0002186371956
0.0002128617868
0.0002052299481
0.0001995397886
0.0001929644455
0.0001777239133
0.0001588008058
0.0001380777889
0.0001171817481
4.429797534e-11
6.623470196e-05
4.664646238e-05
3.171719064e-05
2.089367094e-05
1.331991904e-05
8.19711961e-06
4.852965803e-06
2.747856905e-06
1.474380545e-06
7.392559037e-07
3.391659282e-07
1.377632516e-07
4.685187246e-08
2.566770681e-10
1.144260733e-08
9.497346474e-05
6.623470196e-05
7.309392458e-05
)
;
    }
}
)

// Processor4

8712
(dimensions      [0 0 0 0 0 0 0];

internalField   nonuniform List<scalar> 
862
(
3.955182202e-12
3.966855455e-12
3.985561076e-12
4.009554292e-12
4.04164572e-12
1.000013256e-12
1.00440945e-12
1.011403633e-12
1.020010741e-12
1.030675745e-12
2.264372668e-13
2.27746768e-13
2.299166589e-13
2.326718797e-13
2.361325414e-13
4.380117866e-14
4.418485707e-14
4.486122935e-14
4.575895931e-14
4.690567307e-14
7.440515396e-15
7.52899078e-15
7.688009502e-15
7.90067608e-15
8.168407468e-15
9.036432354e-16
9.172442847e-16
9.408625152e-16
9.717389155e-16
1.008860335e-15
2.896086369e-18
3.948307367e-18
6.250735515e-18
1.010887232e-17
1.805979947e-17
0
0
0
0
0
0
0
0
0
0
0
0
0
0
0
5.70173026e-18
5.797108176e-18
5.962680232e-18
6.123732948e-18
6.252104728e-18
5.073490043e-17
5.049946994e-17
4.994411605e-17
4.897555477e-17
4.744364751e-17
1.773505638e-16
1.745308039e-16
1.682904282e-16
1.585269024e-16
1.448500619e-16
2.115187537e-16
2.072282877e-16
1.981337792e-16
1.847096312e-16
1.677447708e-16
2.767665542e-16
2.719787601e-16
2.619639399e-16
2.475114428e-16
2.297976556e-16
3.048060491e-16
3.028153873e-16
2.989332778e-16
2.938621325e-16
2.887985728e-16
4.873570762e-16
4.871513178e-16
4.867230533e-16
4.859715523e-16
4.847551435e-16
5.742787984e-16
5.733964242e-16
5.715153984e-16
5.686961362e-16
5.649093288e-16
5.029289102e-16
5.026818895e-16
5.020889012e-16
5.010801228e-16
4.995474529e-16
4.141181365e-16
4.142383226e-16
4.144900967e-16
4.149019769e-16
4.155231156e-16
4.091440913e-12
1.046831799e-12
2.409182844e-13
4.83055269e-14
8.475116057e-15
1.046580311e-15
3.011266511e-17
0
0
0
6.293751798e-18
4.586119903e-17
1.330293341e-16
1.546207595e-16
2.166145828e-16
2.862565451e-16
4.831862548e-16
5.615249504e-16
4.981383233e-16
4.16213037e-16
4.291161575e-12
4.448485247e-12
4.460595728e-12
4.363024903e-12
4.184371623e-12
1.106095733e-12
1.155823057e-12
1.165138299e-12
1.144210519e-12
1.101362627e-12
2.57112235e-13
2.716714503e-13
2.75971488e-13
2.725450568e-13
2.63623348e-13
5.245269754e-14
5.676151139e-14
5.842175961e-14
5.822951523e-14
5.669220851e-14
9.367442216e-15
1.02665246e-14
1.067213675e-14
1.065626129e-14
1.043268954e-14
1.149186267e-15
1.294301831e-15
1.365695799e-15
1.379235495e-15
1.354449748e-15
3.393511531e-17
4.942411574e-17
5.799775836e-17
6.009546061e-17
5.792111986e-17
0
0
0
0
0
0
0
0
0
0
0
0
0
0
7.116858607e-20
6.31220408e-18
6.318672733e-18
5.882536555e-18
5.033256566e-18
3.850167064e-18
4.286737261e-17
3.689424693e-17
2.951292972e-17
2.089054637e-17
1.068205047e-17
1.128882513e-16
7.700596091e-17
2.892473351e-17
3.456799731e-18
0
1.27517453e-16
8.808205303e-17
5.153355571e-17
2.145190584e-17
3.292149094e-19
1.89660695e-16
1.530277828e-16
1.219384438e-16
9.91538722e-17
8.670733443e-17
2.764291932e-16
2.689630471e-16
2.67010612e-16
2.818092821e-16
2.84959129e-16
4.789087549e-16
4.730222996e-16
4.674199203e-16
4.599715496e-16
4.502290136e-16
5.553789296e-16
5.448729832e-16
5.328245907e-16
5.186277607e-16
5.016921502e-16
4.960604104e-16
4.90620285e-16
4.826341951e-16
4.720295871e-16
4.588917984e-16
4.178917257e-16
4.193299697e-16
4.194250243e-16
4.181667908e-16
4.148800057e-16
0
0
0
0
0
0
0
0
0
0
0
0
0
0
0
0
0
0
0
0
0
0
0
0
0
0
0
0
0
0
0
0
0
0
0
0
0
0
0
0
0
0
0
0
0
0
0
0
0
0
0
0
0
0
2.286874811e-16
0
0
0
0
0
0
0
0
0
0
0
0
0
0
0
0
0
0
0
0
0
0
0
0
0
0
0
3.916451047e-12
3.518031631e-12
3.049718694e-12
2.552193469e-12
2.065614988e-12
1.606084445e-12
1.18920433e-12
8.301931933e-13
5.653336054e-13
3.76334202e-13
2.27176243e-13
1.118358271e-13
6.024796894e-14
2.316727184e-14
0
0
0
0
0
0
0
0
0
0
0
0
0
0
1.034504043e-12
9.314178323e-13
8.077059265e-13
6.759164104e-13
5.440083401e-13
4.182063148e-13
3.026883437e-13
2.021805201e-13
1.370891136e-13
8.744145563e-14
4.748703823e-14
1.162225108e-14
7.4771092e-15
8.639038605e-16
0
0
0
0
0
0
0
0
0
0
0
0
0
0
2.483449947e-13
2.240908807e-13
1.952528875e-13
1.631040555e-13
1.297302639e-13
9.642813068e-14
6.43783581e-14
3.668342853e-14
2.76641421e-14
1.756188305e-14
8.772607818e-15
9.529435652e-16
6.236768804e-16
0
0
0
0
0
0
0
0
0
0
0
0
0
0
0
5.37414012e-14
4.873338249e-14
4.242754001e-14
3.532345431e-14
2.793816592e-14
2.074055533e-14
1.409216986e-14
8.90159318e-15
5.594307516e-15
3.191280188e-15
1.389044095e-15
2.769269245e-16
4.093402618e-17
0
0
0
0
0
0
0
0
0
0
0
0
0
0
0
9.95796106e-15
9.052104937e-15
7.870000698e-15
6.539970119e-15
5.225370092e-15
3.877452936e-15
2.635173297e-15
1.609314925e-15
8.77901696e-16
3.795514918e-16
1.426769236e-16
1.931552112e-17
0
0
0
0
0
0
0
0
0
0
0
0
0
0
0
0
1.295925244e-15
1.180110302e-15
1.039895595e-15
9.500673411e-16
7.839473032e-16
5.931460686e-16
3.96615016e-16
2.091404063e-16
8.989606731e-17
2.045447905e-17
7.535728999e-18
7.247093401e-20
0
0
0
0
0
0
0
0
0
0
0
0
0
0
0
0
5.249545821e-17
4.75116065e-17
1.055752803e-16
1.045547776e-16
9.191051013e-17
6.7440239e-17
2.192211096e-17
0
0
0
0
0
0
0
0
0
0
0
0
0
0
0
0
0
0
0
0
0
0
4.049106529e-18
7.387903394e-18
8.530510818e-18
5.964210468e-18
0
0
0
0
0
0
0
0
0
0
0
0
0
0
0
0
0
0
0
0
0
0
0
0
2.078338524e-19
4.839849807e-19
2.241137162e-19
0
0
0
0
0
0
0
0
0
0
0
0
0
0
0
0
0
0
0
0
0
0
0
0
2.333241276e-19
1.028699738e-19
0
0
0
0
0
0
0
0
0
0
0
0
0
0
0
0
0
0
0
0
0
0
0
0
0
0
2.296218642e-18
0
0
0
0
0
0
0
5.093348193e-20
0
0
0
0
0
0
0
0
0
0
0
0
0
0
0
0
0
0
0
0
0
0
0
0
0
0
1.378106153e-19
0
0
0
0
0
0
0
0
0
0
0
0
0
0
0
0
0
0
0
0
0
0
0
0
0
5.01253803e-19
1.316818715e-18
8.677594935e-19
0
0
0
0
0
0
0
0
0
0
0
0
0
0
0
0
0
0
0
0
0
0
0
1.477050029e-17
2.802476365e-17
3.318039858e-17
2.933024662e-17
1.806609409e-17
8.398830189e-18
2.116582039e-18
0
0
0
0
0
0
0
0
0
0
0
0
0
0
0
0
0
0
8.505572865e-17
1.103028359e-16
1.243960257e-16
1.335427491e-16
1.325887642e-16
1.201301861e-16
9.711021426e-17
7.088845046e-17
4.538065461e-17
2.344821703e-17
7.623402714e-18
7.86749852e-20
9.022111572e-20
0
0
0
0
0
0
0
0
0
0
0
0
0
0
0
2.878020158e-16
2.891035821e-16
2.837745407e-16
2.696733876e-16
2.451299319e-16
2.102903592e-16
1.712902807e-16
1.309703954e-16
9.184565213e-17
5.693045906e-17
2.959348816e-17
1.20087719e-17
3.975124145e-18
9.649871699e-19
1.062929551e-19
0
0
0
0
0
0
0
0
0
0
0
0
0
4.361405411e-16
4.153377851e-16
3.878376789e-16
3.533406e-16
3.122132427e-16
2.685185379e-16
2.229393385e-16
1.764228378e-16
1.308146351e-16
8.898751357e-17
5.472195693e-17
3.206237267e-17
1.569859861e-17
6.431477634e-18
1.818136791e-18
9.734916337e-20
0
0
0
0
0
0
0
0
0
0
0
0
4.79152443e-16
4.491824791e-16
4.13599225e-16
3.737546344e-16
3.319163779e-16
2.872014316e-16
2.395831872e-16
1.902070895e-16
1.416459477e-16
9.756596164e-17
6.180624813e-17
3.590579398e-17
1.688453862e-17
6.369946345e-18
1.619415436e-18
0
0
0
0
0
0
0
0
0
0
0
0
0
4.412316392e-16
4.184231014e-16
3.929065732e-16
3.630263869e-16
3.280729758e-16
2.879524549e-16
2.433937412e-16
1.959363443e-16
1.477180841e-16
1.021057325e-16
6.399996946e-17
3.626517404e-17
1.988934513e-17
1.054469587e-17
4.437987659e-18
0
0
0
0
0
0
0
0
0
0
0
0
0
4.084451491e-16
3.965793214e-16
3.787743872e-16
3.543539454e-16
3.23419447e-16
2.871156818e-16
2.476264386e-16
2.075276123e-16
1.685692075e-16
1.321766436e-16
9.562232807e-17
6.383549904e-17
4.013655494e-17
2.295484135e-17
1.008409989e-17
0
0
0
0
0
0
0
0
0
0
0
0
0
)
;

boundaryField
{
    inletCH4
    {
        type            fixedValue;
        value           nonuniform List<scalar> 0();
    }
    wallOutside
    {
        type            zeroGradient;
    }
    wallTube
    {
        type            zeroGradient;
    }
    inletPilot
    {
        type            fixedValue;
        value           nonuniform List<scalar> 0();
    }
    inletAir
    {
        type            fixedValue;
        value           nonuniform List<scalar> 0();
    }
    outlet
    {
        type            zeroGradient;
    }
    axis
    {
        type            empty;
    }
    frontAndBack_pos
    {
        type            wedge;
    }
    frontAndBack_neg
    {
        type            wedge;
    }
    procBoundary4to0
    {
        type            processor;
        value           uniform 0;
    }
    procBoundary4to2
    {
        type            processor;
        value           uniform 0;
    }
    procBoundary4to5
    {
        type            processor;
        value           nonuniform List<scalar> 
46
(
1.50099059e-11
1.504898202e-11
1.51009222e-11
1.515442311e-11
1.521635843e-11
1.53623936e-11
1.602182628e-11
1.648513203e-11
1.643292059e-11
1.600479586e-11
1.530028375e-11
0
0
0
0
0
0
0
0
0
0
0
9.602038955e-15
9.602038955e-15
1.543849634e-14
0
0
1.42826442e-11
1.280736161e-11
1.109814935e-11
9.298872532e-12
7.533492769e-12
5.899796426e-12
4.450326699e-12
3.219236297e-12
2.219926385e-12
1.495484133e-12
9.506699583e-13
5.507201746e-13
3.065848709e-13
1.38092186e-13
0
2.0279489e-15
1.582631864e-15
0
0
)
;
    }
}
)

// Processor5

15409
(dimensions      [0 0 0 0 0 0 0];

internalField   nonuniform List<scalar> 
862
(
0.0002240325435
0.0002223928897
0.0002186371956
0.0002128617868
0.0002052299481
0.0001616016553
0.0001604324573
0.0001577254665
0.0001535807254
0.0001481558229
0.0001135760813
0.0001127849196
0.0001109512081
0.0001081497265
0.0001044986849
7.820865996e-05
7.769528847e-05
7.650358798e-05
7.468304009e-05
7.231304854e-05
5.296258577e-05
5.26395621e-05
5.188790037e-05
5.073814283e-05
4.92405501e-05
3.529442468e-05
3.509630569e-05
3.463368843e-05
3.392438965e-05
3.299901015e-05
2.308700835e-05
2.296849749e-05
2.26902957e-05
2.226229008e-05
2.170264633e-05
1.475653765e-05
1.468757086e-05
1.452447994e-05
1.427245292e-05
1.394205067e-05
9.172608518e-06
9.133754059e-06
9.04095545e-06
8.896773864e-06
8.707226441e-06
5.524677578e-06
5.503580518e-06
5.452566539e-06
5.372794209e-06
5.26761074e-06
3.216661572e-06
3.205667866e-06
3.178662023e-06
3.136110615e-06
3.079829208e-06
1.807346221e-06
1.801863881e-06
1.788132487e-06
1.766301826e-06
1.737328973e-06
9.781441503e-07
9.755422066e-07
9.688584715e-07
9.581161296e-07
9.438060847e-07
5.087023196e-07
5.075354333e-07
5.04436942e-07
4.993891056e-07
4.926360614e-07
2.535365347e-07
2.530482562e-07
2.516903692e-07
2.494391466e-07
2.46412036e-07
1.207647409e-07
1.205774586e-07
1.200203829e-07
1.190749173e-07
1.177955057e-07
5.484025013e-08
5.477655104e-08
5.456542986e-08
5.41950752e-08
5.368971795e-08
2.369536065e-08
2.367744176e-08
2.360498534e-08
2.347137951e-08
2.328693385e-08
9.727372664e-09
9.724138754e-09
9.702423666e-09
9.65887912e-09
9.597691174e-09
3.790105245e-09
3.790519517e-09
3.785321575e-09
3.772952451e-09
3.755031429e-09
1.400515873e-09
1.401313558e-09
1.400646059e-09
1.39784293e-09
1.393499645e-09
4.902559785e-10
4.907709241e-10
4.90996568e-10
4.906643164e-10
4.899827371e-10
1.625609563e-10
1.628148675e-10
1.630518579e-10
1.631713966e-10
1.632432331e-10
5.095719089e-11
5.106380686e-11
5.119058099e-11
5.130203568e-11
5.141993337e-11
1.50099059e-11
1.504898202e-11
1.51009222e-11
1.515442311e-11
1.521635843e-11
0.0001995397886
0.0001441975163
0.0001018674095
7.061977391e-05
4.817791471e-05
3.234683137e-05
2.131157239e-05
1.371387605e-05
8.578395709e-06
5.197585086e-06
3.043326771e-06
1.719148209e-06
9.351980353e-07
4.887942042e-07
2.448165126e-07
1.171917067e-07
5.348929552e-08
2.323370565e-08
9.590216614e-09
3.757993362e-09
1.396857783e-09
4.919908923e-10
1.642065561e-10
5.181709267e-11
1.53623936e-11
0.0001929644455
0.0001777239133
0.0001588008058
0.0001380777889
0.0001171817481
0.0001397741131
0.000129363763
0.0001163962572
0.0001021585413
8.772863012e-05
9.903052895e-05
9.21642973e-05
8.35083254e-05
7.393148163e-05
6.415067316e-05
6.885914158e-05
6.444950118e-05
5.880203669e-05
5.248961776e-05
4.598265454e-05
4.711381485e-05
4.434355076e-05
4.073075139e-05
3.664404208e-05
3.238668896e-05
3.17222131e-05
3.001805334e-05
2.774823654e-05
2.514552786e-05
2.240255335e-05
2.095882846e-05
1.993457545e-05
1.853524204e-05
1.690596732e-05
1.516773772e-05
1.35249131e-05
1.292631273e-05
1.208272799e-05
1.108370409e-05
1.000438059e-05
8.484143689e-06
8.14595751e-06
7.651076762e-06
7.053960358e-06
6.400538077e-06
5.154992009e-06
4.97128628e-06
4.690047379e-06
4.343712062e-06
3.95973229e-06
3.026824069e-06
2.931282548e-06
2.77692957e-06
2.582583287e-06
2.364204677e-06
1.714555435e-06
1.667184133e-06
1.585541168e-06
1.480230785e-06
1.360255943e-06
9.352786236e-07
9.130237154e-07
8.714970217e-07
8.164936281e-07
7.529330058e-07
4.902094418e-07
4.804017704e-07
4.601544171e-07
4.325330868e-07
4.001374744e-07
2.462371005e-07
2.42247951e-07
2.328242434e-07
2.195311567e-07
2.036936759e-07
1.182279362e-07
1.167718268e-07
1.126051965e-07
1.064963134e-07
9.909402065e-08
5.413286319e-08
5.368291681e-08
5.194168167e-08
4.927022025e-08
4.597279985e-08
2.359088435e-08
2.349255222e-08
2.280828872e-08
2.169999163e-08
2.030378288e-08
9.771093438e-09
9.772296042e-09
9.520806765e-09
9.085708216e-09
8.524943838e-09
3.842479779e-09
3.859992575e-09
3.774093463e-09
3.612768855e-09
3.399494614e-09
1.433483876e-09
1.446561624e-09
1.419554656e-09
1.363207995e-09
1.286548601e-09
5.06809213e-10
5.138703867e-10
5.062659204e-10
4.878049565e-10
4.617619002e-10
1.698219131e-10
1.730203271e-10
1.710972274e-10
1.653930592e-10
1.570274063e-10
5.380638841e-11
5.508522622e-11
5.467490287e-11
5.301640354e-11
5.048868e-11
1.602182628e-11
1.648513203e-11
1.643292059e-11
1.600479586e-11
1.530028375e-11
4.429797534e-11
4.280399613e-12
4.307732589e-13
3.755079918e-16
0
0
0
2.566770681e-10
1.718702018e-11
1.424238893e-12
5.891559995e-14
0
0
0
6.623470196e-05
4.664646238e-05
3.171719064e-05
2.089367094e-05
1.331991904e-05
8.19711961e-06
4.852965803e-06
2.747856905e-06
1.474380545e-06
7.392559037e-07
3.391659282e-07
1.377632516e-07
4.685187246e-08
1.144260733e-08
1.479939973e-09
9.57494391e-11
5.76925962e-12
3.43777968e-13
0
0
0
9.497346474e-05
7.309392458e-05
5.451053634e-05
3.939921754e-05
2.756928694e-05
1.865638841e-05
1.220689686e-05
7.733669697e-06
4.725123003e-06
2.770405821e-06
1.547042273e-06
8.138549957e-07
3.97067724e-07
1.755316083e-07
6.778473718e-08
2.149225871e-08
4.740474973e-09
5.320162177e-10
3.026325055e-11
1.553084746e-12
1.8774951e-14
0
0
7.225493556e-05
5.673717e-05
4.318407731e-05
3.189673698e-05
2.28731886e-05
1.59109212e-05
1.071273058e-05
6.972344233e-06
4.376196798e-06
2.642350706e-06
1.524789976e-06
8.333919018e-07
4.261318171e-07
2.003100396e-07
8.434311797e-08
3.052365682e-08
8.843206294e-09
1.702909784e-09
1.573860759e-10
7.529371529e-12
2.373037613e-13
0
0
5.356125026e-05
4.276518906e-05
3.314521263e-05
2.496433472e-05
1.827999584e-05
1.300907881e-05
8.985138319e-06
6.004962768e-06
3.871647337e-06
2.397301919e-06
1.421274443e-06
8.008779732e-07
4.246438318e-07
2.089448531e-07
9.354101779e-08
3.699150365e-08
1.231922593e-08
3.171075836e-09
5.111021088e-10
3.684282509e-11
1.34089719e-12
3.188237921e-18
0
3.8864989e-05
3.149255308e-05
2.480579232e-05
1.901001607e-05
1.417791541e-05
1.02862407e-05
7.25061824e-06
4.954109835e-06
3.268767573e-06
2.074328655e-06
1.2593347e-06
7.270140446e-07
3.964952555e-07
2.019619103e-07
9.457399512e-08
3.98026082e-08
1.454900983e-08
4.374491034e-09
9.903723446e-10
1.310470443e-10
7.326152251e-12
1.29374997e-13
0
2.767822787e-05
2.27235081e-05
1.815294303e-05
1.412017894e-05
1.069514295e-05
7.883962597e-06
5.649013582e-06
3.926402701e-06
2.639189896e-06
1.707853103e-06
1.058896302e-06
6.251806584e-07
3.484943918e-07
1.822857959e-07
8.831028013e-08
3.891519113e-08
1.520158296e-08
5.046095432e-09
1.331103223e-09
2.526463323e-10
2.568460814e-11
9.33385009e-13
0
1.933382771e-05
1.605332354e-05
1.297799122e-05
1.021980541e-05
7.838500274e-06
5.851872111e-06
4.247053584e-06
2.990816975e-06
2.038284401e-06
1.339391342e-06
8.442829877e-07
5.076309142e-07
2.890364259e-07
1.542333738e-07
7.663892297e-08
3.493628256e-08
1.431000939e-08
5.10845732e-09
1.496295282e-09
3.209206215e-10
4.682829029e-11
3.110137255e-12
1.064427487e-14
1.320050301e-05
1.106495937e-05
9.032848729e-06
7.183665251e-06
5.564560816e-06
4.195426536e-06
3.075019364e-06
2.187096355e-06
1.505841153e-06
1.000467159e-06
6.386851109e-07
3.895255312e-07
2.254587726e-07
1.227808657e-07
6.221320142e-08
2.910627479e-08
1.236115525e-08
4.646992001e-09
1.474838735e-09
3.607743941e-10
6.658926194e-11
7.303743382e-12
2.391277749e-13
8.76908168e-06
7.408223101e-06
6.095613329e-06
4.885978115e-06
3.814222124e-06
2.897822995e-06
2.140092205e-06
1.533728551e-06
1.064212761e-06
7.128270476e-07
4.591694123e-07
2.830409924e-07
1.659054867e-07
9.177822348e-08
4.743054612e-08
2.265632436e-08
9.897156437e-09
3.871997739e-09
1.312704736e-09
3.469514853e-10
5.36125539e-11
6.266708078e-12
2.841673879e-13
5.644549285e-06
4.799898369e-06
3.975105767e-06
3.206572002e-06
2.518745957e-06
1.925175805e-06
1.430204659e-06
1.030996849e-06
7.196295516e-07
4.850031646e-07
3.145132238e-07
1.953813875e-07
1.15610585e-07
6.470073875e-08
3.395842222e-08
1.652079767e-08
7.379471517e-09
2.97669031e-09
1.047535512e-09
2.923759421e-10
4.743282931e-11
0
0
3.510761241e-06
3.002230053e-06
2.499943205e-06
2.027239116e-06
1.600423104e-06
1.229169689e-06
9.173762173e-07
6.642909653e-07
4.657455014e-07
3.153392103e-07
2.055050433e-07
1.283882164e-07
7.651229702e-08
4.322159534e-08
2.296300704e-08
1.135891724e-08
5.168207691e-09
2.137257727e-09
7.794241675e-10
2.377166753e-10
4.102887999e-11
0
0
2.106185204e-06
1.809995755e-06
1.51425492e-06
1.233372315e-06
9.777382235e-07
7.538378687e-07
5.646556833e-07
4.102820131e-07
2.886155555e-07
1.960734318e-07
1.282481397e-07
8.046228624e-08
4.820129486e-08
2.741585779e-08
1.470259413e-08
7.370008217e-09
3.411267221e-09
1.438442187e-09
5.379267346e-10
1.646009018e-10
2.790962163e-11
0
0
1.217027714e-06
1.050432918e-06
8.823611953e-07
7.213713644e-07
5.738002665e-07
4.437598295e-07
3.33316274e-07
2.428030071e-07
1.712101415e-07
1.165912984e-07
7.645806781e-08
4.811694827e-08
2.893872709e-08
1.654975933e-08
8.943350511e-09
4.529964345e-09
2.127379769e-09
9.105493175e-10
3.462305009e-10
1.075349534e-10
2.486533292e-11
0
0
6.762687996e-07
5.859368063e-07
4.939004166e-07
4.050464721e-07
3.230730238e-07
2.504540581e-07
1.885112442e-07
1.375695874e-07
9.71665078e-08
6.627684581e-08
4.354125347e-08
2.746252012e-08
1.656582311e-08
9.513063994e-09
5.171179354e-09
2.64174035e-09
1.255541591e-09
5.463698135e-10
2.096997872e-10
6.517111206e-11
1.090855003e-11
1.184679478e-13
0
3.606594776e-07
3.135454098e-07
2.650867469e-07
2.179627953e-07
1.742370119e-07
1.353230043e-07
1.020102459e-07
7.453832828e-08
5.270467397e-08
3.598770154e-08
2.367088516e-08
1.495321338e-08
9.040113591e-09
5.208251234e-09
2.844910064e-09
1.463341498e-09
7.014979396e-10
3.083987187e-10
1.182639363e-10
3.568715174e-11
3.877530657e-12
0
0
1.841918838e-07
1.606181546e-07
1.361494456e-07
1.121929436e-07
8.984816181e-08
6.988248294e-08
5.273878368e-08
3.856963923e-08
2.729126598e-08
1.864745964e-08
1.227510736e-08
7.763042129e-09
4.701206051e-09
2.715482508e-09
1.4890174e-09
7.701703446e-10
3.720686689e-10
1.646649326e-10
6.23588347e-11
1.730010451e-11
2.336238051e-13
0
0
8.988055244e-08
7.859735613e-08
6.678019381e-08
5.513566842e-08
4.422225816e-08
3.443578555e-08
2.601048826e-08
1.903423827e-08
1.347466412e-08
9.210830361e-09
6.066467693e-09
3.839667333e-09
2.328271977e-09
1.347566103e-09
7.41248463e-10
3.851314511e-10
1.870988327e-10
8.287324579e-11
3.21519468e-11
7.472431553e-12
1.890440014e-13
0
0
4.182203011e-08
3.666981188e-08
3.122490525e-08
2.582572589e-08
2.074232117e-08
1.616859075e-08
1.222157635e-08
8.948086759e-09
6.336686604e-09
4.332783137e-09
2.854744779e-09
1.807930782e-09
1.097348533e-09
6.360809953e-10
3.507024178e-10
1.827118023e-10
8.884476716e-11
3.880277154e-11
1.457668288e-11
1.899671772e-12
0
0
1.852501622e-08
1.628559121e-08
1.389710118e-08
1.151364902e-08
9.259432495e-09
7.224601654e-09
5.46451708e-09
4.002707362e-09
2.835442528e-09
1.939197885e-09
1.27806605e-09
8.097643155e-10
4.918457257e-10
2.853959167e-10
1.576540988e-10
8.233651521e-11
4.014430194e-11
1.765058175e-11
6.590325086e-12
1.944284179e-12
0
0
7.801233826e-09
6.876391639e-09
5.88046744e-09
4.880229087e-09
3.929953616e-09
3.069370403e-09
2.323249032e-09
1.702526085e-09
1.206360715e-09
8.251561484e-10
5.43960688e-10
3.447450113e-10
2.094954758e-10
1.216674176e-10
6.728490079e-11
3.517831834e-11
1.710859365e-11
7.316262452e-12
1.955550192e-12
5.515248771e-13
0
0
3.120403585e-09
2.757925084e-09
2.363657387e-09
1.965048198e-09
1.584608638e-09
1.238903769e-09
9.384315553e-10
6.880170761e-10
4.876023286e-10
3.335078564e-10
2.198857653e-10
1.393600132e-10
8.469407015e-11
4.920113149e-11
2.721115055e-11
1.420813833e-11
6.844740191e-12
2.73483899e-12
1.539595249e-13
2.052779774e-14
0
1.184614627e-09
1.0499082e-09
9.018287788e-10
7.511184474e-10
6.065748893e-10
4.747452542e-10
3.598581345e-10
2.639272598e-10
1.870291769e-10
1.278665247e-10
8.428196678e-11
5.33647836e-11
3.236957996e-11
1.871817854e-11
1.018856702e-11
5.290689361e-12
2.521267769e-12
9.809659637e-13
1.951140479e-14
5.990781308e-15
0
4.265298046e-10
3.790832219e-10
3.2638137e-10
2.723531883e-10
2.2025823e-10
1.725556759e-10
1.308734937e-10
9.598424092e-11
6.79566953e-11
4.640406855e-11
3.054974682e-11
1.927317351e-11
1.161320233e-11
6.616021312e-12
3.454071577e-12
1.755201963e-12
8.178005707e-13
3.25324779e-13
8.079564575e-14
9.602038955e-15
1.454956129e-10
1.296941163e-10
1.119347441e-10
9.357822904e-11
7.57720948e-11
5.939616678e-11
4.504772975e-11
3.299020266e-11
2.325685467e-11
1.586207905e-11
1.04037356e-11
6.501243699e-12
3.85458118e-12
2.104956884e-12
9.612923175e-13
4.582883246e-13
1.989805148e-13
7.03016514e-14
1.543849634e-14
4.695135111e-11
4.198453349e-11
3.631669579e-11
3.040462558e-11
2.463229551e-11
1.931093454e-11
1.462465264e-11
1.066303806e-11
7.441691431e-12
5.064840572e-12
3.292588233e-12
2.013720308e-12
1.159923861e-12
5.802790672e-13
1.623023849e-13
7.080719975e-14
2.849133329e-14
5.698107018e-15
0
1.42826442e-11
1.280736161e-11
1.109814935e-11
9.298872532e-12
7.533492769e-12
5.899796426e-12
4.450326699e-12
3.219236297e-12
2.219926385e-12
1.495484133e-12
9.506699583e-13
5.507201746e-13
3.065848709e-13
1.38092186e-13
0
2.0279489e-15
1.582631864e-15
0
)
;

boundaryField
{
    inletCH4
    {
        type            fixedValue;
        value           nonuniform List<scalar> 0();
    }
    wallOutside
    {
        type            zeroGradient;
    }
    wallTube
    {
        type            zeroGradient;
    }
    inletPilot
    {
        type            fixedValue;
        value           nonuniform List<scalar> 0();
    }
    inletAir
    {
        type            fixedValue;
        value           nonuniform List<scalar> 0();
    }
    outlet
    {
        type            zeroGradient;
    }
    axis
    {
        type            empty;
    }
    frontAndBack_pos
    {
        type            wedge;
    }
    frontAndBack_neg
    {
        type            wedge;
    }
    procBoundary5to1
    {
        type            processor;
        value           nonuniform List<scalar> 7(1.080883818e-11 1.436205952e-12 1.229190347e-13 0 0 0 0);
    }
    procBoundary5to2
    {
        type            processor;
        value           uniform 0;
    }
    procBoundary5to3
    {
        type            processor;
        value           nonuniform List<scalar> 
30
(
0.0003037571146
0.0003017836109
0.0002971101646
0.0002897466551
0.0002798002139
0.0002722314417
0.0002633413416
0.000241961609
0.0002148401691
0.0001848518836
0.0001546201682
6.099099834e-10
7.830474636e-05
5.340562577e-05
3.535196414e-05
2.26570846e-05
1.401996638e-05
8.351197851e-06
4.76722343e-06
2.588969395e-06
1.321872173e-06
6.226929139e-07
2.625891756e-07
9.416314349e-08
2.480291993e-08
3.570855016e-09
3.570855016e-09
0.0001227360817
9.175672745e-05
9.175672745e-05
)
;
    }
    procBoundary5to4
    {
        type            processor;
        value           nonuniform List<scalar> 
46
(
3.955182202e-12
3.966855455e-12
3.985561076e-12
4.009554292e-12
4.04164572e-12
4.091440913e-12
4.291161575e-12
4.448485247e-12
4.460595728e-12
4.363024903e-12
4.184371623e-12
0
0
0
0
0
0
0
0
0
0
0
0
2.286874811e-16
2.286874811e-16
0
0
3.916451047e-12
3.518031631e-12
3.049718694e-12
2.552193469e-12
2.065614988e-12
1.606084445e-12
1.18920433e-12
8.301931933e-13
5.653336054e-13
3.76334202e-13
2.27176243e-13
1.118358271e-13
6.024796894e-14
2.316727184e-14
0
0
0
0
0
)
;
    }
}
)