/*--------------------------------*- C++ -*----------------------------------*\
  =========                 |
  \\      /  F ield         | OpenFOAM: The Open Source CFD Toolbox
   \\    /   O peration     | Website:  https://openfoam.org
    \\  /    A nd           | Version:  10
     \\/     M anipulation  |
\*---------------------------------------------------------------------------*/
FoamFile
{
    format      binary;
    class       decomposedBlockData;
    location    "/home/zhouyuchen/Desktop/FastChemistrySolver-OpenFOAM-10/EC-CCM/OpenFOAM-10/Sandia/processors6/0.0250188088/C2H3";
    object      C2H3;
}
// * * * * * * * * * * * * * * * * * * * * * * * * * * * * * * * * * * * * * //


// Processor0

3993
(/*--------------------------------*- C++ -*----------------------------------*\
  =========                 |
  \\      /  F ield         | OpenFOAM: The Open Source CFD Toolbox
   \\    /   O peration     | Website:  https://openfoam.org
    \\  /    A nd           | Version:  10
     \\/     M anipulation  |
\*---------------------------------------------------------------------------*/
FoamFile
{
    format      ascii;
    class       volScalarField;
    location    "0.0250188088";
    object      C2H3;
}
// * * * * * * * * * * * * * * * * * * * * * * * * * * * * * * * * * * * * * //

dimensions      [0 0 0 0 0 0 0];

internalField   nonuniform List<scalar> 
864
(
0
0
0
0
0
0
0
0
0
0
0
0
0
0
0
0
0
0
0
0
0
0
0
0
0
0
0
0
0
0
0
0
0
0
0
0
0
0
0
0
0
0
0
0
0
0
0
0
0
0
0
0
0
0
0
0
0
0
0
0
0
0
0
0
0
0
0
0
0
0
0
0
0
0
0
0
0
0
0
0
0
0
0
0
0
0
0
0
0
0
0
0
0
0
0
0
0
0
0
0
0
0
0
0
0
0
0
0
0
0
0
0
0
0
0
0
0
0
0
0
0
0
0
0
0
0
0
0
0
0
0
0
0
0
0
0
0
0
0
0
0
0
0
0
0
0
0
0
0
0
0
0
0
0
0
0
0
0
0
0
0
0
0
0
0
0
0
0
0
0
0
0
0
0
0
0
0
0
0
0
0
0
0
0
0
0
0
0
0
0
0
0
0
0
0
0
0
0
0
0
0
0
0
0
0
0
0
0
0
0
0
0
0
0
0
0
0
0
0
0
0
0
0
0
0
0
0
0
0
0
0
0
0
0
0
0
0
0
0
0
0
0
0
0
0
0
0
0
0
0
0
0
0
0
0
0
0
0
0
0
0
0
0
0
0
0
0
0
0
0
0
0
0
0
0
0
0
0
0
0
0
0
0
0
0
0
0
0
0
0
0
0
0
0
0
0
0
0
0
0
0
0
0
0
0
0
0
0
0
0
0
0
0
0
0
0
0
0
0
0
0
0
0
0
0
0
0
0
0
0
0
0
0
0
0
0
0
0
0
0
0
0
0
0
0
0
0
0
0
0
0
0
0
0
0
0
0
0
0
0
0
0
0
0
0
0
0
0
0
0
0
0
0
0
0
0
0
0
0
0
0
0
0
0
0
0
0
0
0
0
0
0
0
0
0
0
0
0
0
0
0
0
0
0
0
0
0
0
0
0
0
0
0
0
0
0
0
0
0
0
0
0
0
0
0
0
0
0
0
0
0
0
0
0
0
0
0
0
0
0
0
0
0
0
0
0
0
0
0
0
0
0
0
0
0
0
0
0
0
0
0
0
0
0
0
0
0
0
0
0
0
0
0
0
0
0
0
0
0
0
0
0
0
0
0
0
0
0
0
0
0
0
0
0
0
0
0
0
0
0
0
0
0
0
0
0
0
0
0
0
0
0
0
0
0
0
0
0
0
0
0
0
0
0
0
0
0
0
0
0
0
0
0
0
0
0
0
0
0
0
0
0
0
0
4.280088731e-20
0
0
0
0
0
0
0
0
0
0
0
0
0
0
0
0
0
0
0
0
0
0
0
0
0
0
0
0
0
0
0
2.436409771e-19
0
0
0
0
0
0
0
0
0
0
0
0
0
0
0
0
0
0
0
0
0
0
0
0
0
0
0
0
0
0
0
4.636282797e-18
0
0
0
0
0
0
0
0
0
0
0
0
0
0
0
0
0
0
0
0
0
0
0
0
0
0
0
0
0
0
0
9.520130037e-18
1.175780821e-19
0
0
0
0
0
0
0
0
0
0
0
0
0
0
0
0
0
0
0
0
0
0
0
0
0
0
0
0
0
0
7.120548342e-18
9.497837077e-21
0
0
0
0
0
0
0
0
0
0
0
0
0
0
0
0
0
0
0
0
0
0
0
0
0
0
0
0
0
0
5.86094518e-18
2.622824355e-19
0
0
0
0
0
0
0
0
0
0
0
0
0
0
0
0
0
0
0
0
0
0
0
0
0
0
0
0
0
0
9.988594617e-18
8.743462861e-19
0
0
0
0
0
0
0
0
0
0
0
0
0
0
0
0
0
0
0
0
0
0
0
0
0
0
0
0
0
0
1.047479119e-17
6.196851714e-18
3.996993752e-20
0
0
0
0
0
0
0
0
0
0
0
0
0
0
0
0
0
0
0
0
0
0
0
0
0
0
0
0
0
1.087695611e-17
9.722227886e-18
1.036004696e-19
0
0
0
0
0
0
0
0
0
0
0
0
0
0
0
0
0
0
0
0
0
0
0
0
0
0
0
0
0
1.081258384e-17
8.637921496e-18
5.53445584e-19
0
0
0
0
0
0
0
0
0
0
0
0
0
0
0
0
0
0
0
0
0
0
0
0
0
0
0
0
0
)
;

boundaryField
{
    inletCH4
    {
        type            fixedValue;
        value           nonuniform List<scalar> 0();
    }
    wallOutside
    {
        type            zeroGradient;
    }
    wallTube
    {
        type            zeroGradient;
    }
    inletPilot
    {
        type            fixedValue;
        value           nonuniform List<scalar> 0();
    }
    inletAir
    {
        type            fixedValue;
        value           nonuniform List<scalar> 0();
    }
    outlet
    {
        type            zeroGradient;
    }
    axis
    {
        type            empty;
    }
    frontAndBack_pos
    {
        type            wedge;
    }
    frontAndBack_neg
    {
        type            wedge;
    }
    procBoundary0to2
    {
        type            processor;
        value           uniform 0;
    }
    procBoundary0to4
    {
        type            processor;
        value           nonuniform List<scalar> 
27
(
0
0
0
0
0
0
0
0
0
0
0
0
4.587157898e-19
2.131505091e-19
1.24108034e-18
6.217495197e-18
9.442188461e-18
9.912777643e-18
9.758512935e-18
1.045725408e-17
1.087425986e-17
1.039740508e-17
1.004313877e-17
1.043538365e-17
1.046019459e-17
1.049340004e-17
1.005712948e-17
)
;
    }
}


// ************************************************************************* //
)

// Processor1

1085
(dimensions      [0 0 0 0 0 0 0];

internalField   uniform 0;

boundaryField
{
    inletCH4
    {
        type            fixedValue;
        value           nonuniform List<scalar> 0();
    }
    wallOutside
    {
        type            zeroGradient;
    }
    wallTube
    {
        type            zeroGradient;
    }
    inletPilot
    {
        type            fixedValue;
        value           nonuniform List<scalar> 0();
    }
    inletAir
    {
        type            fixedValue;
        value           uniform 0;
    }
    outlet
    {
        type            zeroGradient;
    }
    axis
    {
        type            empty;
    }
    frontAndBack_pos
    {
        type            wedge;
    }
    frontAndBack_neg
    {
        type            wedge;
    }
    procBoundary1to2
    {
        type            processor;
        value           uniform 0;
    }
    procBoundary1to3
    {
        type            processor;
        value           uniform 0;
    }
    procBoundary1to5
    {
        type            processor;
        value           uniform 0;
    }
}
)

// Processor2

1206
(dimensions      [0 0 0 0 0 0 0];

internalField   uniform 0;

boundaryField
{
    inletCH4
    {
        type            fixedValue;
        value           nonuniform List<scalar> 0();
    }
    wallOutside
    {
        type            zeroGradient;
    }
    wallTube
    {
        type            zeroGradient;
    }
    inletPilot
    {
        type            fixedValue;
        value           nonuniform List<scalar> 0();
    }
    inletAir
    {
        type            fixedValue;
        value           nonuniform List<scalar> 0();
    }
    outlet
    {
        type            zeroGradient;
    }
    axis
    {
        type            empty;
    }
    frontAndBack_pos
    {
        type            wedge;
    }
    frontAndBack_neg
    {
        type            wedge;
    }
    procBoundary2to0
    {
        type            processor;
        value           uniform 0;
    }
    procBoundary2to1
    {
        type            processor;
        value           uniform 0;
    }
    procBoundary2to4
    {
        type            processor;
        value           uniform 0;
    }
    procBoundary2to5
    {
        type            processor;
        value           uniform 0;
    }
}
)

// Processor3

10014
(dimensions      [0 0 0 0 0 0 0];

internalField   nonuniform List<scalar> 
861
(
0
0
0
0
0
0
0
0
0
0
0
0
0
0
0
0
0
0
0
0
0
0
0
0
0
0
0
0
0
0
0
0
0
0
0
0
0
0
0
0
0
0
0
0
0
0
0
0
0
0
0
0
0
0
0
0
0
0
0
0
0
0
0
0
0
0
0
0
0
0
0
0
0
0
0
0
0
0
0
0
0
0
0
0
0
0
0
0
0
0
0
0
0
0
0
0
0
0
0
0
9.193332194e-22
0
1.915832276e-23
1.872537318e-23
1.982291086e-23
6.905182172e-22
0
0
0
5.164342294e-23
1.134528611e-22
0
3.422808541e-22
0
0
2.888617898e-23
3.507961568e-22
0
0
0
3.242155906e-20
4.051566837e-21
0
0
2.341513563e-20
0
5.117789472e-19
3.273574944e-20
0
0
0
6.648865373e-17
0
5.797082352e-16
2.176394865e-14
2.17279339e-14
1.339046083e-16
3.428718559e-17
5.028129957e-14
0
0
4.635072081e-14
4.622896531e-14
0
0
0
5.244661985e-13
5.763304568e-15
0
0
1.40917715e-14
6.791353644e-13
0
0
3.120581062e-15
0
4.110070485e-14
0
0
1.776087534e-14
1.38435473e-15
1.124713716e-15
0
1.12546375e-14
2.929887031e-13
4.526097624e-14
0
4.384863422e-15
7.502826337e-14
6.977780886e-13
4.136627113e-13
4.171814782e-14
1.081404283e-14
2.767693662e-13
4.525887841e-13
5.779648324e-13
2.980484057e-13
2.556775465e-13
5.964148681e-13
5.326257139e-13
4.433461641e-13
6.204597798e-13
5.722002608e-13
5.022128944e-13
9.819080468e-13
4.390153134e-13
4.663071997e-13
4.491410659e-13
4.82346566e-13
6.024830977e-13
1.103249325e-12
7.091919896e-13
5.559189941e-13
8.662610985e-13
1.543915214e-13
9.117339706e-12
2.5170225e-11
7.670667289e-12
1.76250723e-12
6.643005256e-14
0
0
0
0
5.678957433e-11
0
0
6.674579724e-12
9.815515504e-11
3.138960767e-09
0
3.115400298e-13
1.15674454e-11
1.372361807e-10
2.766788925e-09
0
6.124319729e-13
1.055959734e-11
1.300280387e-10
1.876630286e-09
0
1.485095966e-12
1.668935718e-11
2.206682638e-10
3.106414514e-09
0
2.920778206e-12
2.242101974e-11
3.801751956e-10
4.52483807e-09
3.163727581e-13
5.524875798e-12
3.335292273e-11
4.888560002e-10
4.714988801e-09
4.827203748e-13
5.207212027e-12
4.10597195e-11
4.897173486e-10
3.89583573e-09
2.190479632e-14
6.029026616e-13
4.715770431e-11
4.748331315e-10
3.354716416e-09
1.9345692e-13
3.569718688e-12
5.744857955e-11
5.090483578e-10
3.358205856e-09
1.688385987e-12
9.972519624e-12
7.944961896e-11
6.268475255e-10
3.888998348e-09
1.656222764e-12
1.276383572e-11
1.110154891e-10
7.76259437e-10
4.405122636e-09
0
1.830786383e-11
1.374020432e-10
8.324697965e-10
4.212790763e-09
3.970478316e-12
2.601627313e-11
1.684399227e-10
9.281115729e-10
4.421750488e-09
8.828238858e-12
4.114277525e-11
2.137027551e-10
1.074186594e-09
4.77757928e-09
1.157403668e-11
5.179787452e-11
2.500036879e-10
1.13998411e-09
4.699992101e-09
2.571726207e-11
7.816442831e-11
3.323189107e-10
1.384152965e-09
5.45222929e-09
4.928175646e-11
1.203828743e-10
4.070142783e-10
1.480439188e-09
5.554041551e-09
6.725327242e-11
1.736505218e-10
5.793847753e-10
1.939034682e-09
7.914752037e-09
1.314560143e-10
2.871878307e-10
8.867074694e-10
2.913103904e-09
9.623055918e-09
1.922440681e-10
3.397190801e-10
8.327939984e-10
2.211883059e-09
5.876324449e-09
2.271565826e-10
3.172868255e-10
5.72030271e-10
1.142562892e-09
2.346544234e-09
1.696160132e-10
2.030572182e-10
2.868226785e-10
4.445228666e-10
7.191884498e-10
8.047586199e-11
8.881217824e-11
1.064410938e-10
1.363242122e-10
1.812498854e-10
2.50892912e-11
2.632510892e-11
2.883430836e-11
3.245771793e-11
3.744504483e-11
4.732287304e-10
3.6086891e-08
2.042434841e-08
1.066225347e-08
2.037916714e-08
2.641416425e-08
2.315868007e-08
1.658905604e-08
1.34579502e-08
1.311701657e-08
1.468138539e-08
1.556811838e-08
1.362136406e-08
1.387936387e-08
1.404783904e-08
1.322359649e-08
1.391053939e-08
1.686108266e-08
2.264092609e-08
2.342101928e-08
1.20274676e-08
3.987952784e-09
1.032040605e-09
2.262435861e-10
4.222482776e-11
1.748213598e-09
8.579451884e-09
5.246822169e-10
6.381183298e-11
4.647553871e-12
2.036522169e-07
3.406295269e-06
1.951845235e-07
5.815208323e-09
2.252104428e-10
8.40324017e-08
7.271851214e-07
8.689323354e-08
5.091200694e-09
4.22696248e-10
3.958423914e-08
3.242804999e-07
1.661163176e-06
1.287973437e-07
6.641050358e-09
9.116741893e-08
1.093169006e-06
1.113633965e-05
1.097348233e-06
7.636886463e-08
1.090324436e-07
1.083880289e-06
9.019796761e-06
1.171674796e-06
1.077166834e-07
8.334166055e-08
7.317014618e-07
5.119745016e-06
8.109794269e-07
9.595329251e-08
5.508785971e-08
4.064133696e-07
2.446919591e-06
1.242509474e-06
1.647999838e-07
4.36629818e-08
3.193036413e-07
2.035436988e-06
6.889305582e-06
9.749813085e-07
4.225578188e-08
3.144409283e-07
2.031004722e-06
9.935583004e-06
1.623425686e-06
4.621759848e-08
3.189971632e-07
1.979416713e-06
9.914680991e-06
1.814517459e-06
4.68132781e-08
2.96877672e-07
1.725895888e-06
8.259220059e-06
1.705407536e-06
3.85690486e-08
2.570050835e-07
1.31411082e-06
5.855628317e-06
2.639083924e-06
3.883220222e-08
2.327506717e-07
1.122587435e-06
4.977572257e-06
6.303142076e-06
3.647666736e-08
2.02494024e-07
1.003965239e-06
4.363832567e-06
7.701653989e-06
3.43257657e-08
1.816995177e-07
9.295819048e-07
3.925241947e-06
8.433348727e-06
3.475216938e-08
1.74421162e-07
8.794105337e-07
3.576208023e-06
8.509659784e-06
4.217192227e-08
2.090649878e-07
9.468261971e-07
3.754878033e-06
8.615715417e-06
5.625913862e-08
2.718080116e-07
1.197065592e-06
4.615961005e-06
8.34469463e-06
5.520727671e-08
2.361775761e-07
8.879217412e-07
2.859996455e-06
2.000298612e-06
2.538798293e-08
8.376055517e-08
2.315462011e-07
4.905220685e-07
4.70042437e-07
7.352448449e-09
1.86470318e-08
4.021159889e-08
6.716846658e-08
6.333695623e-08
1.648042285e-09
3.245164617e-09
5.579601234e-09
7.727015664e-09
6.929698832e-09
3.149575835e-10
4.892590569e-10
6.803430833e-10
7.987864088e-10
6.749710266e-10
5.396228883e-11
6.705105827e-11
7.752818769e-11
7.862936645e-11
6.227727021e-11
1.109710028e-14
0
0
0
0
0
0
0
0
0
0
0
0
0
0
0
7.847260628e-13
1.435217393e-14
0
0
0
0
0
0
0
0
0
0
0
0
0
0
2.417487569e-12
0
0
0
0
0
0
0
0
0
0
0
0
0
0
0
1.021395889e-10
3.753074146e-13
3.03566699e-14
0
0
0
0
0
0
0
0
0
0
0
0
0
2.19014008e-09
1.768951346e-11
1.310434621e-13
4.160915791e-14
0
0
0
0
0
0
0
0
0
0
0
0
5.554591159e-09
1.106107854e-10
7.071104505e-13
1.841301327e-13
1.257300472e-14
0
0
0
0
0
0
0
0
0
0
0
6.686154971e-09
2.698621336e-10
4.522182763e-12
2.887072466e-14
1.697540054e-14
0
0
0
0
0
0
0
0
0
0
0
1.265721932e-08
7.698347123e-10
2.703471878e-11
4.048817009e-13
0
0
0
0
0
0
0
0
0
0
0
0
8.791173594e-08
5.562343882e-09
2.567001363e-10
7.247924634e-12
9.48517822e-14
1.947458592e-14
0
0
0
0
0
0
0
0
0
0
1.846298754e-07
1.348713002e-08
8.246535949e-10
3.689328913e-11
9.966308421e-13
1.205076243e-14
9.656702357e-15
0
0
0
0
0
0
0
0
0
2.580279354e-07
2.539588132e-08
1.94363491e-09
1.371654704e-10
5.911159105e-12
1.238849717e-13
3.057048549e-14
1.117142253e-15
0
0
0
0
0
0
0
0
2.32813191e-07
2.434361838e-08
2.29698842e-09
3.397323888e-10
2.234937275e-11
7.162569165e-13
9.241514379e-15
5.677777231e-15
0
0
0
0
0
0
0
0
3.896009685e-07
4.771883944e-08
4.586816918e-09
8.436895782e-10
7.682191258e-11
3.253927687e-12
6.002494936e-14
1.50119304e-14
0
0
0
0
0
0
0
0
9.893804109e-07
1.337717276e-07
1.124458664e-08
1.670338662e-09
2.281482431e-10
1.206755912e-11
3.046405309e-13
5.354247655e-14
1.811174716e-15
0
0
0
0
0
0
0
1.35316295e-06
2.161139954e-07
2.604362979e-08
3.350471945e-09
6.171268642e-10
3.638094674e-11
1.142076419e-12
2.225023035e-14
8.532919339e-15
0
0
0
0
0
0
0
1.627543122e-06
2.695313667e-07
3.834448586e-08
4.953496133e-09
1.066487779e-09
6.538008727e-11
2.369398026e-12
3.298628594e-14
9.55903016e-15
0
0
0
0
0
0
0
1.776494625e-06
3.137654315e-07
5.004223108e-08
6.904076365e-09
1.053650249e-09
6.364150249e-11
2.566516815e-12
1.00029962e-13
9.780064633e-15
4.121266067e-18
0
0
0
0
0
0
1.865852352e-06
3.381846257e-07
5.203329767e-08
1.597971399e-08
1.287964696e-09
6.875489525e-11
2.88659312e-12
1.046161135e-13
5.178013039e-15
0
0
0
0
0
0
0
1.733629941e-06
3.306045875e-07
4.183288467e-08
5.004529649e-09
3.460557433e-10
1.887080037e-11
8.812136309e-13
1.101253902e-13
1.032066014e-14
0
0
0
0
0
0
0
7.393158607e-07
1.725964665e-07
3.162658896e-08
3.397911739e-09
2.500202666e-10
1.425522649e-11
6.907547606e-13
6.197767596e-14
9.362921594e-15
0
0
0
0
0
0
0
2.131749382e-07
4.857307292e-08
7.71994185e-09
8.529270329e-10
7.096031527e-11
4.890512404e-12
3.987705299e-13
1.969373557e-14
3.084513319e-15
0
0
0
0
0
0
0
2.897766049e-08
7.207066363e-09
1.218347395e-09
1.51324761e-10
1.495659187e-11
1.23551402e-12
0
1.100752147e-15
2.791610735e-16
0
0
0
0
0
0
0
3.240815821e-09
8.689081464e-10
1.625326977e-10
2.321064472e-11
2.697951029e-12
2.656804014e-13
3.661422414e-14
2.590062973e-15
2.054554131e-16
4.212521444e-18
0
0
0
0
0
0
3.282905079e-10
9.544160862e-11
1.993163327e-11
3.250982664e-12
4.358155403e-13
4.884477137e-14
2.160641959e-15
1.568195145e-16
7.405961582e-17
3.982468309e-18
0
0
0
0
0
0
3.136325355e-11
9.87070412e-12
)
;

boundaryField
{
    inletCH4
    {
        type            fixedValue;
        value           uniform 0;
    }
    wallOutside
    {
        type            zeroGradient;
    }
    wallTube
    {
        type            zeroGradient;
    }
    inletPilot
    {
        type            fixedValue;
        value           uniform 0;
    }
    inletAir
    {
        type            fixedValue;
        value           uniform 0;
    }
    outlet
    {
        type            zeroGradient;
    }
    axis
    {
        type            empty;
    }
    frontAndBack_pos
    {
        type            wedge;
    }
    frontAndBack_neg
    {
        type            wedge;
    }
    procBoundary3to1
    {
        type            processor;
        value           uniform 0;
    }
    procBoundary3to5
    {
        type            processor;
        value           nonuniform List<scalar> 
30
(
5.478283476e-12
5.525984833e-12
5.82518659e-12
6.158073448e-12
6.281031598e-12
6.553187271e-12
7.333875992e-12
7.80522678e-12
7.57869305e-12
6.603450371e-12
4.870855766e-12
0
2.045819018e-12
3.819851843e-13
5.839367668e-14
1.066381455e-14
1.683459787e-15
2.692168221e-16
4.665804525e-17
1.960788263e-17
1.753537475e-17
0
0
0
0
0
0
2.520935895e-12
2.045819018e-12
8.765112189e-13
)
;
    }
}
)

// Processor4

10778
(dimensions      [0 0 0 0 0 0 0];

internalField   nonuniform List<scalar> 
862
(
0
0
0
0
0
0
0
0
0
0
0
0
0
0
0
0
0
0
0
0
5.410711485e-23
5.513763808e-23
4.111188634e-22
4.607290198e-22
4.470160953e-22
6.563804067e-22
0
0
0
0
0
0
0
0
0
0
0
0
0
0
0
0
0
0
0
2.073804888e-21
1.992986246e-21
1.920624814e-21
1.856943919e-21
1.865681164e-21
4.296627765e-21
4.336604527e-21
4.412514112e-21
4.49078435e-21
4.556329432e-21
7.150185774e-21
7.144082309e-21
7.130584293e-21
7.109188667e-21
7.074505208e-21
6.278887104e-21
6.334268863e-21
6.441866367e-21
6.553163179e-21
6.576197817e-21
2.001047795e-20
2.008713296e-20
2.015104126e-20
2.010970483e-20
1.967135293e-20
2.302999206e-20
2.308458783e-20
2.307970948e-20
2.290475092e-20
2.22387775e-20
2.187398016e-20
2.175064776e-20
2.131975412e-20
2.024174885e-20
1.664598095e-20
6.352201093e-21
6.507407967e-21
6.819859464e-21
7.246667317e-21
7.712955812e-21
2.004077051e-20
2.003653019e-20
2.00229688e-20
2.000731241e-20
2.003419934e-20
2.322151927e-20
2.312789295e-20
2.288736094e-20
2.246075575e-20
2.183786621e-20
5.937649447e-21
5.999623918e-21
6.107616248e-21
6.314313566e-21
7.387815987e-21
0
0
0
0
3.41202148e-22
0
0
0
0
1.947264204e-21
4.577963211e-21
7.03742826e-21
6.569519213e-21
1.910908618e-20
2.145099501e-20
1.538711706e-20
8.054760435e-21
2.020045212e-20
2.13858649e-20
7.141912259e-21
0
0
0
0
0
0
0
0
0
0
0
0
0
0
0
0
0
0
1.204067927e-22
0
1.934386718e-22
0
0
0
0
0
0
0
0
0
0
0
0
0
0
0
0
0
0
0
0
0
0
0
4.597233327e-22
1.843058605e-21
1.841887836e-21
1.979367026e-21
2.542879402e-21
2.774597157e-21
4.629226427e-21
4.704742206e-21
4.787843506e-21
4.886250627e-21
5.029115394e-21
7.017024043e-21
7.09227756e-21
7.384901748e-21
7.906854919e-21
9.223174441e-21
6.84353223e-21
9.22923813e-21
1.744317362e-20
1.912691929e-20
1.988836693e-20
2.079936708e-20
2.135804801e-20
2.151203828e-20
2.135169844e-20
2.087278888e-20
2.279826303e-20
2.248499395e-20
2.144968074e-20
1.978464755e-20
1.513060924e-20
1.517570994e-20
1.347006589e-20
1.110448818e-20
6.059889039e-21
4.997872437e-21
8.752321325e-21
9.712032962e-21
1.07376407e-20
1.160228414e-20
1.292080831e-20
2.065079376e-20
2.179757852e-20
2.172823924e-20
2.068841776e-20
1.865727511e-20
2.07909859e-20
1.887583584e-20
1.579385053e-20
1.203658376e-20
9.006786238e-21
7.208167612e-21
3.288395006e-21
3.479993019e-21
8.278049431e-22
1.369012103e-21
0
0
0
0
0
0
0
0
0
0
0
0
0
0
0
0
0
0
0
0
0
0
0
0
0
0
0
0
0
0
0
0
8.744310814e-18
1.440342729e-18
0
0
0
0
0
7.870111926e-18
0
0
0
0
0
0
1.674749398e-19
7.830659857e-18
0
0
0
0
0
0
8.137814749e-18
2.326106291e-18
9.091011239e-18
8.69692496e-18
1.455547202e-18
0
0
0
0
2.322422571e-17
5.827999605e-18
1.493303864e-18
7.986052666e-18
0
0
0
0
0
1.066081692e-18
5.188349819e-18
2.021272104e-18
4.556517655e-19
8.074873326e-18
1.844819135e-18
0
0
0
0
0
0
0
0
0
0
0
0
5.988890739e-22
9.117527572e-21
9.121772924e-21
9.353656115e-22
1.065786278e-20
1.333177234e-19
3.421192669e-19
3.031587443e-20
6.333033681e-22
0
0
0
0
1.983981876e-19
8.515488903e-18
8.630233817e-18
1.492268698e-18
0
0
0
0
0
0
0
0
0
0
6.224357055e-24
4.633083438e-22
9.370325781e-21
9.739222637e-21
2.364733435e-21
1.247810127e-20
1.445735978e-19
3.495844358e-19
3.550445141e-20
9.021770052e-22
0
0
0
0
0
2.797164988e-19
7.813159133e-18
0
0
0
0
0
0
0
0
0
0
0
4.706886489e-22
9.214779696e-21
9.936066188e-21
9.357986229e-21
2.528837543e-21
2.098108982e-20
1.618047849e-19
4.219296245e-19
4.402388776e-20
0
0
0
0
0
0
1.949696916e-19
8.682437295e-18
8.584345279e-18
3.872059215e-18
0
0
0
0
0
0
0
0
0
7.990393286e-22
9.40058564e-21
9.759843141e-21
5.947356726e-21
2.042750432e-21
7.422186998e-21
8.031705485e-20
1.393196857e-19
2.227615024e-20
2.621875737e-21
0
0
0
0
0
2.120084829e-19
8.817559464e-18
9.413862899e-18
3.27789321e-18
2.473395962e-22
0
0
0
0
0
0
7.371554392e-22
1.325391387e-21
1.002009994e-20
1.061842846e-20
9.451182023e-21
1.118862253e-21
2.001513293e-21
2.597132422e-21
2.819792589e-20
1.303349321e-19
1.55483621e-20
2.590927389e-21
8.494442451e-23
0
0
0
0
0
3.745747483e-18
8.474904473e-18
8.844876091e-19
1.222520022e-18
0
0
0
0
0
7.778305785e-22
1.059369183e-21
1.908045263e-21
1.118762443e-20
1.171550345e-20
7.117122653e-21
3.126899899e-21
2.035531915e-21
1.652958054e-21
0
0
0
2.167449728e-21
0
0
0
0
0
0
3.057123328e-19
9.216102174e-18
1.003870272e-17
6.850398855e-18
4.587157898e-19
0
0
0
1.2244103e-21
1.580872505e-21
2.465790387e-21
1.163196685e-20
1.270986966e-20
1.118759753e-20
1.50275186e-21
2.245485669e-22
1.850121033e-21
1.67719587e-21
0
0
0
2.538996693e-21
0
0
0
4.134901833e-22
0
0
2.212921189e-19
9.069321e-18
1.009443871e-17
5.760592986e-18
2.131505091e-19
0
9.166758246e-22
1.651338763e-21
2.201488597e-21
3.379762558e-21
1.259681873e-20
1.412934932e-20
1.395265119e-20
9.138002606e-21
2.176552489e-21
2.095257849e-21
1.906712393e-21
1.997853437e-21
1.340190996e-21
0
2.285330458e-23
2.013619192e-21
0
0
0
1.856617604e-22
0
0
2.747152446e-19
9.367752236e-18
9.428398325e-18
3.25936322e-18
1.24108034e-18
1.037686191e-21
1.111943555e-21
1.179970386e-21
1.404933393e-21
2.788340034e-21
1.22482786e-20
1.320361369e-20
8.954854946e-21
3.103531382e-21
4.19928898e-21
2.081773144e-21
1.975217678e-21
2.096377502e-21
2.410386874e-21
2.694692132e-21
1.84783855e-21
3.578117501e-21
0
0
0
0
0
0
0
1.69778923e-18
9.312952782e-18
8.85007787e-18
6.217495197e-18
2.911248849e-21
3.081866999e-21
3.939432154e-21
1.265889695e-20
1.392186618e-20
1.406412054e-20
1.267718055e-20
3.602392933e-21
2.072656479e-21
1.360871916e-22
1.883670996e-21
2.081474994e-21
2.288560496e-21
1.591074416e-21
1.97767496e-21
2.017291844e-21
3.79153409e-21
0
0
0
0
0
0
0
2.753107451e-19
9.37122576e-18
1.0698334e-17
9.442188461e-18
5.34063826e-21
6.431949064e-21
1.502719156e-20
1.617608452e-20
1.589734903e-20
1.4147368e-20
4.931327346e-21
3.706673498e-21
3.406741092e-21
2.849874603e-21
4.652425435e-21
4.568733708e-20
1.558032933e-19
2.555919638e-19
5.936270023e-20
5.138731634e-20
2.604630578e-20
0
0
0
2.326350909e-21
0
0
0
2.214138701e-19
9.158215219e-18
1.078466009e-17
9.912777643e-18
1.748306958e-20
1.877061994e-20
1.902120759e-20
1.840871855e-20
1.650897169e-20
7.410930506e-21
6.394488699e-21
5.87107155e-21
2.613281904e-22
2.026901577e-21
1.483493924e-21
2.430329746e-21
4.379529899e-21
2.050907386e-20
1.623958338e-20
2.185086155e-20
1.335990257e-20
0
0
0
2.80476883e-21
2.437352885e-21
0
0
2.219260404e-19
9.043590762e-18
1.062233761e-17
9.758512935e-18
2.050318462e-20
2.02952786e-20
1.911831174e-20
1.389993222e-20
7.815336965e-21
7.11848772e-21
7.496980128e-21
6.445742996e-21
2.218468281e-21
1.87665822e-21
1.870062284e-21
2.00645872e-21
1.994880958e-21
3.815015573e-21
7.858237581e-21
1.218415522e-20
7.593313665e-21
0
0
0
2.80198988e-21
5.07494223e-22
0
0
2.297449475e-19
8.873096614e-18
1.066957084e-17
1.045725408e-17
1.997936144e-20
1.799070538e-20
1.224830131e-20
6.078869121e-21
5.634835145e-21
6.427451061e-21
4.331550933e-21
2.193740201e-21
1.90569908e-21
1.87995985e-21
1.860702212e-21
1.455830789e-21
0
4.099754012e-21
6.22513788e-21
1.251214628e-20
8.115979594e-21
0
0
0
8.902999025e-22
1.027854821e-21
0
0
0
1.650495234e-18
9.964093733e-18
1.087425986e-17
1.249530296e-20
6.278505802e-21
4.897789317e-21
5.288943141e-21
6.714405692e-21
4.682964343e-21
2.736365509e-22
1.826819633e-21
1.899519231e-21
1.886044362e-21
1.943768701e-21
2.168837122e-21
6.601459762e-21
1.427555722e-20
1.772920994e-20
1.450171848e-20
6.76908298e-21
0
0
0
2.033241171e-21
6.719590693e-22
0
0
0
2.734533045e-19
9.37765629e-18
1.039740508e-17
5.181062884e-21
6.075931633e-21
7.028238451e-21
7.675788695e-21
4.948432932e-21
2.955049883e-22
1.809990643e-21
1.895595731e-21
1.898437532e-21
1.839390803e-21
1.483333802e-21
0
8.409492719e-21
1.531464713e-20
1.642713676e-20
1.284245267e-20
6.240562955e-21
0
0
0
1.927134154e-21
1.970423407e-21
0
0
0
2.294888803e-19
9.220059105e-18
1.004313877e-17
1.469751664e-20
1.418089267e-20
1.125814345e-20
7.342879053e-21
4.80482004e-22
2.043614213e-21
1.979744986e-21
1.868852789e-21
1.862595099e-21
1.532096839e-21
0
1.008158389e-20
2.061035868e-20
2.338220619e-20
2.106408162e-20
1.444248901e-20
4.941222613e-21
0
0
0
1.095339346e-21
7.01779517e-22
0
0
0
2.206411431e-19
9.079483796e-18
1.043538365e-17
1.4741399e-20
8.010581841e-21
2.434618787e-21
1.502718573e-21
2.118102811e-21
2.18840719e-21
2.028744215e-21
1.865205115e-21
1.840246343e-21
1.509268146e-21
0
6.236871149e-21
1.782541916e-20
2.16973147e-20
2.002837821e-20
1.291364854e-20
0
0
0
0
2.508277948e-21
3.610462579e-21
0
0
0
2.238938052e-19
9.015699625e-18
1.046019459e-17
2.51663571e-21
1.510444943e-21
1.26022772e-21
2.012832601e-21
2.112820825e-21
2.188128861e-21
2.043300215e-21
1.86860419e-21
1.453118412e-21
0
6.624399424e-21
1.873647498e-20
2.435891792e-20
2.603626175e-20
2.258589256e-20
1.316190959e-20
0
0
0
1.481408005e-21
4.268826275e-21
3.065264344e-21
0
0
0
2.296367755e-19
8.877505639e-18
1.049340004e-17
1.080511239e-21
1.051021262e-21
1.518175178e-21
2.099061046e-21
2.050474828e-21
2.157548378e-21
2.178788141e-21
1.680895343e-21
0
8.908198757e-21
1.397604588e-20
2.40157269e-20
2.916506227e-20
2.992762469e-20
2.513405412e-20
1.407448987e-20
3.342660587e-22
0
0
2.236779638e-21
7.180538995e-21
8.455507931e-21
0
0
0
0
4.009794223e-18
1.005712948e-17
)
;

boundaryField
{
    inletCH4
    {
        type            fixedValue;
        value           nonuniform List<scalar> 0();
    }
    wallOutside
    {
        type            zeroGradient;
    }
    wallTube
    {
        type            zeroGradient;
    }
    inletPilot
    {
        type            fixedValue;
        value           nonuniform List<scalar> 0();
    }
    inletAir
    {
        type            fixedValue;
        value           nonuniform List<scalar> 0();
    }
    outlet
    {
        type            zeroGradient;
    }
    axis
    {
        type            empty;
    }
    frontAndBack_pos
    {
        type            wedge;
    }
    frontAndBack_neg
    {
        type            wedge;
    }
    procBoundary4to0
    {
        type            processor;
        value           nonuniform List<scalar> 
27
(
0
0
0
0
0
0
0
0
0
0
0
0
0
0
0
0
0
4.280088731e-20
2.436409771e-19
4.636282797e-18
9.520130037e-18
7.120548342e-18
5.86094518e-18
9.988594617e-18
1.047479119e-17
1.087695611e-17
1.081258384e-17
)
;
    }
    procBoundary4to2
    {
        type            processor;
        value           uniform 0;
    }
    procBoundary4to5
    {
        type            processor;
        value           nonuniform List<scalar> 
46
(
0
0
0
0
0
0
0
0
0
0
0
0
0
0
0
0
5.36141731e-18
8.969215835e-18
8.969215835e-18
9.44891453e-18
6.277376162e-19
6.277376162e-19
0
0
8.601235849e-19
4.397526738e-18
4.397526738e-18
0
0
0
0
0
0
0
0
0
8.159523573e-21
3.343809474e-21
0
7.797554102e-21
1.306451443e-19
3.421238702e-19
1.513055857e-20
1.588979768e-21
0
0
)
;
    }
}
)

// Processor5

10231
(dimensions      [0 0 0 0 0 0 0];

internalField   nonuniform List<scalar> 
862
(
5.478283476e-12
5.525984833e-12
5.82518659e-12
6.158073448e-12
6.281031598e-12
1.111922072e-12
1.121773225e-12
1.129029036e-12
1.104457731e-12
1.071427323e-12
2.205912435e-13
2.193818973e-13
2.136939002e-13
2.030683229e-13
1.890796274e-13
4.48874139e-14
4.435482944e-14
4.306687416e-14
3.979236946e-14
3.461658342e-14
9.726605667e-15
9.645976375e-15
9.382723009e-15
8.679734852e-15
7.601966977e-15
1.596488195e-15
1.649505964e-15
1.764667996e-15
1.878265742e-15
1.820793294e-15
4.895896868e-16
4.9322817e-16
5.00114738e-16
5.044749357e-16
4.868989364e-16
1.675609472e-16
1.655319329e-16
1.616220387e-16
1.56931494e-16
1.507647246e-16
7.025715644e-17
6.974795847e-17
6.869653562e-17
6.739598241e-17
6.603553219e-17
3.98668189e-17
3.967220088e-17
3.919228185e-17
3.87180617e-17
3.82711616e-17
2.602857899e-17
2.609181338e-17
2.623115456e-17
2.646544193e-17
2.681638132e-17
1.802417084e-17
1.810904313e-17
1.828621188e-17
1.85441681e-17
1.887572568e-17
1.048735344e-17
1.05486612e-17
1.068288853e-17
1.089851529e-17
1.118911253e-17
5.336510338e-18
5.361741812e-18
5.410315622e-18
5.47484402e-18
5.523946417e-18
2.211334943e-18
2.230419261e-18
2.248811279e-18
2.234442148e-18
2.170213987e-18
1.835686698e-19
1.87106093e-19
1.901841299e-19
1.720567226e-19
8.77696653e-20
0
0
0
0
0
0
8.156617075e-20
1.326551873e-19
1.243778516e-19
1.010558074e-19
0
0
0
0
0
0
0
0
0
0
0
0
0
0
0
0
0
0
0
0
0
0
0
0
0
0
0
0
0
0
0
0
0
0
0
6.553187271e-12
1.061296856e-12
1.806971071e-13
2.991228922e-14
6.87142689e-15
1.667193276e-15
4.64201393e-16
1.466629054e-16
6.548212387e-17
3.805374065e-17
2.712981349e-17
1.915997157e-17
1.143964883e-17
5.580641835e-18
1.995808404e-18
0
0
7.90908943e-20
0
0
0
0
0
0
0
7.333875992e-12
7.80522678e-12
7.57869305e-12
6.603450371e-12
4.870855766e-12
1.101072579e-12
1.048836012e-12
9.058217916e-13
7.074511561e-13
4.897469716e-13
1.777829488e-13
1.564823429e-13
1.289177859e-13
8.467721749e-14
3.765760737e-14
2.457694431e-14
2.562754713e-14
2.08323052e-14
1.358106971e-14
7.182011795e-16
5.748635579e-15
4.298076538e-15
3.165095613e-15
2.814630187e-15
1.190027039e-15
1.496004801e-15
1.18418279e-15
7.964877931e-16
7.230690092e-16
5.037738114e-16
4.416407764e-16
3.636524377e-16
2.546307382e-16
2.104526495e-16
1.75366821e-16
1.4355816e-16
1.277894304e-16
1.124965942e-16
9.457432412e-17
7.954703346e-17
6.570877812e-17
6.032222499e-17
5.377021142e-17
4.825249404e-17
4.897375094e-17
3.79506947e-17
3.735480736e-17
3.683507207e-17
3.754203342e-17
3.780967397e-17
2.767233995e-17
2.881886835e-17
2.928626776e-17
3.016668421e-17
3.162072926e-17
1.96955792e-17
2.046364186e-17
2.099668238e-17
2.173195931e-17
2.148818119e-17
1.190537327e-17
1.251802925e-17
1.21021226e-17
1.141552246e-17
1.130384852e-17
5.709479387e-18
5.504246269e-18
4.80647342e-18
4.019952314e-18
4.116689265e-18
1.670308997e-18
1.096142743e-18
2.668105168e-19
3.634544084e-20
4.355969143e-19
0
0
0
6.008075527e-20
6.286333259e-20
0
3.381420283e-20
5.617505792e-20
0
0
5.816048821e-20
0
0
0
0
0
0
0
0
0
0
0
0
0
0
0
0
0
0
0
0
0
3.064646058e-20
8.715647224e-20
3.866680796e-20
0
1.100243131e-20
2.541338793e-20
9.074578821e-21
2.195915067e-21
0
0
0
0
0
0
0
0
0
0
0
0
0
0
0
0
0
0
0
0
0
0
0
0
2.045819018e-12
3.819851843e-13
5.839367668e-14
1.066381455e-14
1.683459787e-15
2.692168221e-16
4.665804525e-17
1.960788263e-17
1.753537475e-17
0
0
0
0
0
0
0
0
0
0
0
0
2.520935895e-12
8.765112189e-13
2.345106564e-13
6.554267758e-14
1.059551907e-14
3.114225233e-16
9.979858993e-17
0
0
2.116502456e-17
9.025879771e-18
0
0
0
0
0
0
0
0
0
0
0
0
2.771679089e-13
9.896762909e-14
2.770552079e-14
0
1.680503162e-16
0
5.961538091e-18
0
0
2.140144187e-17
2.393486296e-17
1.010018465e-17
3.357466406e-18
0
0
0
0
0
0
0
0
0
0
3.618432785e-14
1.734701113e-14
4.919259561e-15
9.375712798e-16
4.829196529e-16
1.308477806e-16
6.264558624e-17
0
0
0
8.391321488e-18
1.206655734e-17
8.698303609e-18
0
0
0
0
0
0
0
0
0
0
2.788077107e-15
1.451249294e-15
8.575752479e-16
3.939249564e-16
2.840283174e-16
1.025968264e-16
5.457925062e-17
9.085961696e-18
0
0
0
0
8.894394457e-18
5.769649156e-18
0
0
0
0
0
0
0
0
0
0
3.430191094e-16
2.665286315e-16
9.519066939e-17
7.612906189e-17
4.653127234e-17
3.943883646e-17
1.65207461e-17
0
0
0
6.827275882e-18
2.231692849e-17
1.002197516e-17
3.409188438e-18
0
0
0
0
0
0
0
0
2.656013327e-16
1.946877647e-16
1.0726443e-16
2.431450119e-17
5.236388898e-17
3.861148401e-17
3.352500604e-17
2.832370386e-17
2.42829261e-17
0
1.602292697e-17
4.099327404e-17
1.288013702e-17
7.026171862e-18
0
0
0
0
0
0
0
0
0
1.183014408e-16
8.630978955e-17
5.213862755e-17
4.940503654e-17
4.466619976e-17
3.812030838e-17
3.887699307e-17
3.112740721e-17
3.126367001e-17
4.593711925e-17
2.626672532e-17
2.21100915e-17
1.890790243e-18
0
0
0
0
0
0
0
0
0
0
6.72779594e-17
5.585131787e-17
4.6675813e-17
4.153653459e-17
4.041214702e-17
3.622759778e-17
3.874693499e-17
3.316349426e-17
2.689428492e-17
2.856560402e-17
1.761400569e-17
1.06372229e-17
1.065172931e-17
0
0
0
0
0
0
0
0
0
0
4.634675387e-17
4.238715461e-17
4.063370924e-17
3.771041907e-17
3.823083796e-17
3.366306529e-17
3.153459139e-17
2.952658011e-17
1.909555854e-17
1.077575485e-17
6.784424914e-18
3.948194695e-18
5.015520467e-18
0
0
0
0
0
0
0
0
0
0
3.855387886e-17
3.905830938e-17
3.577770397e-17
3.09012613e-17
3.170821455e-17
2.890310021e-17
2.474935144e-17
2.410788512e-17
1.494930136e-17
6.575873621e-18
5.763405903e-18
3.230129617e-18
4.287970159e-18
8.006463617e-18
0
0
0
0
0
0
0
0
0
3.459891474e-17
3.340781806e-17
2.933796065e-17
2.221188144e-17
2.007054203e-17
1.719804024e-17
1.461416997e-17
1.621379681e-17
9.245654238e-18
3.668238096e-18
5.279480127e-18
3.275467049e-18
5.479024315e-18
8.448594292e-18
0
0
0
0
0
0
0
0
0
2.248645379e-17
2.21492255e-17
1.545683343e-17
9.273878626e-18
6.364445017e-18
6.643902105e-18
6.384620182e-18
9.740210434e-18
4.235997225e-18
4.07801188e-19
1.946759526e-18
8.332409153e-19
1.707664232e-18
2.161716536e-18
0
0
0
0
0
0
0
0
0
1.232651391e-17
1.245656191e-17
6.494694284e-18
1.623320648e-18
0
1.551071958e-18
2.362545816e-18
6.65008819e-18
2.335291926e-18
7.188648578e-20
4.674385518e-19
0
3.377350807e-20
2.258793544e-18
9.222023381e-18
1.052251261e-18
0
0
0
0
0
0
0
5.623914747e-18
3.349016404e-18
1.160161201e-18
0
2.208157099e-19
5.259651395e-19
4.597264456e-20
4.415244809e-19
0
0
1.871753459e-19
0
1.368682816e-19
2.30818251e-18
7.956064916e-18
1.656540034e-18
1.302247232e-18
0
2.181006199e-18
0
0
0
0
7.415454157e-19
1.610532814e-19
0
0
4.962631854e-21
5.15831164e-19
0
1.348061558e-19
0
0
9.810391995e-20
0
0
3.686998774e-19
0
0
0
0
0
0
0
0
0
0
0
0
7.142924609e-20
9.21652144e-21
8.147719246e-21
0
1.323036937e-19
0
0
4.742400844e-20
0
0
3.029148611e-19
0
5.402235502e-19
0
0
0
7.302035698e-18
0
0
0
0
0
0
5.113754098e-21
4.401075476e-19
7.380735834e-21
0
1.274235896e-19
0
0
4.229369595e-20
0
0
2.961504323e-19
0
9.476436356e-19
2.776362385e-18
4.181605355e-18
0
3.842703921e-18
0
0
0
0
5.713952299e-20
3.431733351e-20
5.17525291e-19
0
0
3.080555256e-20
0
0
3.102613829e-21
0
0
2.848274674e-19
0
4.493907696e-20
7.187268599e-20
0
2.337013946e-18
6.946116297e-20
1.039454263e-18
5.36141731e-18
0
5.90255223e-20
4.682262498e-20
4.394451053e-19
1.477829233e-20
0
1.206057367e-19
0
0
0
0
0
0
4.260313636e-20
0
0
0
6.779508171e-19
8.812649368e-18
5.808140488e-19
8.989843781e-18
8.969215835e-18
3.17067903e-20
2.082422106e-20
2.597283415e-21
0
0
0
1.287192547e-19
0
0
0
0
0
0
1.313237401e-19
0
1.333729053e-20
1.57616269e-19
6.599184374e-18
2.761068717e-17
5.344576179e-18
9.44891453e-18
0
0
0
0
0
4.316729331e-20
0
0
0
0
1.628830414e-21
0
3.718293968e-21
1.068331577e-19
3.131788316e-19
8.564914809e-21
1.003754901e-19
3.14238117e-18
1.921828705e-17
2.7670219e-18
6.277376162e-19
1.758541494e-21
0
0
0
0
3.261110483e-20
0
0
0
0
5.572366288e-22
0
2.11546192e-21
1.08036068e-19
3.398488361e-19
5.71793496e-21
0
0
5.754205524e-20
0
0
0
0
0
0
0
0
0
0
1.302516064e-22
1.516864886e-22
0
2.138275447e-21
1.205268426e-19
3.430954465e-19
7.395479297e-21
1.504905718e-21
0
8.601235849e-19
0
0
0
0
0
0
0
0
0
6.089793512e-23
1.200973048e-21
0
3.741658017e-21
1.27137399e-19
3.433568785e-19
1.544473492e-20
3.984027401e-21
9.27639771e-20
4.397526738e-18
0
0
0
0
0
0
0
0
0
8.159523573e-21
3.343809474e-21
0
7.797554102e-21
1.306451443e-19
3.421238702e-19
1.513055857e-20
1.588979768e-21
0
)
;

boundaryField
{
    inletCH4
    {
        type            fixedValue;
        value           nonuniform List<scalar> 0();
    }
    wallOutside
    {
        type            zeroGradient;
    }
    wallTube
    {
        type            zeroGradient;
    }
    inletPilot
    {
        type            fixedValue;
        value           nonuniform List<scalar> 0();
    }
    inletAir
    {
        type            fixedValue;
        value           nonuniform List<scalar> 0();
    }
    outlet
    {
        type            zeroGradient;
    }
    axis
    {
        type            empty;
    }
    frontAndBack_pos
    {
        type            wedge;
    }
    frontAndBack_neg
    {
        type            wedge;
    }
    procBoundary5to1
    {
        type            processor;
        value           uniform 0;
    }
    procBoundary5to2
    {
        type            processor;
        value           uniform 0;
    }
    procBoundary5to3
    {
        type            processor;
        value           nonuniform List<scalar> 
30
(
2.50892912e-11
2.632510892e-11
2.883430836e-11
3.245771793e-11
3.744504483e-11
4.222482776e-11
5.396228883e-11
6.705105827e-11
7.752818769e-11
7.862936645e-11
6.227727021e-11
0
1.993163327e-11
3.250982664e-12
4.358155403e-13
4.884477137e-14
2.160641959e-15
1.568195145e-16
7.405961582e-17
3.982468309e-18
0
0
0
0
0
0
0
3.136325355e-11
9.87070412e-12
9.87070412e-12
)
;
    }
    procBoundary5to4
    {
        type            processor;
        value           nonuniform List<scalar> 
46
(
0
0
0
0
0
0
0
0
0
0
0
0
0
0
0
0
0
0
8.744310814e-18
8.744310814e-18
7.870111926e-18
1.674749398e-19
1.674749398e-19
8.137814749e-18
8.137814749e-18
2.322422571e-17
1.066081692e-18
0
0
0
0
0
0
0
0
5.988890739e-22
9.117527572e-21
9.121772924e-21
9.353656115e-22
1.065786278e-20
1.333177234e-19
3.421192669e-19
3.031587443e-20
6.333033681e-22
1.066081692e-18
0
)
;
    }
}
)