/*--------------------------------*- C++ -*----------------------------------*\
  =========                 |
  \\      /  F ield         | OpenFOAM: The Open Source CFD Toolbox
   \\    /   O peration     | Website:  https://openfoam.org
    \\  /    A nd           | Version:  10
     \\/     M anipulation  |
\*---------------------------------------------------------------------------*/
FoamFile
{
    format      binary;
    class       decomposedBlockData;
    location    "/home/zhouyuchen/Desktop/FastChemistrySolver-OpenFOAM-10/EC-CCM/OpenFOAM-10/Sandia/processors6/0.0250188088/CH2(S)_0";
    object      CH2(S)_0;
}
// * * * * * * * * * * * * * * * * * * * * * * * * * * * * * * * * * * * * * //


// Processor0

7116
(/*--------------------------------*- C++ -*----------------------------------*\
  =========                 |
  \\      /  F ield         | OpenFOAM: The Open Source CFD Toolbox
   \\    /   O peration     | Website:  https://openfoam.org
    \\  /    A nd           | Version:  10
     \\/     M anipulation  |
\*---------------------------------------------------------------------------*/
FoamFile
{
    format      ascii;
    class       volScalarField;
    location    "0.0250188088";
    object      CH2(S)_0;
}
// * * * * * * * * * * * * * * * * * * * * * * * * * * * * * * * * * * * * * //

dimensions      [0 0 0 0 0 0 0];

internalField   nonuniform List<scalar> 
864
(
5.365414531e-15
9.504060285e-16
0
0
0
0
0
0
0
0
0
0
0
0
0
0
0
0
0
0
0
0
0
0
0
0
0
0
0
0
0
0
8.410687451e-15
2.857944008e-15
2.231426894e-17
0
0
0
0
0
0
0
0
0
0
0
0
0
0
0
0
0
0
0
0
0
0
0
0
0
0
0
0
0
1.023120305e-14
5.011157462e-15
9.333227994e-16
0
0
0
0
0
0
0
0
0
0
0
0
0
0
0
0
0
0
0
0
0
0
0
0
0
0
0
0
0
1.869997731e-14
1.01926353e-14
3.67333009e-15
5.374490174e-17
0
0
0
0
0
0
0
0
0
0
0
0
0
0
0
0
0
0
0
0
0
0
0
0
0
0
0
0
1.768499591e-14
1.194849897e-14
5.956051835e-15
1.342699427e-15
0
0
0
0
0
0
0
0
0
0
0
0
0
0
0
0
0
0
0
0
0
0
0
0
0
0
0
0
1.563010097e-14
1.264902639e-14
7.658076389e-15
2.652181065e-15
2.797651085e-17
0
0
0
0
0
0
0
0
0
0
0
0
0
0
0
0
0
0
0
0
0
0
0
0
0
0
0
1.591345495e-14
1.640320933e-14
1.058203809e-14
4.98714065e-15
9.516415185e-16
0
0
0
0
0
0
0
0
0
0
0
0
0
0
0
0
0
0
0
0
0
0
0
0
0
0
0
1.291361161e-14
1.600472691e-14
1.247959818e-14
7.660281334e-15
2.857408262e-15
3.636156623e-17
0
0
0
0
0
0
0
0
0
0
0
0
0
0
0
0
0
0
0
0
0
0
0
0
0
0
1.167405989e-14
1.796462778e-14
1.843923264e-14
1.226829393e-14
6.105088548e-15
1.439418792e-15
0
0
0
0
0
0
0
0
0
0
0
0
0
0
0
0
0
0
0
0
0
0
0
0
0
0
1.047430277e-14
1.729329627e-14
1.92321061e-14
1.420333459e-14
8.188887895e-15
2.833149364e-15
3.698490235e-17
0
0
0
0
0
0
0
0
0
0
0
0
0
0
0
0
0
0
0
0
0
0
0
0
0
9.448912023e-16
1.312454475e-14
1.948912557e-14
2.046914924e-14
1.203446805e-14
5.206903095e-15
8.613193481e-16
0
0
0
0
0
0
0
0
0
0
0
0
0
0
0
0
0
0
0
0
0
0
0
0
0
2.476863621e-16
1.17370791e-14
1.880576949e-14
2.033589113e-14
1.442347405e-14
8.077572156e-15
2.751788397e-15
3.62915488e-17
0
0
0
0
0
0
0
0
0
0
0
0
0
0
0
0
0
0
0
0
0
0
0
0
0
8.394730589e-15
1.579224024e-14
1.988586378e-14
1.688438519e-14
1.165998783e-14
5.710024389e-15
1.300213194e-15
0
0
0
0
0
0
0
0
0
0
0
0
0
0
0
0
0
0
0
0
0
0
0
0
5.388634451e-16
1.014914507e-15
1.365203175e-14
2.120545797e-14
2.234754168e-14
1.61542411e-14
9.284575307e-15
3.320590921e-15
5.127532816e-17
0
0
0
0
0
0
0
0
0
0
0
0
0
0
0
0
0
0
0
0
0
0
0
4.13469634e-16
4.547754347e-16
1.270243905e-14
2.08480615e-14
2.333845148e-14
1.822032917e-14
1.155368566e-14
5.055905844e-15
7.671082724e-16
0
0
0
0
0
0
0
0
0
0
0
0
0
0
0
0
0
0
0
0
0
0
0
2.03437297e-16
0
8.810776128e-15
1.765388591e-14
2.411068304e-14
2.540043581e-14
1.629395853e-14
8.328367536e-15
2.541226943e-15
2.852948675e-17
0
0
0
0
0
0
0
0
0
0
0
0
0
0
0
0
0
0
0
0
0
0
4.830203636e-16
8.005186178e-16
1.285624489e-15
1.512631299e-14
2.397443028e-14
2.610099335e-14
1.967784902e-14
1.211827809e-14
5.210278307e-15
8.342837444e-16
0
0
0
0
0
0
0
0
0
0
0
0
0
0
0
0
0
0
0
0
0
0
3.858605932e-16
7.984688009e-16
8.856578845e-16
1.426761784e-14
2.351990676e-14
2.672895047e-14
2.180121004e-14
1.47766375e-14
7.472356353e-15
2.080507942e-15
1.265149359e-17
0
0
0
0
0
0
0
0
0
0
0
0
0
0
0
0
0
0
0
0
0
4.032583371e-18
4.21807334e-16
2.083832839e-17
1.05828619e-14
2.04388418e-14
2.744701006e-14
2.90819051e-14
1.953590043e-14
1.081651948e-14
3.96757721e-15
2.369570139e-16
0
0
0
0
0
0
0
0
0
0
0
0
0
0
0
0
0
0
0
0
0
6.039560435e-16
1.079206827e-15
1.333287212e-15
1.773800149e-15
1.670112712e-14
2.626711595e-14
2.864849024e-14
2.21334139e-14
1.414153665e-14
6.619312845e-15
1.549360138e-15
0
0
0
0
0
0
0
0
0
0
0
0
0
0
0
0
0
0
0
0
0
8.935774367e-16
1.29124743e-15
1.3749739e-15
1.192295072e-15
1.55148096e-14
2.53523143e-14
2.866262096e-14
2.358883559e-14
1.626758123e-14
8.598409636e-15
2.751792669e-15
4.216925564e-17
0
0
0
0
0
0
0
0
0
0
0
0
0
0
0
0
0
0
0
0
8.140007394e-16
1.011678447e-15
1.081474574e-15
5.7806041e-16
1.2665717e-14
2.285060435e-14
2.953189642e-14
3.094192796e-14
2.075463222e-14
1.163756527e-14
4.524912925e-15
5.158158236e-16
0
0
0
0
0
0
0
0
0
0
0
0
0
0
0
0
0
0
0
0
1.083992269e-15
1.473933557e-15
2.118526333e-15
2.630855468e-15
3.542648001e-15
1.813839667e-14
2.718602118e-14
2.922884334e-14
2.245769201e-14
1.435735657e-14
6.816044537e-15
1.711259302e-15
6.634336719e-18
0
0
0
0
0
0
0
0
0
0
0
0
0
0
0
0
0
0
0
8.343276887e-16
1.18054315e-15
1.73769693e-15
1.791301842e-15
1.405555271e-15
1.570467012e-14
2.525326314e-14
2.813667757e-14
2.271469672e-14
1.538439952e-14
7.944546419e-15
2.441175978e-15
3.631706304e-17
0
0
0
0
0
0
0
0
0
0
0
0
0
0
0
0
0
0
0
4.429238412e-16
7.367518018e-16
1.154925016e-15
1.190769135e-15
7.669066501e-16
1.35310768e-14
2.299865764e-14
2.766172814e-14
2.546867361e-14
1.738350438e-14
9.328959413e-15
3.229277924e-15
1.193268285e-16
0
0
0
0
0
0
0
0
0
0
0
0
0
0
0
0
0
0
0
3.2787247e-16
6.309111558e-16
9.462384127e-16
8.636515313e-16
0
9.611239574e-15
1.901311493e-14
2.583027221e-14
2.650082226e-14
1.941096819e-14
1.163920041e-14
4.917054e-15
8.198568583e-16
0
0
0
0
0
0
0
0
0
0
0
0
0
0
0
0
0
0
0
7.298414266e-16
1.282517158e-15
1.870038908e-15
2.210834495e-15
2.25011044e-15
2.326562429e-15
1.619611531e-14
2.485131669e-14
2.684509694e-14
2.076305592e-14
1.334029816e-14
6.32912372e-15
1.584054229e-15
7.950982257e-18
0
0
0
0
0
0
0
0
0
0
0
0
0
0
0
0
0
0
)
;

boundaryField
{
    inletCH4
    {
        type            fixedValue;
        value           nonuniform List<scalar> 0();
    }
    wallOutside
    {
        type            zeroGradient;
    }
    wallTube
    {
        type            zeroGradient;
    }
    inletPilot
    {
        type            fixedValue;
        value           nonuniform List<scalar> 0();
    }
    inletAir
    {
        type            fixedValue;
        value           nonuniform List<scalar> 0();
    }
    outlet
    {
        type            zeroGradient;
    }
    axis
    {
        type            empty;
    }
    frontAndBack_pos
    {
        type            wedge;
    }
    frontAndBack_neg
    {
        type            wedge;
    }
    procBoundary0to2
    {
        type            processor;
        value           nonuniform List<scalar> 
32
(
3.595527317e-15
3.232738374e-17
0
0
0
0
0
0
0
0
0
0
0
0
0
0
0
0
0
0
0
0
0
0
0
0
0
0
0
0
0
0
)
;
    }
    procBoundary0to4
    {
        type            processor;
        value           nonuniform List<scalar> 
27
(
1.069094651e-14
1.496247488e-14
1.478759117e-14
1.728203275e-14
1.611350221e-14
1.115956444e-14
1.016226581e-14
6.803968305e-15
4.763761279e-16
0
7.603120859e-16
4.384134669e-16
2.361628778e-16
8.419473323e-17
1.904754522e-18
4.705510462e-17
1.76890908e-16
2.066409118e-16
5.487529219e-17
3.111799077e-16
5.474966605e-16
5.556521762e-16
7.135037396e-16
5.542065821e-16
2.481937662e-16
1.323761163e-16
3.581189961e-16
)
;
    }
}


// ************************************************************************* //
)

// Processor1

1085
(dimensions      [0 0 0 0 0 0 0];

internalField   uniform 0;

boundaryField
{
    inletCH4
    {
        type            fixedValue;
        value           nonuniform List<scalar> 0();
    }
    wallOutside
    {
        type            zeroGradient;
    }
    wallTube
    {
        type            zeroGradient;
    }
    inletPilot
    {
        type            fixedValue;
        value           nonuniform List<scalar> 0();
    }
    inletAir
    {
        type            fixedValue;
        value           uniform 0;
    }
    outlet
    {
        type            zeroGradient;
    }
    axis
    {
        type            empty;
    }
    frontAndBack_pos
    {
        type            wedge;
    }
    frontAndBack_neg
    {
        type            wedge;
    }
    procBoundary1to2
    {
        type            processor;
        value           uniform 0;
    }
    procBoundary1to3
    {
        type            processor;
        value           uniform 0;
    }
    procBoundary1to5
    {
        type            processor;
        value           uniform 0;
    }
}
)

// Processor2

3591
(dimensions      [0 0 0 0 0 0 0];

internalField   nonuniform List<scalar> 
861
(
0
0
0
0
0
0
0
0
0
0
0
0
0
0
0
0
0
0
0
0
0
0
0
0
0
0
0
0
0
0
0
0
0
0
0
0
0
0
0
0
0
0
0
0
0
0
0
0
0
0
0
0
0
0
0
0
0
0
0
0
0
0
0
0
0
0
0
0
0
0
0
0
0
0
0
0
0
0
0
0
0
0
0
0
0
0
0
0
0
0
0
0
0
0
0
0
0
0
0
0
0
0
0
0
0
0
0
0
0
0
0
0
0
0
0
0
0
0
0
0
0
0
0
0
0
0
0
0
0
0
0
0
0
0
0
0
0
0
0
0
0
0
0
0
0
0
0
0
0
0
0
0
0
0
0
0
0
0
0
0
0
0
0
0
0
0
0
0
0
0
0
0
0
0
0
0
0
0
0
0
0
0
0
0
0
0
0
0
0
0
0
0
0
0
0
0
0
0
0
0
0
0
0
0
0
0
0
0
0
0
0
0
0
0
0
0
0
0
0
0
0
0
0
0
0
0
0
0
0
0
0
0
0
0
0
0
0
0
0
0
0
0
0
0
0
0
0
0
0
0
0
0
0
0
0
0
0
0
0
0
0
0
0
0
0
0
0
0
0
0
0
0
0
0
0
0
0
0
0
0
0
0
0
0
0
0
0
0
0
0
0
0
0
0
0
0
0
0
0
0
0
0
0
0
0
0
0
0
0
0
0
0
0
0
0
0
0
0
0
0
0
0
0
0
0
0
0
0
0
0
0
0
0
0
0
0
0
0
0
0
0
0
0
0
0
0
0
0
0
0
0
0
0
0
0
0
0
0
0
0
0
0
0
0
0
0
0
0
0
0
0
0
0
0
0
0
0
0
0
0
0
0
0
0
0
0
0
0
0
0
0
0
0
0
0
0
0
0
0
0
0
0
0
0
0
0
0
0
0
0
0
0
0
0
0
0
0
0
0
0
0
0
0
0
0
0
0
0
0
0
0
0
0
0
0
0
0
0
0
0
0
0
0
0
0
0
0
0
0
0
0
0
0
0
0
0
0
0
0
0
0
0
0
0
0
0
0
0
0
0
0
0
0
0
0
0
0
0
0
0
0
0
0
0
0
0
0
0
0
0
0
0
0
0
0
0
0
0
0
0
0
0
0
0
0
0
0
0
0
0
0
0
0
0
0
2.293700018e-16
0
0
0
0
0
0
0
0
0
0
0
0
0
0
0
0
0
0
0
0
0
0
0
0
0
0
0
0
0
0
0
0
0
0
0
0
2.344634084e-15
0
0
0
0
0
0
0
0
0
0
0
0
0
0
0
0
0
0
0
0
0
0
0
0
0
0
0
0
0
0
0
0
0
0
0
0
5.887680492e-15
1.6774596e-15
0
0
0
0
0
0
0
0
0
0
0
0
0
0
0
0
0
0
0
0
0
0
0
0
0
0
0
0
0
0
0
0
0
0
0
9.306738483e-15
4.658301492e-15
3.430663062e-16
0
0
0
0
0
0
0
0
0
0
0
0
0
0
0
0
0
0
0
0
0
0
0
0
0
0
0
0
0
0
0
0
0
0
1.226654987e-14
8.019478633e-15
3.176063443e-15
9.812386807e-18
0
0
0
0
0
0
0
0
0
0
0
0
0
0
0
0
0
0
0
0
0
0
0
0
0
0
0
0
0
0
0
0
0
0
0
0
0
0
0
0
0
0
0
0
0
0
0
0
0
0
0
0
0
0
0
0
0
0
0
0
0
0
0
0
0
0
0
0
0
0
0
0
0
0
0
0
0
0
0
0
0
0
0
0
0
0
0
0
0
0
0
0
0
0
0
0
0
0
1.035787588e-17
0
0
0
0
0
0
0
0
0
0
0
0
0
0
0
0
0
0
0
0
0
0
0
0
0
0
0
0
0
0
0
9.368963952e-16
0
0
0
0
0
0
0
0
0
0
0
0
0
0
0
0
0
0
0
0
0
0
0
0
0
0
0
0
0
0
0
3.595527317e-15
3.232738374e-17
0
0
0
0
0
0
0
0
0
0
0
0
0
0
0
0
0
0
0
0
0
0
0
0
0
0
0
0
0
0
)
;

boundaryField
{
    inletCH4
    {
        type            fixedValue;
        value           nonuniform List<scalar> 0();
    }
    wallOutside
    {
        type            zeroGradient;
    }
    wallTube
    {
        type            zeroGradient;
    }
    inletPilot
    {
        type            fixedValue;
        value           nonuniform List<scalar> 0();
    }
    inletAir
    {
        type            fixedValue;
        value           nonuniform List<scalar> 0();
    }
    outlet
    {
        type            zeroGradient;
    }
    axis
    {
        type            empty;
    }
    frontAndBack_pos
    {
        type            wedge;
    }
    frontAndBack_neg
    {
        type            wedge;
    }
    procBoundary2to0
    {
        type            processor;
        value           nonuniform List<scalar> 
32
(
5.365414531e-15
9.504060285e-16
0
0
0
0
0
0
0
0
0
0
0
0
0
0
0
0
0
0
0
0
0
0
0
0
0
0
0
0
0
0
)
;
    }
    procBoundary2to1
    {
        type            processor;
        value           uniform 0;
    }
    procBoundary2to4
    {
        type            processor;
        value           nonuniform List<scalar> 10(1.507041181e-14 1.644350752e-14 8.064081625e-15 2.192381795e-15 2.192381795e-15 5.156915518e-16 5.156915518e-16 3.242248605e-15 5.485134231e-15 9.640055853e-15);
    }
    procBoundary2to5
    {
        type            processor;
        value           nonuniform List<scalar> 
16
(
0
0
0
0
0
0
0
0
0
0
1.159402129e-15
4.502426601e-15
6.49257381e-15
1.045377005e-14
1.199370771e-14
9.326206782e-15
)
;
    }
}
)

// Processor3

10396
(dimensions      [0 0 0 0 0 0 0];

internalField   nonuniform List<scalar> 
861
(
0
0
0
0
0
0
0
0
0
0
0
0
0
0
0
0
0
0
0
0
0
0
0
0
0
0
0
0
0
0
0
0
0
0
0
0
0
0
0
0
0
0
0
0
0
0
0
0
0
0
0
0
0
0
0
0
0
0
0
0
0
0
0
0
0
0
0
0
0
0
0
0
0
0
0
0
0
0
0
0
0
0
0
0
0
0
0
0
0
0
0
0
0
0
0
0
0
0
0
0
0
0
0
0
8.204697968e-20
0
2.893586962e-22
1.751064738e-21
1.864108335e-22
2.113639226e-20
1.639627433e-21
7.910294576e-22
2.411873407e-20
0
2.321680737e-21
4.472976631e-21
0
1.979823214e-20
0
0
3.113110044e-18
5.211029873e-20
0
4.471787358e-19
9.980130257e-18
0
0
7.187721632e-18
0
0
2.259873606e-16
0
0
0
0
0
2.497582262e-14
0
0
2.741454416e-13
0
0
0
0
4.42595035e-13
0
7.68209894e-12
1.850790019e-12
0
2.900601449e-14
1.784525993e-13
6.025363752e-12
0
0
1.341148413e-13
1.925042459e-14
5.502045271e-13
4.412078604e-13
5.134831729e-14
9.627967955e-13
9.195516321e-14
2.837725056e-14
1.244999883e-15
2.368000619e-13
4.579993182e-12
1.907821242e-12
5.896282476e-14
6.821486405e-14
1.915450659e-12
9.114019755e-12
6.235208402e-12
1.448687729e-12
9.432412748e-13
4.349509458e-12
5.046988465e-12
7.15296201e-12
4.503151701e-12
3.981662502e-12
7.976367144e-12
5.790716445e-12
4.936948575e-12
8.154219349e-12
7.618300826e-12
5.741360755e-12
1.010418237e-11
4.625041287e-12
5.22931318e-12
5.121455244e-12
5.334879182e-12
5.265796882e-12
9.946795931e-12
6.309920403e-12
5.236585339e-12
8.865686966e-12
2.313064065e-12
6.866887904e-11
2.209735991e-10
3.320355959e-11
8.269295854e-12
7.034299267e-13
0
0
0
0
2.462035273e-12
0
0
8.010824435e-14
1.278407245e-12
3.802539983e-11
0
0
5.701807365e-14
1.785964161e-12
3.254215413e-11
0
1.133101588e-14
3.180318715e-13
5.968032132e-12
1.103024253e-10
0
6.952001508e-14
8.908395736e-13
1.257772951e-11
1.797028062e-10
5.410390281e-15
1.369897531e-13
9.818388784e-13
1.51777381e-11
1.639562251e-10
2.103091856e-14
2.120549266e-13
1.035750379e-12
1.323059919e-11
1.110184316e-10
2.86284476e-14
1.563867349e-13
1.022565889e-12
1.082453579e-11
7.841762587e-11
1.826993241e-14
3.371956437e-14
1.271913654e-12
1.262546388e-11
9.280861689e-11
2.518843896e-14
1.345256344e-13
1.919816775e-12
1.745020938e-11
1.208412883e-10
8.088792879e-14
3.75061566e-13
2.839901387e-12
2.207506574e-11
1.352424695e-10
6.450724403e-14
4.126221809e-13
3.282138502e-12
2.151012955e-11
1.135204263e-10
0
4.645682355e-13
3.171570243e-12
1.787421814e-11
8.46742596e-11
9.974530766e-14
6.202611669e-13
3.838438935e-12
2.100551369e-11
1.020740758e-10
2.213938893e-13
9.370458872e-13
5.141206662e-12
2.61559353e-11
1.200614387e-10
3.603092147e-13
1.229886377e-12
5.766203614e-12
2.574795982e-11
1.045034493e-10
5.489125399e-13
1.569040406e-12
6.148211012e-12
2.43560126e-11
9.029370356e-11
8.713144966e-13
2.073838588e-12
6.545784004e-12
1.830703447e-11
5.177152695e-11
1.245111358e-12
3.297986328e-12
1.395226794e-11
5.132943282e-11
1.98290369e-10
2.635674584e-12
6.170294501e-12
2.045619875e-11
7.002041404e-11
2.389413871e-10
3.312648255e-12
6.437081028e-12
1.728385487e-11
4.863277267e-11
1.33992311e-10
3.086594833e-12
4.828688625e-12
9.982995049e-12
2.214391089e-11
4.88858377e-11
1.696856776e-12
2.279986698e-12
3.823318785e-12
6.957425805e-12
1.283058974e-11
5.992225632e-13
7.614173546e-13
1.094599805e-12
1.663600529e-12
2.637187712e-12
1.674095464e-13
1.903856622e-13
2.402751635e-13
3.279427992e-13
4.520176231e-13
2.438400469e-11
4.323858189e-10
2.300590456e-10
8.754887441e-10
1.159388487e-09
8.498860413e-10
4.742320929e-10
3.144724959e-10
4.012366013e-10
4.950204446e-10
5.072592997e-10
3.704242043e-10
2.570665287e-10
3.319961286e-10
3.7291372e-10
2.902834e-10
2.280903705e-10
2.777725268e-10
5.515281072e-10
6.090236536e-10
2.823521402e-10
8.656199357e-11
1.995757112e-11
3.708784759e-12
5.818936895e-13
5.870762902e-11
1.284171842e-10
1.902097842e-11
1.143739802e-10
5.769879212e-12
2.427287898e-09
4.028776634e-08
2.320755614e-09
7.731138196e-11
3.149180885e-11
9.224978228e-10
7.393102986e-09
3.301002041e-09
3.079947115e-10
1.284206994e-10
4.299222164e-09
5.786372706e-08
6.931190956e-07
5.197718748e-08
2.809511391e-09
4.991810499e-09
5.48044015e-08
5.118759753e-07
5.382900012e-08
3.885273114e-09
3.136041415e-09
2.670869154e-08
1.884296428e-07
2.668008446e-08
2.601958103e-09
1.567528394e-09
1.096301764e-08
6.525968289e-08
1.243264413e-08
1.677991749e-09
1.021134308e-09
7.548133776e-09
5.178101389e-08
2.495545068e-07
3.142293567e-08
1.394814914e-09
1.262150655e-08
9.565251735e-08
6.75848642e-07
9.850584905e-08
1.63954972e-09
1.207065042e-08
8.061617591e-08
4.877081021e-07
8.279797983e-08
1.605629569e-09
9.14493361e-09
5.435736431e-08
2.937375426e-07
5.701938581e-08
1.038053605e-09
6.211951268e-09
3.398252574e-08
1.766062085e-07
9.280380404e-08
6.860947002e-10
5.580717079e-09
3.016180354e-08
1.595215424e-07
5.220044414e-07
9.568944272e-10
6.165812106e-09
2.911862623e-08
1.490442081e-07
5.781982882e-07
9.254906462e-10
5.269636903e-09
2.477822352e-08
1.191508769e-07
4.597603759e-07
7.394092533e-10
3.717477461e-09
2.004581497e-08
9.162187227e-08
3.459615294e-07
5.501683348e-10
2.679189479e-09
1.660364642e-08
7.335794049e-08
2.731259811e-07
7.488729578e-10
3.796387591e-09
1.795998438e-08
7.817325455e-08
2.922398325e-07
1.371391673e-09
6.847026909e-09
3.176728417e-08
1.405818314e-07
5.432108896e-07
1.533898272e-09
7.654321019e-09
3.569790638e-08
1.532218037e-07
5.228889159e-07
6.18462775e-10
2.294229462e-09
7.936279012e-09
2.479975719e-08
5.332238527e-08
1.64721685e-10
4.499588439e-10
1.130810784e-09
2.585901059e-09
4.22663646e-09
3.422873418e-11
7.384529716e-11
1.421229666e-10
2.447476858e-10
3.191211464e-10
5.856593882e-12
1.054892507e-11
1.65999199e-11
2.294949084e-11
2.497714341e-11
8.890155184e-13
1.329059669e-12
1.797280602e-12
2.125592485e-12
2.034791962e-12
1.412545946e-14
2.461760079e-16
0
0
0
0
0
0
0
0
0
0
0
0
0
0
1.356680244e-13
2.022191757e-14
0
0
0
0
0
0
0
0
0
0
0
0
0
0
8.567772149e-13
0
0
0
0
0
0
0
0
0
0
0
0
0
0
0
4.3570834e-11
1.644588424e-13
1.364434875e-14
0
0
0
0
0
0
0
0
0
0
0
0
0
1.432565311e-10
1.36628848e-12
1.390972295e-14
3.532084603e-15
0
0
0
0
0
0
0
0
0
0
0
0
3.475435883e-10
1.039266753e-11
8.960418828e-14
2.2109154e-14
2.940675857e-17
0
0
0
0
0
0
0
0
0
0
0
4.524340614e-10
4.498111695e-11
1.18579127e-12
9.307617371e-15
3.909736486e-15
0
0
0
0
0
0
0
0
0
0
0
2.346164799e-09
2.274740986e-10
1.135488662e-11
1.877973754e-13
0
1.10834417e-15
0
0
0
0
0
0
0
0
0
0
8.76481332e-09
7.483279564e-10
6.404306605e-11
2.378924714e-12
3.320455499e-14
1.794453302e-14
6.742732941e-16
0
0
0
0
0
0
0
0
0
9.38071893e-09
9.21535562e-10
1.94116491e-10
1.300566945e-11
3.737005923e-13
4.62314161e-15
4.358958633e-15
0
0
0
0
0
0
0
0
0
7.316851135e-09
4.172218219e-10
3.71236426e-10
5.52524334e-11
2.519780137e-12
4.986542901e-14
1.897073013e-14
9.097260079e-16
0
0
0
0
0
0
0
0
1.323192883e-08
1.377807427e-09
5.169795364e-10
2.199227003e-10
1.336096026e-11
3.742555356e-13
4.653941642e-15
3.269223064e-15
0
0
0
0
0
0
0
0
7.34346243e-08
8.181806862e-09
1.019964467e-09
7.142011265e-10
5.491758614e-11
1.970680314e-12
3.357979647e-14
1.087526637e-14
3.099453489e-16
0
0
0
0
0
0
0
9.363771614e-08
1.243166115e-08
1.729489497e-09
1.371648499e-09
1.579742557e-10
7.250275262e-12
1.704050115e-13
3.377897658e-14
1.843013061e-15
0
0
0
0
0
0
0
8.356287085e-08
1.270320348e-08
1.761849095e-09
1.689718349e-09
3.301537688e-10
1.787028601e-11
5.366011665e-13
1.066744008e-14
4.891891683e-15
6.868750002e-17
0
0
0
0
0
0
6.922443811e-08
1.107068598e-08
1.796728072e-09
1.831406671e-09
4.553696196e-10
2.642225481e-11
9.390378352e-13
1.350753763e-14
3.920774939e-15
6.426897944e-17
0
0
0
0
0
0
6.773973001e-08
1.193006878e-08
2.154795772e-09
2.929130791e-09
3.523100226e-10
2.124424378e-11
8.790149989e-13
3.780737724e-14
5.893817612e-15
1.16185676e-16
0
0
0
0
0
0
6.522328777e-08
1.21875623e-08
2.610277247e-09
6.701594797e-09
4.346055519e-10
2.072119076e-11
7.921098659e-13
2.474314167e-14
3.444158061e-15
6.586453993e-17
0
0
0
0
0
0
1.086451015e-07
1.937195457e-08
3.864502816e-09
6.810026092e-10
6.366064899e-11
4.389146993e-12
2.317286822e-13
2.41688468e-14
1.443218973e-15
2.254972271e-15
5.304910888e-18
0
0
0
0
0
1.201327272e-07
3.189957649e-08
5.296624481e-09
4.758259036e-10
3.140961907e-11
1.773860342e-12
8.806842643e-14
6.235425164e-15
1.074950951e-15
2.507367853e-15
1.388351406e-15
0
0
0
0
0
1.731277404e-08
4.814111324e-09
7.670186123e-10
7.91203519e-11
6.411411777e-12
4.440528771e-13
3.279546606e-14
5.407090449e-16
1.282491818e-16
4.889255559e-16
2.460606421e-15
8.073338075e-16
0
0
0
0
1.624622381e-09
4.644577705e-10
8.310297642e-11
1.066728972e-11
1.090116396e-12
9.123141453e-14
0
1.392120162e-16
2.114898056e-17
0
1.17017117e-16
2.40990744e-15
9.418352829e-16
0
0
0
1.433143012e-10
4.357476411e-11
9.057073893e-12
1.399783651e-12
1.695531637e-13
1.659501325e-14
2.089568978e-15
1.303772038e-16
7.209463733e-18
0
0
1.338614267e-16
2.684154889e-15
1.281661651e-15
0
0
1.28227975e-11
4.260657038e-12
1.000822573e-12
1.75362707e-13
2.38526844e-14
2.548277039e-15
0
2.693620707e-18
3.420029049e-18
2.119725375e-18
2.338713328e-17
0
1.862309903e-16
2.982675701e-15
1.287433225e-15
0
1.142373594e-12
4.084919977e-13
)
;

boundaryField
{
    inletCH4
    {
        type            fixedValue;
        value           uniform 0;
    }
    wallOutside
    {
        type            zeroGradient;
    }
    wallTube
    {
        type            zeroGradient;
    }
    inletPilot
    {
        type            fixedValue;
        value           uniform 0;
    }
    inletAir
    {
        type            fixedValue;
        value           uniform 0;
    }
    outlet
    {
        type            zeroGradient;
    }
    axis
    {
        type            empty;
    }
    frontAndBack_pos
    {
        type            wedge;
    }
    frontAndBack_neg
    {
        type            wedge;
    }
    procBoundary3to1
    {
        type            processor;
        value           uniform 0;
    }
    procBoundary3to5
    {
        type            processor;
        value           nonuniform List<scalar> 
30
(
3.482036018e-14
3.735709233e-14
4.497254731e-14
5.378053307e-14
6.359319638e-14
7.426004877e-14
9.731392459e-14
1.296625173e-13
1.528235152e-13
1.580762995e-13
1.374482034e-13
0
9.435031603e-14
1.744084717e-14
2.473759875e-15
3.510145953e-16
4.375526728e-17
4.796115933e-18
8.515878476e-19
1.440849765e-18
9.059318296e-18
0
0
1.256975937e-16
2.87714209e-15
0
8.832853371e-16
8.458301458e-14
9.435031603e-14
3.273872941e-14
)
;
    }
}
)

// Processor4

13418
(dimensions      [0 0 0 0 0 0 0];

internalField   nonuniform List<scalar> 
862
(
0
0
0
0
0
0
0
0
0
0
0
0
0
0
0
0
0
0
0
0
2.448490448e-20
2.432635972e-20
2.423867127e-20
2.450153845e-20
2.527594075e-20
3.668518202e-20
3.712975464e-20
3.79121948e-20
3.772585785e-20
3.502496488e-20
0
0
0
0
0
0
0
0
0
0
0
0
0
0
0
1.48729291e-19
1.38830678e-19
1.188519501e-19
9.233818876e-20
6.477273863e-20
1.564125949e-18
1.574864563e-18
1.578498542e-18
1.546427758e-18
1.482466295e-18
4.514464417e-18
4.432076138e-18
4.249179864e-18
3.962947118e-18
3.574683573e-18
3.196678937e-18
3.228008379e-18
3.305667323e-18
3.434990037e-18
3.552343355e-18
4.609450926e-18
4.524532477e-18
4.348814707e-18
4.098670864e-18
3.768960574e-18
4.62020632e-18
4.505017114e-18
4.266872043e-18
3.933425646e-18
3.516710171e-18
7.429698931e-18
7.366253478e-18
7.244152542e-18
7.092244275e-18
6.921308379e-18
2.469606445e-17
2.447346818e-17
2.399932702e-17
2.330215248e-17
2.241032508e-17
4.288729407e-17
4.241747836e-17
4.14179988e-17
3.994521055e-17
3.799708722e-17
5.75230463e-17
5.690080869e-17
5.557834801e-17
5.363483095e-17
5.107439686e-17
8.440653301e-17
8.408872031e-17
8.344870899e-17
8.257177358e-17
8.149536727e-17
0
0
0
0
2.556351785e-20
2.527947997e-20
0
0
0
4.805619016e-20
1.430919802e-18
3.256498342e-18
3.750979096e-18
3.459589119e-18
3.164920104e-18
6.765656489e-18
2.165126561e-17
3.626927923e-17
4.880282648e-17
8.053103703e-17
0
0
0
0
0
0
0
0
0
0
0
0
0
0
0
0
0
4.576897656e-22
4.777985004e-21
6.034784694e-21
2.492842693e-20
2.769021798e-20
2.624539599e-20
0
0
0
0
0
0
0
0
0
0
0
0
0
0
0
0
0
0
0
0
0
0
1.435762107e-20
0
4.622145647e-21
1.016061791e-19
1.722713501e-19
1.32104675e-18
1.185180074e-18
9.557980528e-19
6.924808533e-19
4.92236216e-19
2.72205375e-18
1.88998033e-18
1.256258065e-18
9.971211643e-19
8.360595847e-19
3.909525507e-18
3.211776468e-18
1.785559101e-18
7.364574472e-19
2.105760505e-19
2.951412523e-18
2.082713558e-18
1.242316934e-18
5.621922177e-19
1.709343628e-19
2.622614039e-18
1.858074675e-18
1.312528493e-18
1.040242111e-18
1.058013178e-18
6.50671066e-18
6.164262367e-18
5.869602482e-18
5.488582682e-18
5.302076799e-18
2.028728358e-17
1.817200929e-17
1.586313959e-17
1.291079186e-17
9.405025971e-18
3.329625426e-17
2.793649527e-17
2.274225461e-17
1.751427888e-17
1.224851164e-17
4.497646244e-17
3.835960734e-17
3.164781754e-17
2.585769252e-17
2.172802969e-17
7.877616069e-17
7.671210213e-17
7.644499009e-17
7.72437024e-17
7.798244282e-17
1.507041181e-14
1.644350752e-14
8.064081625e-15
2.192381795e-15
1.081083416e-14
1.464192303e-14
1.033053073e-14
4.957485208e-15
5.156915518e-16
1.024918045e-14
1.603122502e-14
1.607743914e-14
9.327744517e-15
3.242248605e-15
1.552598455e-16
1.961886667e-16
1.118555347e-14
1.502431258e-14
1.089712411e-14
5.485134231e-15
0
0
1.037932741e-14
1.617178463e-14
1.626731949e-14
9.640055853e-15
0
0
5.587254347e-15
1.200721111e-14
1.495942514e-14
1.069094651e-14
4.236128462e-17
3.627221683e-17
0
2.563796533e-17
1.005068041e-14
1.526216892e-14
1.496247488e-14
3.755048457e-17
3.462619256e-17
0
6.912571302e-18
7.391385819e-15
1.284624387e-14
1.478759117e-14
7.936513531e-18
3.77275452e-17
3.527598924e-17
0
2.816869175e-16
4.063572001e-16
1.113363164e-14
1.728203275e-14
8.280327169e-17
9.294738377e-17
5.793064868e-17
4.9945064e-17
3.774887472e-17
2.085878588e-18
0
9.768918727e-15
1.611350221e-14
2.96383561e-16
4.023782742e-16
4.149511165e-16
3.120104281e-16
1.695650818e-16
0
4.558350283e-16
5.918502466e-16
1.115956444e-14
4.261859274e-16
5.216306426e-16
6.647838199e-16
6.856034212e-16
5.587331624e-16
3.668214742e-16
1.167385372e-16
3.190481994e-16
0
1.016226581e-14
0
0
0
0
1.007385882e-19
4.043746259e-19
1.021093434e-18
2.297352085e-18
4.833164742e-18
1.318660785e-17
2.372715021e-17
3.654664791e-17
5.942941267e-17
8.153112707e-17
9.936112902e-17
1.614046163e-16
2.716171797e-16
3.464378516e-16
4.353277358e-16
5.281112381e-16
6.188406337e-16
6.100530206e-16
4.780166447e-16
2.986237272e-16
1.164950187e-16
1.197784158e-18
1.299243013e-17
6.803968305e-15
0
0
0
0
0
4.459986979e-20
2.241816978e-19
4.602763828e-19
3.297281656e-18
1.101553964e-17
1.955729627e-17
2.842811902e-17
4.499327232e-17
5.67066765e-17
5.92134868e-17
9.278126107e-17
1.629459526e-16
1.892315358e-16
2.248269734e-16
2.675359392e-16
3.232365123e-16
3.282045208e-16
2.574535045e-16
1.229151602e-16
5.10575457e-17
0
3.321061657e-16
4.763761279e-16
0
0
0
0
0
0
0
0
9.867438996e-19
3.37126147e-18
6.063844707e-18
7.636694272e-18
1.252321457e-17
1.13736127e-17
1.788561356e-18
6.123021809e-18
4.185403735e-17
4.311721887e-17
2.913885943e-17
3.693821347e-17
7.174550746e-17
8.661870977e-17
7.098244459e-17
5.092147818e-17
4.423692129e-17
4.930423037e-17
2.375804143e-16
0
0
0
0
0
0
0
0
0
6.969678698e-20
2.192171047e-19
6.577699395e-19
1.732613009e-19
2.017491301e-18
1.744319872e-18
0
5.836580714e-19
1.116197302e-17
9.734924829e-18
0
0
1.565566266e-17
1.102455457e-17
1.213603248e-17
3.855905519e-17
4.496981931e-17
5.738540542e-17
1.011368462e-16
7.603120859e-16
0
0
0
0
0
0
0
4.930228535e-20
1.086313484e-19
9.357242349e-20
1.064349045e-19
1.015765006e-18
1.358673413e-18
1.128645469e-18
0
8.897227631e-20
7.44475404e-18
6.674347523e-18
0
0
4.179569872e-18
3.993658008e-18
7.731979813e-18
3.748376148e-17
4.340312603e-17
3.714954855e-17
0
4.384134669e-16
0
0
0
0
0
9.796979976e-20
0
5.574938014e-20
9.953640698e-20
9.794147118e-20
3.155791737e-19
1.081301288e-18
1.410322316e-18
1.745869387e-18
4.286310866e-18
1.750463493e-18
8.423268041e-18
7.021031184e-18
0
0
5.849610992e-18
2.24393495e-18
2.116353139e-18
8.912746762e-18
3.91488293e-17
4.713536055e-17
7.433691408e-17
2.361628778e-16
0
0
0
0
3.985488316e-20
0
4.940561014e-20
1.062218857e-19
8.29380916e-20
0
0
1.094044284e-18
1.443377969e-18
1.577149177e-18
2.535222139e-19
3.799933692e-18
9.962697753e-18
7.845172777e-18
0
0
4.836888727e-18
1.167170823e-18
1.624503328e-18
7.429350621e-18
3.818758833e-17
4.507880526e-17
5.597641212e-17
8.419473323e-17
0
0
0
1.031774247e-19
0
5.104487981e-20
1.038434827e-19
9.425262965e-20
2.952050794e-19
1.357412488e-18
1.518615161e-18
1.512899579e-18
1.450667351e-18
1.230509774e-18
0
6.994979937e-18
1.17952125e-17
8.913013694e-18
0
0
4.876093366e-18
3.556449949e-19
1.467722484e-18
7.195316084e-18
3.668914775e-17
4.330018501e-17
3.745681285e-17
1.904754522e-18
0
9.3852298e-20
1.977647077e-19
0
0
6.738531915e-20
9.39323001e-20
7.513528256e-20
0
2.618011664e-19
1.022374252e-18
1.393273707e-18
1.392767724e-18
9.602376344e-19
0
9.410155339e-18
1.357105625e-17
9.955775466e-18
0
0
5.070827898e-18
7.111583517e-18
4.237267988e-18
5.780410655e-18
2.700160649e-17
4.220213519e-17
4.289022938e-17
4.705510462e-17
2.641498027e-19
2.049788757e-19
0
5.241454044e-20
9.943810997e-20
8.472095016e-20
1.324783521e-19
1.949482182e-20
2.181463172e-19
4.317147189e-19
1.352447215e-18
1.585070836e-18
1.777847736e-18
1.913846826e-18
1.39617876e-19
1.360294989e-17
1.733896334e-17
1.214387966e-17
0
0
1.062312638e-17
3.737749369e-17
1.678510626e-17
5.576626193e-18
8.842497712e-18
3.955179549e-17
6.146740155e-17
1.76890908e-16
4.789836299e-19
6.275033406e-19
1.521840477e-19
9.819369246e-20
8.554068913e-20
1.871831948e-19
4.919967261e-19
1.071626692e-18
4.049856255e-19
1.598632149e-18
3.66165502e-18
6.907804298e-18
1.127108187e-17
1.586332675e-17
2.036421887e-17
2.91661549e-17
2.783928915e-17
1.757358595e-17
0
0
2.157918844e-17
5.864301435e-17
4.10303003e-17
2.904024281e-17
2.350667966e-17
4.157822009e-17
6.752686483e-17
2.066409118e-16
2.446853981e-19
9.797230362e-20
9.53422457e-20
8.754792143e-20
2.293217207e-19
1.090315174e-18
2.218330242e-18
1.524048883e-18
3.548196673e-18
8.557851794e-18
1.652105121e-17
2.841233221e-17
4.316710997e-17
5.914236075e-17
5.918566682e-17
5.54996803e-17
4.414684499e-17
2.572350387e-17
0
0
3.510051223e-17
7.536368087e-17
5.754546689e-17
4.096117761e-17
2.819729105e-17
4.174911443e-17
4.829372868e-17
5.487529219e-17
8.844735893e-20
9.031306546e-20
9.322330642e-20
2.373898255e-19
9.80402157e-19
1.841459595e-18
7.094813668e-19
6.582718864e-19
3.349376084e-18
7.998042161e-18
1.488320465e-17
2.402914471e-17
3.423860203e-17
4.16533036e-17
5.314644102e-17
5.336018562e-17
4.422887936e-17
2.64062123e-17
0
4.822211075e-18
5.882205817e-17
1.09854323e-16
1.044432212e-16
1.012605096e-16
9.401921882e-17
8.759855797e-17
1.462681604e-16
3.111799077e-16
1.439529538e-19
1.686852347e-19
6.992864539e-19
1.386019835e-18
2.119046952e-18
8.008035313e-19
4.967081686e-19
1.32059049e-18
3.032142464e-18
6.330903418e-18
1.190093526e-17
1.967395991e-17
2.850955704e-17
3.524237939e-17
4.564566352e-17
4.649076591e-17
3.916020436e-17
2.404505112e-17
0
1.626115005e-17
8.373603799e-17
1.497278779e-16
1.619284496e-16
1.814478761e-16
2.068328183e-16
2.395117363e-16
3.301064966e-16
5.474966605e-16
1.364176396e-18
1.899294794e-18
2.719740397e-18
2.489729675e-18
4.972539616e-19
4.245604879e-19
2.28275363e-19
1.698306053e-18
3.507237131e-18
7.097146004e-18
1.27864812e-17
2.080474581e-17
3.491870409e-17
3.994496724e-17
4.539902833e-17
4.536191367e-17
3.879422579e-17
2.59456199e-17
4.867828121e-18
3.66586194e-17
1.188981218e-16
1.946872398e-16
2.145857127e-16
2.408425126e-16
2.766991718e-16
3.200141411e-16
3.831447357e-16
5.556521762e-16
5.074302338e-18
4.278292312e-18
2.283347365e-18
4.536884002e-19
4.24476448e-19
1.283988412e-19
1.174362438e-18
1.600960502e-18
2.292737287e-18
4.379423295e-18
8.443188734e-18
1.520334017e-17
2.14936682e-17
3.508383017e-17
4.165506838e-17
4.238255689e-17
3.630160495e-17
2.513591797e-17
1.0654184e-17
5.346816524e-17
1.543387183e-16
2.266646308e-16
2.487596619e-16
2.777141755e-16
3.208293698e-16
3.817794214e-16
4.775542754e-16
7.135037396e-16
5.602354504e-18
2.669666189e-18
5.234560723e-19
4.391876596e-19
1.260585332e-19
1.136768727e-18
1.468582247e-18
1.756172999e-18
2.718374522e-18
5.426366955e-18
1.154200631e-17
2.614585225e-17
2.916888327e-17
3.609648411e-17
4.018192691e-17
3.851895264e-17
3.055546336e-17
1.873961156e-17
8.553425733e-18
5.462509564e-17
1.552790987e-16
2.240526297e-16
2.378830773e-16
2.540282159e-16
2.802113141e-16
3.182465909e-16
3.788188452e-16
5.542065821e-16
6.552981866e-18
1.58505372e-18
1.159159222e-19
1.222854202e-18
1.544321373e-18
1.682995312e-18
2.001122509e-18
2.957794018e-18
4.900091255e-18
7.624468891e-18
9.888532196e-18
6.256899806e-18
2.691196058e-17
3.827039614e-17
4.209844762e-17
3.777245191e-17
2.489188245e-17
3.191099263e-18
0
3.418971173e-17
1.191864179e-16
1.682118623e-16
1.608080912e-16
1.540857332e-16
1.514750555e-16
1.487871647e-16
1.515083784e-16
2.481937662e-16
1.922160304e-17
1.881435359e-17
1.834231762e-17
1.851580332e-17
1.93355201e-17
2.06581041e-17
2.232572573e-17
2.423447587e-17
2.650760805e-17
3.055479583e-17
3.549233938e-17
4.957908836e-17
6.208371377e-17
6.995516679e-17
6.9690047e-17
5.913712448e-17
3.691693846e-17
0
0
2.551614582e-17
9.305174893e-17
1.222657333e-16
9.768628219e-17
7.756426515e-17
6.451147744e-17
5.660170866e-17
6.571507856e-17
1.323761163e-16
7.866207405e-17
8.002126307e-17
8.201409477e-17
8.441268697e-17
8.678611219e-17
8.851911053e-17
8.872851391e-17
8.625075958e-17
8.101592964e-17
8.047381858e-17
8.141607809e-17
1.153261987e-16
1.399747878e-16
1.54477172e-16
1.558409269e-16
1.409665628e-16
1.08081458e-16
5.42749173e-17
3.996517905e-17
7.09291847e-17
1.246737713e-16
1.380305673e-16
1.058380542e-16
8.598278771e-17
8.565862003e-17
1.112320136e-16
1.825283256e-16
3.581189961e-16
)
;

boundaryField
{
    inletCH4
    {
        type            fixedValue;
        value           nonuniform List<scalar> 0();
    }
    wallOutside
    {
        type            zeroGradient;
    }
    wallTube
    {
        type            zeroGradient;
    }
    inletPilot
    {
        type            fixedValue;
        value           nonuniform List<scalar> 0();
    }
    inletAir
    {
        type            fixedValue;
        value           nonuniform List<scalar> 0();
    }
    outlet
    {
        type            zeroGradient;
    }
    axis
    {
        type            empty;
    }
    frontAndBack_pos
    {
        type            wedge;
    }
    frontAndBack_neg
    {
        type            wedge;
    }
    procBoundary4to0
    {
        type            processor;
        value           nonuniform List<scalar> 
27
(
5.365414531e-15
8.410687451e-15
1.023120305e-14
1.869997731e-14
1.768499591e-14
1.563010097e-14
1.591345495e-14
1.291361161e-14
1.167405989e-14
1.047430277e-14
9.448912023e-16
2.476863621e-16
0
5.388634451e-16
4.13469634e-16
2.03437297e-16
4.830203636e-16
3.858605932e-16
4.032583371e-18
6.039560435e-16
8.935774367e-16
8.140007394e-16
1.083992269e-15
8.343276887e-16
4.429238412e-16
3.2787247e-16
7.298414266e-16
)
;
    }
    procBoundary4to2
    {
        type            processor;
        value           nonuniform List<scalar> 10(1.226654987e-14 8.019478633e-15 3.176063443e-15 9.812386807e-18 0 0 0 1.035787588e-17 9.368963952e-16 3.595527317e-15);
    }
    procBoundary4to5
    {
        type            processor;
        value           nonuniform List<scalar> 
46
(
0
0
0
0
0
0
0
0
0
0
0
9.4277835e-15
3.966558011e-16
0
0
0
3.676473824e-17
3.772027248e-17
3.772027248e-17
3.681958834e-17
7.896406041e-18
7.896406041e-18
0
0
2.571892802e-17
2.086886969e-16
2.086886969e-16
0
0
0
0
0
0
1.222364824e-19
4.85430608e-19
1.205571173e-18
5.452016895e-18
1.127169546e-17
1.918392063e-17
3.337746886e-17
5.022949557e-17
6.383251069e-17
1.246096546e-16
2.396664902e-16
3.264260775e-16
3.264260775e-16
)
;
    }
}
)

// Processor5

12019
(dimensions      [0 0 0 0 0 0 0];

internalField   nonuniform List<scalar> 
862
(
3.482036018e-14
3.735709233e-14
4.497254731e-14
5.378053307e-14
6.359319638e-14
6.927236731e-15
7.378651368e-15
8.153981586e-15
8.637866531e-15
9.375440038e-15
1.313694429e-15
1.341372645e-15
1.376299261e-15
1.395284999e-15
1.402732662e-15
2.369276863e-16
2.384274638e-16
2.358996428e-16
2.273208115e-16
2.053286165e-16
4.273655121e-17
4.316379995e-17
4.327057661e-17
4.259804509e-17
3.933064843e-17
2.174863828e-18
2.318996501e-18
3.615472433e-18
6.716680675e-18
7.746494209e-18
1.084489501e-18
1.128344034e-18
1.249701549e-18
1.445681122e-18
1.518553395e-18
4.427963341e-19
4.399115625e-19
4.331394593e-19
4.343341091e-19
4.314744047e-19
2.271557796e-19
2.280116092e-19
2.301810874e-19
2.343660483e-19
2.402602302e-19
2.058006669e-19
2.088210408e-19
2.155562859e-19
2.25093787e-19
2.364004231e-19
2.750670966e-19
2.794219476e-19
2.887440696e-19
3.018952281e-19
3.174202791e-19
3.64506913e-19
3.723982482e-19
3.899986398e-19
4.169982556e-19
4.536236892e-19
4.07810005e-19
4.171388846e-19
4.367750418e-19
4.724235841e-19
5.225789073e-19
3.54653377e-19
3.62966604e-19
3.812776349e-19
4.097264194e-19
4.499132141e-19
2.238360921e-19
2.299696177e-19
2.426650778e-19
2.523960322e-19
2.532953612e-19
5.416373637e-20
5.311284042e-20
5.048105666e-20
4.544158745e-20
3.453039183e-20
0
0
0
0
0
0
8.827162539e-21
1.647124184e-20
1.83723429e-20
1.534549772e-20
7.126972029e-21
7.370078448e-21
7.480379165e-21
7.574084591e-21
6.933408386e-21
1.640326102e-21
9.00972284e-22
0
0
0
0
0
0
0
0
0
0
0
0
0
1.924635542e-20
1.828062337e-20
1.640592263e-20
1.370561987e-20
1.047330348e-20
0
0
0
0
0
0
0
0
0
0
7.426004877e-14
1.017687679e-14
1.427185416e-15
1.557467886e-16
3.363987305e-17
6.435685812e-18
1.472400307e-18
4.277340302e-19
2.455649881e-19
2.440355539e-19
3.277865461e-19
4.833701534e-19
5.644517543e-19
4.817864839e-19
2.520868681e-19
1.230485348e-20
0
1.212467878e-20
4.997915232e-21
0
0
0
9.133734946e-21
0
0
9.731392459e-14
1.296625173e-13
1.528235152e-13
1.580762995e-13
1.374482034e-13
1.2057028e-14
1.408379851e-14
1.494090196e-14
1.393566609e-14
1.138891381e-14
1.540117525e-15
1.630291665e-15
1.673930219e-15
1.127572476e-15
0
1.402811455e-17
1.830995925e-16
1.860826883e-16
1.118196053e-16
0
2.208276809e-17
9.762097676e-18
1.338393145e-17
1.455112852e-17
1.501873026e-18
5.443538229e-18
3.469635747e-18
2.024818494e-18
2.633189736e-18
1.660029804e-18
1.433651206e-18
1.096621698e-18
7.684479847e-19
7.154084195e-19
5.751887135e-19
4.296453313e-19
3.873830334e-19
3.625737355e-19
3.344701205e-19
3.08506056e-19
2.548153517e-19
2.520942499e-19
2.517619866e-19
2.65122514e-19
2.932511395e-19
2.533280228e-19
2.660635403e-19
2.782829612e-19
2.84056491e-19
4.443070815e-19
3.405869597e-19
3.82475768e-19
4.827155269e-19
6.452711915e-19
9.235146859e-19
5.240106505e-19
6.229442304e-19
7.73676952e-19
9.822251479e-19
1.337291466e-18
6.248732594e-19
7.454209343e-19
8.909905691e-19
1.035207233e-18
1.234446118e-18
5.297498867e-19
5.936766383e-19
6.315578297e-19
6.874993769e-19
7.93733003e-19
2.482507196e-19
2.290871647e-19
2.070704406e-19
2.324649635e-19
3.268002612e-19
0
0
0
4.363371505e-20
4.957918858e-20
0
2.403931721e-21
1.20128653e-20
1.168719999e-20
1.528498626e-21
9.602152168e-21
8.681460482e-21
7.490501843e-21
0
0
1.274958028e-21
0
0
0
0
0
0
0
0
0
0
0
0
0
4.310047263e-21
0
0
4.891600038e-20
3.459440704e-20
1.013472866e-20
5.269651854e-21
6.017013271e-21
5.35891321e-21
0
1.911937431e-21
0
0
7.102319987e-22
3.331765113e-20
0
0
0
0
0
0
0
0
0
0
0
0
0
0
0
0
0
0
0
0
9.435031603e-14
1.744084717e-14
2.473759875e-15
3.510145953e-16
4.375526728e-17
4.796115933e-18
8.515878476e-19
1.440849765e-18
9.059318296e-18
0
0
1.256975937e-16
2.87714209e-15
8.832853371e-16
0
0
0
0
0
0
0
8.458301458e-14
3.273872941e-14
8.929314831e-15
2.260328767e-15
3.274768963e-16
1.694674645e-18
9.529298577e-20
0
2.357094585e-21
1.772164059e-18
2.333615299e-18
8.577366098e-18
0
7.514401302e-17
2.083496082e-15
2.617160156e-15
1.917820059e-16
0
0
0
0
0
0
8.121690777e-15
2.867015801e-15
7.79171416e-16
0
0
0
0
0
0
7.92726288e-19
2.597805091e-18
2.101073141e-18
7.94164105e-18
0
0
3.355260916e-15
4.041037601e-15
7.875517585e-16
0
0
0
0
0
6.583329869e-16
3.263004835e-16
7.734991981e-17
3.071960841e-18
3.073363618e-18
3.257176201e-19
5.274201385e-19
0
0
1.958293497e-18
8.381258743e-18
1.82445203e-18
1.117117418e-17
5.609766118e-18
0
9.735852755e-17
4.367367662e-15
5.184225978e-15
1.133424649e-15
0
0
0
0
2.728609471e-17
0
4.732221215e-18
2.11007484e-18
2.205830725e-18
7.251987499e-19
5.128193149e-19
0
0
0
0
7.962596581e-18
2.584920494e-18
9.216815265e-18
0
0
5.930847925e-16
3.554150283e-15
1.086996535e-15
0
0
0
0
0
0
9.19863314e-19
5.978532195e-19
3.797446347e-19
2.759571988e-19
2.318755767e-19
0
0
0
0
1.061839342e-17
4.226203001e-18
3.690973716e-18
1.897153017e-17
0
0
3.806262703e-15
4.83570164e-15
1.543072676e-15
0
0
0
3.472941517e-19
6.465019619e-19
5.399337946e-19
8.079844006e-19
4.282901031e-19
4.19476638e-19
5.914655032e-19
9.997807099e-19
1.666217189e-18
0
7.848151264e-18
8.500993158e-18
1.025931267e-17
2.486296883e-18
9.164687828e-18
0
0
1.5113917e-16
5.132994431e-15
6.3530545e-15
2.237138867e-15
0
0
4.043846143e-19
3.778021459e-19
3.684302478e-19
3.85744689e-19
3.140006552e-19
6.365907814e-19
1.063025757e-18
1.260507015e-18
1.809296298e-18
3.915274444e-18
6.15623206e-18
1.458589249e-18
9.102228428e-18
0
0
0
2.526459148e-17
8.146096397e-16
5.098528608e-15
7.066427097e-15
4.080439965e-15
1.2263909e-15
0
2.923304141e-19
3.224091263e-19
3.83872377e-19
4.622390722e-19
4.29331012e-19
9.300255969e-19
1.74689447e-18
2.154757913e-18
2.379849134e-18
3.348095588e-18
4.543167461e-18
1.19233125e-17
1.728821023e-17
1.067298639e-17
0
7.586389909e-18
4.367870164e-19
0
3.959678606e-16
6.378539725e-15
8.483118005e-15
4.726847099e-15
1.159402129e-15
3.635174358e-19
4.751779311e-19
6.130253693e-19
8.437405971e-19
1.093738821e-18
1.754151568e-18
2.644774943e-18
3.886905101e-18
4.557278138e-18
4.267514987e-18
4.08166578e-18
7.328816756e-18
0
8.102297645e-18
0
0
4.038229411e-17
4.057127334e-16
1.707574549e-15
6.394548697e-15
9.736832656e-15
9.983471641e-15
4.502426601e-15
6.110698818e-19
7.53627282e-19
1.16285372e-18
1.580500576e-18
2.324790951e-18
3.105141642e-18
4.270256255e-18
5.791511598e-18
6.670372811e-18
6.24641032e-18
7.259737261e-18
2.553293299e-18
0
8.791205568e-18
0
0
1.888536586e-17
1.525476232e-17
0
3.040899781e-16
7.399424266e-15
1.023247388e-14
6.49257381e-15
1.372343062e-18
1.626939639e-18
1.934262289e-18
2.442109379e-18
3.301630512e-18
4.087999278e-18
5.157712983e-18
6.808556527e-18
7.946268721e-18
8.751689855e-18
1.080716775e-17
2.182220927e-18
0
4.502174414e-18
0
0
0
0
4.458222598e-17
4.98234417e-16
4.351153785e-15
8.938831266e-15
1.045377005e-14
1.788340306e-18
2.057103687e-18
2.120736283e-18
2.287724704e-18
2.758856619e-18
3.405426902e-18
4.197149071e-18
5.529301374e-18
6.417788176e-18
7.418886916e-18
9.116153193e-18
2.173474905e-18
1.395365414e-18
4.415120811e-19
4.77332922e-18
0
0
0
3.415909473e-17
0
5.184497707e-16
8.173194454e-15
1.199370771e-14
1.518447903e-18
1.546418733e-18
1.334285348e-18
1.181263771e-18
1.29379957e-18
1.552354287e-18
1.915680768e-18
2.794351129e-18
3.243698932e-18
3.804621889e-18
4.81690598e-18
9.146152537e-19
2.702353676e-18
5.019476561e-19
8.172028955e-18
0
0
0
2.980880914e-17
0
0
0
9.326206782e-15
9.7508188e-19
7.430739498e-19
4.589275082e-19
2.046685385e-19
4.073433098e-19
1.742054117e-19
1.964489774e-19
7.634617539e-19
9.604541308e-19
1.581571072e-18
3.053339463e-18
5.666571676e-19
6.382107139e-19
0
7.887512407e-18
0
0
0
0
3.190639341e-17
0
0
9.4277835e-15
2.962362806e-19
1.642522441e-19
4.788294315e-20
0
3.008606634e-20
5.688074198e-20
0
2.234415769e-19
1.575188562e-19
5.722259864e-19
2.101577509e-18
5.762367951e-19
5.440930682e-19
0
6.260054798e-19
0
0
0
0
3.334360595e-17
0
0
3.966558011e-16
2.436712218e-20
0
0
2.18509132e-19
5.677375446e-20
5.577719283e-20
0
1.779950603e-19
0
1.784085261e-19
1.356742723e-18
4.885443366e-19
5.556720816e-19
0
5.500940716e-19
0
0
0
7.776043263e-18
3.74625409e-17
3.309663103e-17
0
0
0
0
0
1.910494642e-20
5.002344425e-20
0
0
1.772797481e-19
0
1.174584313e-19
6.847087366e-19
5.476857664e-19
5.499954061e-19
0
5.213949109e-19
0
0
4.211798812e-19
0
3.573931635e-17
3.495363717e-17
0
0
0
1.249705449e-19
1.834207785e-20
5.010633516e-20
0
0
1.793392981e-19
0
6.580302564e-20
8.851786775e-20
5.561621356e-19
4.916286798e-19
0
5.537496435e-19
0
0
0
0
0
3.707083865e-17
3.676473824e-17
0
1.277751464e-19
3.35032354e-20
4.658513435e-20
0
0
1.801335842e-19
1.778916705e-20
0
6.587044243e-20
7.701548723e-20
5.222190116e-19
5.041903157e-19
1.98687313e-19
6.777529625e-19
0
0
0
0
6.359288463e-18
3.781624338e-17
3.772027248e-17
1.177184448e-19
2.251757724e-20
2.712890161e-21
4.669334859e-20
0
0
1.763758421e-19
0
0
6.70937261e-20
8.029535204e-20
5.235685485e-19
4.994824491e-19
3.70282736e-19
6.781703722e-19
0
0
0
6.986325832e-19
6.892846583e-18
3.681958834e-17
8.730110537e-21
5.910025361e-21
5.115631791e-20
0
0
0
6.886154851e-21
0
0
0
6.80286571e-20
4.912625938e-19
0
2.980157792e-19
0
0
0
0
9.074306087e-19
9.060304627e-19
7.896406041e-18
6.152542241e-21
5.01940794e-20
0
0
0
1.734291629e-19
0
0
5.320560665e-20
0
6.990192234e-20
4.750963619e-19
0
2.872650838e-19
0
0
0
0
0
0
4.446831752e-20
0
0
0
0
2.733257064e-21
0
0
4.382447652e-20
0
5.092197345e-20
4.501494262e-19
0
3.280953364e-19
0
0
5.495997419e-18
0
2.571892802e-17
0
0
0
0
0
0
0
0
0
3.171856101e-20
1.300393367e-19
5.10169768e-19
1.699967649e-19
2.087603314e-18
0
2.167674005e-17
9.424683501e-17
1.391958851e-16
2.086886969e-16
0
0
0
0
0
0
1.222364824e-19
4.85430608e-19
1.205571173e-18
5.452016895e-18
1.127169546e-17
1.918392063e-17
3.337746886e-17
5.022949557e-17
6.383251069e-17
1.246096546e-16
2.396664902e-16
3.264260775e-16
)
;

boundaryField
{
    inletCH4
    {
        type            fixedValue;
        value           nonuniform List<scalar> 0();
    }
    wallOutside
    {
        type            zeroGradient;
    }
    wallTube
    {
        type            zeroGradient;
    }
    inletPilot
    {
        type            fixedValue;
        value           nonuniform List<scalar> 0();
    }
    inletAir
    {
        type            fixedValue;
        value           nonuniform List<scalar> 0();
    }
    outlet
    {
        type            zeroGradient;
    }
    axis
    {
        type            empty;
    }
    frontAndBack_pos
    {
        type            wedge;
    }
    frontAndBack_neg
    {
        type            wedge;
    }
    procBoundary5to1
    {
        type            processor;
        value           uniform 0;
    }
    procBoundary5to2
    {
        type            processor;
        value           nonuniform List<scalar> 
16
(
0
0
0
0
0
0
0
0
0
0
0
2.293700018e-16
2.344634084e-15
5.887680492e-15
9.306738483e-15
1.226654987e-14
)
;
    }
    procBoundary5to3
    {
        type            processor;
        value           nonuniform List<scalar> 
30
(
1.674095464e-13
1.903856622e-13
2.402751635e-13
3.279427992e-13
4.520176231e-13
5.818936895e-13
8.890155184e-13
1.329059669e-12
1.797280602e-12
2.125592485e-12
2.034791962e-12
0
1.000822573e-12
1.75362707e-13
2.38526844e-14
2.548277039e-15
0
2.693620707e-18
3.420029049e-18
2.119725375e-18
2.338713328e-17
0
1.862309903e-16
2.982675701e-15
1.287433225e-15
0
0
1.142373594e-12
4.084919977e-13
4.084919977e-13
)
;
    }
    procBoundary5to4
    {
        type            processor;
        value           nonuniform List<scalar> 
46
(
0
0
0
0
0
0
0
0
0
0
0
1.507041181e-14
1.081083416e-14
1.024918045e-14
1.552598455e-16
1.552598455e-16
0
0
4.236128462e-17
4.236128462e-17
3.755048457e-17
7.936513531e-18
7.936513531e-18
8.280327169e-17
8.280327169e-17
2.96383561e-16
4.261859274e-16
0
0
0
0
1.007385882e-19
4.043746259e-19
1.021093434e-18
2.297352085e-18
4.833164742e-18
1.318660785e-17
2.372715021e-17
3.654664791e-17
5.942941267e-17
8.153112707e-17
9.936112902e-17
1.614046163e-16
2.716171797e-16
4.261859274e-16
3.464378516e-16
)
;
    }
}
)