/*--------------------------------*- C++ -*----------------------------------*\
  =========                 |
  \\      /  F ield         | OpenFOAM: The Open Source CFD Toolbox
   \\    /   O peration     | Website:  https://openfoam.org
    \\  /    A nd           | Version:  10
     \\/     M anipulation  |
\*---------------------------------------------------------------------------*/
FoamFile
{
    format      binary;
    class       decomposedBlockData;
    location    "/home/zhouyuchen/Desktop/FastChemistrySolver-OpenFOAM-10/EC-CCM/OpenFOAM-10/Sandia/processors6/0.0250188088/ddt0(rho,C)";
    object      ddt0(rho,C);
}
// * * * * * * * * * * * * * * * * * * * * * * * * * * * * * * * * * * * * * //


// Processor0

4980
(/*--------------------------------*- C++ -*----------------------------------*\
  =========                 |
  \\      /  F ield         | OpenFOAM: The Open Source CFD Toolbox
   \\    /   O peration     | Website:  https://openfoam.org
    \\  /    A nd           | Version:  10
     \\/     M anipulation  |
\*---------------------------------------------------------------------------*/
FoamFile
{
    format      ascii;
    class       volScalarField;
    location    "0.0250188088";
    object      ddt0(rho,C);
}
// * * * * * * * * * * * * * * * * * * * * * * * * * * * * * * * * * * * * * //

dimensions      [1 -3 -1 0 0 0 0];

internalField   nonuniform List<scalar> 
864
(
0
0
0
0
0
0
0
0
0
0
0
0
0
0
0
0
0
0
0
0
0
0
0
0
0
0
0
0
0
0
0
0
0
0
0
0
0
0
0
0
0
0
0
0
0
0
0
0
0
0
0
0
0
0
0
0
0
0
0
0
0
0
0
0
0
0
0
0
0
0
0
0
0
0
0
0
0
0
0
0
0
0
0
0
0
0
0
0
0
0
0
0
0
0
0
0
0
0
0
0
0
0
0
0
0
0
0
0
0
0
0
0
0
0
0
0
0
0
0
0
0
0
0
0
0
0
0
0
0
0
0
0
0
0
0
0
0
0
0
0
0
0
0
0
0
0
0
0
0
0
0
0
0
0
0
0
0
0
0
0
0
0
0
0
0
0
0
0
0
0
0
0
0
0
0
0
0
0
0
0
0
0
0
0
0
0
0
0
0
0
0
0
0
0
0
0
0
0
0
0
0
0
0
0
0
0
0
0
0
0
0
0
0
0
0
0
0
0
0
0
0
0
0
0
0
0
0
0
0
0
0
0
0
0
0
0
0
0
0
0
0
0
0
0
0
0
0
0
0
0
0
0
0
0
0
0
0
0
0
0
0
0
0
0
0
0
0
0
0
0
0
0
0
0
0
0
0
0
0
0
0
0
0
0
0
0
0
0
-3.305332472e-19
0
0
0
0
0
0
0
0
0
0
0
0
0
0
0
0
0
0
0
0
0
0
0
0
0
0
0
0
0
0
0
0
0
0
0
0
0
0
0
0
0
0
0
0
0
0
0
0
0
0
0
0
0
0
0
0
0
0
0
0
0
0
0
5.206577208e-20
0
0
0
0
0
0
0
0
0
0
0
0
0
0
0
0
0
0
0
0
0
0
0
0
0
0
0
0
0
0
0
6.898146821e-20
4.291094518e-19
0
0
0
0
0
0
0
0
0
0
0
0
0
0
0
0
0
0
0
0
0
0
0
0
0
0
0
0
0
0
3.150285153e-20
0
0
0
0
0
0
0
0
0
0
0
0
0
0
0
0
0
0
0
0
0
0
0
0
0
0
0
0
0
0
0
7.122690102e-20
3.376320563e-20
0
0
0
0
0
0
0
0
0
0
0
0
0
0
0
0
0
0
0
0
0
0
0
0
0
0
0
0
0
0
7.390639612e-21
6.099645797e-20
4.653868235e-19
0
0
0
0
0
0
0
0
0
0
0
0
0
0
0
0
0
0
0
0
0
0
0
0
0
0
0
0
0
2.585657755e-21
3.923013955e-20
0
0
0
0
0
0
0
0
0
0
0
0
0
0
0
0
0
0
0
0
0
0
0
0
0
0
0
0
0
0
2.713774469e-21
3.622426562e-20
3.446612475e-20
0
0
0
0
0
0
0
0
0
0
0
0
0
0
0
0
0
0
0
0
0
0
0
0
0
0
0
0
0
2.488589323e-21
5.404103122e-22
7.191437066e-20
5.539026586e-19
0
0
0
0
0
0
0
0
0
0
0
0
0
0
0
0
0
0
0
0
0
0
0
0
0
0
0
0
7.385297521e-23
2.297067931e-21
3.488759234e-20
0
0
0
0
0
0
0
0
0
0
0
0
0
0
0
0
0
0
0
0
0
0
0
0
0
0
0
0
0
9.246839831e-22
2.587099744e-21
3.463565804e-20
3.083161375e-20
0
0
0
0
0
0
0
0
0
0
0
0
0
0
0
0
0
0
0
0
0
0
0
0
0
0
0
0
-3.819470381e-23
2.342636219e-21
6.636947111e-21
9.09344236e-20
7.245080962e-19
0
0
0
0
0
0
0
0
0
0
0
0
0
0
0
0
0
0
0
0
0
0
0
0
0
0
0
2.03854793e-23
3.41983894e-22
1.502620113e-21
3.123069758e-20
0
0
0
0
0
0
0
0
0
0
0
0
0
0
0
0
0
0
0
0
0
0
0
0
0
0
0
0
5.845575645e-24
9.405688771e-22
3.595477491e-21
4.982086095e-20
2.727965893e-19
4.445028998e-19
0
0
0
0
0
0
0
0
0
0
0
0
0
0
0
0
0
0
0
0
0
0
0
0
0
0
1.964892434e-24
-2.716305552e-23
1.054014022e-21
1.808901449e-20
3.443954735e-20
0
0
0
0
0
0
0
0
0
0
0
0
0
0
0
0
0
0
0
0
0
0
0
0
0
0
0
2.10501751e-25
-2.32615106e-23
9.511785085e-22
1.964701476e-20
1.752120791e-19
1.073154599e-18
0
0
0
0
0
0
0
0
0
0
0
0
0
0
0
0
0
0
0
0
0
0
0
0
0
0
-1.156301644e-24
2.424874208e-23
1.500494286e-22
1.942783738e-21
3.17371875e-20
0
0
0
0
0
0
0
0
0
0
0
0
0
0
0
0
0
0
0
0
0
0
0
0
0
0
0
)
;

boundaryField
{
    inletCH4
    {
        type            calculated;
        value           nonuniform List<scalar> 0();
    }
    wallOutside
    {
        type            calculated;
        value           uniform 0;
    }
    wallTube
    {
        type            calculated;
        value           nonuniform List<scalar> 0();
    }
    inletPilot
    {
        type            calculated;
        value           nonuniform List<scalar> 0();
    }
    inletAir
    {
        type            calculated;
        value           nonuniform List<scalar> 0();
    }
    outlet
    {
        type            calculated;
        value           nonuniform List<scalar> 
32
(
-1.701048522e-23
2.006631182e-24
1.338792137e-22
1.930735575e-21
3.176927035e-20
0
0
0
0
0
0
0
0
0
0
0
0
0
0
0
0
0
0
0
0
0
0
0
0
0
0
0
)
;
    }
    axis
    {
        type            empty;
    }
    frontAndBack_pos
    {
        type            wedge;
    }
    frontAndBack_neg
    {
        type            wedge;
    }
    procBoundary0to2
    {
        type            processor;
        value           uniform 0;
    }
    procBoundary0to4
    {
        type            processor;
        value           nonuniform List<scalar> 
27
(
-3.618626021e-61
-1.203756337e-56
-3.601525025e-52
-9.877961762e-48
-2.520801977e-43
-3.554537514e-43
-4.87587479e-43
1.873360989e-18
-5.6271074e-40
5.856133132e-22
2.033730002e-23
1.110002155e-25
2.936767415e-27
3.859242995e-29
-5.583312058e-26
-2.043972206e-24
3.119200259e-26
8.453701208e-28
3.216515548e-30
-1.204272439e-31
-8.808997264e-32
-1.024991904e-31
-4.031992428e-32
-7.506757349e-33
-6.994754574e-32
-2.345325105e-32
-7.580554529e-32
)
;
    }
}


// ************************************************************************* //
)

// Processor1

1750
(dimensions      [1 -3 -1 0 0 0 0];

internalField   uniform 0;

boundaryField
{
    inletCH4
    {
        type            calculated;
        value           nonuniform List<scalar> 0();
    }
    wallOutside
    {
        type            calculated;
        value           uniform 0;
    }
    wallTube
    {
        type            calculated;
        value           nonuniform List<scalar> 0();
    }
    inletPilot
    {
        type            calculated;
        value           nonuniform List<scalar> 0();
    }
    inletAir
    {
        type            calculated;
        value           uniform 0;
    }
    outlet
    {
        type            calculated;
        value           nonuniform List<scalar> 0();
    }
    axis
    {
        type            empty;
    }
    frontAndBack_pos
    {
        type            wedge;
    }
    frontAndBack_neg
    {
        type            wedge;
    }
    procBoundary1to2
    {
        type            processor;
        value           uniform 0;
    }
    procBoundary1to3
    {
        type            processor;
        value           nonuniform List<scalar> 
22
(
-5.290343041e-68
-2.433594044e-69
-2.729729801e-69
-1.246568865e-67
-1.667948207e-66
-1.3785608e-65
-1.403729722e-64
-1.346343898e-63
-7.449200504e-63
-1.706400835e-61
-3.750395015e-60
-2.191953094e-59
-4.84406086e-58
-4.441049251e-56
-8.830368384e-55
-3.076938196e-54
-5.980651309e-53
-9.561385289e-51
-1.147577096e-47
-3.621822395e-47
-9.080232648e-44
-5.77570928e-43
)
;
    }
    procBoundary1to5
    {
        type            processor;
        value           nonuniform List<scalar> 7(-6.185008279e-49 -1.12458266e-52 -3.195983083e-56 -1.017031345e-59 -3.289642504e-63 -1.041092957e-66 -3.153090383e-70);
    }
}
)

// Processor2

1819
(dimensions      [1 -3 -1 0 0 0 0];

internalField   uniform 0;

boundaryField
{
    inletCH4
    {
        type            calculated;
        value           nonuniform List<scalar> 0();
    }
    wallOutside
    {
        type            calculated;
        value           uniform 0;
    }
    wallTube
    {
        type            calculated;
        value           nonuniform List<scalar> 0();
    }
    inletPilot
    {
        type            calculated;
        value           nonuniform List<scalar> 0();
    }
    inletAir
    {
        type            calculated;
        value           nonuniform List<scalar> 0();
    }
    outlet
    {
        type            calculated;
        value           nonuniform List<scalar> 0();
    }
    axis
    {
        type            empty;
    }
    frontAndBack_pos
    {
        type            wedge;
    }
    frontAndBack_neg
    {
        type            wedge;
    }
    procBoundary2to0
    {
        type            processor;
        value           uniform 0;
    }
    procBoundary2to1
    {
        type            processor;
        value           uniform 0;
    }
    procBoundary2to4
    {
        type            processor;
        value           nonuniform List<scalar> 10(-1.829699792e-69 -4.794544636e-73 -8.563204476e-77 -9.024525925e-81 -9.024525925e-81 -4.999921481e-80 -4.999921481e-80 -3.81963996e-75 -2.125860213e-70 -9.53667751e-66);
    }
    procBoundary2to5
    {
        type            processor;
        value           nonuniform List<scalar> 
16
(
-3.153090383e-70
-1.069953361e-65
-3.635567173e-61
-1.004248911e-60
-1.62126135e-57
-4.690045388e-57
-1.03003339e-53
-5.011345881e-53
-2.343192227e-49
-1.95905897e-48
-7.546357037e-45
-2.68737138e-44
-7.621913565e-44
-1.107095274e-40
-2.196307076e-40
8.683405232e-20
)
;
    }
}
)

// Processor3

16938
(dimensions      [1 -3 -1 0 0 0 0];

internalField   nonuniform List<scalar> 
861
(
-4.579785015e-111
-8.018500279e-110
-7.890440509e-109
-1.371914893e-107
-7.854037071e-106
-1.667890022e-106
-3.024694494e-105
-2.999007999e-104
-6.344055939e-103
-8.314993001e-101
-6.108061617e-102
-1.155603332e-100
-1.202061503e-99
-3.491965375e-98
-7.772484151e-96
-2.252744954e-97
-4.50217789e-96
-5.182955202e-95
-2.173303532e-93
-6.641140911e-91
-8.389826638e-93
-1.8026419e-91
-2.429586036e-90
-1.457797124e-88
-5.32939741e-86
-3.165932056e-88
-7.469017548e-87
-1.241027542e-85
-1.028984296e-83
-4.100936465e-81
-1.214599126e-83
-3.218886384e-82
-6.875244593e-81
-7.54820709e-79
-3.072455729e-76
-4.751543965e-79
-1.44665228e-77
-4.097132036e-76
-5.720421561e-74
-2.266121472e-71
-1.898772701e-74
-6.781887976e-73
-2.599057769e-71
-4.473156932e-69
-1.657618456e-66
-7.755572545e-70
-3.31033804e-68
-1.737482815e-66
-3.592633038e-64
-1.208904566e-61
-3.234073401e-65
-1.675499647e-63
-1.206347346e-61
-2.942577958e-59
-8.820421645e-57
-1.373432228e-60
-8.742085319e-59
-8.603914556e-57
-2.428852286e-54
-6.447551813e-52
-5.910444454e-56
-4.66488418e-54
-6.192676708e-52
-1.996238783e-49
-4.727492043e-47
-2.563015111e-51
-2.51897234e-49
-4.433724213e-47
-1.609598335e-44
-3.480224874e-42
-1.108533233e-46
-1.362643168e-44
-3.113800996e-42
-1.255533973e-39
-2.572490787e-37
-4.740437978e-42
-7.29018563e-40
-2.118981124e-37
-9.356730417e-35
-1.909111499e-32
-1.963122557e-37
-3.790584791e-35
-1.373276644e-32
-6.569593976e-30
-1.421864753e-27
-7.774249733e-33
-1.910658127e-30
-8.381324772e-28
-4.292600444e-25
-1.062253401e-22
-2.786342759e-28
-8.871373139e-26
-4.703120952e-23
-2.558711069e-20
-8.921681299e-15
-8.688924242e-24
-3.994123391e-21
1.04683395e-14
7.89268942e-15
6.753781478e-15
2.86298069e-14
2.873746408e-14
2.892275267e-14
2.310761362e-14
-2.205240935e-14
1.762857322e-16
-2.409068628e-15
6.74083576e-15
-6.734600091e-16
-1.957768538e-14
-2.42043803e-16
4.801688615e-15
-3.903927272e-15
5.190739052e-15
-1.129629655e-15
-5.930906511e-17
1.845582452e-15
-1.951903238e-15
2.344265441e-15
2.693716489e-16
-2.760100748e-17
2.0043545e-16
-3.578143156e-16
-6.472696102e-16
-1.048529098e-16
7.949367178e-16
8.274058808e-16
-5.628567548e-16
-1.026251345e-15
4.237057173e-16
-1.406496567e-14
-1.023149262e-16
-5.839612021e-17
-9.334455101e-15
2.196595643e-13
4.557230611e-14
-1.555648253e-14
1.303424733e-14
6.013963177e-13
3.438852979e-14
-2.513899302e-13
1.908399867e-13
7.496131716e-13
3.100257371e-13
-2.393688651e-13
-8.164323089e-14
-4.716777739e-13
-3.596207477e-13
-8.379182116e-14
-7.779802613e-14
9.366957922e-15
4.967222149e-14
-3.121030803e-15
-2.45179037e-13
-8.607680661e-14
7.100598556e-15
-1.07975867e-13
-5.249043181e-14
-6.100845348e-14
-1.098613937e-13
2.455957863e-14
-1.080896956e-13
-9.691347028e-14
-2.747081937e-14
-1.086995214e-13
-1.308428556e-13
4.585619599e-14
4.834079853e-14
-6.59190837e-14
-1.32500588e-13
-1.233637949e-13
-1.858332995e-14
1.846980387e-14
-1.133430653e-13
-7.872809176e-14
-1.064761429e-13
-1.097401179e-13
-9.758874863e-14
-1.404480518e-13
-1.062829078e-13
-6.698446028e-14
-1.398026529e-13
-1.363857741e-13
-5.876193247e-14
2.423609142e-14
-9.29947151e-14
-6.401992962e-14
-6.568893256e-14
-1.002687941e-13
4.462767412e-13
-3.602389821e-13
-5.946313913e-14
-8.427051143e-14
2.23985114e-16
-4.663238686e-13
-7.059636191e-10
-2.502211643e-11
-2.54855364e-13
9.035224143e-14
-2.462350468e-14
1.054206521e-14
8.806382193e-15
-5.221952104e-14
3.57911088e-12
8.18164242e-12
-7.590216948e-20
-4.543793048e-15
-4.727510956e-14
-1.823773826e-11
-7.358651641e-13
-9.780094939e-15
-1.833312798e-15
1.085930953e-12
2.643887028e-11
1.179241927e-10
1.801994855e-13
-7.581764885e-12
-6.647268984e-10
1.01003351e-09
1.394570586e-08
-5.290778179e-12
-1.625413801e-12
-9.582779302e-13
-1.254207643e-09
-2.20859678e-08
-4.120030394e-12
-4.535309263e-12
1.316605369e-10
3.174228283e-09
2.354164999e-08
-1.923195575e-12
5.056544056e-12
5.540521655e-11
1.338580051e-09
1.771903242e-08
8.26721859e-13
1.124587842e-09
-5.904443533e-12
1.453577323e-10
3.612463351e-09
-2.387522672e-11
-8.94089478e-10
-3.061699328e-10
-1.828377072e-09
-5.432140131e-09
-2.032186715e-12
-1.235175938e-10
-2.737606652e-10
-1.13174716e-09
-9.807484234e-10
-9.263516929e-12
-3.995640247e-12
1.069604371e-10
7.970093304e-10
-5.979167094e-09
-5.25975061e-12
-2.026570718e-11
-6.699510826e-11
8.418223355e-10
1.257879314e-08
5.164099612e-12
-5.3175462e-11
-5.864033603e-10
-2.871968042e-09
1.398353106e-09
1.524012336e-11
3.371914854e-11
-2.107467261e-10
-2.784475212e-09
-1.080829702e-08
4.173402116e-11
1.70773428e-10
7.489060932e-10
2.485955177e-09
7.654807301e-09
3.235247969e-11
1.327940848e-10
6.778014373e-10
2.607786815e-09
3.314028029e-09
8.895124557e-11
2.770121316e-10
-4.433221996e-10
7.740389198e-10
7.469812623e-08
1.073459405e-10
-7.240832937e-10
7.075776852e-09
1.064006445e-08
1.283155582e-07
-3.10617961e-09
-1.214251151e-08
-1.343102782e-08
-9.866278805e-08
-2.928971507e-07
-3.588402908e-09
-7.209481437e-09
-1.558780443e-08
-3.510073913e-08
-2.745280088e-08
-3.535694432e-09
-6.99883547e-09
-1.705457712e-08
-3.912311477e-08
-7.201116972e-08
-2.07032163e-09
-3.792312118e-09
-8.649014204e-09
-1.900519717e-08
-3.758796744e-08
-1.373612367e-10
-5.939034528e-10
-1.855713715e-09
-4.517033973e-09
-9.372136172e-09
9.377215844e-10
7.042258689e-10
-9.614864173e-10
-4.200873565e-10
-1.207931033e-09
1.579139906e-10
1.609904308e-10
3.357587042e-10
-7.488176522e-11
3.383146352e-11
7.63222995e-11
-1.788619377e-11
5.584840929e-10
5.541667803e-08
6.089974487e-08
-1.127560677e-07
1.269677775e-07
1.543955105e-08
-2.572208825e-09
1.318857061e-08
-6.663171966e-08
4.918909377e-08
4.583969173e-08
1.135849501e-08
-2.776785287e-08
-3.326981869e-08
4.499193246e-08
6.006774901e-08
-2.972542505e-07
2.294632723e-07
-5.529431255e-08
-5.340732473e-08
-1.454836488e-08
-2.202068642e-09
1.765520453e-10
-2.098299242e-10
-5.621531482e-12
-1.535674057e-13
-2.60352287e-14
-1.568477028e-15
-2.154272516e-11
5.641209396e-11
9.012164632e-11
3.252671737e-11
9.76300207e-13
2.103032284e-09
1.128686708e-08
7.4581225e-09
1.101084725e-08
5.882370035e-10
1.710601176e-07
9.611252243e-07
2.006455984e-05
7.504226488e-07
6.580460439e-08
-8.510817153e-08
-1.346890903e-06
-3.518391016e-06
-1.166219289e-06
8.257590075e-09
2.04500947e-07
2.527078612e-07
-6.116713221e-06
6.69400674e-08
2.600834833e-08
4.480540175e-08
1.587691357e-07
7.666815201e-08
6.874328797e-08
1.478974187e-08
4.578214661e-08
8.348741233e-08
6.158594875e-07
2.895278475e-06
6.140559185e-07
5.214194798e-08
6.645982265e-07
-3.806178062e-06
-7.529347034e-05
-2.850691646e-06
7.065521865e-08
5.045881475e-07
2.919084702e-06
-5.985053954e-05
1.656648472e-06
1.22933303e-07
3.366194046e-08
4.236589943e-07
5.100165339e-05
3.214640959e-07
-4.090316926e-08
-8.481563218e-09
7.774821238e-08
4.137687228e-06
-0.000408877724
-1.182782249e-07
-5.615808409e-06
-8.997016349e-07
-6.122474688e-06
1.045561045e-05
1.697881513e-07
1.3151694e-06
1.927202645e-07
-7.294234639e-07
-2.616824161e-06
-4.593589665e-08
1.820414884e-06
4.642753567e-08
1.090626922e-07
8.155968376e-05
-1.712237819e-07
2.246491154e-06
-6.830512526e-08
-7.668361544e-08
-8.972897286e-05
-1.355105475e-07
-2.132793575e-06
-1.202585364e-07
-5.588285662e-06
-1.548426066e-05
6.785334256e-09
1.361467207e-07
-1.24544184e-07
-1.259538624e-06
-5.216864711e-06
-5.297491597e-07
-1.925584106e-06
-6.433031051e-06
-1.417127826e-05
8.643960242e-05
1.380583557e-06
1.161078043e-05
6.064038712e-05
8.500541749e-05
-0.003172505259
1.694237148e-07
2.509146112e-06
1.674017497e-05
7.69699947e-05
5.545859962e-05
-5.985049311e-08
8.582336387e-08
1.267483286e-06
6.865498869e-06
1.297510661e-05
-2.300487481e-08
-2.796509153e-08
3.457514562e-08
3.870573267e-07
9.382873475e-07
-4.428788404e-09
-7.220826773e-09
-5.737159881e-09
1.224738307e-08
4.57227176e-08
-6.95631483e-10
-9.888965552e-10
-1.189042591e-09
-3.926569556e-10
1.39698518e-09
-2.209536931e-17
2.775176776e-17
-8.573179985e-17
-1.116026237e-17
9.257050287e-19
-2.956663519e-31
-8.029946075e-35
-2.095740345e-38
-5.118183922e-42
-1.164025803e-45
-2.480671379e-49
-4.999889948e-53
-9.605374335e-57
-1.766949858e-60
-3.119330486e-64
-5.290343041e-68
6.850462829e-15
-1.165926359e-15
3.922127244e-17
-1.041532744e-17
-1.568983491e-29
-4.17557353e-33
-1.204399916e-36
-3.50438278e-40
-9.894645582e-44
-2.652687776e-47
-6.67449011e-51
-1.565386231e-54
-3.416585099e-58
-6.972997724e-62
-1.339253191e-65
-2.433594044e-69
6.921663452e-12
2.430366426e-12
-4.176903455e-15
-5.422602417e-16
-4.698136062e-30
-1.449820252e-33
-4.823932937e-37
-1.61660917e-40
-5.254737799e-44
-1.616754635e-47
-4.632768791e-51
-1.225385257e-54
-2.984856925e-58
-6.710071221e-62
-1.399931004e-65
-2.729729801e-69
2.480555495e-09
1.404043885e-11
-3.460891167e-13
5.39829074e-15
-1.617377503e-29
-6.471068247e-33
-2.882477723e-36
-1.300356426e-39
-5.66212714e-43
-2.309086766e-46
-8.633870767e-50
-2.9157542e-53
-8.808501279e-57
-2.371987179e-60
-5.71711215e-64
-1.246568865e-67
1.870279975e-09
1.985228642e-11
1.328734219e-12
-2.186409384e-13
-4.809126792e-14
-2.615253073e-32
-1.190960627e-35
-5.676774962e-39
-2.680198513e-42
-1.214957087e-45
-5.173368546e-49
-2.032354155e-52
-7.25168816e-56
-2.320182105e-59
-6.601619423e-63
-1.667948207e-66
1.291195467e-09
2.466790152e-11
1.774603616e-13
-1.273226618e-13
-3.633430027e-28
-1.154360355e-31
-4.948255221e-35
-2.352994129e-38
-1.139923872e-41
-5.403911711e-45
-2.44691619e-48
-1.040102616e-51
-4.090782502e-55
-1.469194613e-58
-4.760631824e-62
-1.3785608e-65
1.053488747e-09
2.340454767e-11
-2.759965925e-13
-1.917895585e-14
-3.467916139e-27
-8.34782123e-31
-3.233377652e-34
-1.500765513e-37
-7.339595595e-41
-3.576974759e-44
-1.686755842e-47
-7.553330228e-51
-3.167556534e-54
-1.229264298e-57
-4.365593164e-61
-1.403729722e-64
9.160347769e-08
2.222342898e-09
-1.332926144e-10
-8.100412477e-12
-1.413486107e-12
-4.405669666e-13
-2.353003868e-33
-1.020616829e-36
-4.956799239e-40
-2.460889133e-43
-1.199038949e-46
-5.60235802e-50
-2.471782316e-53
-1.017713069e-56
-3.870400404e-60
-1.346343898e-63
4.707452151e-07
3.09861833e-08
3.725235718e-10
-1.76879163e-11
-5.585494796e-13
-5.707575313e-13
-7.155588261e-14
-4.373335875e-36
-2.035042315e-39
-1.013023895e-42
-5.060867715e-46
-2.457110106e-49
-1.136887449e-52
-4.944842951e-56
-1.999905712e-59
-7.449200504e-63
2.022386801e-07
1.285614336e-08
5.11189874e-10
5.606846254e-12
-4.859202452e-13
-1.593360992e-14
9.227795265e-14
-8.334693383e-35
-3.561734514e-38
-1.751553495e-41
-8.913742552e-45
-4.482899565e-48
-2.172073416e-51
-9.972742446e-55
-4.285836793e-58
-1.706400835e-61
2.569878284e-07
1.033351317e-06
-1.269611363e-09
2.795146328e-11
1.185318988e-11
1.775846007e-13
-1.110011203e-29
-2.034161785e-33
-6.977502957e-37
-3.177371234e-40
-1.596119636e-43
-8.155819655e-47
-4.082498989e-50
-1.958514222e-53
-8.871359229e-57
-3.750395015e-60
2.102925958e-05
4.284438326e-06
2.543704545e-07
6.703794118e-09
8.672444972e-12
-9.966754133e-14
8.199383832e-14
1.11937791e-13
-4.823438584e-36
-1.82745838e-39
-8.561057936e-43
-4.292750724e-46
-2.162671348e-49
-1.060679608e-52
-4.96790592e-56
-2.191953094e-59
-1.425239613e-06
1.141064591e-07
2.630738878e-08
2.615374888e-09
2.246461895e-10
1.445582358e-11
5.095118664e-13
-3.846318784e-13
1.144212107e-14
-5.138153951e-38
-2.053321381e-41
-9.620543269e-45
-4.709715799e-48
-2.291738664e-51
-1.079716317e-54
-4.84406086e-58
-3.307771278e-07
2.353997281e-08
-1.012546451e-06
-4.845340561e-09
-1.043955666e-09
-4.630433226e-11
3.375003915e-13
-7.003866663e-16
-3.532489636e-14
-8.579966915e-36
-2.526605414e-39
-1.02437455e-42
-4.672878984e-46
-2.182422335e-49
-1.003080902e-52
-4.441049251e-56
6.192044106e-09
-9.033229061e-08
-2.586851969e-08
-3.013571339e-09
-1.535645668e-10
7.984395121e-12
9.7945724e-13
3.198918387e-14
-6.655363706e-30
-5.270854258e-34
-9.169499468e-38
-2.810644114e-41
-1.112433026e-44
-4.790286331e-48
-2.081086199e-51
-8.830368384e-55
-1.46969069e-07
1.394834169e-05
2.160721494e-06
8.939440549e-08
-1.563770775e-08
-7.052328533e-10
-5.978312158e-12
-7.475472021e-13
-1.06478997e-28
-9.877863423e-33
-8.74571974e-37
-1.658692462e-40
-5.103647632e-44
-1.927585392e-47
-7.715152201e-51
-3.076938196e-54
-0.0002532689622
-1.422740188e-05
-3.334088253e-07
8.120773571e-08
1.678560337e-08
1.667499594e-09
9.280405465e-11
4.194909336e-12
-2.050096376e-14
-9.038976383e-31
-7.502584565e-35
-7.347557646e-39
-1.475801766e-42
-4.491098443e-46
-1.608930453e-49
-5.980651309e-53
-8.33424257e-06
-9.645386477e-07
9.823520279e-08
3.96459019e-08
6.029857433e-09
5.16701361e-10
2.68014288e-11
9.161417877e-13
-6.265011119e-19
-2.860570278e-28
-5.338386858e-32
-4.139559725e-36
-4.461002742e-40
-9.342971911e-44
-2.798311154e-47
-9.561385289e-51
-1.030165273e-05
-3.252016794e-06
-5.441316464e-07
-7.235282768e-08
-7.274687211e-09
-5.456529844e-10
-3.037431806e-11
-2.544486941e-12
3.362425497e-13
-4.012584984e-21
-1.273305361e-28
-2.04511755e-32
-1.544322204e-36
-1.80720874e-40
-3.890794219e-44
-1.147577096e-47
8.656824662e-05
2.339201998e-05
2.84638e-06
1.754401287e-07
4.059283088e-09
-2.21466916e-10
-2.480356698e-11
-2.421275451e-12
2.530147103e-13
-1.226448728e-20
-3.623057778e-28
-1.224502301e-31
-1.692075344e-35
-1.278266529e-39
-1.626837655e-43
-3.621822395e-47
4.037503258e-05
6.605867297e-06
6.223848733e-07
3.079145252e-08
-5.715926777e-11
-1.235463463e-10
-5.580238528e-14
-2.304876702e-12
1.22404795e-14
8.870309267e-23
2.804306577e-22
-1.977269339e-20
-7.109589644e-32
-8.625170899e-36
-6.681577762e-40
-9.080232648e-44
4.762228462e-06
7.328193081e-07
6.152280529e-08
1.619454985e-09
-2.44456717e-10
-3.748191574e-11
-1.243499998e-11
-1.034310868e-12
2.967691959e-14
8.665222808e-22
-2.952856346e-21
3.78237959e-20
-2.565307058e-31
-6.64022475e-35
-7.15569667e-39
-5.77570928e-43
3.404111424e-07
5.025058835e-08
3.015423348e-09
-2.081671431e-10
-6.462005711e-11
-9.174059104e-12
-1.216886232e-12
-5.476234109e-14
3.202646174e-14
-8.706808288e-22
4.022575903e-21
-1.677017775e-21
-3.532673589e-28
-1.555302803e-31
-3.524430788e-35
-3.424374585e-39
1.704452022e-08
2.002543387e-09
-8.272018294e-11
-6.162767026e-11
-1.036836882e-11
-7.839754405e-13
-2.905386138e-14
-3.725472951e-15
-2.25710735e-16
-4.649645493e-16
-4.779877221e-22
7.699495957e-21
2.534992128e-21
-4.420576442e-21
-1.49458151e-34
-2.92475983e-38
4.784437337e-10
-2.125190977e-11
)
;

boundaryField
{
    inletCH4
    {
        type            calculated;
        value           uniform 0;
    }
    wallOutside
    {
        type            calculated;
        value           nonuniform List<scalar> 0();
    }
    wallTube
    {
        type            calculated;
        value           nonuniform List<scalar> 
61
(
-7.854037071e-106
-8.314993001e-101
-7.772484151e-96
-6.641140911e-91
-5.32939741e-86
-4.100936465e-81
-3.072455729e-76
-2.266121472e-71
-1.657618456e-66
-1.208904566e-61
-8.820421645e-57
-6.447551813e-52
-4.727492043e-47
-3.480224874e-42
-2.572490787e-37
-1.909111499e-32
-1.421864753e-27
-1.062253401e-22
-8.921681299e-15
6.753781478e-15
7.63222995e-11
2.86298069e-14
1.762857322e-16
-2.42043803e-16
-5.930906511e-17
-2.760100748e-17
7.949367178e-16
-1.406496567e-14
4.557230611e-14
-2.513899302e-13
-8.164323089e-14
9.366957922e-15
7.100598556e-15
2.455957863e-14
-1.308428556e-13
-1.233637949e-13
-1.064761429e-13
-6.698446028e-14
-9.29947151e-14
-3.602389821e-13
-7.059636191e-10
-2.205240935e-14
-1.957768538e-14
-1.129629655e-15
2.693716489e-16
-1.048529098e-16
4.237057173e-16
2.196595643e-13
3.438852979e-14
-2.393688651e-13
-7.779802613e-14
-8.607680661e-14
-1.098613937e-13
-1.086995214e-13
-1.32500588e-13
-7.872809176e-14
-1.062829078e-13
2.423609142e-14
4.462767412e-13
-4.663238686e-13
-2.462350468e-14
)
;
    }
    inletPilot
    {
        type            calculated;
        value           uniform 0;
    }
    inletAir
    {
        type            calculated;
        value           uniform 0;
    }
    outlet
    {
        type            calculated;
        value           nonuniform List<scalar> 0();
    }
    axis
    {
        type            empty;
    }
    frontAndBack_pos
    {
        type            wedge;
    }
    frontAndBack_neg
    {
        type            wedge;
    }
    procBoundary3to1
    {
        type            processor;
        value           uniform 0;
    }
    procBoundary3to5
    {
        type            processor;
        value           nonuniform List<scalar> 
30
(
5.058428729e-11
6.287816463e-14
1.083011092e-11
1.169777756e-10
7.487920006e-11
3.994161406e-11
1.497728551e-11
-5.566992734e-11
-1.024318765e-10
-1.127284482e-10
-7.799790769e-11
-6.185008279e-49
-4.858993743e-11
-7.572457558e-12
-6.516046297e-13
5.971240458e-13
1.459180708e-13
2.480612929e-14
2.326530046e-15
9.064716278e-23
1.208681706e-22
-3.067154454e-21
-4.953948914e-21
-1.314604826e-20
-2.476011949e-31
-8.979964698e-44
-8.515299467e-35
-4.77160608e-11
-4.858993743e-11
-1.66249387e-11
)
;
    }
}
)

// Processor4

17207
(dimensions      [1 -3 -1 0 0 0 0];

internalField   nonuniform List<scalar> 
862
(
-2.246622311e-38
-2.264126881e-38
-3.096516221e-38
-3.190402203e-38
-3.120903861e-39
-2.126453942e-39
-2.153368223e-39
-1.842506653e-39
-8.584089387e-40
1.059668477e-39
4.502336236e-41
4.621583474e-41
3.654700991e-42
9.909070666e-41
2.082800521e-40
5.167957908e-40
2.338849014e-40
6.96551078e-40
-3.040794615e-40
1.604358823e-38
5.113848685e-39
-1.3454663e-39
-6.047122443e-39
9.598144347e-38
-5.033562714e-37
-7.956862143e-37
2.298349599e-36
-1.637766274e-36
-5.325169291e-36
5.750440311e-36
-6.145785964e-34
5.934372115e-34
-8.704859963e-34
8.527547993e-34
-2.453216789e-33
7.332128639e-33
-8.672204292e-33
1.21329099e-32
-9.098614374e-33
2.910454912e-32
-1.312282171e-32
8.886512562e-33
2.230966156e-33
-1.385861256e-33
8.140821014e-33
-1.198268441e-33
3.174228208e-34
2.145230097e-33
5.611971383e-33
2.662512293e-32
-4.420051841e-33
8.70918719e-33
-2.229113808e-33
1.029177283e-32
-2.563975899e-32
6.529490402e-33
-3.6632029e-33
6.423753397e-33
-4.439468819e-33
9.92159638e-33
-4.012392493e-34
-1.865153416e-33
-1.244152147e-33
2.653843835e-33
-1.47576678e-32
-2.557198689e-32
8.303578393e-33
-2.468654825e-32
2.415570587e-32
-8.627294137e-32
-8.264615566e-32
1.665667473e-31
-1.267090212e-31
2.345276459e-31
-1.197872234e-30
6.726529872e-31
1.139252083e-30
-1.397317465e-30
1.31150492e-30
-1.524683547e-30
4.734580249e-31
-2.37016397e-31
2.853220362e-31
-9.828930814e-32
2.173784109e-31
-1.677818096e-32
2.019223541e-32
-1.200440053e-32
1.027818313e-32
-1.902716104e-32
7.177038872e-33
-3.106766206e-33
5.84572119e-33
-3.003694649e-33
1.042305411e-32
-8.34544436e-35
3.38639954e-33
5.841767925e-33
-8.539957021e-34
1.006407237e-31
-2.51052156e-39
1.722837003e-39
1.780399453e-39
-6.108864641e-38
3.240727005e-36
6.468758952e-35
8.77773229e-33
-8.64009645e-32
-4.382780467e-32
-6.809995821e-32
1.578932706e-31
-2.954674293e-32
6.619651849e-32
1.651867005e-31
2.616179872e-30
3.258048176e-30
-1.013047036e-30
1.07477847e-31
-1.784532703e-32
-3.16479576e-31
-5.499879292e-39
-6.805211815e-39
-2.249561237e-40
-1.823007625e-38
1.16769066e-37
2.87992451e-39
2.577887053e-39
-9.80125695e-39
2.824108079e-39
-1.809982108e-37
8.182195318e-40
-4.641660028e-39
-3.010101564e-38
9.603350026e-37
-8.946245867e-36
5.591489376e-38
-1.159612783e-37
8.308809994e-38
-6.739695654e-36
7.13029519e-35
-1.152098048e-36
-9.957022435e-36
-2.904489212e-35
3.156408562e-34
-1.835310725e-33
2.911860611e-34
-1.173288259e-33
-1.287649684e-32
2.410093047e-32
2.390431467e-32
-1.920560838e-33
3.395210572e-33
-4.486456508e-33
2.313574688e-32
1.180026587e-32
2.254102989e-32
5.440954474e-33
9.620167274e-33
2.405247002e-33
-9.326389939e-34
5.842470758e-33
8.779684445e-34
5.043286935e-34
-2.987117468e-33
7.013049637e-33
1.210914021e-32
3.666742205e-34
1.208344234e-32
-2.709080775e-33
-4.914325981e-33
-9.025837785e-33
6.01729733e-33
1.423251083e-32
-1.643200112e-32
4.147733551e-33
3.446640432e-33
-4.223744495e-33
2.037731836e-33
-5.721280054e-33
1.284811413e-33
-1.066195649e-32
9.443728205e-34
-3.823263241e-32
-3.550220597e-32
-3.370992203e-32
-4.318823441e-32
-4.331217657e-32
-2.490149198e-32
-1.358936926e-31
-1.508136472e-31
-3.055670962e-31
-3.889437795e-32
-3.383125299e-31
7.952158382e-31
7.714095732e-31
-1.066769665e-30
4.66241399e-31
-3.687509848e-31
-2.047051214e-31
-6.633553457e-32
1.996959505e-32
-1.106093853e-32
2.151713001e-32
-8.823057206e-33
4.137211902e-33
-1.073573542e-32
6.160823701e-34
7.444204586e-34
-7.050051151e-33
1.267820914e-33
1.16110487e-33
1.845182529e-33
-2.792749535e-34
3.716589561e-34
-2.717038736e-33
3.480234717e-32
-6.17625271e-33
7.571475616e-33
3.091964336e-32
5.251556485e-32
-1.829699792e-69
-4.794544636e-73
-8.563204476e-77
-9.024525925e-81
-4.753906811e-65
-1.549837617e-68
-3.670577562e-72
-5.768556746e-76
-4.999921481e-80
-3.240457114e-19
-4.392070009e-64
-1.312432108e-67
-2.795025266e-71
-3.81963996e-75
2.942896635e-20
-2.429859053e-56
-1.120363673e-59
-4.076690865e-63
-1.114542159e-66
-2.125860213e-70
5.059597544e-20
4.964823283e-19
4.124245331e-19
-1.131297293e-58
-3.816093411e-62
-9.53667751e-66
6.265227435e-21
2.607424365e-20
-4.971335963e-20
-2.863447805e-54
-1.156636809e-57
-3.618626021e-61
3.371927007e-22
4.906437844e-21
5.908891304e-20
1.243476447e-19
-6.719277424e-50
-3.176304487e-53
-1.203756337e-56
9.067988631e-23
3.73571779e-21
4.130493705e-20
-7.735400078e-22
6.785433332e-19
-8.043522948e-49
-3.601525025e-52
2.103982577e-24
-3.13812198e-24
8.178527913e-22
1.587411685e-20
3.105354406e-19
1.328744709e-20
-1.904574359e-44
-9.877961762e-48
4.542821601e-26
-7.790465196e-25
4.839691579e-23
1.035419464e-22
1.663028422e-21
3.857623011e-20
2.00021922e-19
2.945377918e-18
-2.520801977e-43
1.76443988e-27
2.421562368e-25
9.410566842e-25
-2.363061405e-23
3.43189294e-22
5.214074161e-20
1.048274611e-18
-5.613607704e-40
-3.554537514e-43
-1.738052168e-28
-1.984876172e-27
2.478918122e-25
2.222423536e-24
1.723041657e-23
2.049188721e-22
2.927966157e-21
3.48510397e-20
4.257441618e-20
-4.87587479e-43
-5.840948329e-38
-1.080052667e-35
1.402262677e-35
7.437361578e-34
-1.187455278e-32
2.337473669e-32
1.040079213e-31
1.248184888e-32
9.860091599e-32
-8.358424301e-31
7.545851948e-31
-1.654098513e-31
2.879790204e-31
-2.100345232e-31
3.824125333e-31
-1.25758781e-30
-7.973545225e-30
-3.648474017e-29
-4.088938012e-29
1.646001377e-28
-7.936894714e-27
2.625724059e-25
6.452236247e-25
-2.570888761e-23
2.168801007e-21
4.415052828e-21
1.100159058e-19
1.873360989e-18
4.249949555e-36
-8.573025929e-37
-1.110825166e-34
-2.075877406e-33
1.520010077e-32
5.978792739e-32
9.342217809e-32
1.417438607e-32
7.216300368e-32
-8.543422509e-31
7.678786562e-31
-7.838041867e-32
-1.427444451e-31
-5.153164645e-31
1.123750837e-31
9.05923323e-31
-4.762001317e-31
-2.645038586e-29
-3.874343573e-29
-3.515432031e-29
9.958882371e-29
-4.385598351e-27
1.400579672e-25
1.741189248e-24
1.628112139e-23
1.143707589e-22
4.728145913e-21
-5.6271074e-40
2.256276019e-35
-6.137159084e-35
-6.400093187e-34
-2.858713713e-32
3.371813138e-32
8.044151463e-32
1.789901513e-32
-9.047100836e-32
7.732643515e-31
-8.213033391e-31
-7.940350543e-31
1.178752389e-31
-5.485733407e-31
5.547988745e-31
-3.072252739e-32
1.881135959e-32
5.956133599e-31
-7.914454336e-30
2.220439843e-29
1.29898947e-28
2.325796644e-29
7.914684414e-30
-5.076890582e-28
-1.984573889e-26
1.584616556e-24
6.0938404e-24
4.344883483e-23
5.856133132e-22
2.275888214e-35
-9.46640286e-34
-3.238816531e-32
7.821270041e-32
7.910742117e-32
1.196717094e-31
-1.394135848e-31
5.222245924e-32
-8.571901728e-31
8.323709501e-31
-4.238214941e-31
-1.022053266e-31
-5.387637807e-31
5.330884946e-31
-1.564350696e-32
8.745830452e-32
1.287154609e-31
7.625300458e-31
-3.470472125e-29
1.631637902e-29
-8.894350061e-30
-1.76623207e-29
-1.675708757e-29
-4.92679491e-29
-1.083913435e-26
3.051110328e-25
4.220499708e-24
2.033730002e-23
5.202742068e-33
-1.069761094e-32
5.921711578e-32
2.420568653e-32
7.6589124e-32
1.238508976e-31
-3.409580979e-33
3.074758433e-32
7.070575368e-31
-7.107573681e-31
1.848578836e-31
-4.533252215e-31
4.715277287e-31
5.424378441e-31
-2.576546922e-32
7.834034387e-32
1.667952155e-32
-2.529032207e-31
-1.168774132e-30
-1.7601526e-29
-1.076575907e-29
-1.685519764e-29
-2.147462906e-29
5.257912867e-29
-1.468956715e-29
9.818398087e-28
-7.410274777e-28
1.110002155e-25
1.274032463e-32
-1.528151387e-32
-6.238152181e-32
-2.4137875e-31
-2.202987011e-31
-2.809574587e-31
-5.092788618e-32
-5.883846595e-31
-7.82812939e-31
-9.60911119e-31
-1.016761868e-30
-9.656986613e-31
-5.468078248e-31
2.126116172e-31
1.05696203e-31
-5.433757923e-32
-4.657505869e-32
1.902762625e-31
-4.213374674e-30
-2.562542734e-29
-1.874467058e-28
-1.887261519e-28
-4.298723053e-29
3.743326728e-29
1.07902347e-28
-1.034423254e-29
3.129354848e-28
2.936767415e-27
1.576128969e-32
4.032017743e-34
8.637261047e-34
8.396353173e-33
-1.382948016e-32
2.622914782e-32
8.444760826e-32
-5.885021335e-32
-1.72711834e-31
-1.27957733e-31
-2.895133507e-31
-1.870722981e-31
-4.227977767e-32
9.648148404e-32
-2.619779522e-32
-1.554033989e-33
-2.226257337e-32
-4.653699965e-32
2.487006632e-31
-4.471089334e-30
-5.210571416e-30
-9.852317219e-30
-1.63513968e-29
-8.463290495e-30
1.238989952e-29
-2.264958138e-29
-9.763352578e-30
3.859242995e-29
8.830846137e-33
4.634384898e-32
-3.766005259e-33
-4.162282282e-32
-8.038554063e-32
1.721189845e-31
-7.991582823e-31
-7.234411726e-31
-6.521283802e-32
-2.801611219e-31
2.948958074e-31
-3.334769321e-31
4.751671774e-31
-5.206151251e-31
2.39494869e-32
6.959043039e-34
2.861036553e-32
1.06839844e-31
1.984006866e-31
3.357295358e-31
-4.503424961e-31
2.948357371e-33
-2.72372818e-29
-4.648241719e-30
-1.018659034e-29
-1.629020487e-29
-1.324736524e-29
-5.583312058e-26
7.04655403e-32
-6.647970576e-33
-3.326713564e-32
-3.674528608e-34
-9.45011187e-32
2.467334186e-32
7.398267118e-31
7.446121423e-31
-1.256370649e-31
1.19691692e-31
5.519783465e-31
-5.659650208e-31
5.674889982e-31
-5.290159596e-31
3.925390132e-32
-5.467887838e-33
-1.528470339e-33
-2.645922841e-32
5.743524155e-32
7.255671343e-32
9.789557275e-32
7.068885658e-32
-6.737047246e-30
-1.199769232e-29
5.836258853e-29
-3.594364035e-26
-2.290357869e-24
-2.043972206e-24
8.951026028e-33
7.201516755e-33
1.583066441e-33
3.973649887e-32
-4.447948456e-32
-8.970860727e-31
8.356599019e-31
-4.403287135e-31
1.051472485e-31
1.267000592e-31
5.796671125e-31
-5.696034602e-31
5.641890712e-31
-5.313842209e-31
2.563704559e-32
-3.170163085e-33
-5.040879871e-33
-4.108555643e-33
-1.328818152e-33
2.624473324e-33
1.420102134e-32
2.078562989e-32
-5.528650105e-32
5.919687493e-31
8.354395669e-30
-2.181031777e-29
-1.917330492e-29
3.119200259e-26
-6.607947126e-33
2.945781558e-33
3.92521549e-32
-5.342904206e-33
-9.011699081e-31
8.384616298e-31
-1.150664048e-31
1.087549213e-31
-7.855991995e-32
1.527002984e-31
-4.467967899e-32
-5.47691516e-31
5.438182814e-31
8.972051354e-32
2.612934481e-32
-1.994661754e-33
-4.463372137e-33
-4.825822359e-33
5.503250636e-34
-7.051848161e-34
1.277417921e-32
4.121844594e-32
-5.938252067e-33
-8.50202877e-32
-7.348778857e-34
2.789100746e-30
-1.397885267e-29
8.453701208e-28
-2.91308655e-32
-9.467428715e-33
-7.222126587e-32
5.232600697e-31
-8.829934045e-31
3.061507695e-31
-5.516051753e-32
-4.480035664e-32
1.652426239e-31
-5.227206174e-31
-4.872738987e-31
-5.239373236e-31
5.315230467e-31
-4.097003259e-32
-3.275795344e-33
-4.783893348e-33
-5.49394753e-33
-4.588665901e-33
4.524502809e-34
4.352290192e-35
-4.702875853e-34
-2.345136374e-33
7.906731198e-32
-4.765909101e-32
-1.163183603e-32
-2.49055326e-31
-2.270716827e-30
3.216515548e-30
-4.590542647e-32
3.571877713e-32
2.333441969e-32
-8.735021287e-31
3.249572904e-31
-5.992691974e-32
5.375819673e-32
7.487232421e-32
1.782974734e-31
-5.166906376e-31
-5.278328236e-31
5.359210531e-31
4.842671081e-31
-5.048935555e-32
-3.13684642e-33
-5.118205429e-33
-5.396558048e-33
-4.630227833e-33
-1.107580927e-35
1.310527772e-34
-1.252369611e-33
-2.407186097e-33
-1.590896257e-32
2.784765438e-32
-1.329295327e-31
-6.861753838e-32
-9.689391262e-32
-1.204272439e-31
1.014552399e-31
-3.452524949e-31
-8.203062017e-31
2.47795659e-31
-6.168114176e-32
-1.339440613e-33
5.473084579e-32
-2.183049975e-31
5.726084199e-31
-5.719949873e-31
5.910882822e-31
-5.586970736e-31
9.597739388e-32
-2.018058217e-32
1.706738281e-34
-3.963712025e-33
-4.905296249e-33
-3.288716964e-33
-3.045244091e-36
1.739446977e-34
-1.280364805e-33
-1.789560613e-33
-3.993715612e-32
-2.950852419e-32
-2.353759714e-32
3.264945101e-31
-9.609709452e-32
-8.808997264e-32
-5.295964149e-33
2.341229325e-31
-6.015732678e-32
1.962916643e-32
7.229194512e-33
-3.891222011e-32
1.842705763e-32
3.09840618e-32
-3.587095039e-31
5.871442894e-31
-5.329314207e-31
-4.933483723e-31
5.950668257e-32
-7.070122522e-34
-1.845977914e-33
-3.346513541e-33
-4.040146998e-33
-1.908401772e-33
1.098484488e-34
1.842849054e-34
-1.28713268e-33
-1.68206915e-33
-3.991992425e-32
-4.108843387e-32
-3.134421369e-32
-2.068566287e-32
-1.212116554e-32
-1.024991904e-31
7.222173279e-33
1.273376508e-32
2.054048309e-33
-1.46924796e-33
-7.975598905e-33
7.120590871e-32
-2.005430785e-31
4.121456462e-31
5.565720056e-31
-5.358191698e-31
-5.137955073e-31
1.342847541e-31
-9.462703534e-33
-3.288559179e-34
-1.214727334e-33
-2.124913766e-33
-2.839773288e-33
-1.490374666e-33
1.641209519e-34
3.733056663e-34
-2.373448289e-33
-1.567481403e-33
-3.918766507e-32
-4.072650688e-32
-3.933482215e-32
-3.177081626e-32
-2.343109064e-32
-4.031992428e-32
-4.666304494e-33
-9.420819026e-33
1.235230637e-32
-2.024074025e-32
7.269035124e-32
-1.414020519e-31
3.0199614e-31
-5.340324365e-31
-5.380445592e-31
5.907393717e-31
-5.360841577e-31
6.92453175e-32
-2.037116801e-33
-1.071010487e-33
-1.322410886e-33
-2.373384682e-33
-3.507156661e-33
-2.010961311e-33
8.301941267e-35
3.945976653e-34
-2.361008585e-33
-1.565950677e-33
-3.912949179e-32
-3.96156002e-32
-3.809622296e-32
-3.626659676e-32
4.100747828e-33
-7.506757349e-33
-1.32296509e-33
1.575959654e-32
-3.97910952e-32
2.311806545e-31
-7.222326658e-32
-2.454181921e-31
-5.667247944e-31
5.777306247e-31
-5.818591554e-31
5.636840306e-31
-6.716487465e-32
5.426656026e-33
-1.783570457e-34
-1.120829248e-33
-1.387628385e-33
-1.990212624e-33
-2.292993057e-33
6.109821114e-35
4.24906935e-34
4.416061396e-34
-2.265595542e-33
-2.296448063e-33
-1.934501087e-32
-7.896628098e-33
-2.151324534e-32
-2.807392783e-32
-6.054923443e-32
-6.994754574e-32
8.137011234e-33
-1.985306266e-31
-3.805826778e-31
-4.471858675e-31
-4.793822685e-31
6.081220072e-31
-5.82015146e-31
5.965390642e-31
-5.615142656e-31
1.185632506e-31
-5.506618659e-33
-8.454103363e-34
-2.224931026e-33
-1.157228e-33
-1.582932568e-33
-2.073431285e-33
-2.978514735e-33
6.003962053e-34
2.361543121e-34
4.312733638e-34
-2.414148408e-33
-1.682451191e-33
-3.485112014e-32
-3.252967878e-32
-1.374738688e-33
-6.438447593e-33
-2.651563924e-32
-2.345325105e-32
-4.515674972e-31
-5.205392412e-31
-4.4987925e-31
1.220087624e-32
5.193309101e-31
5.412443633e-31
-5.313198802e-31
-5.224241597e-31
8.287125381e-32
-9.482581788e-33
1.063687654e-33
-4.228981093e-33
-4.3447351e-33
-1.331927187e-33
-1.044361644e-33
-1.755290906e-33
-2.379205658e-33
2.97522813e-34
2.153341382e-34
-9.28213515e-34
-2.352924876e-33
-1.576211811e-33
-3.899200432e-32
-4.027277716e-32
-2.601372955e-32
5.017761593e-33
-3.356947718e-32
-7.580554529e-32
)
;

boundaryField
{
    inletCH4
    {
        type            calculated;
        value           nonuniform List<scalar> 0();
    }
    wallOutside
    {
        type            calculated;
        value           nonuniform List<scalar> 0();
    }
    wallTube
    {
        type            calculated;
        value           nonuniform List<scalar> 0();
    }
    inletPilot
    {
        type            calculated;
        value           nonuniform List<scalar> 0();
    }
    inletAir
    {
        type            calculated;
        value           nonuniform List<scalar> 0();
    }
    outlet
    {
        type            calculated;
        value           nonuniform List<scalar> 
39
(
5.495044085e-21
5.388539434e-21
5.371947876e-21
5.37113112e-21
6.449889794e-21
7.099829525e-21
5.443719498e-21
5.571739797e-21
5.602342435e-21
5.614005218e-21
5.660363636e-21
5.61817557e-21
5.675587235e-21
5.790426225e-21
5.854139122e-21
5.942027857e-21
6.058440542e-21
6.237097208e-21
6.265886683e-21
4.734058746e-21
-2.694086181e-21
-2.443432669e-21
-2.226325194e-21
-1.995158639e-21
-2.016675685e-21
-2.039430341e-21
-2.034024096e-21
-1.977233381e-21
-8.283840256e-22
-8.264886093e-22
-8.012520725e-22
-7.655374095e-22
-6.165869473e-22
-6.212888706e-24
-1.535056365e-23
-1.197291233e-23
-8.186563212e-24
-3.106877652e-23
-2.909474732e-23
)
;
    }
    axis
    {
        type            empty;
    }
    frontAndBack_pos
    {
        type            wedge;
    }
    frontAndBack_neg
    {
        type            wedge;
    }
    procBoundary4to0
    {
        type            processor;
        value           nonuniform List<scalar> 
27
(
0
0
0
0
0
0
0
0
0
-3.305332472e-19
0
5.206577208e-20
6.898146821e-20
3.150285153e-20
7.122690102e-20
7.390639612e-21
2.585657755e-21
2.713774469e-21
2.488589323e-21
7.385297521e-23
9.246839831e-22
-3.819470381e-23
2.03854793e-23
5.845575645e-24
1.964892434e-24
2.10501751e-25
-1.156301644e-24
)
;
    }
    procBoundary4to2
    {
        type            processor;
        value           uniform 0;
    }
    procBoundary4to5
    {
        type            processor;
        value           nonuniform List<scalar> 
46
(
-1.940475793e-38
2.941385488e-39
5.305814288e-39
-1.069408911e-38
-2.468546056e-38
-2.271979926e-38
-2.478646153e-38
-3.494073898e-38
-3.786893029e-38
-9.469954665e-39
6.058888492e-38
5.828603653e-20
2.63438003e-21
6.382622508e-21
6.382622508e-21
5.522269628e-23
1.109965425e-25
3.53818664e-23
3.53818664e-23
-5.971269373e-25
9.413055009e-27
9.413055009e-27
2.229593777e-28
2.229593777e-28
-7.73249921e-31
4.018538892e-33
4.018538892e-33
-6.333648098e-38
-3.456691602e-37
-2.455360146e-36
2.46421028e-34
-1.464533868e-33
-3.697864474e-32
6.996883054e-32
3.758200223e-32
-8.183392593e-32
7.289899142e-31
-8.339353098e-31
-1.998102786e-32
-3.996778209e-32
-5.048919649e-31
3.674849064e-32
-1.389848531e-33
-2.898638293e-33
-9.040531583e-34
-9.040531583e-34
)
;
    }
}
)

// Processor5

16788
(dimensions      [1 -3 -1 0 0 0 0];

internalField   nonuniform List<scalar> 
862
(
5.058428729e-11
6.287816463e-14
1.083011092e-11
1.169777756e-10
7.487920006e-11
6.89446647e-12
7.530426747e-12
8.357870773e-12
1.438450811e-11
6.863807314e-12
7.080185173e-13
1.181288618e-12
8.768589328e-13
1.663361093e-12
1.906202634e-12
8.88960322e-14
6.536750478e-14
6.757675548e-14
1.471627166e-13
-1.377863806e-13
7.849838282e-15
8.146025628e-15
2.207307968e-15
-4.234768179e-16
-1.8815458e-14
2.771594648e-15
3.428402692e-15
4.946627031e-15
4.128169311e-15
1.34292142e-15
-1.411258311e-18
-1.477962123e-18
5.204692498e-17
2.072518876e-16
1.001854779e-16
9.471332539e-20
6.981963067e-20
2.901740954e-19
5.975812357e-18
8.657332361e-18
-5.227581298e-21
-1.172530489e-20
8.461734842e-23
3.05317826e-19
5.047102163e-19
2.975163244e-22
1.368890614e-22
-4.961343511e-22
1.314230001e-20
2.853981905e-20
-1.060814242e-24
-1.286836719e-24
3.882819721e-24
7.478120916e-22
1.159125379e-21
-3.396049963e-25
-1.277506236e-25
3.366650013e-24
2.293883706e-24
5.988438321e-23
-2.384443208e-27
2.219561055e-27
1.683301591e-27
4.027315695e-25
7.749807688e-25
-1.181430384e-29
-4.015593812e-29
2.874412592e-29
5.253432766e-27
1.151804118e-26
1.55773627e-30
-1.761241447e-30
4.278316231e-31
3.381316026e-31
4.819641371e-33
6.713644795e-32
2.988609455e-33
-8.304377083e-33
4.853878853e-33
1.123057203e-34
3.989905095e-34
5.473267417e-34
7.416733726e-35
6.665807343e-35
4.630367323e-36
1.074945112e-35
9.42164134e-36
-1.38455493e-36
8.438975217e-37
6.572792987e-38
1.521541517e-37
1.741442174e-37
-5.239975033e-38
-3.627186829e-38
1.990827874e-38
-4.172514742e-39
5.743766632e-39
2.189357874e-39
-3.172861384e-39
-5.370957975e-39
-8.971885819e-39
-5.572136321e-39
2.653593749e-39
1.395282992e-38
3.105632759e-38
1.324457133e-39
1.766641915e-38
3.045651993e-39
9.999528597e-39
2.747795593e-37
1.107316538e-39
7.386171657e-40
8.781680746e-40
-2.949730033e-39
-1.762310891e-38
3.163489867e-40
2.479983669e-40
3.144172414e-40
-7.942962742e-41
3.882790197e-39
-1.940475793e-38
2.941385488e-39
5.305814288e-39
-1.069408911e-38
-2.468546056e-38
3.994161406e-11
1.242827883e-11
1.645390943e-12
-4.723937904e-13
-5.822409043e-14
-1.465419887e-15
1.452025606e-17
4.82458049e-18
4.490687007e-19
-5.421917927e-20
-9.445388238e-22
-6.105885676e-23
1.494010075e-24
4.368371045e-26
7.681508405e-28
-8.987322376e-31
2.672350574e-33
4.578220413e-35
6.907934421e-37
4.061381953e-39
6.744780882e-39
8.892820412e-37
1.213899015e-38
-3.706059438e-39
-2.271979926e-38
1.497728551e-11
-5.566992734e-11
-1.024318765e-10
-1.127284482e-10
-7.799790769e-11
9.355275129e-12
7.558587974e-12
-6.640471047e-12
-4.805841424e-12
-2.296977406e-12
9.098381523e-13
3.006131853e-12
2.207655499e-12
-1.00303562e-12
4.201498593e-12
2.646454701e-12
-1.123863755e-13
-4.280392415e-14
2.179322481e-13
3.702147725e-13
3.907698785e-14
7.683213544e-14
-2.131756105e-13
8.095366423e-15
-8.365324276e-15
-6.289504619e-15
7.671945841e-16
-1.854449698e-16
5.707955536e-16
-3.089589175e-16
-1.950084511e-16
2.278238387e-17
-1.533724296e-17
-2.098436026e-17
2.899433278e-17
-7.737529493e-19
-3.782155621e-18
4.418343995e-18
-4.055409648e-18
4.888522384e-19
4.326123933e-19
5.375878115e-19
2.599435621e-19
1.925340773e-19
4.643191416e-20
-2.13205817e-19
4.562126938e-21
-2.384845415e-22
-8.97087114e-22
5.140253584e-22
-4.151187422e-21
-8.42022371e-23
-3.590533393e-23
-1.222105099e-23
6.50111759e-24
-2.426456359e-22
-7.18328139e-27
4.855474892e-25
7.531933898e-28
5.627640146e-26
-3.069708e-25
-8.055342545e-29
1.234516093e-27
2.906269858e-30
-6.682019731e-30
6.285419948e-26
-8.056058222e-31
-2.178140508e-30
3.42830768e-31
-2.877399679e-32
1.499233234e-27
-4.356344671e-28
3.125390676e-32
-1.79819269e-32
-2.74399478e-33
4.489905482e-29
1.202956759e-29
-7.9283355e-34
-1.009727398e-33
-3.244194676e-34
9.76015175e-32
3.325150336e-31
-1.505909321e-35
-2.750034942e-35
-6.130475799e-36
1.936708261e-32
7.492793733e-33
5.097574297e-37
-1.0288631e-37
1.300919348e-37
4.432390695e-34
1.442673974e-34
-2.070139914e-38
2.863493977e-38
-2.025565908e-38
6.112117256e-36
1.96480648e-36
1.806525935e-38
3.202077224e-38
-1.305845189e-38
6.41668818e-38
4.052779824e-38
1.252633035e-38
1.974253215e-37
-5.690020126e-39
8.018820195e-37
1.12648085e-36
4.678442279e-37
1.426612235e-37
1.123455365e-38
2.392671517e-38
4.971585016e-38
4.798093284e-39
-2.088368501e-38
-1.299411365e-38
5.789779571e-40
-1.056961413e-38
-1.392334434e-38
6.824813016e-38
-7.341301333e-38
-2.478646153e-38
-3.494073898e-38
-3.786893029e-38
-9.469954665e-39
6.058888492e-38
-6.185008279e-49
-1.12458266e-52
-3.195983083e-56
-1.017031345e-59
-3.289642504e-63
-1.041092957e-66
-3.153090383e-70
-8.979964698e-44
-8.459477314e-48
-1.527139813e-51
-3.885671848e-55
-1.14560589e-58
-3.521699907e-62
-1.069953361e-65
-4.858993743e-11
-7.572457558e-12
-6.516046297e-13
5.971240458e-13
1.459180708e-13
2.480612929e-14
2.326530046e-15
9.064716278e-23
1.208681706e-22
-3.067154454e-21
-4.953948914e-21
-1.314604826e-20
-2.476011949e-31
-8.515299467e-35
-1.419471527e-38
-1.136258764e-42
-1.076344208e-46
-1.807773365e-50
-4.350408639e-54
-1.228617677e-57
-3.635567173e-61
-4.77160608e-11
-1.66249387e-11
-3.438153887e-12
1.762737325e-13
9.54465356e-14
-2.388347318e-14
1.68102481e-14
-1.802334395e-25
3.746306576e-24
-1.103214524e-24
4.90295174e-23
-1.515762351e-21
-2.077534232e-20
-9.772817783e-20
1.740225208e-20
-2.606173662e-34
-7.836749176e-38
-1.117711782e-41
-8.383569939e-46
-8.47533821e-50
-1.487434222e-53
-3.606113359e-57
-1.004248911e-60
3.234303317e-12
6.936192202e-13
-1.800803584e-13
-6.469637528e-13
1.18544963e-14
7.902021407e-24
1.32698409e-25
2.180236197e-25
-1.293202627e-24
5.643588808e-24
-4.081524986e-23
-2.889373377e-23
-5.675708599e-22
2.13171082e-20
-5.785081317e-20
-6.603547576e-19
-1.46370398e-34
-3.861609045e-38
-4.776533589e-42
-3.463215993e-46
-3.7151734e-50
-6.708221022e-54
-1.62126135e-57
-5.560447925e-13
5.008199827e-13
1.49938707e-13
3.154113427e-14
1.034198152e-15
5.73947777e-25
3.433909091e-27
-5.307735222e-26
-1.049001604e-24
1.743983621e-23
-1.266964252e-23
-6.595349988e-24
-1.352991945e-23
-8.233123607e-22
-1.811703579e-21
1.490183684e-19
-3.329462607e-34
-1.302243974e-37
-2.934952624e-41
-3.06726145e-45
-2.184188186e-49
-2.512455164e-53
-4.690045388e-57
-4.632179865e-13
4.260980289e-13
-1.059692639e-14
1.120151476e-15
2.469878794e-16
3.50410351e-26
-9.768745324e-28
2.401014202e-27
-2.603481303e-26
6.035609594e-25
-6.96760152e-24
1.617530823e-23
-5.600653793e-24
-2.725443451e-21
-2.294181818e-20
-3.613178988e-19
-3.956261294e-31
-2.025472234e-34
-6.9962757e-38
-1.338611472e-41
-1.182606974e-45
-8.464224269e-50
-1.03003339e-53
3.579159452e-14
1.062267199e-14
6.198212832e-18
-3.076041357e-17
-1.630383253e-17
-8.697700127e-26
-1.036970961e-27
2.80531015e-27
5.371006173e-26
-7.689054521e-25
8.20903155e-24
-1.099308805e-25
1.871843223e-23
1.116682255e-22
-3.930154431e-21
8.914875315e-20
-4.438744043e-19
1.246377805e-19
-1.846023923e-37
-5.560793059e-41
-8.920699426e-45
-6.772154778e-49
-5.011345881e-53
1.146879638e-15
3.449371978e-16
4.123383618e-19
-2.296312493e-20
-2.127905217e-21
-3.797491188e-23
3.838891413e-29
1.882939937e-28
-2.268584642e-27
4.61253023e-26
-4.428439911e-25
-6.586098474e-25
-2.698125401e-25
-1.397002372e-23
-1.554490369e-21
-4.205579559e-20
1.228238768e-19
-4.374189455e-31
-2.469228453e-34
-1.011524734e-37
-2.640163554e-41
-3.508503824e-45
-2.343192227e-49
1.23371723e-17
1.027709672e-17
4.248977306e-19
-8.548375616e-22
-8.420426265e-23
-5.053360515e-24
-2.062519761e-30
9.391839338e-29
-6.509883949e-28
1.597741808e-26
8.055104113e-26
-1.551315293e-25
-5.503146047e-25
-2.437362072e-23
5.572569986e-23
-5.612106885e-22
-8.289445912e-20
-3.572683822e-19
-6.4982169e-20
-2.272574251e-37
-8.222061571e-41
-1.821654653e-44
-1.95905897e-48
1.399870578e-18
2.58265102e-19
2.435972688e-20
-2.729406734e-23
-2.938257678e-24
-2.339949554e-25
-1.098704925e-31
2.767393008e-30
1.526939261e-29
1.259103262e-27
1.056310886e-26
-6.219878103e-25
1.074011438e-23
-4.324905649e-25
-1.740952918e-23
-1.247063405e-21
-2.913962107e-21
-2.228447083e-21
1.105642064e-18
-8.387930865e-19
-1.261640117e-37
-4.013444627e-41
-7.546357037e-45
6.338607817e-20
1.571151853e-21
-5.222497009e-24
-7.74106069e-25
-9.142365393e-26
-7.177399727e-27
-1.03140226e-33
-1.841672138e-31
6.709832033e-30
-8.513689922e-29
-1.109722428e-27
-1.653324514e-27
4.967930985e-25
-3.293469995e-24
-2.116508029e-24
-1.062292478e-23
-3.757321384e-23
4.722370211e-21
1.623692418e-21
-4.434139705e-34
-2.412727916e-37
-9.777917072e-41
-2.68737138e-44
1.291804003e-21
1.218520564e-22
-1.27999915e-25
-2.034608266e-26
-2.601211604e-27
-2.141458931e-28
-6.470079383e-33
1.343798039e-31
1.199921484e-30
-1.749117446e-29
-1.694980135e-28
-1.957391452e-26
-1.252487572e-25
1.111743482e-24
6.80399989e-24
2.27726553e-23
3.77804737e-24
-8.694936658e-22
2.953939111e-20
8.949216006e-19
3.309828166e-18
-2.127105142e-40
-7.621913565e-44
1.56133569e-23
2.972786652e-24
1.186319959e-25
-5.140665456e-28
-6.646113025e-29
-2.081578614e-34
3.004183055e-34
-5.024562729e-33
9.744601671e-33
1.401915522e-30
3.0396976e-30
-1.368787714e-28
-1.251069424e-26
-1.459861915e-25
-2.016366054e-24
-1.041364949e-23
9.102768666e-23
-7.281186612e-23
-1.175434984e-20
1.247392349e-18
7.861852442e-21
-2.518981495e-37
-1.107095274e-40
5.838189592e-26
4.62214512e-26
4.687978949e-27
-1.276304045e-29
-4.375164632e-35
5.004899042e-35
-3.140405737e-34
2.579626635e-33
-5.059995569e-32
1.798185695e-30
5.080263592e-30
-2.653021818e-28
-1.928663297e-26
-1.510182547e-25
-2.719010069e-24
2.521260592e-23
1.704541774e-22
8.942409496e-23
1.679925885e-21
-9.82345448e-21
1.037708927e-18
3.238756867e-18
-2.196307076e-40
8.628557667e-28
8.786133147e-29
7.988864864e-29
-3.005857794e-31
-1.652332178e-36
1.193620814e-37
9.594979235e-36
-2.934745627e-34
4.57404645e-33
-4.64915372e-32
8.512365685e-31
1.436329738e-29
-1.535805073e-28
1.978736603e-27
1.519198284e-26
5.438166214e-25
3.957413386e-24
-1.151318414e-23
1.102199397e-21
-1.001722007e-20
1.242579318e-18
1.650135304e-20
8.683405232e-20
7.482943593e-30
1.747793398e-30
-3.413857021e-32
-2.948822822e-34
2.107295444e-37
2.462166189e-37
7.346827132e-36
2.029102175e-35
-3.696522869e-33
6.108723316e-32
1.525232457e-31
-2.326981953e-29
3.47712577e-28
-1.392533316e-27
4.327210062e-26
1.437841686e-25
7.592336673e-24
3.704814652e-24
5.130316359e-23
8.017980574e-22
2.403678284e-20
5.508375522e-19
5.828603653e-20
-1.29181238e-33
2.461929449e-32
-5.432001914e-34
-7.142518199e-35
2.976398452e-37
1.908646194e-37
6.894266411e-37
-3.428742983e-35
1.671465804e-34
6.577944805e-33
2.261663529e-32
4.036626075e-31
-2.123431445e-30
1.068177037e-28
5.710834016e-28
4.543018503e-26
1.223027577e-25
1.9424223e-24
6.39035896e-25
6.088600014e-22
1.518794302e-21
3.091643688e-20
2.63438003e-21
-1.247634026e-35
1.599765153e-35
1.703332284e-37
6.391477588e-38
6.839039173e-37
7.664880873e-37
-8.330384842e-36
2.453536945e-35
-6.539952605e-35
-5.866941477e-34
1.512499232e-31
8.048178157e-31
1.400176475e-30
4.905972648e-30
4.550724346e-31
2.971361022e-28
1.412656237e-26
9.254398482e-26
3.364573451e-24
5.743300948e-23
4.737190119e-22
4.400088292e-21
6.382622508e-21
2.441063418e-37
-1.689116519e-37
-2.798352424e-37
-6.371195718e-37
-1.366892715e-36
-8.177271117e-36
-1.615105824e-35
1.48766636e-35
1.22231039e-34
-3.637896146e-33
-3.131305528e-32
2.056443633e-32
2.168979042e-31
-4.935158707e-31
8.52227833e-31
1.449441772e-30
1.369544594e-29
1.612081829e-27
-1.096305067e-26
7.277948153e-25
4.202282994e-24
5.522269628e-23
5.490378373e-39
-1.616472473e-38
2.186627419e-38
-3.700126599e-39
1.6244322e-36
-1.051229495e-35
-2.312411825e-34
-5.671504293e-34
2.057389208e-34
4.037248697e-33
-7.043810165e-33
7.165973885e-32
-3.114521845e-31
-6.495483547e-31
-1.267572678e-31
1.007450725e-30
5.097789041e-29
-1.334533118e-31
-3.432900369e-30
9.718131843e-29
-1.418499866e-27
1.109965425e-25
-3.240051687e-38
-8.200536263e-39
3.094495764e-38
-2.142810665e-38
-1.002877304e-36
1.323100086e-35
3.41878463e-34
-7.91774629e-33
3.702924645e-33
1.939110576e-32
-7.614449835e-32
2.204307557e-32
2.116591194e-31
-1.953511498e-30
1.384258617e-31
5.716637626e-30
2.940191123e-29
-8.751337185e-29
-5.975124822e-30
9.646750491e-30
1.788519707e-24
3.53818664e-23
-8.742656078e-39
-5.803266471e-39
-1.688742249e-38
-2.771053707e-37
3.662738862e-36
-5.751351429e-35
6.292193912e-34
3.125824051e-33
-2.687098488e-32
1.028911219e-32
6.097743613e-32
1.645705917e-31
6.303283439e-31
7.378258411e-30
9.286892667e-29
5.722231534e-28
2.95347071e-27
1.337797167e-26
4.562666695e-26
9.371200354e-26
-5.971269373e-25
9.607948932e-40
-8.918169347e-39
3.982445993e-39
-1.217177864e-37
-7.180731366e-36
4.083342118e-35
6.343504568e-34
-1.764934347e-32
-7.932721174e-33
-4.503204669e-32
4.288108137e-31
6.946162227e-32
5.577843269e-32
-5.25702948e-31
6.792707007e-30
3.981580144e-29
2.165593407e-28
1.314253877e-27
4.171668459e-27
7.320626247e-27
9.413055009e-27
-1.68019936e-38
5.312536972e-38
1.176227922e-37
-2.088294539e-36
2.955767943e-35
2.372444706e-34
-1.883111808e-32
8.081386962e-32
-1.86441412e-32
6.284332732e-32
-3.313658431e-31
-3.968261285e-32
-2.952881232e-32
-5.543143803e-32
-7.923651035e-32
-3.462152173e-31
3.549820553e-30
2.214438169e-29
8.325854771e-29
2.229593777e-28
2.912782755e-38
-2.87158821e-38
4.21287494e-37
-1.10138387e-35
6.388107684e-35
-6.257955493e-36
6.563385256e-33
-6.669152439e-32
-5.498423273e-33
8.696992914e-32
-7.977982938e-31
6.530779028e-32
-6.238537566e-32
7.331614843e-31
-2.800871745e-32
-9.206561309e-33
-7.856927124e-32
-2.504524336e-31
-7.73249921e-31
3.930781231e-38
7.023703148e-39
-2.441142551e-36
1.815358302e-35
5.046349968e-34
-7.954145661e-33
-1.313225433e-33
-8.150455891e-32
1.515944782e-32
-5.696651558e-32
1.66383052e-31
-7.121460444e-32
-2.35600146e-32
3.928577425e-31
-4.897315105e-32
-7.448802118e-34
-1.207162119e-32
-1.195181831e-32
4.018538892e-33
-6.333648098e-38
-3.456691602e-37
-2.455360146e-36
2.46421028e-34
-1.464533868e-33
-3.697864474e-32
6.996883054e-32
3.758200223e-32
-8.183392593e-32
7.289899142e-31
-8.339353098e-31
-1.998102786e-32
-3.996778209e-32
-5.048919649e-31
3.674849064e-32
-1.389848531e-33
-2.898638293e-33
-9.040531583e-34
)
;

boundaryField
{
    inletCH4
    {
        type            calculated;
        value           nonuniform List<scalar> 0();
    }
    wallOutside
    {
        type            calculated;
        value           nonuniform List<scalar> 0();
    }
    wallTube
    {
        type            calculated;
        value           nonuniform List<scalar> 0();
    }
    inletPilot
    {
        type            calculated;
        value           nonuniform List<scalar> 0();
    }
    inletAir
    {
        type            calculated;
        value           nonuniform List<scalar> 0();
    }
    outlet
    {
        type            calculated;
        value           nonuniform List<scalar> 0();
    }
    axis
    {
        type            empty;
    }
    frontAndBack_pos
    {
        type            wedge;
    }
    frontAndBack_neg
    {
        type            wedge;
    }
    procBoundary5to1
    {
        type            processor;
        value           uniform 0;
    }
    procBoundary5to2
    {
        type            processor;
        value           uniform 0;
    }
    procBoundary5to3
    {
        type            processor;
        value           nonuniform List<scalar> 
30
(
1.579139906e-10
1.609904308e-10
3.357587042e-10
-7.488176522e-11
3.383146352e-11
1.765520453e-10
-6.95631483e-10
-9.888965552e-10
-1.189042591e-09
-3.926569556e-10
1.39698518e-09
-3.424374585e-39
-8.272018294e-11
-6.162767026e-11
-1.036836882e-11
-7.839754405e-13
-2.905386138e-14
-3.725472951e-15
-2.25710735e-16
-4.649645493e-16
-4.779877221e-22
7.699495957e-21
2.534992128e-21
-4.420576442e-21
-1.49458151e-34
-2.92475983e-38
-2.92475983e-38
4.784437337e-10
-2.125190977e-11
-2.125190977e-11
)
;
    }
    procBoundary5to4
    {
        type            processor;
        value           nonuniform List<scalar> 
46
(
-2.246622311e-38
-2.264126881e-38
-3.096516221e-38
-3.190402203e-38
-3.120903861e-39
-2.51052156e-39
-5.499879292e-39
-6.805211815e-39
-2.249561237e-40
-1.823007625e-38
1.16769066e-37
-1.829699792e-69
-4.753906811e-65
-3.240457114e-19
2.942896635e-20
2.942896635e-20
5.059597544e-20
6.265227435e-21
3.371927007e-22
3.371927007e-22
9.067988631e-23
2.103982577e-24
2.103982577e-24
4.542821601e-26
4.542821601e-26
1.76443988e-27
-1.738052168e-28
-5.840948329e-38
-1.080052667e-35
1.402262677e-35
7.437361578e-34
-1.187455278e-32
2.337473669e-32
1.040079213e-31
1.248184888e-32
9.860091599e-32
-8.358424301e-31
7.545851948e-31
-1.654098513e-31
2.879790204e-31
-2.100345232e-31
3.824125333e-31
-1.25758781e-30
-7.973545225e-30
-1.738052168e-28
-3.648474017e-29
)
;
    }
}
)