/*--------------------------------*- C++ -*----------------------------------*\
  =========                 |
  \\      /  F ield         | OpenFOAM: The Open Source CFD Toolbox
   \\    /   O peration     | Website:  https://openfoam.org
    \\  /    A nd           | Version:  10
     \\/     M anipulation  |
\*---------------------------------------------------------------------------*/
FoamFile
{
    format      binary;
    class       decomposedBlockData;
    location    "/home/zhouyuchen/Desktop/FastChemistrySolver-OpenFOAM-10/EC-CCM/OpenFOAM-10/Sandia/processors6/0.0250188088/H_0";
    object      H_0;
}
// * * * * * * * * * * * * * * * * * * * * * * * * * * * * * * * * * * * * * //


// Processor0

5542
(/*--------------------------------*- C++ -*----------------------------------*\
  =========                 |
  \\      /  F ield         | OpenFOAM: The Open Source CFD Toolbox
   \\    /   O peration     | Website:  https://openfoam.org
    \\  /    A nd           | Version:  10
     \\/     M anipulation  |
\*---------------------------------------------------------------------------*/
FoamFile
{
    format      ascii;
    class       volScalarField;
    location    "0.0250188088";
    object      H_0;
}
// * * * * * * * * * * * * * * * * * * * * * * * * * * * * * * * * * * * * * //

dimensions      [0 0 0 0 0 0 0];

internalField   nonuniform List<scalar> 
864
(
0
0
6.617268103e-16
0
0
0
0
0
0
0
0
0
0
0
0
0
0
0
0
0
0
0
0
0
0
0
0
0
0
0
0
0
6.71515103e-16
0
0
0
0
0
0
0
0
0
0
0
0
0
0
0
0
0
0
0
0
0
0
0
0
0
0
0
0
0
0
0
0
6.813081066e-16
0
0
0
0
0
0
0
0
0
0
0
0
0
0
0
0
0
0
0
0
0
0
0
0
0
0
0
0
0
0
0
0
6.644937759e-16
6.55934218e-16
6.589879628e-16
0
0
0
0
0
0
0
0
0
0
0
0
0
0
0
0
0
0
0
0
0
0
0
0
0
0
0
0
0
6.556192432e-16
6.609905117e-16
0
0
0
0
0
0
0
0
0
0
0
0
0
0
0
0
0
0
0
0
0
0
0
0
0
0
0
0
0
5.14712127e-16
6.569414679e-16
6.641747611e-16
0
6.642812618e-16
0
0
0
0
0
0
0
0
0
0
0
0
0
0
0
0
0
0
0
0
0
0
0
0
0
0
0
0
5.997362384e-16
0
0
6.646729397e-16
0
0
0
0
0
0
0
0
0
0
0
0
0
0
0
0
0
0
0
0
0
0
0
0
0
0
0
0
0
6.72828572e-16
0
0
0
0
0
0
0
0
0
0
0
0
0
0
0
0
0
0
0
0
0
0
0
0
0
0
0
0
0
0
0
6.065258608e-16
0
0
6.629562258e-16
6.584161796e-16
0
0
0
0
0
0
0
0
0
0
0
0
0
0
0
0
0
0
0
0
0
0
0
0
0
0
0
5.318364205e-16
6.743914014e-16
0
0
0
0
0
0
0
0
0
0
0
0
0
0
0
0
0
0
0
0
0
0
0
0
0
0
0
0
0
0
0
5.457316228e-16
0
0
6.626859692e-16
6.586273935e-16
0
0
0
0
0
0
0
0
0
0
0
0
0
0
0
0
0
0
0
0
0
0
0
0
0
0
0
0
6.734836326e-16
0
6.688540636e-16
0
0
0
0
0
0
0
0
0
0
0
0
0
0
0
0
0
0
0
0
0
0
0
0
0
0
0
0
0
6.558860405e-16
6.703114659e-16
0
6.628162585e-16
6.588472215e-16
0
0
0
0
0
0
0
0
0
0
0
0
0
0
0
0
0
0
0
0
0
0
3.066076921e-14
0
0
0
0
5.685799404e-16
6.697281516e-16
0
6.689831333e-16
0
0
0
0
0
0
0
0
0
0
0
0
0
0
0
0
0
0
0
0
0
0
0
1.937030614e-14
0
0
0
0
5.352412817e-16
0
0
0
0
6.641039241e-16
0
0
0
0
0
0
0
0
0
0
0
0
0
0
0
0
0
0
0
0
0
1.963659478e-14
0
0
0
0
0
0
6.796116737e-16
0
6.730313726e-16
0
6.614772908e-16
0
0
0
0
0
0
0
0
0
0
0
0
0
0
0
0
0
0
0
0
9.771738359e-14
3.429019493e-14
0
0
0
0
5.547133478e-16
6.704566374e-16
0
0
0
0
0
0
0
0
0
0
0
0
0
0
0
0
0
0
0
0
0
0
0
0
4.248983895e-14
3.390639825e-14
0
0
0
0
5.04354893e-16
6.727402361e-16
0
0
6.655740578e-16
6.558164341e-16
6.578356503e-16
0
0
0
0
0
0
0
0
0
0
0
0
0
0
0
0
0
0
0
3.997764414e-15
2.028923879e-14
0
0
0
0
0
0
6.817223301e-16
0
0
0
0
0
0
0
0
0
0
0
0
0
0
0
0
0
0
0
0
0
0
0
3.940590782e-14
1.260495063e-13
4.216721447e-14
0
0
0
0
0
0
0
0
6.655639056e-16
6.559177789e-16
6.583873937e-16
0
0
0
0
0
0
0
0
0
0
0
0
0
0
0
0
0
0
4.850938519e-14
1.391091614e-13
5.828470064e-14
0
0
0
0
0
0
0
0
0
0
0
0
0
0
0
0
0
0
0
0
0
0
0
0
0
0
0
0
0
4.001106596e-14
7.400441208e-14
4.358556448e-14
0
0
0
0
0
0
6.69232336e-16
6.711058803e-16
0
6.654163461e-16
6.560508177e-16
6.587696934e-16
0
0
0
0
0
0
0
0
0
0
0
0
0
0
0
0
0
4.348501337e-14
1.067493051e-13
1.872057434e-13
6.874156979e-14
0
0
0
0
0
6.570798689e-16
6.562196496e-16
6.689278081e-16
0
0
0
0
0
0
0
0
0
0
0
0
0
0
0
0
0
0
0
0
3.461150473e-14
6.926251396e-14
1.818901933e-13
8.78121384e-14
0
0
0
0
5.453267161e-16
0
0
6.496819261e-16
6.58215053e-16
6.647239302e-16
0
6.633323214e-16
0
0
0
0
0
0
0
0
0
0
0
0
0
0
0
0
3.490204814e-14
5.723517052e-14
1.592084845e-13
7.187432989e-14
0
0
0
0
0
4.575292971e-13
9.034884327e-13
0
0
0
6.698188763e-16
0
0
0
0
0
0
0
0
0
0
0
0
0
0
0
0
0
3.650347349e-14
5.088047364e-14
1.416062309e-13
6.342881588e-14
0
0
0
2.134027532e-13
6.124881053e-12
1.705649312e-11
2.348967476e-11
2.008185559e-11
9.654443797e-12
3.658134026e-13
0
0
6.626711177e-16
0
0
0
0
0
0
0
0
0
0
0
0
0
0
0
4.107463174e-14
5.888944534e-14
2.279334897e-13
2.659492668e-13
1.039984069e-13
0
0
1.087790229e-12
9.642290528e-12
2.458469512e-11
3.457684689e-11
3.182493778e-11
1.822026656e-11
4.155744385e-12
6.517852112e-16
6.569810738e-16
6.567322383e-16
0
0
0
0
0
0
0
0
0
0
0
0
0
0
0
)
;

boundaryField
{
    inletCH4
    {
        type            fixedValue;
        value           nonuniform List<scalar> 0();
    }
    wallOutside
    {
        type            zeroGradient;
    }
    wallTube
    {
        type            zeroGradient;
    }
    inletPilot
    {
        type            fixedValue;
        value           nonuniform List<scalar> 0();
    }
    inletAir
    {
        type            fixedValue;
        value           nonuniform List<scalar> 0();
    }
    outlet
    {
        type            zeroGradient;
    }
    axis
    {
        type            empty;
    }
    frontAndBack_pos
    {
        type            wedge;
    }
    frontAndBack_neg
    {
        type            wedge;
    }
    procBoundary0to2
    {
        type            processor;
        value           nonuniform List<scalar> 
32
(
6.589072022e-16
0
0
0
0
0
0
0
0
0
0
0
0
0
0
0
0
0
0
0
0
0
0
0
0
0
0
0
0
0
0
0
)
;
    }
    procBoundary0to4
    {
        type            processor;
        value           nonuniform List<scalar> 
27
(
5.683205981e-16
0
0
0
0
0
0
0
0
0
1.148024417e-13
1.609777321e-13
1.497418582e-13
5.223174819e-14
3.477315136e-15
1.983594607e-14
4.34562644e-14
3.869705972e-14
2.85016312e-14
3.232367141e-14
3.284814636e-14
3.178810075e-14
3.226382045e-14
3.200294644e-14
3.291821505e-14
3.423582898e-14
3.633049123e-14
)
;
    }
}


// ************************************************************************* //
)

// Processor1

1085
(dimensions      [0 0 0 0 0 0 0];

internalField   uniform 0;

boundaryField
{
    inletCH4
    {
        type            fixedValue;
        value           nonuniform List<scalar> 0();
    }
    wallOutside
    {
        type            zeroGradient;
    }
    wallTube
    {
        type            zeroGradient;
    }
    inletPilot
    {
        type            fixedValue;
        value           nonuniform List<scalar> 0();
    }
    inletAir
    {
        type            fixedValue;
        value           uniform 0;
    }
    outlet
    {
        type            zeroGradient;
    }
    axis
    {
        type            empty;
    }
    frontAndBack_pos
    {
        type            wedge;
    }
    frontAndBack_neg
    {
        type            wedge;
    }
    procBoundary1to2
    {
        type            processor;
        value           uniform 0;
    }
    procBoundary1to3
    {
        type            processor;
        value           uniform 0;
    }
    procBoundary1to5
    {
        type            processor;
        value           uniform 0;
    }
}
)

// Processor2

3313
(dimensions      [0 0 0 0 0 0 0];

internalField   nonuniform List<scalar> 
861
(
0
0
0
0
0
0
0
0
0
0
0
0
0
0
0
0
0
0
0
0
0
0
0
0
0
0
0
0
0
0
0
0
0
0
0
0
0
0
0
0
0
0
0
0
0
0
0
0
0
0
0
0
0
0
0
0
0
0
0
0
0
0
0
0
0
0
0
0
0
0
0
0
0
0
0
0
0
0
0
0
0
0
0
0
0
0
0
0
0
0
0
0
0
0
0
0
0
0
0
0
0
0
0
0
0
0
0
0
0
0
0
0
0
0
0
0
0
0
0
0
0
0
0
0
0
0
0
0
0
0
0
0
0
0
0
0
0
0
0
0
0
0
0
0
0
0
0
0
0
0
0
0
0
0
0
0
0
0
0
0
0
0
0
0
0
0
0
0
0
0
0
0
0
0
0
0
0
0
0
0
0
0
0
0
0
0
0
0
0
0
0
0
0
0
0
0
0
0
0
0
0
0
0
0
0
0
0
0
0
0
0
0
0
0
0
0
0
0
0
0
0
0
0
0
0
0
0
0
0
0
0
0
0
0
0
0
0
0
0
0
0
0
0
0
0
0
0
0
0
0
0
0
0
0
0
0
0
0
0
0
0
0
0
0
0
0
0
0
0
0
0
0
0
0
0
0
0
0
0
0
0
0
0
0
0
0
0
0
0
0
0
0
0
0
0
0
0
0
0
0
0
0
0
0
0
0
0
0
0
0
0
0
0
0
0
0
0
0
0
0
0
0
0
0
0
0
0
0
0
0
0
0
0
0
0
0
0
0
0
0
0
0
0
0
0
0
0
0
0
0
0
0
0
0
0
0
0
0
0
0
0
0
0
0
0
0
0
0
0
0
0
0
0
0
0
0
0
0
0
0
0
0
0
0
0
0
0
0
0
0
0
0
0
0
0
0
0
0
0
0
0
0
0
0
0
0
0
0
0
0
0
0
0
0
0
0
0
0
0
0
0
0
0
0
0
0
0
0
0
0
0
0
0
0
0
0
0
0
0
0
0
0
0
0
0
0
0
0
0
0
0
0
0
0
0
0
0
0
0
0
0
0
0
0
0
0
0
0
0
0
0
0
0
0
0
0
0
0
0
0
0
0
0
0
0
0
0
0
0
0
0
0
0
0
0
0
0
0
0
0
0
0
0
0
0
0
0
0
0
0
0
0
0
0
0
6.608256349e-16
0
0
0
0
0
0
0
0
0
0
0
0
0
0
0
0
0
0
0
0
0
0
0
0
0
0
0
0
0
0
0
0
0
0
0
0
0
6.647080732e-16
0
0
0
0
0
0
0
0
0
0
0
0
0
0
0
0
0
0
0
0
0
0
0
0
0
0
0
0
0
0
0
0
0
0
0
0
6.666189288e-16
0
0
0
0
0
0
0
0
0
0
0
0
0
0
0
0
0
0
0
0
0
0
0
0
0
0
0
0
0
0
0
0
0
0
0
6.459967395e-16
0
0
0
0
0
0
0
0
0
0
0
0
0
0
0
0
0
0
0
0
0
0
0
0
0
0
0
0
0
0
0
0
0
0
0
0
0
0
0
6.64665533e-16
0
0
0
0
0
0
0
0
0
0
0
0
0
0
0
0
0
0
0
0
0
0
0
0
0
0
0
0
0
0
0
0
0
0
0
0
0
0
0
0
0
0
0
0
0
0
0
0
0
0
0
0
0
0
0
0
0
0
0
0
0
0
0
0
0
0
0
0
0
0
0
0
0
0
0
0
0
0
0
0
0
0
0
0
0
0
0
0
0
0
0
0
0
0
0
0
0
0
6.610331674e-16
0
0
0
0
0
0
0
0
0
0
0
0
0
0
0
0
0
0
0
0
0
0
0
0
0
0
0
0
0
0
0
6.574457972e-16
0
0
0
0
0
0
0
0
0
0
0
0
0
0
0
0
0
0
0
0
0
0
0
0
0
0
0
0
0
0
0
6.589072022e-16
0
0
0
0
0
0
0
0
0
0
0
0
0
0
0
0
0
0
0
0
0
0
0
0
0
0
0
0
0
0
0
)
;

boundaryField
{
    inletCH4
    {
        type            fixedValue;
        value           nonuniform List<scalar> 0();
    }
    wallOutside
    {
        type            zeroGradient;
    }
    wallTube
    {
        type            zeroGradient;
    }
    inletPilot
    {
        type            fixedValue;
        value           nonuniform List<scalar> 0();
    }
    inletAir
    {
        type            fixedValue;
        value           nonuniform List<scalar> 0();
    }
    outlet
    {
        type            zeroGradient;
    }
    axis
    {
        type            empty;
    }
    frontAndBack_pos
    {
        type            wedge;
    }
    frontAndBack_neg
    {
        type            wedge;
    }
    procBoundary2to0
    {
        type            processor;
        value           nonuniform List<scalar> 
32
(
0
0
6.617268103e-16
0
0
0
0
0
0
0
0
0
0
0
0
0
0
0
0
0
0
0
0
0
0
0
0
0
0
0
0
0
)
;
    }
    procBoundary2to1
    {
        type            processor;
        value           uniform 0;
    }
    procBoundary2to4
    {
        type            processor;
        value           nonuniform List<scalar> 10(0 0 0 6.588257301e-16 6.588257301e-16 0 0 0 6.582167064e-16 0);
    }
    procBoundary2to5
    {
        type            processor;
        value           nonuniform List<scalar> 
16
(
0
0
0
0
0
0
0
0
0
0
0
0
6.072250792e-16
0
0
0
)
;
    }
}
)

// Processor3

10400
(dimensions      [0 0 0 0 0 0 0];

internalField   nonuniform List<scalar> 
861
(
0
0
0
0
0
0
0
0
0
0
0
0
0
0
0
0
0
0
0
0
0
0
0
0
0
0
0
0
0
0
0
0
0
0
0
0
0
0
0
0
0
0
0
0
0
0
0
0
0
0
0
0
0
0
0
0
0
0
0
0
0
0
0
0
0
0
0
0
0
0
0
0
0
0
0
0
0
0
0
0
0
0
0
0
0
0
0
0
0
0
0
0
0
0
0
0
0
0
2.656057079e-11
4.243585567e-10
1.050323067e-05
1.04929931e-05
1.049158735e-05
1.049923134e-05
1.050110461e-05
4.956361319e-06
5.489877583e-06
5.478310208e-06
5.432695363e-06
4.703854413e-06
2.820343154e-06
3.294282104e-06
3.286278004e-06
3.116221126e-06
2.507708255e-06
1.810462664e-06
2.198889882e-06
2.203490401e-06
1.989797363e-06
1.571965722e-06
1.270381017e-06
1.576268568e-06
1.581205019e-06
1.394476012e-06
1.053750304e-06
9.972281036e-07
1.214591962e-06
1.233989905e-06
1.063469497e-06
8.146231471e-07
7.824885754e-07
9.94511488e-07
1.012394073e-06
8.867786236e-07
7.446293723e-07
6.956212295e-07
8.116421397e-07
8.298092121e-07
7.847977601e-07
6.799677533e-07
6.687859616e-07
7.378287786e-07
7.454338085e-07
6.943618789e-07
6.115175742e-07
6.216713923e-07
6.754285784e-07
6.747853194e-07
6.320848463e-07
5.809503843e-07
5.921667969e-07
6.326340769e-07
6.267095493e-07
5.837572208e-07
5.582056623e-07
5.64458373e-07
5.92959507e-07
5.864779154e-07
5.626072777e-07
5.401044875e-07
5.452283078e-07
5.690843288e-07
5.665566875e-07
5.495791008e-07
5.252696824e-07
5.289319738e-07
5.526239232e-07
5.530385843e-07
5.380671395e-07
5.12311054e-07
5.143496548e-07
5.386688876e-07
5.402862451e-07
5.245320993e-07
5.057536964e-07
5.050449455e-07
5.241407288e-07
5.255875461e-07
5.092499835e-07
4.9315157e-07
4.961658059e-07
5.096322702e-07
5.108099131e-07
4.994796209e-07
4.789835331e-07
4.866962488e-07
5.017193942e-07
5.018202902e-07
4.874125188e-07
4.67559951e-07
5.152772638e-07
5.000082572e-07
4.921671742e-07
4.737214239e-07
4.540929748e-07
4.995425644e-06
1.161120605e-06
6.343806418e-07
4.788478458e-07
4.409677815e-07
0
3.890732064e-13
7.17893072e-10
1.15712799e-08
2.948290564e-07
0
3.800824801e-11
1.19144341e-09
8.248559625e-09
1.512986466e-07
0
6.007428943e-11
9.999024633e-10
5.491777529e-09
7.768327074e-08
0
5.187731988e-11
5.627655835e-10
3.910627911e-09
4.816869757e-08
0
0
0
2.966752249e-09
3.259266696e-08
0
0
0
2.583380888e-09
2.538336944e-08
0
0
1.076235845e-10
2.743674011e-09
2.512115504e-08
0
0
2.272152513e-10
3.084044453e-09
2.526647336e-08
0
0
3.148049462e-10
3.380119742e-09
2.456746438e-08
0
5.292624976e-13
3.628521883e-10
3.151264735e-09
1.957956021e-08
0
4.779956381e-11
4.577525761e-10
3.484800648e-09
2.051441827e-08
4.342982259e-12
6.762140684e-11
5.978755215e-10
4.05088529e-09
2.195641793e-08
1.271294736e-13
9.456170295e-11
6.944378563e-10
4.049225871e-09
1.921101673e-08
2.070403379e-11
1.312153452e-10
8.233669727e-10
4.345116027e-09
1.918637033e-08
4.512812433e-11
1.919921043e-10
1.024902172e-09
4.87921692e-09
1.989959943e-08
8.206557056e-11
2.760293414e-10
1.257696983e-09
5.314767996e-09
1.947010446e-08
1.712184825e-10
4.734141434e-10
1.799365308e-09
6.685601904e-09
2.246324511e-08
3.902793981e-10
8.883517442e-10
2.777166988e-09
8.058526569e-09
2.306888814e-08
7.487394517e-10
1.475477743e-09
4.4989989e-09
1.296082548e-08
4.015874117e-08
1.782200607e-09
3.022890146e-09
7.13813113e-09
1.86282158e-08
5.217584089e-08
3.249017783e-09
4.579683374e-09
8.368308065e-09
1.720026754e-08
3.785395999e-08
4.790242591e-09
5.766241874e-09
8.223445783e-09
1.295041046e-08
2.167564087e-08
4.735557876e-09
5.22459649e-09
6.358441111e-09
8.253388412e-09
1.114739524e-08
2.881573883e-09
3.042090279e-09
3.353274853e-09
3.789550839e-09
4.360368836e-09
1.043076621e-09
1.061518493e-09
1.091659402e-09
1.129431817e-09
1.156801952e-09
2.533925137e-06
9.022198992e-07
4.216249992e-07
2.615423223e-07
1.646020488e-07
1.24225138e-07
1.20965373e-07
1.114836004e-07
9.911856943e-08
6.847339837e-08
7.197533648e-08
7.200901879e-08
5.59371725e-08
5.425241486e-08
5.39645778e-08
4.907908026e-08
5.32030055e-08
6.559132893e-08
9.878785284e-08
1.195507805e-07
7.059722599e-08
3.246440749e-08
1.402596571e-08
4.840660013e-09
1.180173348e-09
1.058593808e-05
0.0001390172431
1.472781928e-05
1.360763445e-06
2.282565e-07
3.056665821e-06
2.24920124e-05
8.904212219e-05
9.632906522e-06
3.83134431e-07
1.566727576e-06
1.523599677e-05
0.0001732113284
3.599525113e-05
1.46796504e-06
1.0142453e-06
9.931006642e-06
9.446117266e-05
7.702428495e-05
7.326729928e-06
6.04835141e-07
5.22193042e-06
4.046022467e-05
0.0001312157731
2.331615253e-05
4.523033674e-07
3.951602522e-06
3.11962255e-05
0.0001842493968
5.109316618e-05
4.390483878e-07
3.84660892e-06
2.978735816e-05
0.0002011340094
8.916839242e-05
3.793943705e-07
2.984500132e-06
2.05777213e-05
0.0001271370452
0.0001251053073
3.194653533e-07
1.98456821e-06
1.21694649e-05
6.66243649e-05
0.000159696029
1.989783147e-07
1.510968794e-06
9.185301096e-06
5.190486892e-05
0.0001876288208
2.174680738e-07
1.366650155e-06
8.190577728e-06
4.580560657e-05
0.0001924463817
2.057978487e-07
1.200699719e-06
6.792973957e-06
3.565613888e-05
0.0001500196733
1.468208856e-07
9.684846334e-07
4.741148164e-06
2.240160362e-05
8.567786813e-05
1.424953711e-07
7.984584035e-07
3.642419469e-06
1.67509236e-05
6.527626958e-05
1.283332098e-07
6.535650798e-07
3.190520058e-06
1.453961349e-05
5.789803201e-05
1.196836357e-07
5.90492353e-07
3.006064992e-06
1.332108403e-05
5.252544047e-05
1.255512179e-07
5.898663443e-07
2.893419802e-06
1.231511026e-05
4.72442191e-05
1.572252887e-07
7.347011852e-07
3.279180106e-06
1.378048711e-05
5.299180887e-05
2.302850408e-07
1.056665081e-06
4.601898635e-06
1.896514039e-05
7.083969456e-05
2.818931691e-07
1.330888362e-06
6.335592926e-06
3.16785096e-05
0.0001696403094
1.416020779e-07
4.775015201e-07
1.549526242e-06
4.838085942e-06
1.397090873e-05
5.356403683e-08
1.275897928e-07
2.970025936e-07
6.525043191e-07
1.255728137e-06
1.92415301e-08
3.217639308e-08
5.26435892e-08
8.226373474e-08
1.151621003e-07
5.750642287e-09
7.108487801e-09
8.36855746e-09
9.597647652e-09
1.044906225e-08
1.282765237e-09
1.2790549e-09
1.195113613e-09
1.081397464e-09
9.554571827e-10
6.184165021e-10
1.401395748e-11
0
0
0
0
0
0
0
0
0
0
0
0
0
0
1.529585469e-09
4.638053318e-11
0
0
0
0
0
0
0
0
0
0
0
0
0
0
8.363288046e-09
0
0
0
0
0
0
0
0
0
0
0
0
0
0
0
1.211324681e-07
4.47622974e-10
1.869212689e-11
0
0
0
0
0
0
0
0
0
0
0
0
0
8.101951891e-07
6.832105972e-09
5.040781389e-11
0
0
0
0
0
0
0
0
0
0
0
0
0
3.676236294e-06
7.758075523e-08
4.951687747e-10
6.687352905e-11
0
0
0
0
0
0
0
0
0
0
0
0
1.077237422e-05
4.337590033e-07
6.613856916e-09
3.522038224e-11
4.731650114e-12
0
0
0
0
0
0
0
0
0
0
0
2.337283118e-05
1.576115418e-06
4.674791299e-08
5.53436531e-10
0
0
0
0
0
0
0
0
0
0
0
0
4.361322206e-05
4.49667005e-06
2.195802682e-07
5.615068683e-09
6.379906664e-11
1.209320175e-11
0
0
0
0
0
0
0
0
0
0
7.102336662e-05
1.039822353e-05
7.416279949e-07
2.971026674e-08
6.681942639e-10
6.903497005e-12
0
0
0
0
0
0
0
0
0
0
0.0001020883261
2.123990491e-05
2.212960397e-06
1.269299158e-07
4.249021581e-09
7.31992465e-11
1.4494638e-11
0
0
0
0
0
0
0
0
0
0.0001298051981
3.59526683e-05
5.328800678e-06
4.179420471e-07
1.896446221e-08
4.711412267e-10
5.275341961e-12
6.562449233e-13
0
0
0
0
0
0
0
0
0.0001549679389
5.527482443e-05
1.081828428e-05
1.163970281e-06
6.806643551e-08
2.189445371e-09
3.521689363e-11
8.809220078e-12
0
0
0
0
0
0
0
0
0.0001768677653
7.927691564e-05
1.916059286e-05
2.813894645e-06
2.064254837e-07
8.356739929e-09
1.855793967e-10
3.349836787e-11
3.366706665e-13
0
0
0
0
0
0
0
0.0001881523008
0.0001068354917
3.218015328e-05
5.996290662e-06
5.134601769e-07
2.445796219e-08
6.938001995e-10
1.246614159e-11
3.897881129e-12
0
0
0
0
0
0
0
0.000181152502
0.0001361452062
4.8127886e-05
1.040221568e-05
9.444237895e-07
4.876542633e-08
1.640669836e-09
1.96665958e-11
4.802790056e-12
0
0
0
0
0
0
0
0.0001650650532
0.0001511753554
5.885524185e-05
1.289376419e-05
1.097288699e-06
5.694243157e-08
2.140554588e-09
8.169456272e-11
6.011845023e-12
0
0
0
0
0
0
0
0.0001872000092
0.0001481000193
5.352758603e-05
7.702097253e-06
5.634282938e-07
2.874504005e-08
1.180220132e-09
3.962267856e-11
2.11089105e-12
0
6.702637496e-16
0
0
0
0
0
0.0002056137765
0.0001130152703
3.193033528e-05
2.876175543e-06
1.806544622e-07
9.109669276e-09
3.874359131e-10
3.966548907e-11
2.950580495e-12
0
6.306869222e-16
6.752386802e-16
0
0
0
0
0.0001963638902
8.234438599e-05
8.092686523e-06
6.202448481e-07
3.877279941e-08
2.057769805e-09
9.454146252e-11
6.227306674e-12
1.342538074e-12
0
0
6.751509323e-16
0
0
0
0
1.588883246e-05
5.922392552e-06
8.478113974e-07
8.316573948e-08
6.382177913e-09
4.084123184e-10
2.733483438e-11
0
1.335052766e-13
0
0
0
0
6.758128567e-16
0
0
1.31535168e-06
4.684906407e-07
8.275927516e-08
1.001348059e-08
9.328959116e-10
7.072646315e-11
0
6.012022562e-14
8.51557973e-15
0
0
0
0
6.705611048e-16
0
0
1.072679915e-07
3.908861057e-08
7.981193374e-09
1.131273475e-09
1.234199775e-10
1.115837094e-11
1.584559941e-12
1.058151816e-13
6.260121665e-15
0
0
0
0
0
6.726998288e-16
0
8.689203454e-09
3.290640237e-09
7.472922739e-10
1.202772368e-10
1.51150466e-11
1.55353278e-12
0
0
2.265452905e-15
1.847413954e-15
1.922093813e-14
0
0
0
0
6.587317047e-16
7.020495582e-10
2.708744809e-10
)
;

boundaryField
{
    inletCH4
    {
        type            fixedValue;
        value           uniform 0;
    }
    wallOutside
    {
        type            zeroGradient;
    }
    wallTube
    {
        type            zeroGradient;
    }
    inletPilot
    {
        type            fixedValue;
        value           uniform 2.48e-05;
    }
    inletAir
    {
        type            fixedValue;
        value           uniform 0;
    }
    outlet
    {
        type            zeroGradient;
    }
    axis
    {
        type            empty;
    }
    frontAndBack_pos
    {
        type            wedge;
    }
    frontAndBack_neg
    {
        type            wedge;
    }
    procBoundary3to1
    {
        type            processor;
        value           uniform 0;
    }
    procBoundary3to5
    {
        type            processor;
        value           nonuniform List<scalar> 
30
(
2.331453458e-10
2.326844301e-10
2.3199149e-10
2.261942796e-10
2.151093515e-10
2.082048763e-10
2.079256356e-10
1.846455872e-10
1.479254027e-10
1.099354772e-10
7.792304284e-11
0
5.229893188e-11
9.537232034e-12
1.422410624e-12
2.534177755e-13
4.356080056e-14
6.662047562e-15
1.06674315e-15
1.098906765e-15
1.026336628e-15
1.551096703e-16
0
0
0
0
0
4.825524225e-11
5.229893188e-11
1.859546886e-11
)
;
    }
}
)

// Processor4

13338
(dimensions      [0 0 0 0 0 0 0];

internalField   nonuniform List<scalar> 
862
(
0
0
0
0
0
3.162597061e-19
4.4739873e-19
1.135018577e-18
2.892416925e-18
6.690382096e-18
2.032836945e-18
1.940268603e-18
2.056614829e-18
2.73274125e-18
4.701567845e-18
5.292044153e-18
5.504503736e-18
5.969218534e-18
6.288153876e-18
6.164973548e-18
2.681900241e-17
2.78870901e-17
3.011888354e-17
3.29562247e-17
3.52678195e-17
6.645939053e-17
6.767563499e-17
7.067227556e-17
7.038818303e-17
6.496516069e-17
6.229542909e-18
5.936975538e-18
5.403175499e-18
4.649892773e-18
3.932344813e-18
0
0
0
0
0
0
1.368280439e-19
1.349298365e-18
3.709293962e-18
7.867113742e-18
1.449236203e-16
1.461958517e-16
1.488790774e-16
1.526917669e-16
1.572862042e-16
4.376184356e-16
4.374747024e-16
4.364516122e-16
4.333427857e-16
4.275019087e-16
7.915134531e-16
7.85543554e-16
7.724101685e-16
7.520484759e-16
7.241587556e-16
6.661360392e-16
6.714439591e-16
6.8232739e-16
6.929597722e-16
6.802036219e-16
8.391773837e-16
8.371618234e-16
8.330694074e-16
8.268101542e-16
8.169650751e-16
9.13357267e-16
9.069077058e-16
8.933416471e-16
8.734162705e-16
8.469940513e-16
1.239235036e-15
1.231752298e-15
1.215794736e-15
1.191745939e-15
1.158610679e-15
2.491582943e-15
2.471937533e-15
2.431251059e-15
2.372936745e-15
2.298696115e-15
4.030624893e-15
4.014145477e-15
3.979653375e-15
3.928337906e-15
3.859265158e-15
5.985095248e-15
5.966420508e-15
5.927564458e-15
5.869979561e-15
5.792159285e-15
7.217438804e-15
7.202972641e-15
7.173770964e-15
7.132260724e-15
7.079299857e-15
0
1.095789061e-17
6.972884591e-18
5.329549337e-18
3.47441715e-17
5.771376002e-17
3.764073252e-18
0
1.221699417e-17
1.602131364e-16
4.211069947e-16
7.002888179e-16
6.532874848e-16
8.047466275e-16
8.228863106e-16
1.126947544e-15
2.235080686e-15
3.793489494e-15
5.715424805e-15
7.029654606e-15
0
0
0
1.28200715e-17
2.657094059e-17
1.308889387e-17
2.552292988e-17
4.425321997e-17
6.797761628e-17
9.398353282e-17
5.694698167e-18
8.926742659e-18
1.319618007e-17
1.813013726e-17
3.909231152e-17
0
4.295494662e-18
4.101875479e-18
4.888420787e-18
9.657796634e-18
3.267501862e-17
2.694298939e-17
2.554600466e-17
1.95914777e-17
8.547641734e-18
4.1313871e-17
2.272792792e-17
8.090472569e-18
1.225397425e-18
0
7.887875413e-19
0
0
0
0
0
0
3.265577272e-19
4.917951705e-18
1.148368754e-17
1.647916034e-17
2.83940003e-17
4.212558865e-17
6.250564885e-17
6.773261227e-17
1.645521116e-16
1.703041944e-16
1.719559719e-16
1.656085428e-16
1.461803003e-16
4.089457204e-16
3.860403993e-16
3.521234829e-16
3.091937457e-16
2.651598129e-16
6.607805305e-16
5.969162756e-16
5.431863529e-16
5.199131673e-16
5.076712379e-16
6.264322715e-16
7.549092172e-16
6.550096963e-16
5.652361204e-16
4.896641066e-16
7.769040518e-16
7.285901513e-16
6.641129709e-16
5.896397853e-16
5.071619275e-16
7.783140349e-16
7.024820135e-16
6.185825368e-16
5.250294607e-16
4.223464884e-16
1.067058521e-15
9.553959611e-16
8.159790728e-16
6.281605135e-16
4.481539828e-16
2.110100245e-15
1.90072801e-15
1.64385589e-15
1.374115346e-15
1.082633695e-15
3.652250065e-15
3.414766813e-15
3.19313845e-15
2.966657194e-15
2.724664152e-15
5.552240356e-15
5.295779459e-15
5.048335038e-15
4.847459212e-15
4.705987188e-15
6.920792635e-15
6.81950839e-15
6.739127083e-15
6.7111961e-15
6.731579323e-15
0
0
0
6.588257301e-16
0
0
0
0
0
0
0
0
6.230265879e-16
0
1.669996346e-15
0
0
0
5.722538537e-16
6.582167064e-16
0
0
0
0
0
0
0
0
0
0
0
5.683205981e-16
3.126803599e-14
2.549305696e-14
0
0
0
0
0
2.906703501e-14
2.63335646e-14
0
0
0
0
0
6.398632346e-15
2.876879358e-14
2.726638453e-14
0
9.018779043e-15
0
0
0
7.636689603e-15
7.691217092e-15
2.898473993e-14
3.168803864e-14
2.56803409e-14
0
0
0
0
8.327238818e-15
9.233948227e-15
7.833765342e-15
2.855964634e-14
2.745421353e-14
0
1.068507651e-14
0
0
2.80462421e-16
2.874032473e-15
6.135610754e-15
6.65411523e-15
2.870674682e-14
2.851662337e-14
0
1.629307438e-14
0
0
3.887003372e-17
4.836939877e-17
6.620770803e-17
1.213145611e-16
1.807167487e-16
2.205905811e-16
2.225477912e-16
1.866230829e-16
1.047266092e-16
2.987818012e-16
3.437029174e-16
2.721859308e-16
2.097299491e-17
2.614104224e-17
6.199906231e-16
0
2.785692986e-16
1.9644111e-16
2.253110387e-16
2.91218208e-16
4.32764587e-15
6.334658155e-15
2.84735834e-14
3.179078493e-14
2.620478453e-14
0
0
0
1.238615869e-16
1.75049107e-16
2.514013014e-16
3.663685287e-16
4.620172028e-16
5.19420654e-16
5.137568852e-16
4.162282435e-16
3.870139445e-16
6.388527834e-16
6.441117223e-16
4.435792047e-16
6.288038645e-17
9.003512446e-18
2.969225239e-16
0
2.769928538e-16
1.831900676e-16
2.921325289e-16
1.123319882e-15
7.023218712e-15
8.362424586e-15
7.710971817e-15
2.873492622e-14
2.72456892e-14
0
1.190884979e-14
0
7.52512952e-17
1.31201543e-16
2.227891419e-16
3.108190888e-16
3.85068151e-16
4.241514859e-16
4.059833994e-16
2.758963619e-16
4.266169921e-16
4.72315295e-16
3.567392942e-16
1.346258728e-16
1.773275904e-18
0
6.386683658e-17
0
5.400025495e-16
9.565751169e-16
9.399757211e-16
3.921024923e-15
1.029278403e-14
1.238799914e-14
1.022188859e-14
2.942049916e-14
3.051502714e-14
2.005451606e-14
2.011457635e-14
0
1.037508861e-17
3.336867397e-17
5.777318544e-17
8.37036532e-17
1.015582841e-16
1.013035715e-16
4.826819309e-17
1.752340215e-18
1.635376468e-16
2.894176803e-16
3.506239279e-16
4.1930449e-16
6.866014848e-16
1.385902104e-15
2.251919805e-15
3.477147995e-15
8.310319974e-15
1.171240726e-14
1.378373381e-14
1.672031261e-14
2.030817122e-14
2.374182811e-14
1.87672744e-14
3.139429405e-14
3.338390143e-14
3.695680191e-14
3.426084702e-14
1.148024417e-13
2.277584993e-18
3.299745564e-18
9.164454517e-18
1.954701885e-17
4.09979963e-17
4.25361532e-17
1.913378678e-17
3.241109025e-16
7.312703857e-16
1.267478523e-15
2.023076004e-15
3.333503284e-15
5.442492986e-15
8.462116973e-15
1.229523039e-14
1.74091784e-14
2.67337255e-14
3.443309912e-14
3.942234341e-14
4.394020892e-14
4.65800332e-14
4.924182773e-14
3.756050552e-14
2.803983007e-14
3.339763318e-14
3.096775205e-14
0
1.609777321e-13
0
0
0
1.357012313e-17
2.08717435e-17
5.998485733e-17
2.06981552e-16
5.242307028e-16
1.056444018e-15
1.772879635e-15
2.731915913e-15
4.291511246e-15
6.514679445e-15
9.421088663e-15
1.274277857e-14
2.288416898e-14
3.614704233e-14
4.641801646e-14
5.202313505e-14
5.547074826e-14
5.592483131e-14
5.969339681e-14
5.186123323e-14
3.378236424e-14
3.45372967e-14
3.5259221e-14
4.909219149e-14
1.497418582e-13
0
2.486845635e-18
1.553072313e-17
1.3880862e-17
8.798428851e-18
0
1.281642919e-16
3.72471465e-16
7.165194416e-16
1.169448677e-15
1.886157571e-15
3.085380632e-15
4.911231133e-15
7.474824917e-15
1.078069749e-14
1.93564108e-14
3.000218001e-14
3.753118775e-14
4.016229861e-14
4.070045922e-14
3.888096125e-14
4.222598555e-14
3.686871704e-14
2.4808117e-14
3.268664549e-14
3.279541198e-14
3.934447055e-14
5.223174819e-14
2.78886521e-17
2.925893032e-17
2.407498847e-17
1.566729012e-17
0
0
2.526239439e-18
4.393034401e-17
8.200218925e-17
7.864287463e-17
1.944804782e-16
5.965236236e-16
1.357554108e-15
2.526976178e-15
3.84410333e-15
9.522766377e-15
1.537090871e-14
1.863057653e-14
1.769558157e-14
1.582109376e-14
1.336873114e-14
1.709281803e-14
1.603486188e-14
1.207421251e-14
2.946716185e-14
3.255336345e-14
2.768413236e-14
3.477315136e-15
6.582404135e-17
5.373754968e-17
3.455401409e-17
1.890748577e-17
7.168143881e-17
1.474641736e-17
0
0
0
0
0
0
2.040027719e-17
9.161981735e-17
1.442268675e-16
2.878248351e-15
4.835049474e-15
5.470028718e-15
3.587957499e-15
2.631509059e-15
2.192527489e-15
7.172523237e-15
1.082180283e-14
9.764503513e-15
1.814721286e-14
3.094289247e-14
3.058274835e-14
1.983594607e-14
1.121122165e-16
5.612192483e-17
0
0
0
0
0
0
0
0
0
0
0
0
0
5.477329847e-16
8.004234352e-16
6.934634439e-16
2.670994758e-16
2.454255353e-16
0
3.434957926e-15
9.409515623e-15
9.523887706e-15
7.64985025e-15
2.925515283e-14
3.417183091e-14
4.34562644e-14
2.354481236e-16
2.505682476e-16
1.115497518e-16
4.419010136e-17
1.222525183e-17
0
0
0
0
0
0
0
0
0
0
4.132723911e-16
5.710513565e-16
4.507249569e-16
2.027675634e-16
2.229610569e-16
7.178818713e-16
8.06084359e-15
1.110476748e-14
9.695895452e-15
7.310274654e-15
2.89013566e-14
3.289792669e-14
3.869705972e-14
3.697391998e-16
2.678235571e-16
1.842001511e-16
1.192503466e-16
6.822929589e-17
5.399726702e-18
0
0
0
0
0
4.532145376e-18
7.54682182e-17
2.341365266e-16
0
5.056123683e-16
5.795485712e-16
4.449149304e-16
1.987609454e-16
2.473869918e-16
1.242816179e-16
8.332009154e-15
1.14123636e-14
9.875490975e-15
7.334061663e-15
2.889569648e-14
3.226045304e-14
2.85016312e-14
4.049582408e-16
3.161516864e-16
2.31040205e-16
1.506355819e-16
5.624431261e-17
0
0
0
0
0
0
0
0
0
3.846259162e-16
5.749622417e-16
5.847695058e-16
4.444931314e-16
1.92667477e-16
2.410451843e-16
7.272649549e-16
9.177999623e-15
1.246807652e-14
1.100078673e-14
7.960688242e-15
2.614869211e-14
3.193239968e-14
3.232367141e-14
4.075783494e-16
2.931955084e-16
1.772726465e-16
4.987000665e-17
0
0
0
0
0
0
0
0
0
0
4.028837654e-16
5.784905566e-16
5.852386551e-16
4.457154099e-16
2.146590443e-16
2.911751185e-16
2.540690567e-15
1.057199092e-14
1.388282605e-14
1.294644918e-14
1.003292671e-14
1.794213554e-14
3.116867161e-14
3.284814636e-14
3.002175263e-16
1.502053385e-16
5.280941152e-17
0
0
0
0
0
0
0
0
1.038053067e-16
3.83472652e-16
5.844270617e-16
6.119452773e-16
6.083411658e-16
6.104209263e-16
5.297377055e-16
2.797876563e-16
3.926333415e-16
3.615098164e-15
1.154209863e-14
1.4656154e-14
1.408038847e-14
1.152007961e-14
8.640972704e-15
2.945361842e-14
3.178810075e-14
2.562630236e-16
5.816153357e-17
0
0
0
0
0
0
0
0
1.787452569e-18
7.01049598e-17
4.90433158e-16
5.565353749e-16
6.09305694e-16
6.132214495e-16
6.13001921e-16
5.326633181e-16
1.873500151e-16
2.174341537e-15
8.760523371e-15
1.319490976e-14
1.493775104e-14
1.383525193e-14
1.121597635e-14
8.286165329e-15
2.890455848e-14
3.226382045e-14
7.485694724e-16
4.408703303e-16
1.720606363e-16
0
0
0
3.545043803e-18
4.803038195e-17
2.945173551e-16
7.46999205e-16
1.497291024e-15
2.343629077e-15
2.131137302e-15
1.835918596e-15
1.66264872e-15
1.459010487e-15
1.160567066e-15
6.205734014e-16
2.830331588e-16
2.807180235e-15
9.475244397e-15
1.265588829e-14
1.347483639e-14
1.224835593e-14
1.000977853e-14
7.697162833e-15
2.912380804e-14
3.200294644e-14
2.43867687e-15
2.147992685e-15
1.997799373e-15
1.911968474e-15
1.94696832e-15
2.110469906e-15
2.408849194e-15
2.840634954e-15
3.380410886e-15
3.925594147e-15
4.201058023e-15
4.564116752e-15
4.925896901e-15
5.112146281e-15
4.782503521e-15
4.097554588e-15
3.119375479e-15
2.013843506e-15
8.657924645e-16
3.43963123e-15
9.97297531e-15
1.298100845e-14
1.437868306e-14
1.471499768e-14
1.381435389e-14
1.101728206e-14
2.955815901e-14
3.291821505e-14
4.633618033e-15
4.580202488e-15
4.624998125e-15
4.79629931e-15
5.117686633e-15
5.602019054e-15
6.244010027e-15
7.000506476e-15
7.754957827e-15
8.313426985e-15
9.315109135e-15
9.611142288e-15
1.030338779e-14
1.058118116e-14
1.04739708e-14
1.018620288e-14
9.913119292e-15
9.611794419e-15
1.129766731e-14
1.724096601e-14
2.864835721e-14
3.785990797e-14
4.747845653e-14
5.774530075e-14
6.248292461e-14
4.995776728e-14
3.580105239e-14
3.423582898e-14
6.816803296e-15
7.026610567e-15
7.376555735e-15
7.885191234e-15
8.568581948e-15
9.434682663e-15
1.045606591e-14
1.149568792e-14
1.219262813e-14
1.219044975e-14
1.362748321e-14
1.50776099e-14
1.634226984e-14
1.722390718e-14
1.809151992e-14
1.937214055e-14
2.150682637e-14
2.465436417e-14
3.296278407e-14
4.648625371e-14
6.956683374e-14
9.337064286e-14
1.198747126e-13
1.479098883e-13
1.642997475e-13
1.36614325e-13
4.408695648e-14
3.633049123e-14
)
;

boundaryField
{
    inletCH4
    {
        type            fixedValue;
        value           nonuniform List<scalar> 0();
    }
    wallOutside
    {
        type            zeroGradient;
    }
    wallTube
    {
        type            zeroGradient;
    }
    inletPilot
    {
        type            fixedValue;
        value           nonuniform List<scalar> 0();
    }
    inletAir
    {
        type            fixedValue;
        value           nonuniform List<scalar> 0();
    }
    outlet
    {
        type            zeroGradient;
    }
    axis
    {
        type            empty;
    }
    frontAndBack_pos
    {
        type            wedge;
    }
    frontAndBack_neg
    {
        type            wedge;
    }
    procBoundary4to0
    {
        type            processor;
        value           nonuniform List<scalar> 
27
(
0
6.71515103e-16
0
0
0
0
0
0
0
0
0
0
0
3.066076921e-14
1.937030614e-14
1.963659478e-14
9.771738359e-14
4.248983895e-14
3.997764414e-15
3.940590782e-14
4.850938519e-14
4.001106596e-14
4.348501337e-14
3.461150473e-14
3.490204814e-14
3.650347349e-14
4.107463174e-14
)
;
    }
    procBoundary4to2
    {
        type            processor;
        value           nonuniform List<scalar> 10(0 0 0 6.64665533e-16 0 0 0 6.610331674e-16 6.574457972e-16 6.589072022e-16);
    }
    procBoundary4to5
    {
        type            processor;
        value           nonuniform List<scalar> 
46
(
7.986862522e-18
7.896041965e-18
7.57045617e-18
7.094241961e-18
6.508508179e-18
6.156532194e-18
5.060473283e-18
0
0
0
0
0
0
0
0
0
2.714960578e-14
2.821066408e-14
2.821066408e-14
2.764849576e-14
9.909947083e-15
9.909947083e-15
2.238689433e-15
2.238689433e-15
2.098987057e-15
1.916592528e-15
1.916592528e-15
0
0
0
0
0
0
0
0
0
0
0
1.257227393e-17
0
2.975412648e-17
6.527485396e-16
0
2.836948478e-16
1.941388834e-16
1.941388834e-16
)
;
    }
}
)

// Processor5

11972
(dimensions      [0 0 0 0 0 0 0];

internalField   nonuniform List<scalar> 
862
(
2.331453458e-10
2.326844301e-10
2.3199149e-10
2.261942796e-10
2.151093515e-10
4.334496901e-11
4.300796504e-11
4.175980079e-11
3.933445791e-11
3.599166864e-11
7.40927345e-12
7.300559873e-12
6.985300529e-12
6.457189896e-12
5.807405872e-12
1.280027706e-12
1.258111755e-12
1.207730506e-12
1.10780903e-12
9.494175996e-13
2.421619494e-13
2.413734665e-13
2.397537894e-13
2.210655679e-13
1.905482237e-13
2.422926252e-14
2.577961003e-14
3.05740635e-14
4.116263422e-14
4.066586896e-14
1.007839825e-14
1.013064448e-14
1.032138308e-14
1.070766437e-14
1.053794146e-14
3.741844727e-15
3.690373333e-15
3.576303855e-15
3.482029283e-15
3.364622183e-15
1.68926436e-15
1.679249645e-15
1.658885969e-15
1.635599696e-15
1.612225314e-15
1.092958715e-15
1.091466112e-15
1.08949542e-15
1.088818221e-15
1.091936335e-15
9.037509027e-16
9.105314011e-16
9.257039708e-16
9.493951437e-16
9.820113505e-16
8.411918513e-16
8.500719164e-16
8.694923091e-16
8.986545005e-16
9.368203254e-16
6.923430484e-16
7.016497342e-16
7.217675347e-16
7.529998901e-16
7.946071631e-16
5.073083284e-16
5.154754316e-16
5.33311738e-16
5.605595353e-16
5.980965336e-16
3.091918319e-16
3.147739602e-16
3.263947233e-16
3.407060739e-16
3.557939567e-16
1.160764722e-16
1.159228651e-16
1.153850617e-16
1.142074675e-16
1.115075152e-16
0
0
0
0
0
2.219481475e-17
4.521065465e-17
5.151239384e-17
5.36043109e-17
5.173506634e-17
4.284480094e-17
4.221108842e-17
4.012399483e-17
3.672336469e-17
3.156441124e-17
7.256580863e-18
6.585514245e-18
4.203600825e-18
0
0
1.6977167e-17
1.661708519e-17
1.558756743e-17
1.30776174e-17
8.274083105e-18
0
0
0
0
0
5.41337267e-17
5.311036178e-17
5.086386665e-17
4.727425503e-17
4.235029095e-17
3.029978979e-17
2.978431594e-17
2.859061254e-17
2.664964749e-17
2.39747157e-17
7.986862522e-18
7.896041965e-18
7.57045617e-18
7.094241961e-18
6.508508179e-18
2.082048763e-10
3.388068687e-11
5.386882735e-12
8.019879964e-13
1.658647818e-13
3.677939579e-14
1.013424344e-14
3.292129345e-15
1.603731354e-15
1.098202181e-15
1.008564597e-15
9.671339056e-16
8.287460709e-16
6.260199306e-16
3.67103517e-16
1.05743053e-16
0
4.860877488e-17
2.642319354e-17
0
1.398317043e-18
0
3.895094599e-17
2.198324916e-17
6.156532194e-18
2.079256356e-10
1.846455872e-10
1.479254027e-10
1.099354772e-10
7.792304284e-11
3.259419457e-11
2.738170236e-11
2.005103778e-11
1.386511022e-11
8.952355754e-12
5.078376774e-12
4.087183421e-12
3.194969133e-12
1.876321114e-12
5.102853937e-13
5.24157784e-13
6.446164833e-13
5.169011615e-13
2.986150934e-13
8.275823895e-15
1.297941837e-13
8.028401836e-14
7.501763169e-14
6.19286809e-14
2.811110191e-14
3.327373739e-14
2.495750728e-14
1.688298945e-14
1.572225204e-14
1.108953734e-14
9.743373968e-15
8.053778726e-15
5.882988244e-15
4.808897218e-15
3.889811562e-15
3.252936254e-15
2.90836757e-15
2.602787763e-15
2.231643605e-15
1.911007523e-15
1.609926773e-15
1.508224745e-15
1.379367572e-15
1.313053634e-15
1.342689487e-15
1.11084045e-15
1.133015017e-15
1.162230585e-15
1.2220901e-15
1.309912414e-15
1.044588067e-15
1.124571444e-15
1.200819173e-15
1.310912217e-15
1.477098305e-15
1.012061496e-15
1.100496017e-15
1.203394867e-15
1.32459174e-15
1.459931696e-15
8.814839202e-16
9.75101915e-16
1.075910654e-15
1.161002739e-15
1.243732732e-15
6.696085897e-16
7.376253041e-16
7.918632487e-16
8.38696558e-16
8.865677495e-16
3.854845655e-16
4.032631941e-16
4.095210225e-16
4.14726121e-16
4.534724463e-16
1.044766194e-16
1.093335718e-16
1.1377285e-16
1.835303426e-16
2.042537769e-16
0
4.521115855e-17
6.720740523e-17
6.953030041e-17
5.45604399e-17
4.518279905e-17
3.89676628e-17
2.986678744e-17
1.516121921e-17
0
1.961429075e-17
9.254673507e-18
2.092438768e-19
0
1.225375691e-18
4.525789975e-19
9.468729764e-18
3.962904725e-18
0
0
0
0
0
0
1.149466085e-17
0
0
1.795186486e-17
2.012147782e-17
1.478233269e-17
3.332180465e-17
2.765502734e-17
2.233900801e-17
1.430711219e-17
7.091539486e-18
1.906612383e-17
1.379687255e-17
9.786903447e-18
1.067703922e-17
0
5.060473283e-18
0
0
0
0
0
0
0
0
0
0
0
0
0
0
0
0
0
0
5.229893188e-11
9.537232034e-12
1.422410624e-12
2.534177755e-13
4.356080056e-14
6.662047562e-15
1.06674315e-15
1.098906765e-15
1.026336628e-15
1.551096703e-16
0
0
0
0
0
0
0
0
0
0
0
4.825524225e-11
1.859546886e-11
5.133843013e-12
1.474726653e-12
2.430943255e-13
3.208195826e-15
2.11390214e-15
0
5.108138433e-16
7.145585024e-16
5.718557124e-16
2.001186361e-16
0
0
0
0
0
6.677205606e-16
0
0
0
0
0
5.604666197e-12
1.984750439e-12
5.772702892e-13
0
3.940272232e-16
0
0
0
2.65397831e-16
7.047366152e-16
7.124099084e-16
5.637901315e-16
0
0
0
0
0
0
0
0
0
0
0
7.699656563e-13
3.615490551e-13
9.664918879e-14
1.600641827e-14
1.158971393e-14
3.296015829e-15
2.070823499e-15
0
0
0
2.403752071e-16
5.360667474e-16
6.815644863e-16
0
0
0
0
0
0
0
0
0
0
7.622150293e-14
1.022474538e-14
1.660442759e-14
8.681303768e-15
7.810116006e-15
2.737150347e-15
1.635361619e-15
9.583642279e-17
0
0
0
6.577394046e-17
4.740548204e-16
6.021539443e-16
0
0
0
0
0
6.660289936e-16
0
0
0
0
8.190206484e-15
6.0124996e-15
2.45353812e-15
1.843016494e-15
1.134238728e-15
1.032024533e-15
4.212522437e-16
0
0
0
5.184317948e-16
5.702268628e-16
9.86975814e-16
6.932234763e-15
0
0
0
0
6.182265208e-16
0
0
0
6.283121388e-15
4.510333012e-15
2.635051154e-15
1.645842976e-15
1.443750723e-15
1.031908907e-15
9.539355628e-16
8.617534222e-16
7.222546142e-16
0
7.913007597e-16
1.867659956e-15
3.362273453e-16
2.619266617e-16
0
0
0
0
0
0
6.186327135e-16
6.619759205e-16
0
2.659752482e-15
2.1122861e-15
1.402731287e-15
1.461893754e-15
1.248878015e-15
1.154797066e-15
1.326126263e-15
1.123914721e-15
1.220780396e-15
1.78400409e-15
1.471640656e-15
1.406169708e-15
0
0
0
0
0
0
0
0
6.073384287e-16
0
0
1.660620475e-15
1.44182541e-15
1.260491731e-15
1.18483528e-15
1.221157645e-15
1.237525684e-15
1.509292798e-15
1.442756154e-15
1.337927751e-15
1.524506734e-15
1.34369369e-15
1.186982132e-15
1.195359924e-15
0
0
0
0
0
0
0
0
0
0
1.331598214e-15
1.334907447e-15
1.368293411e-15
1.395051724e-15
1.542812544e-15
1.596562911e-15
1.552041875e-15
1.749679932e-15
1.398730191e-15
1.237639341e-15
1.110296684e-15
9.376831881e-16
1.147319891e-15
0
0
0
0
4.026990287e-15
0
0
0
0
0
1.444602221e-15
1.588908245e-15
1.641524427e-15
1.678546025e-15
1.881457664e-15
1.965202906e-15
2.014781307e-15
2.166897235e-15
1.803011309e-15
1.622508377e-15
1.53181017e-15
1.572687663e-15
1.921536522e-15
1.385176619e-15
0
0
3.348131553e-15
8.206669771e-16
0
0
0
0
6.072250792e-16
1.735517787e-15
1.850513424e-15
1.886287192e-15
1.874449665e-15
2.029726423e-15
2.069346348e-15
2.162775104e-15
2.401675273e-15
2.145337741e-15
1.914596716e-15
1.744780136e-15
1.76786696e-15
1.579705209e-15
6.78416214e-16
0
0
0
0
4.447858128e-15
0
0
0
0
1.645540523e-15
1.815117694e-15
1.769648737e-15
1.710365013e-15
1.741384394e-15
1.858670997e-15
1.975973416e-15
2.241473607e-15
2.015880096e-15
1.784890064e-15
1.633972181e-15
1.359002252e-15
7.069927026e-16
0
0
0
0
0
2.332146335e-14
0
0
0
0
1.370896553e-15
1.493781547e-15
1.398591501e-15
1.293720989e-15
1.27888613e-15
1.363208211e-15
1.455098448e-15
1.707575102e-15
1.498013849e-15
1.318817553e-15
1.267850594e-15
9.938407119e-16
5.523747774e-16
0
7.760422032e-16
0
0
0
2.275731235e-14
0
0
0
0
9.857700506e-16
9.956502156e-16
9.204038175e-16
8.232618689e-16
8.893435872e-16
8.077546139e-16
7.907312271e-16
8.851900951e-16
7.973066465e-16
7.30681269e-16
8.443146478e-16
8.432842103e-16
9.229532641e-16
1.392937498e-15
1.12955616e-15
0
0
0
0
2.318501554e-14
0
0
0
5.073025349e-16
4.810777431e-16
4.09357829e-16
3.010661453e-16
3.350970842e-16
2.708083427e-16
2.503123606e-16
3.309946017e-16
2.754222282e-16
2.556263704e-16
4.354870906e-16
5.189754479e-16
6.463882344e-16
9.981969564e-16
0
0
0
0
0
2.402308639e-14
0
0
0
2.006405066e-16
1.586246328e-16
1.140703076e-16
2.141498518e-16
1.305692231e-16
3.875271216e-17
2.912787137e-17
1.060336007e-16
5.489098911e-17
5.241431465e-17
2.343041024e-16
3.525744469e-16
5.150455517e-16
8.954951745e-16
0
1.501334053e-16
0
0
5.470619844e-15
2.83832522e-14
2.490415693e-14
0
0
2.212732214e-17
1.923917796e-17
0
3.660164703e-17
2.379597094e-17
0
0
5.475351218e-17
9.035338618e-18
5.008338262e-18
1.425661451e-16
2.766811786e-16
4.64408436e-16
8.623108965e-16
0
1.360288895e-16
1.641440852e-16
1.02079255e-15
0
2.600740565e-14
2.647325966e-14
0
3.253965186e-18
0
5.548750583e-17
2.627748249e-17
9.507465035e-18
0
6.038324369e-19
4.634584071e-17
0
1.682088615e-18
3.584265345e-17
1.495163481e-16
3.101432875e-16
7.282159786e-16
0
3.414989143e-16
0
0
0
0
2.707308059e-14
2.714960578e-14
0
6.562633735e-17
3.78859308e-17
1.741512641e-17
0
0
4.536086463e-17
5.834719509e-18
0
0
3.651278409e-18
4.079153788e-17
4.204555724e-17
0
0
0
2.082652382e-16
0
0
4.558687175e-15
2.824434137e-14
2.821066408e-14
5.367159788e-17
3.183476126e-17
1.318731318e-17
7.522058098e-18
0
0
4.971750243e-17
0
0
0
0
2.460829895e-17
2.130701694e-17
0
0
0
2.054014304e-16
2.119169334e-16
2.997375935e-15
5.715193005e-15
2.764849576e-14
1.794005829e-17
9.916078929e-18
7.476063023e-18
0
0
0
2.8907384e-18
0
0
0
0
2.43494425e-17
5.004384775e-17
2.665375318e-17
5.974850027e-16
0
2.152184087e-16
2.128823987e-16
3.305642576e-15
6.605607404e-15
9.909947083e-15
7.398569498e-18
6.367707757e-18
0
0
0
4.222908281e-17
0
0
0
0
0
1.98061407e-17
5.066086129e-17
4.143589953e-17
6.618703375e-16
0
1.905033532e-16
2.356362053e-16
2.021510402e-16
2.238689433e-15
5.985773105e-18
0
0
0
0
2.344169853e-18
0
0
0
0
0
1.502127481e-17
7.978310333e-18
4.004445213e-17
6.694303605e-16
0
2.00562534e-16
2.769352091e-16
2.098987057e-15
0
0
0
0
2.869523457e-18
0
0
0
0
7.757869832e-17
2.116753412e-17
2.594351176e-17
5.299613832e-18
3.823536361e-17
6.627923928e-16
0
2.921405948e-16
2.101266091e-16
1.916592528e-15
0
0
0
0
0
0
0
0
0
0
0
1.257227393e-17
0
2.975412648e-17
6.527485396e-16
0
2.836948478e-16
1.941388834e-16
)
;

boundaryField
{
    inletCH4
    {
        type            fixedValue;
        value           nonuniform List<scalar> 0();
    }
    wallOutside
    {
        type            zeroGradient;
    }
    wallTube
    {
        type            zeroGradient;
    }
    inletPilot
    {
        type            fixedValue;
        value           nonuniform List<scalar> 0();
    }
    inletAir
    {
        type            fixedValue;
        value           nonuniform List<scalar> 0();
    }
    outlet
    {
        type            zeroGradient;
    }
    axis
    {
        type            empty;
    }
    frontAndBack_pos
    {
        type            wedge;
    }
    frontAndBack_neg
    {
        type            wedge;
    }
    procBoundary5to1
    {
        type            processor;
        value           uniform 0;
    }
    procBoundary5to2
    {
        type            processor;
        value           nonuniform List<scalar> 
16
(
0
0
0
0
0
0
0
0
0
0
0
6.608256349e-16
0
0
6.459967395e-16
0
)
;
    }
    procBoundary5to3
    {
        type            processor;
        value           nonuniform List<scalar> 
30
(
1.043076621e-09
1.061518493e-09
1.091659402e-09
1.129431817e-09
1.156801952e-09
1.180173348e-09
1.282765237e-09
1.2790549e-09
1.195113613e-09
1.081397464e-09
9.554571827e-10
0
7.472922739e-10
1.202772368e-10
1.51150466e-11
1.55353278e-12
0
0
2.265452905e-15
1.847413954e-15
1.922093813e-14
0
0
0
0
6.587317047e-16
6.587317047e-16
7.020495582e-10
2.708744809e-10
2.708744809e-10
)
;
    }
    procBoundary5to4
    {
        type            processor;
        value           nonuniform List<scalar> 
46
(
0
0
0
0
0
0
0
0
0
1.28200715e-17
2.657094059e-17
0
0
0
1.669996346e-15
1.669996346e-15
0
0
3.126803599e-14
3.126803599e-14
2.906703501e-14
6.398632346e-15
6.398632346e-15
7.636689603e-15
7.636689603e-15
8.327238818e-15
2.80462421e-16
3.887003372e-17
4.836939877e-17
6.620770803e-17
1.213145611e-16
1.807167487e-16
2.205905811e-16
2.225477912e-16
1.866230829e-16
1.047266092e-16
2.987818012e-16
3.437029174e-16
2.721859308e-16
2.097299491e-17
2.614104224e-17
6.199906231e-16
0
2.785692986e-16
2.80462421e-16
1.9644111e-16
)
;
    }
}
)