/*--------------------------------*- C++ -*----------------------------------*\
  =========                 |
  \\      /  F ield         | OpenFOAM: The Open Source CFD Toolbox
   \\    /   O peration     | Website:  https://openfoam.org
    \\  /    A nd           | Version:  10
     \\/     M anipulation  |
\*---------------------------------------------------------------------------*/
FoamFile
{
    format      binary;
    class       decomposedBlockData;
    location    "/home/zhouyuchen/Desktop/FastChemistrySolver-OpenFOAM-10/EC-CCM/OpenFOAM-10/Sandia/processors6/0.0250188088/HCCOH";
    object      HCCOH;
}
// * * * * * * * * * * * * * * * * * * * * * * * * * * * * * * * * * * * * * //


// Processor0

1678
(/*--------------------------------*- C++ -*----------------------------------*\
  =========                 |
  \\      /  F ield         | OpenFOAM: The Open Source CFD Toolbox
   \\    /   O peration     | Website:  https://openfoam.org
    \\  /    A nd           | Version:  10
     \\/     M anipulation  |
\*---------------------------------------------------------------------------*/
FoamFile
{
    format      ascii;
    class       volScalarField;
    location    "0.0250188088";
    object      HCCOH;
}
// * * * * * * * * * * * * * * * * * * * * * * * * * * * * * * * * * * * * * //

dimensions      [0 0 0 0 0 0 0];

internalField   uniform 0;

boundaryField
{
    inletCH4
    {
        type            fixedValue;
        value           nonuniform List<scalar> 0();
    }
    wallOutside
    {
        type            zeroGradient;
    }
    wallTube
    {
        type            zeroGradient;
    }
    inletPilot
    {
        type            fixedValue;
        value           nonuniform List<scalar> 0();
    }
    inletAir
    {
        type            fixedValue;
        value           nonuniform List<scalar> 0();
    }
    outlet
    {
        type            zeroGradient;
    }
    axis
    {
        type            empty;
    }
    frontAndBack_pos
    {
        type            wedge;
    }
    frontAndBack_neg
    {
        type            wedge;
    }
    procBoundary0to2
    {
        type            processor;
        value           uniform 0;
    }
    procBoundary0to4
    {
        type            processor;
        value           uniform 0;
    }
}


// ************************************************************************* //
)

// Processor1

4840
(dimensions      [0 0 0 0 0 0 0];

internalField   nonuniform List<scalar> 
860
(
0
0
0
0
0
0
0
0
0
0
0
0
0
0
0
0
0
0
0
0
0
0
0
0
0
0
0
0
0
0
0
0
0
0
0
0
0
0
0
0
0
0
0
0
0
0
0
0
0
0
0
0
0
0
0
0
0
0
0
0
0
0
0
0
0
0
0
0
0
0
0
0
0
0
0
0
0
0
0
0
0
0
0
0
0
0
0
0
0
0
0
0
0
0
0
0
0
0
0
0
0
0
0
0
0
0
0
0
0
0
0
0
0
0
0
0
0
0
0
0
0
0
0
0
0
0
0
0
0
0
0
0
3.310658768e-19
0
0
0
0
0
0
0
0
0
0
0
0
0
0
0
0
0
0
0
0
0
0
0
0
0
0
0
0
0
0
0
0
0
0
0
0
0
0
0
0
0
0
0
3.126712996e-18
3.316450334e-19
0
0
0
0
0
0
0
0
0
0
0
0
0
0
0
0
0
0
0
0
0
0
0
0
0
0
0
0
0
0
0
0
0
0
0
0
0
0
0
0
0
0
1.129410283e-17
1.776059245e-18
1.021306757e-19
0
0
0
0
0
0
0
0
0
0
0
0
0
0
0
0
0
0
0
0
0
0
0
0
0
0
0
0
0
0
0
0
0
0
0
0
0
0
0
0
0
3.067947116e-17
5.523734279e-18
6.71908938e-19
1.111443766e-21
0
0
0
0
0
0
0
0
0
0
0
0
0
0
0
0
0
0
0
0
0
0
0
0
0
0
0
0
0
0
0
0
0
0
0
0
0
0
0
0
6.92938024e-17
1.339433415e-17
2.057451445e-18
1.327834741e-19
0
0
0
0
0
0
0
0
0
0
0
0
0
0
0
0
0
0
0
0
0
0
0
0
0
0
0
0
0
0
0
0
0
0
0
0
0
0
0
0
1.368808351e-16
2.75613984e-17
4.751110064e-18
5.427469767e-19
0
0
0
0
0
0
0
0
0
0
0
0
0
0
0
0
0
0
0
0
0
0
0
0
0
0
0
0
0
0
0
0
0
0
0
0
0
0
0
0
2.448258288e-16
5.096425171e-17
9.477689507e-18
1.377475375e-18
5.89318311e-20
0
0
0
0
0
0
0
0
0
0
0
0
0
0
0
0
0
0
0
0
0
0
0
0
0
0
0
0
0
0
0
0
0
0
0
0
0
0
0
3.977676155e-16
8.615936278e-17
1.711625822e-17
2.877000807e-18
2.759686905e-19
0
0
0
0
0
0
0
0
0
0
0
0
0
0
0
0
0
0
0
0
0
0
0
0
0
0
0
0
0
0
0
0
0
0
0
0
0
0
0
5.942626538e-16
1.350117165e-16
2.857049549e-17
5.330738846e-18
7.118368101e-19
5.792857599e-21
0
0
0
0
0
0
0
0
0
0
0
0
0
0
0
0
0
0
0
0
0
0
0
0
0
0
0
0
0
0
0
0
0
0
0
0
0
0
8.151470539e-16
1.954596762e-16
4.400813944e-17
8.905490381e-18
1.426432536e-18
8.216655519e-20
0
0
0
0
0
0
0
0
0
0
0
0
0
0
0
0
0
0
0
0
0
0
0
0
0
0
0
0
0
0
0
0
0
0
0
0
0
0
1.051629218e-15
2.645126145e-16
6.262767994e-17
1.346510867e-17
2.412572414e-18
2.405751436e-19
0
0
0
0
0
0
0
0
0
0
0
0
0
0
0
0
0
0
0
0
0
0
0
0
0
0
0
0
0
0
0
0
0
0
0
0
0
0
1.274412173e-15
3.329726068e-16
8.184552116e-17
1.837167682e-17
3.5355405e-18
4.480693423e-19
6.682593208e-23
0
0
0
0
0
0
0
0
0
0
0
0
0
0
0
0
0
0
0
0
0
0
0
0
0
0
0
0
0
0
0
0
0
0
0
0
0
1.474742199e-15
3.950842235e-16
9.952795259e-17
2.301183433e-17
4.620408334e-18
6.615085717e-19
7.724706588e-21
0
0
0
0
0
0
0
0
0
0
0
0
0
0
0
0
0
0
0
0
0
0
0
0
0
0
0
0
0
0
0
0
0
0
0
0
0
1.718895638e-15
4.643026213e-16
1.17868304e-16
2.746311241e-17
5.613215774e-18
8.567311085e-19
2.418258573e-20
0
0
0
0
0
0
0
0
0
0
0
0
0
0
0
0
0
0
0
0
0
0
0
0
0
0
0
0
0
0
0
0
0
0
0
0
0
2.142789593e-15
5.66810404e-16
1.417894098e-16
3.275005329e-17
6.705299391e-18
1.060973777e-18
4.812324638e-20
0
0
0
0
0
0
0
0
0
0
0
0
0
0
0
0
0
0
0
0
0
0
0
0
0
0
0
0
0
0
0
0
0
0
0
0
0
2.963537406e-15
7.529891089e-16
1.834725919e-16
4.164852823e-17
8.479513811e-18
1.381143609e-18
8.860373409e-20
0
0
0
0
0
0
0
0
0
0
0
0
0
0
0
0
0
0
0
0
0
0
0
0
0
0
0
0
0
0
0
0
0
0
0
0
0
4.751044371e-15
1.129223103e-15
2.651015367e-16
5.887518939e-17
1.190410398e-17
2.001710316e-18
1.763831109e-19
0
0
0
9.399991183e-15
1.957913891e-15
4.315315693e-16
9.294415155e-17
1.862025245e-17
3.227438149e-18
3.635367073e-19
2.519023327e-14
4.015733792e-15
7.78703989e-16
1.584343855e-16
3.110430517e-17
5.495982129e-18
7.260677445e-19
)
;

boundaryField
{
    inletCH4
    {
        type            fixedValue;
        value           nonuniform List<scalar> 0();
    }
    wallOutside
    {
        type            zeroGradient;
    }
    wallTube
    {
        type            zeroGradient;
    }
    inletPilot
    {
        type            fixedValue;
        value           nonuniform List<scalar> 0();
    }
    inletAir
    {
        type            fixedValue;
        value           uniform 0;
    }
    outlet
    {
        type            zeroGradient;
    }
    axis
    {
        type            empty;
    }
    frontAndBack_pos
    {
        type            wedge;
    }
    frontAndBack_neg
    {
        type            wedge;
    }
    procBoundary1to2
    {
        type            processor;
        value           nonuniform List<scalar> 
40
(
0
0
0
0
0
0
0
0
0
0
0
0
0
0
0
0
0
0
0
0
0
0
0
0
0
0
0
0
0
0
0
0
0
0
0
0
0
0
0
8.658921165e-21
)
;
    }
    procBoundary1to3
    {
        type            processor;
        value           nonuniform List<scalar> 
22
(
0
0
1.362718175e-19
2.836879255e-18
1.73229556e-17
5.649005965e-17
1.458561199e-16
3.205553624e-16
6.255196819e-16
1.106755778e-15
1.761381327e-15
2.551863876e-15
3.357333217e-15
4.153232294e-15
4.838213179e-15
5.426792776e-15
6.263747519e-15
8.025979976e-15
1.186933838e-14
2.167815506e-14
5.589235471e-14
2.263115704e-13
)
;
    }
    procBoundary1to5
    {
        type            processor;
        value           nonuniform List<scalar> 7(9.994876006e-14 1.056956478e-14 1.581289501e-15 2.856626667e-16 5.356240712e-17 9.470357438e-18 1.375536223e-18);
    }
}
)

// Processor2

4023
(dimensions      [0 0 0 0 0 0 0];

internalField   nonuniform List<scalar> 
861
(
0
0
0
0
0
0
0
0
0
0
0
0
0
0
0
0
0
0
0
0
0
0
0
0
0
0
0
0
0
0
0
0
0
0
0
0
0
0
0
0
0
0
0
0
0
0
0
0
0
0
0
0
0
0
0
0
0
0
0
0
0
0
0
0
0
0
0
0
0
0
0
8.658921165e-21
0
0
0
0
0
0
0
0
0
0
0
0
0
0
0
0
0
0
0
0
0
0
0
0
0
0
0
0
0
0
0
0
0
0
0
0
7.07232717e-20
0
0
0
0
0
0
0
0
0
0
0
0
0
0
0
0
0
0
0
0
0
0
0
0
0
0
0
0
0
0
0
0
0
0
0
0
2.159185855e-19
0
0
0
0
0
0
0
0
0
0
0
0
0
0
0
0
0
0
0
0
0
0
0
0
0
0
0
0
0
0
0
0
0
0
0
0
4.67565273e-19
2.510826357e-22
0
0
0
0
0
0
0
0
0
0
0
0
0
0
0
0
0
0
0
0
0
0
0
0
0
0
0
0
0
0
0
0
0
0
0
8.429891459e-19
1.663674358e-20
0
0
0
0
0
0
0
0
0
0
0
0
0
0
0
0
0
0
0
0
0
0
0
0
0
0
0
0
0
0
0
0
0
0
0
1.323632787e-18
5.695797735e-20
0
0
0
0
0
0
0
0
0
0
0
0
0
0
0
0
0
0
0
0
0
0
0
0
0
0
0
0
0
0
0
0
0
0
0
2.002401762e-18
1.124455456e-19
0
0
0
0
0
0
0
0
0
0
0
0
0
0
0
0
0
0
0
0
0
0
0
0
0
0
0
0
0
0
0
0
0
0
0
3.52985518e-18
2.190508156e-19
0
0
0
0
0
0
0
0
0
0
0
0
0
0
0
0
0
0
0
0
0
0
0
0
0
0
0
0
0
0
0
0
0
0
0
7.547246184e-18
4.308334209e-19
0
0
0
0
0
0
0
0
0
0
0
0
0
0
0
0
0
0
0
0
0
0
0
0
0
0
0
0
0
0
0
0
0
0
0
1.923020914e-17
8.572011526e-19
8.935505589e-22
0
0
0
0
0
0
0
0
0
0
0
0
0
0
0
0
0
0
0
0
0
0
0
0
0
0
0
0
0
0
0
0
0
0
6.467491714e-17
2.104611339e-18
1.514207658e-20
0
0
0
0
0
0
0
0
0
0
0
0
0
0
0
0
0
0
0
0
0
0
0
0
0
0
0
0
0
0
0
0
0
0
2.210484722e-16
6.164725328e-18
8.039356383e-20
0
0
0
0
0
0
0
0
0
0
0
0
0
0
0
0
0
0
0
0
0
0
0
0
0
0
0
0
0
0
0
0
0
0
5.595657883e-16
2.020112946e-17
3.342565434e-19
0
0
0
0
0
0
0
0
0
0
0
0
0
0
0
0
0
0
0
0
0
0
0
0
0
0
0
0
0
0
0
0
0
0
9.302733681e-16
5.909513648e-17
1.438412287e-18
0
0
0
0
0
0
0
0
0
0
0
0
0
0
0
0
0
0
0
0
0
0
0
0
0
0
0
0
0
0
0
0
0
0
1.022639424e-15
9.264552933e-17
3.69240356e-18
4.727720655e-21
0
0
0
0
0
0
0
0
0
0
0
0
0
0
0
0
0
0
0
0
0
0
0
0
0
0
0
0
0
0
0
0
0
9.536476425e-16
1.080949045e-16
6.616140581e-18
7.877805392e-20
0
0
0
0
0
0
0
0
0
0
0
0
0
0
0
0
0
0
0
0
0
0
0
0
0
0
0
0
0
0
0
0
0
5.531287548e-16
5.888570091e-17
3.655193168e-18
4.860540618e-20
0
0
0
0
0
0
0
0
0
0
0
0
0
0
0
0
0
0
0
0
0
0
0
0
0
0
0
0
0
0
0
0
0
0
0
0
0
0
0
0
0
0
0
0
0
0
0
0
0
0
0
0
0
0
0
0
0
0
0
0
0
0
0
0
0
0
0
0
0
0
0
0
0
0
0
0
0
0
0
0
0
0
0
0
0
0
0
0
0
0
0
0
0
0
0
0
0
0
0
0
0
0
0
0
0
0
0
0
0
0
0
0
0
0
0
0
0
0
0
0
0
0
0
0
0
0
0
0
0
0
0
0
0
0
0
0
0
0
0
0
0
0
0
0
0
0
0
0
0
0
0
0
0
0
0
0
0
0
0
0
0
0
0
0
0
0
0
0
0
0
0
0
0
0
0
0
0
0
0
0
0
0
0
0
0
0
0
0
0
0
0
0
0
0
)
;

boundaryField
{
    inletCH4
    {
        type            fixedValue;
        value           nonuniform List<scalar> 0();
    }
    wallOutside
    {
        type            zeroGradient;
    }
    wallTube
    {
        type            zeroGradient;
    }
    inletPilot
    {
        type            fixedValue;
        value           nonuniform List<scalar> 0();
    }
    inletAir
    {
        type            fixedValue;
        value           nonuniform List<scalar> 0();
    }
    outlet
    {
        type            zeroGradient;
    }
    axis
    {
        type            empty;
    }
    frontAndBack_pos
    {
        type            wedge;
    }
    frontAndBack_neg
    {
        type            wedge;
    }
    procBoundary2to0
    {
        type            processor;
        value           uniform 0;
    }
    procBoundary2to1
    {
        type            processor;
        value           nonuniform List<scalar> 
40
(
0
0
0
0
0
0
0
0
0
0
0
0
0
0
0
0
0
0
0
0
0
0
0
0
0
0
0
0
0
0
0
0
0
0
0
0
0
0
3.635367073e-19
7.260677445e-19
)
;
    }
    procBoundary2to4
    {
        type            processor;
        value           nonuniform List<scalar> 10(3.29123846e-16 3.89312142e-18 3.413455859e-19 0 0 0 0 0 0 0);
    }
    procBoundary2to5
    {
        type            processor;
        value           nonuniform List<scalar> 
16
(
1.375536223e-18
2.509143369e-18
4.358516788e-18
7.225937734e-18
1.162042522e-17
2.025411974e-17
4.684934617e-17
1.45320211e-16
5.345561864e-16
1.944422266e-15
4.486539217e-15
6.835965563e-15
7.842354101e-15
7.193781302e-15
5.940496206e-15
4.378754702e-15
)
;
    }
}
)

// Processor3

13825
(dimensions      [0 0 0 0 0 0 0];

internalField   nonuniform List<scalar> 
861
(
0
0
0
0
0
0
0
0
0
0
0
0
0
0
0
0
0
0
0
0
0
0
0
0
0
0
0
0
0
0
0
0
0
0
0
0
0
0
0
0
0
0
0
0
0
0
0
0
0
0
0
0
0
0
0
0
0
0
0
0
0
0
0
0
0
0
0
0
0
0
0
0
0
0
0
0
0
0
0
0
0
0
0
0
0
0
0
0
0
0
0
0
9.102806226e-17
9.74319561e-16
4.075365158e-15
1.531328692e-15
8.743040884e-15
7.002858653e-14
4.919160753e-13
2.34742505e-12
8.502130523e-16
0
2.314579479e-17
2.230673428e-17
2.176550016e-17
5.151703931e-16
0
0
0
4.622267664e-17
1.086186955e-16
4.559638784e-16
2.07305433e-17
2.451641632e-17
0
6.8662668e-17
6.743071143e-16
0
5.393909749e-17
0
0
7.580532961e-16
0
0
0
0
0
2.645582068e-16
0
0
0
0
0
0
3.513578101e-11
1.806254003e-11
3.666017463e-11
4.924961086e-14
3.211537475e-11
0
5.044368117e-10
8.325769728e-12
3.06845411e-11
1.652846813e-10
0
3.240259498e-10
8.842356938e-10
7.177606012e-10
4.063134754e-10
0
3.034012552e-10
1.28097638e-09
1.070401737e-09
0
1.798229096e-11
2.588974915e-10
5.661900199e-10
4.059808316e-10
1.040776872e-12
1.136611152e-10
3.375684429e-10
5.00072255e-10
3.06541541e-10
7.431077357e-11
2.315701903e-10
4.05688393e-10
5.049471601e-10
2.986265175e-10
2.304470374e-10
3.39496188e-10
4.493646546e-10
5.365276038e-10
3.665439769e-10
2.81629144e-10
3.121812867e-10
4.854300218e-10
4.868227735e-10
3.578171308e-10
3.013307048e-10
2.847986913e-10
4.690841432e-10
4.551440803e-10
3.475471579e-10
2.6383175e-10
2.658502706e-10
4.427524303e-10
3.987443085e-10
3.047871684e-10
2.293114286e-10
1.914248675e-10
6.572388575e-10
4.635866586e-10
2.979964784e-10
2.237380166e-10
1.177944377e-10
2.63017412e-08
1.321482336e-08
1.66995197e-09
2.732904319e-10
2.782928526e-11
6.528122767e-14
4.941064921e-13
7.398844182e-12
1.068620601e-10
1.369081079e-09
1.837616652e-12
1.412282653e-11
2.027578088e-10
2.652413485e-09
2.841674669e-08
1.09430891e-11
7.628396113e-11
9.01162093e-10
8.811885082e-09
6.018692349e-08
4.208367126e-11
2.653923055e-10
2.653350988e-09
2.066295698e-08
1.033425076e-07
1.34788994e-10
7.908637707e-10
6.880372388e-09
4.37867515e-08
1.777741727e-07
3.852681856e-10
2.115863219e-09
1.57942343e-08
8.16134074e-08
2.745666251e-07
9.986254434e-10
5.051875826e-09
3.151287454e-08
1.313119443e-07
3.677705518e-07
2.356049309e-09
1.073564031e-08
5.500700535e-08
1.859154472e-07
4.397956479e-07
5.1483276e-09
2.074641237e-08
8.650991483e-08
2.422828983e-07
5.035148387e-07
1.05536574e-08
3.696697459e-08
1.262663414e-07
3.031856535e-07
5.758269097e-07
2.063169438e-08
6.197703296e-08
1.753800275e-07
3.721705548e-07
6.612519506e-07
3.936927302e-08
9.811704357e-08
2.338032089e-07
4.490303708e-07
7.515284105e-07
7.29036474e-08
1.47325467e-07
3.017759373e-07
5.319764263e-07
8.420560559e-07
1.227065711e-07
2.096341505e-07
3.786570197e-07
6.196313166e-07
9.329056653e-07
1.961591244e-07
2.890138425e-07
4.667045103e-07
7.14057935e-07
1.02843131e-06
2.917563193e-07
3.855714397e-07
5.669650002e-07
8.170065384e-07
1.130019629e-06
4.112426506e-07
5.030406879e-07
6.829458559e-07
9.29835015e-07
1.235572722e-06
5.550790639e-07
6.400465521e-07
8.097852606e-07
1.043836272e-06
1.332560237e-06
6.98934118e-07
7.725013413e-07
9.212663286e-07
1.12543452e-06
1.372602349e-06
8.198893066e-07
8.774184692e-07
9.915995393e-07
1.141410519e-06
1.309882105e-06
8.945440154e-07
9.300551703e-07
9.97255469e-07
1.077493414e-06
1.154844032e-06
8.90498481e-07
9.029623544e-07
9.248288715e-07
9.46508658e-07
9.594551289e-07
7.957593448e-07
7.961645657e-07
7.948067047e-07
7.88438037e-07
7.740707509e-07
6.588997871e-07
6.555481304e-07
6.471778402e-07
6.330562455e-07
6.125929257e-07
5.179289522e-07
5.14231874e-07
5.056031094e-07
4.921786755e-07
4.742641787e-07
4.846124389e-09
1.203375053e-07
1.685304319e-07
2.41485201e-07
3.912817922e-07
5.448932288e-07
6.456891419e-07
6.909156518e-07
7.419709486e-07
8.209181817e-07
9.189354512e-07
1.012980598e-06
1.100902638e-06
1.187435177e-06
1.27992764e-06
1.377482535e-06
1.474147002e-06
1.557115492e-06
1.562077036e-06
1.426935799e-06
1.198395998e-06
9.601388646e-07
7.595116126e-07
5.960385627e-07
4.606566414e-07
1.135395033e-08
7.276423818e-09
1.228552533e-09
3.453477639e-09
5.09262072e-10
3.708927805e-07
2.030666571e-06
1.170415237e-07
1.032712579e-08
3.033987185e-09
3.908195273e-07
9.492853652e-07
1.095704493e-07
7.143988396e-09
2.095019078e-09
5.245312573e-07
1.436640872e-06
4.541847395e-06
3.436917778e-07
2.816918581e-08
8.432118087e-07
2.492599047e-06
7.720672027e-06
7.745158305e-07
5.668763582e-08
1.079904613e-06
2.620609781e-06
5.873641824e-06
7.649807897e-07
7.128296116e-08
1.151567795e-06
2.230817628e-06
3.692297016e-06
5.815222745e-07
6.894559669e-08
1.116682652e-06
1.806358459e-06
2.469325691e-06
2.209602362e-06
2.822508582e-07
1.144061569e-06
1.893853609e-06
3.228783841e-06
7.296316413e-06
1.039319872e-06
1.237720694e-06
2.104655338e-06
3.664222974e-06
8.116235158e-06
1.357851006e-06
1.35491308e-06
2.264653652e-06
3.770245506e-06
7.523066616e-06
1.393349443e-06
1.446848361e-06
2.289760559e-06
3.508742376e-06
6.000914769e-06
1.546053254e-06
1.522429251e-06
2.302490034e-06
3.370721501e-06
5.547492782e-06
5.547067425e-06
1.597511383e-06
2.34298459e-06
3.369959879e-06
5.462914907e-06
8.165175625e-06
1.68229693e-06
2.413623396e-06
3.432092974e-06
5.460538351e-06
9.007639143e-06
1.771235164e-06
2.48078516e-06
3.448876426e-06
5.268842571e-06
8.561739644e-06
1.85143568e-06
2.516387563e-06
3.391328506e-06
4.949979342e-06
7.757723215e-06
1.911517451e-06
2.537616963e-06
3.383501565e-06
4.946456948e-06
7.635776195e-06
1.865091627e-06
2.405658681e-06
3.204359643e-06
4.836851789e-06
7.173977028e-06
1.612030986e-06
1.866866254e-06
2.128860508e-06
2.421627508e-06
1.423881966e-06
1.268629075e-06
1.303384134e-06
1.258539758e-06
1.129253611e-06
8.20182274e-07
9.660015991e-07
9.189637183e-07
8.171026577e-07
6.733978298e-07
5.048961036e-07
7.426770426e-07
6.837657529e-07
5.974379331e-07
4.964769129e-07
3.938349604e-07
5.757885662e-07
5.258948376e-07
4.621264448e-07
3.918030421e-07
3.220033594e-07
4.440233153e-07
4.064425904e-07
3.603429275e-07
3.103879331e-07
2.606375257e-07
6.526187973e-11
4.003416173e-12
2.539008013e-13
3.515716535e-14
8.656229995e-15
2.687683061e-15
8.785795492e-16
2.855443605e-16
9.019962131e-17
2.721022819e-17
7.598964269e-18
1.793182838e-18
2.337570882e-19
0
0
0
5.45088568e-10
4.246183303e-11
2.311356418e-12
2.070737985e-13
3.705067682e-14
1.014818272e-14
3.395674679e-15
1.218094295e-15
4.375792796e-16
1.517141605e-16
4.948626349e-17
1.474787143e-17
3.78572048e-18
6.977034769e-19
8.89499733e-21
0
7.653499969e-10
1.012314822e-10
6.697425993e-12
6.191513219e-13
1.104117484e-13
3.197487971e-14
1.197696353e-14
4.92797243e-15
2.022345141e-15
7.920308491e-16
2.885970511e-16
9.61484302e-17
2.88009411e-17
7.509154788e-18
1.537016467e-18
1.362718175e-19
8.484617511e-09
1.65835742e-09
1.342083545e-10
7.777448613e-12
9.134504626e-13
2.125964754e-13
7.332770025e-14
2.940905144e-14
1.212848205e-14
4.860416149e-15
1.831582769e-15
6.356946853e-16
2.003862296e-16
5.660785319e-17
1.401406427e-17
2.836879255e-18
1.653945773e-08
5.143225311e-09
9.433657417e-10
8.220582698e-11
7.882385927e-12
1.460660715e-12
4.344590516e-13
1.601724208e-13
6.293331541e-14
2.456542402e-14
9.167678985e-15
3.193341822e-15
1.023986767e-15
2.973829127e-16
7.694703791e-17
1.73229556e-17
1.390498529e-08
6.614704686e-09
2.25587329e-09
4.365188138e-10
4.441776428e-11
6.266871406e-12
1.544536162e-12
5.195873656e-13
1.957749743e-13
7.483690691e-14
2.766077198e-14
9.627225198e-15
3.099497913e-15
9.100219536e-16
2.404198959e-16
5.649005965e-17
8.828489775e-09
4.933376773e-09
2.763491238e-09
1.08214726e-09
2.076433613e-10
2.435165813e-11
4.587572605e-12
1.353734462e-12
4.866099494e-13
1.829007504e-13
6.726247654e-14
2.341131139e-14
7.565566587e-15
2.2418855e-15
6.033860422e-16
1.458561199e-16
2.172881673e-08
6.330486588e-09
3.770923492e-09
2.020622393e-09
7.399978487e-10
1.113139436e-10
1.523278526e-11
3.587542245e-12
1.159364177e-12
4.169082411e-13
1.500204543e-13
5.153950854e-14
1.651290141e-14
4.870415015e-15
1.312241149e-15
3.205553624e-16
9.26416279e-08
1.507967106e-08
7.238325227e-09
4.154705388e-09
2.170541428e-09
5.70947694e-10
6.636282804e-11
1.091075087e-11
2.899758595e-12
9.449655996e-13
3.217164349e-13
1.065518721e-13
3.324970922e-14
9.623816396e-15
2.564192302e-15
6.255196819e-16
1.659862639e-07
1.979473888e-08
8.598287957e-09
5.645013492e-09
3.661878768e-09
1.697517593e-09
2.824487131e-10
3.345029055e-11
6.985772067e-12
2.010763713e-12
6.395117767e-13
2.02568941e-13
6.119768504e-14
1.730644234e-14
4.548199444e-15
1.106755778e-15
2.044892652e-07
1.993773871e-08
7.272870422e-09
5.635812537e-09
4.498975279e-09
2.937390819e-09
8.163986745e-10
9.992235426e-11
1.624706726e-11
3.986575075e-12
1.156197064e-12
3.454179692e-13
1.003020322e-13
2.767164811e-14
7.199133769e-15
1.761381327e-15
2.024856197e-07
2.151763129e-08
5.603543455e-09
4.851556812e-09
4.787815838e-09
3.930706307e-09
1.792012637e-09
2.785725523e-10
3.95896586e-11
7.88943876e-12
1.993324423e-12
5.460992858e-13
1.498605353e-13
4.001306362e-14
1.030711298e-14
2.551863876e-15
7.905669106e-07
9.631392236e-08
1.307405036e-08
6.482132404e-09
6.155209909e-09
5.498977839e-09
3.261659832e-09
7.431804905e-10
9.599637508e-11
1.575899796e-11
3.29330736e-12
7.947624437e-13
2.017594116e-13
5.179931397e-14
1.326677647e-14
3.357333217e-15
1.305300729e-06
1.83747729e-07
2.370920811e-08
7.65736383e-09
7.573322974e-09
7.503895068e-09
5.311577793e-09
1.738015058e-09
2.24765653e-10
3.220606119e-11
5.467737393e-12
1.123706658e-12
2.576750094e-13
6.290914145e-14
1.600954507e-14
4.153232294e-15
1.593392083e-06
2.57889261e-07
3.521775882e-08
8.399884262e-09
8.727586441e-09
9.68801574e-09
7.58532933e-09
3.39398069e-09
5.366043939e-10
7.144663744e-11
9.370044874e-12
1.532644383e-12
3.071851547e-13
7.103481444e-14
1.810270153e-14
4.838213179e-15
1.673400261e-06
2.868806148e-07
4.520677161e-08
8.924205152e-09
1.012528336e-08
1.235419079e-08
9.964239004e-09
5.298046336e-09
1.175539274e-09
1.629085963e-10
1.685045316e-11
2.055763743e-12
3.462442493e-13
7.61758519e-14
1.968831679e-14
5.426792776e-15
1.70277019e-06
3.018175431e-07
5.180360774e-08
1.037608223e-08
1.405415604e-08
1.635016747e-08
1.242977809e-08
6.815678302e-09
2.192775431e-09
3.497917802e-10
3.153355363e-11
2.896238629e-12
4.115374816e-13
8.696568039e-14
2.255524791e-14
6.263747519e-15
1.67468704e-06
3.06021213e-07
4.859159618e-08
2.110028299e-08
2.375143222e-08
2.142520795e-08
1.478289132e-08
8.031262695e-09
3.160330893e-09
7.094605029e-10
7.250960848e-11
5.75264855e-12
6.78094179e-13
1.255181105e-13
3.018345767e-14
8.025979976e-15
1.511071336e-06
2.852422174e-07
4.210933252e-08
3.33083752e-08
3.438906551e-08
2.655012938e-08
1.69102908e-08
9.114588124e-09
4.038397515e-09
1.306798163e-09
2.414232206e-10
2.362436667e-11
2.109333073e-12
2.703648545e-13
5.074704133e-14
1.186933838e-14
4.659479277e-07
1.00474719e-07
7.406696035e-08
6.323228637e-08
4.69781275e-08
3.149804398e-08
1.91234878e-08
1.042645675e-08
5.017112829e-09
2.050889428e-09
6.246438468e-10
1.099986928e-10
1.067355426e-11
9.572036967e-13
1.203768388e-13
2.167815506e-14
3.816077434e-07
1.905854188e-07
1.252353687e-07
8.459989791e-08
5.618068915e-08
3.582659545e-08
2.1511014e-08
1.199613649e-08
6.136847965e-09
2.824185285e-09
1.119393957e-09
3.332121126e-10
5.745197607e-11
5.414189608e-12
4.67433131e-13
5.589235471e-14
3.293955456e-07
2.140673926e-07
1.421553828e-07
9.444899847e-08
6.181214903e-08
3.917608345e-08
2.374076535e-08
1.36247464e-08
7.335517914e-09
3.655625879e-09
1.647405137e-09
6.406165129e-10
1.869152439e-10
3.122698057e-11
2.78520281e-12
2.263115704e-13
2.906564834e-07
2.045952032e-07
1.415591926e-07
9.620345679e-08
6.385700878e-08
4.107303095e-08
2.542336396e-08
1.505115731e-08
8.464930025e-09
4.478596493e-09
2.193558784e-09
9.679926846e-10
3.664795556e-10
1.032302259e-10
1.631530952e-11
1.338444502e-12
2.504907588e-07
1.845776542e-07
1.321870514e-07
9.217746242e-08
6.253175252e-08
4.110589456e-08
2.608149037e-08
1.59123009e-08
9.288936641e-09
5.149876269e-09
2.679718085e-09
1.284347883e-09
5.501554715e-10
2.001075841e-10
5.340556765e-11
7.799806981e-12
2.084989036e-07
1.579784696e-07
)
;

boundaryField
{
    inletCH4
    {
        type            fixedValue;
        value           uniform 0;
    }
    wallOutside
    {
        type            zeroGradient;
    }
    wallTube
    {
        type            zeroGradient;
    }
    inletPilot
    {
        type            fixedValue;
        value           uniform 0;
    }
    inletAir
    {
        type            fixedValue;
        value           uniform 0;
    }
    outlet
    {
        type            zeroGradient;
    }
    axis
    {
        type            empty;
    }
    frontAndBack_pos
    {
        type            wedge;
    }
    frontAndBack_neg
    {
        type            wedge;
    }
    procBoundary3to1
    {
        type            processor;
        value           nonuniform List<scalar> 
22
(
0
0
0
3.310658768e-19
3.126712996e-18
1.129410283e-17
3.067947116e-17
6.92938024e-17
1.368808351e-16
2.448258288e-16
3.977676155e-16
5.942626538e-16
8.151470539e-16
1.051629218e-15
1.274412173e-15
1.474742199e-15
1.718895638e-15
2.142789593e-15
2.963537406e-15
4.751044371e-15
9.399991183e-15
2.519023327e-14
)
;
    }
    procBoundary3to5
    {
        type            processor;
        value           nonuniform List<scalar> 
30
(
3.901231461e-07
3.871769413e-07
3.804854523e-07
3.702676675e-07
3.568372841e-07
3.467673338e-07
3.346292002e-07
3.078114352e-07
2.752978414e-07
2.401169572e-07
2.048317352e-07
9.994876006e-14
1.160573943e-07
8.324833229e-08
5.776636218e-08
3.886011628e-08
2.529229617e-08
1.587840837e-08
9.579451742e-09
5.52067272e-09
3.011125688e-09
1.532755834e-09
7.129688437e-10
2.93246158e-10
1.009332172e-10
5.720194526e-13
2.494534015e-11
1.673576348e-07
1.160573943e-07
1.303243341e-07
)
;
    }
}
)

// Processor4

8781
(dimensions      [0 0 0 0 0 0 0];

internalField   nonuniform List<scalar> 
862
(
1.103747185e-14
1.106583175e-14
1.110953299e-14
1.115954162e-14
1.122015623e-14
3.020314177e-15
3.030669454e-15
3.046320971e-15
3.064712047e-15
3.087154937e-15
7.85448534e-16
7.88620458e-16
7.936107113e-16
7.996937439e-16
8.072300183e-16
1.940712777e-16
1.949715981e-16
1.964348897e-16
1.982674551e-16
2.005606488e-16
4.554625886e-17
4.578551808e-17
4.618422476e-17
4.669379156e-17
4.733613662e-17
1.014256413e-17
1.020231927e-17
1.030387722e-17
1.043559174e-17
1.060276367e-17
2.136985085e-18
2.151019826e-18
2.175270137e-18
2.207149811e-18
2.247791922e-18
4.223350212e-19
4.254223194e-19
4.308277768e-19
4.380113837e-19
4.472296098e-19
7.564852351e-20
7.629607319e-20
7.74528079e-20
7.902029222e-20
8.108286321e-20
1.220093462e-20
1.233436504e-20
1.257749903e-20
1.290931826e-20
1.333766934e-20
1.73704499e-21
1.761435136e-21
1.806380374e-21
1.86774576e-21
1.94641928e-21
2.178546114e-22
2.21355465e-22
2.277240742e-22
2.362546291e-22
2.468215757e-22
1.798213747e-23
1.821693363e-23
1.849194983e-23
1.86093171e-23
1.831131471e-23
0
0
0
0
0
0
0
0
0
0
0
0
0
0
0
0
0
0
0
0
0
0
0
0
0
0
0
0
0
0
0
0
0
0
0
1.133701583e-14
3.125725221e-15
8.189436974e-16
2.038778669e-16
4.821710991e-17
1.082280124e-17
2.299586975e-18
4.586996672e-19
8.36472266e-20
1.382965768e-20
2.033508102e-21
2.583179275e-22
1.817130578e-23
0
0
0
0
0
0
0
1.183605267e-14
1.221153944e-14
1.220597997e-14
1.191617894e-14
1.142229264e-14
3.27772259e-15
3.398721709e-15
3.410592519e-15
3.341163803e-15
3.213332307e-15
8.623213541e-16
8.98683873e-16
9.054728348e-16
8.901980194e-16
8.590208125e-16
2.155665269e-16
2.258029372e-16
2.284407226e-16
2.253976013e-16
2.182436908e-16
5.119635101e-17
5.390416133e-17
5.475944329e-17
5.422677565e-17
5.268599095e-17
1.154136355e-17
1.221605014e-17
1.246214935e-17
1.238644703e-17
1.207607215e-17
2.463589615e-18
2.622013772e-18
2.686364541e-18
2.679972176e-18
2.621842613e-18
4.939805132e-19
5.289859608e-19
5.445001372e-19
5.453794388e-19
5.357397969e-19
9.09149814e-20
9.837183381e-20
1.02076328e-19
1.031199498e-19
1.018247761e-19
1.523063111e-20
1.671707442e-20
1.75110107e-20
1.776764212e-20
1.760580124e-20
2.273406623e-21
2.532092564e-21
2.668592192e-21
2.702899317e-21
2.648242624e-21
2.909551285e-22
3.214422426e-22
3.277048779e-22
3.061800417e-22
2.285030381e-22
1.661819064e-23
0
0
0
0
0
0
0
0
0
0
0
0
0
0
0
0
0
0
0
0
0
0
0
0
0
0
0
0
0
0
0
0
0
0
0
0
0
0
0
3.29123846e-16
3.89312142e-18
3.413455859e-19
0
1.92094453e-16
0
0
0
0
6.57080433e-17
0
0
0
0
5.517003733e-16
5.857370584e-17
0
0
0
0
2.537188189e-16
3.549979735e-17
0
0
0
0
1.00362402e-16
1.017997469e-17
0
0
0
0
1.789807946e-16
3.629642259e-17
1.412221641e-18
0
0
0
0
6.486362257e-17
7.241714422e-18
0
0
0
0
0
8.585631913e-17
1.641086371e-17
0
0
0
0
0
0
8.10153157e-17
2.802793978e-17
2.244943106e-18
0
0
0
0
0
0
2.315402692e-17
7.996947785e-18
1.695358341e-18
0
0
0
0
0
0
2.089757571e-17
6.391782827e-18
1.990859481e-18
3.654027608e-19
0
0
0
0
0
0
1.069722123e-14
9.636545017e-15
8.398876353e-15
7.088088968e-15
5.793728113e-15
4.586154549e-15
3.514099084e-15
2.604747709e-15
1.86613926e-15
1.290877554e-15
8.609968246e-16
5.528488371e-16
3.411494189e-16
2.017624334e-16
1.138885931e-16
6.149106007e-17
3.147694597e-17
1.505587721e-17
6.55726581e-18
2.380971323e-18
7.553142298e-19
7.674667646e-20
0
0
0
0
0
0
3.020335308e-15
2.729944613e-15
2.386210749e-15
2.018955236e-15
1.654038312e-15
1.31196961e-15
1.007132843e-15
7.477503241e-16
5.365446541e-16
3.716614737e-16
2.481931021e-16
1.595039216e-16
9.846888466e-17
5.815332824e-17
3.258725568e-17
1.758489078e-17
8.98567265e-18
4.271639388e-18
1.840854761e-18
6.794021101e-19
2.151324309e-19
4.241153366e-20
0
0
0
0
0
0
8.103763724e-16
7.349632758e-16
6.44335367e-16
5.466036369e-16
4.488591542e-16
3.567760635e-16
2.743860307e-16
2.040532509e-16
1.466512638e-16
1.017182269e-16
6.798836585e-17
4.369343583e-17
2.692068502e-17
1.576293533e-17
8.570255727e-18
4.602248501e-18
2.328439936e-18
1.070306282e-18
4.205555047e-19
1.140469801e-19
2.338441032e-20
2.202019363e-21
0
0
0
0
0
0
2.066435945e-16
1.880614925e-16
1.653688044e-16
1.406601387e-16
1.157816606e-16
9.222518956e-17
7.106284699e-17
5.293744521e-17
3.809263781e-17
2.644274137e-17
1.76712266e-17
1.132372214e-17
6.915859792e-18
3.931975914e-18
1.934033775e-18
1.014892584e-18
4.996034321e-19
2.137853382e-19
5.964006431e-20
3.341906682e-21
7.876449571e-22
0
0
0
0
0
0
0
5.007084671e-17
4.572632728e-17
4.032966426e-17
3.43943568e-17
2.83771725e-17
2.264931343e-17
1.748197985e-17
1.303985445e-17
9.389683e-18
6.515125973e-18
4.3429276e-18
2.767483993e-18
1.652885896e-18
8.613289841e-19
2.534254435e-19
1.402100781e-19
7.212973224e-20
2.9262089e-20
0
0
0
0
0
0
0
0
0
0
1.151926421e-17
1.055585233e-17
9.337384126e-18
7.983737212e-18
6.601021789e-18
5.277674143e-18
4.078559878e-18
3.043652163e-18
2.190902655e-18
1.518032703e-18
1.008784944e-18
6.385458605e-19
3.764197419e-19
1.932187988e-19
7.129755009e-20
2.501234248e-20
1.0309487e-20
3.266292141e-21
0
0
0
0
0
0
0
0
0
0
2.510192769e-18
2.308176522e-18
2.047716653e-18
1.754762065e-18
1.45327194e-18
1.163024325e-18
8.985331772e-19
6.69972615e-19
4.812281963e-19
3.317516457e-19
2.153257945e-19
1.3707885e-19
7.976672987e-20
3.891243068e-20
1.058762457e-20
1.835795271e-21
7.449987976e-22
0
0
0
0
0
0
0
0
0
0
0
5.152253412e-19
4.753647093e-19
4.227099849e-19
3.627206563e-19
3.003799557e-19
2.39663805e-19
1.846067385e-19
1.370723437e-19
9.816096417e-20
6.761257851e-20
4.416094267e-20
2.737856683e-20
1.534510595e-20
6.681908936e-21
8.384327784e-23
3.119963888e-23
7.711725853e-24
0
0
0
0
0
0
0
0
0
0
0
9.8367258e-20
9.104498869e-20
8.103058326e-20
6.938070477e-20
5.708174237e-20
4.475321954e-20
3.394225531e-20
2.500938661e-20
1.792069798e-20
1.218587726e-20
7.873482345e-21
4.709141826e-21
2.4161048e-21
7.672103944e-22
6.946561147e-23
1.045673449e-24
0
0
0
0
0
0
0
0
0
0
0
0
1.701806408e-20
1.563379094e-20
1.36254089e-20
1.09379376e-20
8.545780479e-21
6.377840975e-21
4.61029422e-21
3.612391393e-21
2.613628458e-21
1.7069875e-21
1.052401097e-21
5.593030974e-22
1.98459916e-22
0
0
0
0
0
0
0
0
0
0
0
0
0
0
0
2.48748823e-21
2.123637982e-21
1.326830748e-21
8.711420411e-22
5.137996361e-22
2.627806561e-22
4.405311987e-22
3.6232429e-22
2.722694086e-22
9.044666995e-23
5.291838999e-24
0
0
0
0
0
0
0
0
0
0
0
0
0
0
0
0
0
0
0
0
0
0
1.295519757e-24
2.012584879e-23
1.687106188e-23
0
0
0
0
0
0
0
0
0
0
0
0
0
0
0
0
0
0
0
0
0
0
0
0
0
0
0
0
0
0
0
0
0
0
0
0
0
0
0
0
0
0
0
0
0
0
0
0
0
0
0
0
0
0
0
0
0
0
0
0
0
0
0
0
0
0
0
0
0
0
0
0
0
0
0
0
0
0
0
0
0
0
0
0
0
0
0
0
0
0
0
0
0
0
0
0
0
0
0
0
0
0
0
0
0
0
0
0
0
0
0
0
0
0
0
0
0
0
0
0
0
0
0
0
0
0
0
0
0
0
0
0
0
0
0
0
0
0
0
0
0
0
0
0
0
0
0
0
0
0
0
0
0
0
0
0
0
0
0
0
0
0
0
0
0
0
0
0
0
0
0
0
0
0
0
0
0
0
0
0
0
0
0
0
0
0
0
0
0
0
0
0
0
0
0
0
0
0
0
0
0
0
0
0
0
0
0
0
0
0
0
0
0
0
0
0
0
0
0
0
0
0
0
0
0
0
0
0
0
0
0
0
0
0
0
0
0
0
0
0
0
0
0
0
)
;

boundaryField
{
    inletCH4
    {
        type            fixedValue;
        value           nonuniform List<scalar> 0();
    }
    wallOutside
    {
        type            zeroGradient;
    }
    wallTube
    {
        type            zeroGradient;
    }
    inletPilot
    {
        type            fixedValue;
        value           nonuniform List<scalar> 0();
    }
    inletAir
    {
        type            fixedValue;
        value           nonuniform List<scalar> 0();
    }
    outlet
    {
        type            zeroGradient;
    }
    axis
    {
        type            empty;
    }
    frontAndBack_pos
    {
        type            wedge;
    }
    frontAndBack_neg
    {
        type            wedge;
    }
    procBoundary4to0
    {
        type            processor;
        value           uniform 0;
    }
    procBoundary4to2
    {
        type            processor;
        value           nonuniform List<scalar> 10(5.531287548e-16 5.888570091e-17 3.655193168e-18 4.860540618e-20 0 0 0 0 0 0);
    }
    procBoundary4to5
    {
        type            processor;
        value           nonuniform List<scalar> 
46
(
3.950667124e-14
3.960404572e-14
3.973295307e-14
3.98644348e-14
4.00151551e-14
4.037606864e-14
4.201898894e-14
4.316470176e-14
4.299061387e-14
4.183772987e-14
3.998814757e-14
2.9030519e-15
1.903511606e-15
1.086569676e-15
1.086569676e-15
2.134120975e-15
1.033462241e-15
4.608421038e-16
4.608421038e-16
6.052813306e-16
2.461844846e-16
2.461844846e-16
2.483570786e-16
2.483570786e-16
2.125527903e-16
7.018537739e-17
7.018537739e-17
3.73352883e-14
3.353637591e-14
2.915712773e-14
2.455494798e-14
2.003511127e-14
1.583544315e-14
1.211868868e-14
8.973583533e-15
6.423432252e-15
4.440081268e-15
2.959720957e-15
1.899606386e-15
1.171831425e-15
6.932086309e-16
3.920671251e-16
2.11638739e-16
1.082282692e-16
5.125613976e-17
5.125613976e-17
)
;
    }
}
)

// Processor5

16597
(dimensions      [0 0 0 0 0 0 0];

internalField   nonuniform List<scalar> 
862
(
3.901231461e-07
3.871769413e-07
3.804854523e-07
3.702676675e-07
3.568372841e-07
2.890695375e-07
2.869639567e-07
2.821320514e-07
2.747687327e-07
2.651542811e-07
2.090664999e-07
2.076176138e-07
2.042863007e-07
1.992144874e-07
1.926113146e-07
1.479656481e-07
1.470043854e-07
1.447884945e-07
1.41412325e-07
1.370186916e-07
1.027442769e-07
1.021252975e-07
1.006935025e-07
9.850803838e-08
9.566144323e-08
7.003999477e-08
6.965165474e-08
6.874960484e-08
6.736898452e-08
6.556753537e-08
4.676498425e-08
4.652755305e-08
4.597283275e-08
4.512075217e-08
4.400638861e-08
3.044311385e-08
3.030204835e-08
2.996995271e-08
2.945750709e-08
2.878558366e-08
1.922539305e-08
1.914441711e-08
1.895183415e-08
1.865302614e-08
1.826015524e-08
1.173378047e-08
1.168910395e-08
1.158149985e-08
1.141345315e-08
1.119186785e-08
6.906655064e-09
6.883067245e-09
6.825338947e-09
6.734491617e-09
6.614332685e-09
3.916535532e-09
3.904644831e-09
3.874969095e-09
3.827845712e-09
3.765310708e-09
2.137492932e-09
2.131793362e-09
2.117208141e-09
2.093796148e-09
2.062613009e-09
1.121018376e-09
1.118434903e-09
1.111607284e-09
1.10050136e-09
1.085647173e-09
5.637922112e-10
5.626973484e-10
5.596722429e-10
5.546673214e-10
5.479399933e-10
2.712659156e-10
2.708388331e-10
2.695813186e-10
2.674535574e-10
2.645758715e-10
1.245785095e-10
1.244297035e-10
1.239452787e-10
1.230995087e-10
1.219464471e-10
5.450055878e-11
5.445695173e-11
5.428717352e-11
5.397658797e-11
5.354844414e-11
2.267742641e-11
2.266864628e-11
2.261627314e-11
2.251278424e-11
2.236773723e-11
8.964790527e-12
8.965178357e-12
8.952010724e-12
8.921728856e-12
8.878077581e-12
3.36456112e-12
3.366219819e-12
3.364227851e-12
3.357028112e-12
3.34601926e-12
1.198364128e-12
1.199514472e-12
1.199898784e-12
1.198881712e-12
1.196960387e-12
4.05006635e-13
4.055917587e-13
4.061054531e-13
4.063057284e-13
4.063608836e-13
1.29887655e-13
1.301403498e-13
1.304326049e-13
1.306779283e-13
1.309305632e-13
3.950667124e-14
3.960404572e-14
3.973295307e-14
3.98644348e-14
4.00151551e-14
3.467673338e-07
2.580727315e-07
1.878028296e-07
1.338478266e-07
9.362262056e-08
6.428689073e-08
4.322137199e-08
2.831799916e-08
1.799122281e-08
1.104337133e-08
6.53592865e-09
3.725839652e-09
2.043739054e-09
1.077131956e-09
5.443566116e-10
2.631955685e-10
1.214761293e-10
5.341746558e-11
2.234586992e-11
8.882965521e-12
3.35317308e-12
1.201488172e-12
4.085882554e-13
1.318771803e-13
4.037606864e-14
3.346292002e-07
3.078114352e-07
2.752978414e-07
2.401169572e-07
2.048317352e-07
2.497947628e-07
2.311535948e-07
2.083763783e-07
1.835622141e-07
1.584581397e-07
1.823798073e-07
1.697835151e-07
1.541599031e-07
1.36967907e-07
1.194118021e-07
1.304058848e-07
1.221074553e-07
1.116263602e-07
9.99587585e-08
8.792505456e-08
9.149645819e-08
8.615399163e-08
7.927065348e-08
7.150981434e-08
6.341915485e-08
6.30112329e-08
5.964791792e-08
5.521711832e-08
5.015092608e-08
4.480815154e-08
4.24844976e-08
4.041832361e-08
3.762465725e-08
3.438058279e-08
3.091779569e-08
2.791413477e-08
2.668178409e-08
2.496249507e-08
2.293170924e-08
2.073703812e-08
1.778519417e-08
1.707625926e-08
1.60489769e-08
1.481264803e-08
1.345964542e-08
1.094812209e-08
1.055711507e-08
9.964156896e-09
9.235762169e-09
8.428307482e-09
6.497946193e-09
6.292049391e-09
5.96244543e-09
5.548426504e-09
5.083350659e-09
3.714560668e-09
3.611394479e-09
3.435225389e-09
3.208514799e-09
2.950344241e-09
2.043204401e-09
1.994246092e-09
1.903818382e-09
1.784335032e-09
1.646338133e-09
1.079850344e-09
1.058026561e-09
1.013542789e-09
9.530266255e-10
8.820997797e-10
5.472824204e-10
5.382736651e-10
5.173707716e-10
4.879859254e-10
4.530082313e-10
2.653888201e-10
2.620303099e-10
2.526874417e-10
2.390495648e-10
2.225439048e-10
1.22863996e-10
1.217893912e-10
1.17836059e-10
1.118056334e-10
1.043737247e-10
5.420064106e-11
5.394559047e-11
5.236990084e-11
4.983698174e-11
4.665235344e-11
2.274902289e-11
2.273717217e-11
2.21487945e-11
2.114085469e-11
1.984498885e-11
9.074451798e-12
9.109010509e-12
8.904475985e-12
8.525306831e-12
8.025430371e-12
3.437652447e-12
3.466098391e-12
3.400462233e-12
3.265874666e-12
3.083311515e-12
1.236259214e-12
1.252167623e-12
1.232975516e-12
1.187976166e-12
1.124909001e-12
4.219826846e-13
4.293993097e-13
4.244042838e-13
4.102561719e-13
3.896625126e-13
1.367182679e-13
1.397787001e-13
1.386799666e-13
1.345052013e-13
1.281524337e-13
4.201898894e-14
4.316470176e-14
4.299061387e-14
4.183772987e-14
3.998814757e-14
9.994876006e-14
1.056956478e-14
1.581289501e-15
2.856626667e-16
5.356240712e-17
9.470357438e-18
1.375536223e-18
5.720194526e-13
3.998476781e-14
4.007864599e-15
5.667031402e-16
9.565097602e-17
1.644373994e-17
2.509143369e-18
1.160573943e-07
8.324833229e-08
5.776636218e-08
3.886011628e-08
2.529229617e-08
1.587840837e-08
9.579451742e-09
5.52067272e-09
3.011125688e-09
1.532755834e-09
7.129688437e-10
2.93246158e-10
1.009332172e-10
2.494534015e-11
3.27478226e-12
2.171777835e-13
1.417967945e-14
1.358138143e-15
1.819989508e-16
2.854325982e-17
4.358516788e-18
1.673576348e-07
1.303243341e-07
9.855390827e-08
7.235719387e-08
5.148794435e-08
3.544984056e-08
2.359897008e-08
1.520428819e-08
9.440124283e-09
5.619828654e-09
3.18335081e-09
1.696974329e-09
8.380243513e-10
3.746019778e-10
1.462088797e-10
4.689208192e-11
1.047475638e-11
1.197263147e-12
7.069301166e-14
4.363741622e-15
4.018584699e-16
5.087300839e-17
7.225937734e-18
1.314853623e-07
1.043009102e-07
8.033350399e-08
6.011835582e-08
4.371337278e-08
3.084343819e-08
2.106554124e-08
1.390522424e-08
8.848543495e-09
5.413392953e-09
3.162753629e-09
1.748640722e-09
9.036187326e-10
4.289267979e-10
1.823080208e-10
6.667751988e-11
1.959653988e-11
3.841570421e-12
3.659148165e-13
1.899673064e-14
1.114862602e-15
9.876859653e-17
1.162042522e-17
1.00348488e-07
8.081094566e-08
6.325430259e-08
4.816069356e-08
3.567183944e-08
2.568775541e-08
1.795491643e-08
1.214283823e-08
7.920699828e-09
4.959767189e-09
2.972026458e-09
1.691423168e-09
9.050772202e-10
4.491591055e-10
2.027712939e-10
8.09248048e-11
2.731137861e-11
7.201981349e-12
1.1978317e-12
9.180874189e-14
4.23513252e-15
2.394445028e-16
2.025411974e-17
7.472214647e-08
6.098088702e-08
4.842720385e-08
3.744646945e-08
2.819499991e-08
2.065837482e-08
1.470829614e-08
1.0150652e-08
6.763621154e-09
4.333073946e-09
2.654403864e-09
1.545461979e-09
8.495345691e-10
4.359719019e-10
2.056947141e-10
8.73056278e-11
3.228358381e-11
9.900421158e-12
2.298851813e-12
3.179065202e-13
1.973099952e-14
8.443374227e-16
4.684934617e-17
5.444648194e-08
4.496526663e-08
3.616558285e-08
2.834161852e-08
2.163794458e-08
1.608247263e-08
1.162044679e-08
8.144832487e-09
5.519827913e-09
3.600395407e-09
2.249225296e-09
1.337437331e-09
7.506312295e-10
3.952357862e-10
1.927894539e-10
8.56257942e-11
3.379428453e-11
1.143591804e-11
3.142663315e-12
6.292468515e-13
7.096829478e-14
3.620337219e-15
1.45320211e-16
3.88164573e-08
3.238869293e-08
2.633175922e-08
2.086417308e-08
1.610839444e-08
1.210834505e-08
8.849049304e-09
6.274920057e-09
4.305586301e-09
2.847890884e-09
1.806479905e-09
1.092729705e-09
6.258421479e-10
3.359630782e-10
1.680106828e-10
7.716820846e-11
3.193139159e-11
1.158601009e-11
3.543029526e-12
8.598557421e-13
1.449943036e-13
1.288701047e-14
5.345561864e-16
2.699080702e-08
2.271536148e-08
1.862934141e-08
1.489085585e-08
1.159699651e-08
8.792607059e-09
6.481152048e-09
4.635824268e-09
3.209600842e-09
2.144006525e-09
1.375936567e-09
8.435260019e-10
4.907984386e-10
2.687562588e-10
1.370209443e-10
6.458160368e-11
2.770173486e-11
1.058685398e-11
3.498975252e-12
9.568294072e-13
2.019638164e-13
2.809370549e-14
1.944422266e-15
1.822108192e-08
1.544292246e-08
1.275377614e-08
1.026452244e-08
8.047706186e-09
6.141683801e-09
4.556503969e-09
3.280478911e-09
2.286628032e-09
1.538566412e-09
9.95572207e-10
6.165322445e-10
3.631401939e-10
2.019561512e-10
1.050084409e-10
5.053466112e-11
2.230203724e-11
8.872094604e-12
3.10832002e-12
9.277453726e-13
2.242733505e-13
4.051639509e-14
4.486539217e-15
1.189232896e-08
1.013812997e-08
8.420437949e-09
6.81427064e-09
5.370965035e-09
4.119984358e-09
3.072032108e-09
2.222894732e-09
1.557518972e-09
1.053832695e-09
6.861746998e-10
4.28111496e-10
2.545192445e-10
1.431993794e-10
7.562900913e-11
3.707913039e-11
1.6742453e-11
6.876204616e-12
2.520919336e-12
8.038917284e-13
2.1468626e-13
4.518714056e-14
6.835965563e-15
7.483376263e-09
6.411783608e-09
5.351164322e-09
4.350334619e-09
3.443858214e-09
2.652716824e-09
1.985915539e-09
1.442680653e-09
1.014917261e-09
6.896380077e-10
4.511792684e-10
2.830749247e-10
1.695048895e-10
9.627898645e-11
5.148441175e-11
2.567599049e-11
1.181652712e-11
4.98132989e-12
1.893878565e-12
6.360796869e-13
1.831434269e-13
4.316007669e-14
7.842354101e-15
4.533553578e-09
3.901921175e-09
3.270300294e-09
2.669202182e-09
2.120835588e-09
1.639270794e-09
1.231220004e-09
8.972457714e-10
6.331934751e-10
4.316763556e-10
2.83452516e-10
1.78615743e-10
1.075344321e-10
6.151600872e-11
3.321554551e-11
1.679315062e-11
7.865634772e-12
3.387599798e-12
1.326561442e-12
4.643114031e-13
1.417211316e-13
3.627196185e-14
7.193781302e-15
2.642038633e-09
2.283261663e-09
1.92090466e-09
1.573274556e-09
1.254012884e-09
9.720632704e-10
7.320218186e-10
5.347738932e-10
3.783004816e-10
2.585434984e-10
1.702353606e-10
1.076269482e-10
6.507081419e-11
3.744000361e-11
2.037827037e-11
1.041595438e-11
4.954578726e-12
2.172736939e-12
8.719456423e-13
3.156406013e-13
1.010127087e-13
2.753664975e-14
5.940496206e-15
1.479866259e-09
1.283661135e-09
1.083581134e-09
8.901681051e-10
7.114364427e-10
5.527891726e-10
4.171595986e-10
3.053324518e-10
2.163806334e-10
1.481519725e-10
9.774847165e-11
6.195389009e-11
3.758045393e-11
2.171968957e-11
1.18961319e-11
6.135019548e-12
2.956275049e-12
1.317729324e-12
5.397831928e-13
2.009279781e-13
6.681322825e-14
1.9258522e-14
4.378754702e-15
7.956636218e-10
6.924940035e-10
5.863027312e-10
4.829126702e-10
3.868262427e-10
3.011483577e-10
2.27635788e-10
1.668525687e-10
1.183980464e-10
8.11707571e-11
5.363421674e-11
3.405735029e-11
2.071149409e-11
1.201368626e-11
6.614854789e-12
3.437213636e-12
1.673651279e-12
7.570809813e-13
3.155271281e-13
1.202005474e-13
4.122486563e-14
1.238220467e-14
2.9030519e-15
4.099404811e-10
3.57879933e-10
3.038068752e-10
2.508030251e-10
2.012852381e-10
1.569510907e-10
1.187920256e-10
8.716564872e-11
6.191048795e-11
4.248346871e-11
2.810116772e-11
1.786918658e-11
1.088874292e-11
6.334558685e-12
3.502704929e-12
1.831267869e-12
8.996052994e-13
4.121176458e-13
1.744214116e-13
6.77506642e-14
2.384235643e-14
7.423830849e-15
1.903511606e-15
2.020036061e-10
1.768522498e-10
1.504939991e-10
1.244891068e-10
1.000758151e-10
7.813704129e-11
5.920146051e-11
4.347582601e-11
3.090052977e-11
2.121831483e-11
1.404609446e-11
8.941417526e-12
5.457308416e-12
3.182509243e-12
1.766136453e-12
9.283047675e-13
4.595022324e-13
2.127309558e-13
9.134958356e-14
3.606924415e-14
1.296334131e-14
4.135069366e-15
1.086569676e-15
9.502163173e-11
8.341640263e-11
7.114460191e-11
5.896046773e-11
4.746866687e-11
3.71058261e-11
2.813875398e-11
2.067829613e-11
1.470514682e-11
1.01027001e-11
6.691884711e-12
4.263627401e-12
2.605755057e-12
1.522712991e-12
8.476395732e-13
4.475271727e-13
2.229459363e-13
1.041549332e-13
4.529156513e-14
1.813869925e-14
6.622053208e-15
2.134120975e-15
4.259718258e-11
3.749416819e-11
3.204834776e-11
2.66071623e-11
2.14516539e-11
1.678700487e-11
1.274078787e-11
9.368630485e-12
6.665666187e-12
4.581515926e-12
3.036368257e-12
1.936057469e-12
1.184630662e-12
6.935062962e-13
3.870941203e-13
2.051794221e-13
1.027928506e-13
4.839385796e-14
2.123428207e-14
8.632536239e-15
3.187904401e-15
1.033462241e-15
1.817374247e-11
1.603926346e-11
1.373968415e-11
1.142725651e-11
9.226149154e-12
7.227923344e-12
5.490395209e-12
4.039825008e-12
2.875760258e-12
1.977529083e-12
1.311297895e-12
8.367264052e-13
5.125334975e-13
3.005415605e-13
1.681625293e-13
8.944823841e-14
4.50326965e-14
2.134436778e-14
9.4577863e-15
3.882758645e-15
1.441166037e-15
4.608421038e-16
7.371789891e-12
6.523679232e-12
5.600875049e-12
4.666755015e-12
3.773410664e-12
2.959617051e-12
2.25021244e-12
1.656893273e-12
1.180157556e-12
8.119774168e-13
5.387379494e-13
3.44023898e-13
2.10955888e-13
1.238937745e-13
6.947843801e-14
3.707435406e-14
1.874692577e-14
8.937262223e-15
3.98691071e-15
1.648054413e-15
6.052813306e-16
2.840968164e-12
2.521155715e-12
2.169542741e-12
1.811164786e-12
1.46675618e-12
1.151892551e-12
8.766891512e-13
6.460689867e-13
4.60500899e-13
3.170424746e-13
2.104990877e-13
1.34531187e-13
8.258547924e-14
4.857604647e-14
2.729869616e-14
1.460977667e-14
7.416945353e-15
3.553977524e-15
1.594671675e-15
6.64842147e-16
2.461844846e-16
1.039795829e-12
9.254134063e-13
7.98274801e-13
6.677583682e-13
5.416904323e-13
4.260035338e-13
3.246023615e-13
2.394465642e-13
1.7081563e-13
1.176945742e-13
7.820600839e-14
5.002804702e-14
3.07464648e-14
1.811216276e-14
1.019913806e-14
5.473210524e-15
2.788307807e-15
1.341633092e-15
6.042970043e-16
2.483570786e-16
3.613591102e-13
3.225702693e-13
2.789558651e-13
2.338463045e-13
1.900421732e-13
1.496857228e-13
1.142056754e-13
8.434012181e-14
6.02263067e-14
4.153574321e-14
2.76258413e-14
1.76904022e-14
1.088559914e-14
6.422203046e-15
3.623198893e-15
1.949014303e-15
9.954387745e-16
4.791289388e-16
2.125527903e-16
1.19243217e-13
1.067724704e-13
9.257882023e-14
7.778330614e-14
6.33359583e-14
4.997016653e-14
3.818142433e-14
2.823287409e-14
2.018396669e-14
1.393525128e-14
9.278466107e-15
5.94825798e-15
3.664882368e-15
2.165351023e-15
1.223601967e-15
6.595783904e-16
3.374460608e-16
1.620446691e-16
7.018537739e-17
3.73352883e-14
3.353637591e-14
2.915712773e-14
2.455494798e-14
2.003511127e-14
1.583544315e-14
1.211868868e-14
8.973583533e-15
6.423432252e-15
4.440081268e-15
2.959720957e-15
1.899606386e-15
1.171831425e-15
6.932086309e-16
3.920671251e-16
2.11638739e-16
1.082282692e-16
5.125613976e-17
)
;

boundaryField
{
    inletCH4
    {
        type            fixedValue;
        value           nonuniform List<scalar> 0();
    }
    wallOutside
    {
        type            zeroGradient;
    }
    wallTube
    {
        type            zeroGradient;
    }
    inletPilot
    {
        type            fixedValue;
        value           nonuniform List<scalar> 0();
    }
    inletAir
    {
        type            fixedValue;
        value           nonuniform List<scalar> 0();
    }
    outlet
    {
        type            zeroGradient;
    }
    axis
    {
        type            empty;
    }
    frontAndBack_pos
    {
        type            wedge;
    }
    frontAndBack_neg
    {
        type            wedge;
    }
    procBoundary5to1
    {
        type            processor;
        value           nonuniform List<scalar> 7(2.519023327e-14 4.015733792e-15 7.78703989e-16 1.584343855e-16 3.110430517e-17 5.495982129e-18 7.260677445e-19);
    }
    procBoundary5to2
    {
        type            processor;
        value           nonuniform List<scalar> 
16
(
7.07232717e-20
2.159185855e-19
4.67565273e-19
8.429891459e-19
1.323632787e-18
2.002401762e-18
3.52985518e-18
7.547246184e-18
1.923020914e-17
6.467491714e-17
2.210484722e-16
5.595657883e-16
9.302733681e-16
1.022639424e-15
9.536476425e-16
5.531287548e-16
)
;
    }
    procBoundary5to3
    {
        type            processor;
        value           nonuniform List<scalar> 
30
(
5.179289522e-07
5.14231874e-07
5.056031094e-07
4.921786755e-07
4.742641787e-07
4.606566414e-07
4.440233153e-07
4.064425904e-07
3.603429275e-07
3.103879331e-07
2.606375257e-07
1.338444502e-12
1.321870514e-07
9.217746242e-08
6.253175252e-08
4.110589456e-08
2.608149037e-08
1.59123009e-08
9.288936641e-09
5.149876269e-09
2.679718085e-09
1.284347883e-09
5.501554715e-10
2.001075841e-10
5.340556765e-11
7.799806981e-12
7.799806981e-12
2.084989036e-07
1.579784696e-07
1.579784696e-07
)
;
    }
    procBoundary5to4
    {
        type            processor;
        value           nonuniform List<scalar> 
46
(
1.103747185e-14
1.106583175e-14
1.110953299e-14
1.115954162e-14
1.122015623e-14
1.133701583e-14
1.183605267e-14
1.221153944e-14
1.220597997e-14
1.191617894e-14
1.142229264e-14
3.29123846e-16
1.92094453e-16
6.57080433e-17
5.517003733e-16
5.517003733e-16
2.537188189e-16
1.00362402e-16
1.789807946e-16
1.789807946e-16
6.486362257e-17
8.585631913e-17
8.585631913e-17
8.10153157e-17
8.10153157e-17
2.315402692e-17
2.089757571e-17
1.069722123e-14
9.636545017e-15
8.398876353e-15
7.088088968e-15
5.793728113e-15
4.586154549e-15
3.514099084e-15
2.604747709e-15
1.86613926e-15
1.290877554e-15
8.609968246e-16
5.528488371e-16
3.411494189e-16
2.017624334e-16
1.138885931e-16
6.149106007e-17
3.147694597e-17
2.089757571e-17
1.505587721e-17
)
;
    }
}
)