/*--------------------------------*- C++ -*----------------------------------*\
  =========                 |
  \\      /  F ield         | OpenFOAM: The Open Source CFD Toolbox
   \\    /   O peration     | Website:  https://openfoam.org
    \\  /    A nd           | Version:  10
     \\/     M anipulation  |
\*---------------------------------------------------------------------------*/
FoamFile
{
    format      binary;
    class       decomposedBlockData;
    location    "/home/zhouyuchen/Desktop/FastChemistrySolver-OpenFOAM-10/EC-CCM/OpenFOAM-10/Sandia/processors6/0.0250188088/HCO_0";
    object      HCO_0;
}
// * * * * * * * * * * * * * * * * * * * * * * * * * * * * * * * * * * * * * //


// Processor0

6806
(/*--------------------------------*- C++ -*----------------------------------*\
  =========                 |
  \\      /  F ield         | OpenFOAM: The Open Source CFD Toolbox
   \\    /   O peration     | Website:  https://openfoam.org
    \\  /    A nd           | Version:  10
     \\/     M anipulation  |
\*---------------------------------------------------------------------------*/
FoamFile
{
    format      ascii;
    class       volScalarField;
    location    "0.0250188088";
    object      HCO_0;
}
// * * * * * * * * * * * * * * * * * * * * * * * * * * * * * * * * * * * * * //

dimensions      [0 0 0 0 0 0 0];

internalField   nonuniform List<scalar> 
864
(
2.181616337e-13
2.119781574e-15
0
0
0
0
0
0
0
0
0
0
0
0
0
0
0
0
0
0
0
0
0
0
0
0
0
0
0
0
0
0
5.269306692e-13
1.230633819e-13
0
0
0
0
0
0
0
0
0
0
0
0
0
0
0
0
0
0
0
0
0
0
0
0
0
0
0
0
0
0
6.672189232e-13
2.403377422e-13
3.061273232e-15
0
0
0
0
0
0
0
0
0
0
0
0
0
0
0
0
0
0
0
0
0
0
0
0
0
0
0
0
0
1.225563908e-12
5.223146775e-13
1.1094558e-13
0
0
0
0
0
0
0
0
0
0
0
0
0
0
0
0
0
0
0
0
0
0
0
0
0
0
0
0
0
1.287974517e-12
6.656345068e-13
2.20622398e-13
2.705903316e-15
0
0
0
0
0
0
0
0
0
0
0
0
0
0
0
0
0
0
0
0
0
0
0
0
0
0
0
0
1.16707013e-12
7.339928403e-13
3.249474686e-13
4.533136359e-14
0
0
0
0
0
0
0
0
0
0
0
0
0
0
0
0
0
0
0
0
0
0
0
0
0
0
0
0
1.301703478e-12
1.228543324e-12
6.167949948e-13
1.999155732e-13
2.363957983e-15
0
0
0
0
0
0
0
0
0
0
0
0
0
0
0
0
0
0
0
0
0
0
0
0
0
0
0
1.076705761e-12
1.206205178e-12
7.294678135e-13
3.20893842e-13
4.903865908e-14
0
0
0
0
0
0
0
0
0
0
0
0
0
0
0
0
0
0
0
0
0
0
0
0
0
0
0
9.692612293e-13
1.374742232e-12
1.273199759e-12
6.328585903e-13
2.020062234e-13
2.505843422e-15
0
0
0
0
0
0
0
0
0
0
0
0
0
0
0
0
0
0
0
0
0
0
0
0
0
0
9.045738647e-13
1.371427621e-12
1.382809434e-12
7.925853903e-13
3.238233239e-13
3.897029869e-14
0
0
0
0
0
0
0
0
0
0
0
0
0
0
0
0
0
0
0
0
0
0
0
0
0
0
7.988697924e-14
1.039470107e-12
1.418713672e-12
1.289488457e-12
5.881569801e-13
1.617384422e-13
9.018302981e-16
0
0
0
0
0
0
0
0
0
0
0
0
0
0
0
0
0
0
0
0
0
0
0
0
0
1.642384888e-14
9.58971889e-13
1.419446973e-12
1.388795879e-12
7.520389067e-13
2.833897346e-13
2.067657083e-14
0
0
0
0
0
0
0
0
0
0
0
0
0
0
0
0
0
0
0
0
0
0
0
0
0
0
6.911640334e-13
1.162114831e-12
1.296504528e-12
8.266830837e-13
4.022835484e-13
9.621067662e-14
0
0
0
0
0
0
0
0
0
0
0
0
0
0
0
0
0
0
0
0
0
0
0
0
0
9.6725324e-14
3.954680672e-14
9.988442976e-13
1.426711055e-12
1.33844301e-12
7.026207419e-13
2.534882305e-13
1.095627862e-14
0
0
0
0
0
0
0
0
0
0
0
0
0
0
0
0
0
0
0
0
0
0
0
0
1.008978809e-13
9.984464721e-15
9.637869274e-13
1.456451015e-12
1.468489486e-12
8.718532716e-13
3.889971772e-13
7.820598364e-14
0
0
0
0
0
0
0
0
0
0
0
0
0
0
0
0
0
0
0
0
0
0
0
0
8.536421351e-14
0
6.749206001e-13
1.223967879e-12
1.511719559e-12
1.356491695e-12
6.434246435e-13
1.994428871e-13
2.983133033e-15
0
0
0
0
0
0
0
0
0
0
0
0
0
0
0
0
0
0
0
0
0
0
0
1.679454533e-13
1.397974071e-13
6.165981873e-14
1.06014052e-12
1.547059645e-12
1.509463059e-12
8.517751907e-13
3.560367874e-13
6.016540368e-14
0
0
0
0
0
0
0
0
0
0
0
0
0
0
0
0
0
0
0
0
0
0
0
2.04086334e-13
1.620955802e-13
3.30266315e-14
1.017732521e-12
1.545855421e-12
1.580820083e-12
9.896750419e-13
4.858801696e-13
1.352668425e-13
5.581517483e-16
0
0
0
0
0
0
0
0
0
0
0
0
0
0
0
0
0
0
0
0
0
0
1.66437075e-13
1.338139302e-13
0
7.443812909e-13
1.324586309e-12
1.641250937e-12
1.538835499e-12
7.687722873e-13
2.713453394e-13
1.748834876e-14
0
0
0
0
0
0
0
0
0
0
0
0
0
0
0
0
0
0
0
0
0
0
1.955052214e-13
2.028322685e-13
1.662645235e-13
8.601445485e-14
1.112902149e-12
1.626683131e-12
1.604483325e-12
9.428719617e-13
4.246764371e-13
9.682339053e-14
0
0
0
0
0
0
0
0
0
0
0
0
0
0
0
0
0
0
0
0
0
0
2.418846828e-13
2.470404457e-13
1.966449814e-13
5.615011573e-14
1.071918608e-12
1.619752119e-12
1.656549435e-12
1.059894167e-12
5.415209398e-13
1.688470927e-13
2.353670063e-15
0
0
0
0
0
0
0
0
0
0
0
0
0
0
0
0
0
0
0
0
0
2.67710074e-13
2.771778509e-13
2.040176399e-13
1.875528757e-14
8.920622947e-13
1.478085419e-12
1.7557076e-12
1.631021126e-12
8.241134523e-13
3.025768421e-13
3.043062681e-14
0
0
0
0
0
0
0
0
0
0
0
0
0
0
0
0
0
0
0
0
0
2.876643108e-13
3.197860353e-13
3.004984606e-13
2.370738329e-13
1.544376889e-13
1.17982468e-12
1.680897732e-12
1.645387759e-12
9.716884672e-13
4.446706884e-13
1.085202039e-13
0
0
0
0
0
0
0
0
0
0
0
0
0
0
0
0
0
0
0
0
0
2.208605046e-13
2.46648823e-13
2.642565251e-13
2.145351973e-13
6.97243595e-14
1.105690633e-12
1.655802808e-12
1.678695201e-12
1.064626045e-12
5.428990542e-13
1.704611931e-13
2.574534721e-15
0
0
0
0
0
0
0
0
0
0
0
0
0
0
0
0
0
0
0
0
1.481074701e-13
1.784960818e-13
2.067272084e-13
1.737389741e-13
3.636957505e-14
1.017624385e-12
1.589934759e-12
1.72927261e-12
1.302099521e-12
6.990487439e-13
2.506597326e-13
1.522814779e-14
0
0
0
0
0
0
0
0
0
0
0
0
0
0
0
0
0
0
0
0
1.332149146e-13
1.783259976e-13
2.052685084e-13
1.624673382e-13
0
7.490735771e-13
1.348338826e-12
1.690297338e-12
1.562894558e-12
8.761859333e-13
3.680615969e-13
6.758323929e-14
0
0
0
0
0
0
0
0
0
0
0
0
0
0
0
0
0
0
0
0
1.943536989e-13
2.779772579e-13
3.520420468e-13
3.302354175e-13
2.476764176e-13
1.329457546e-13
1.150585753e-12
1.664625904e-12
1.645435244e-12
1.000654457e-12
4.798579438e-13
1.324410594e-13
9.095408162e-16
0
0
0
0
0
0
0
0
0
0
0
0
0
0
0
0
0
0
0
)
;

boundaryField
{
    inletCH4
    {
        type            fixedValue;
        value           nonuniform List<scalar> 0();
    }
    wallOutside
    {
        type            zeroGradient;
    }
    wallTube
    {
        type            zeroGradient;
    }
    inletPilot
    {
        type            fixedValue;
        value           nonuniform List<scalar> 0();
    }
    inletAir
    {
        type            fixedValue;
        value           nonuniform List<scalar> 0();
    }
    outlet
    {
        type            zeroGradient;
    }
    axis
    {
        type            empty;
    }
    frontAndBack_pos
    {
        type            wedge;
    }
    frontAndBack_neg
    {
        type            wedge;
    }
    procBoundary0to2
    {
        type            processor;
        value           nonuniform List<scalar> 
32
(
9.975238117e-14
0
0
0
0
0
0
0
0
0
0
0
0
0
0
0
0
0
0
0
0
0
0
0
0
0
0
0
0
0
0
0
)
;
    }
    procBoundary0to4
    {
        type            processor;
        value           nonuniform List<scalar> 
27
(
6.244003583e-13
1.182145941e-12
1.206048389e-12
1.331457488e-12
1.301488288e-12
9.231193476e-13
8.941035016e-13
6.255321772e-13
3.49761749e-14
2.875184867e-15
1.362134502e-13
1.250323995e-13
8.609522917e-14
1.003657638e-13
9.322047797e-14
8.883817226e-14
1.60490786e-13
1.998421072e-13
1.828350928e-13
1.928321453e-13
2.208793472e-13
2.411053691e-13
2.472381756e-13
1.900520187e-13
1.189971956e-13
9.207405354e-14
1.254591284e-13
)
;
    }
}


// ************************************************************************* //
)

// Processor1

1085
(dimensions      [0 0 0 0 0 0 0];

internalField   uniform 0;

boundaryField
{
    inletCH4
    {
        type            fixedValue;
        value           nonuniform List<scalar> 0();
    }
    wallOutside
    {
        type            zeroGradient;
    }
    wallTube
    {
        type            zeroGradient;
    }
    inletPilot
    {
        type            fixedValue;
        value           nonuniform List<scalar> 0();
    }
    inletAir
    {
        type            fixedValue;
        value           uniform 0;
    }
    outlet
    {
        type            zeroGradient;
    }
    axis
    {
        type            empty;
    }
    frontAndBack_pos
    {
        type            wedge;
    }
    frontAndBack_neg
    {
        type            wedge;
    }
    procBoundary1to2
    {
        type            processor;
        value           uniform 0;
    }
    procBoundary1to3
    {
        type            processor;
        value           uniform 0;
    }
    procBoundary1to5
    {
        type            processor;
        value           uniform 0;
    }
}
)

// Processor2

3509
(dimensions      [0 0 0 0 0 0 0];

internalField   nonuniform List<scalar> 
861
(
0
0
0
0
0
0
0
0
0
0
0
0
0
0
0
0
0
0
0
0
0
0
0
0
0
0
0
0
0
0
0
0
0
0
0
0
0
0
0
0
0
0
0
0
0
0
0
0
0
0
0
0
0
0
0
0
0
0
0
0
0
0
0
0
0
0
0
0
0
0
0
0
0
0
0
0
0
0
0
0
0
0
0
0
0
0
0
0
0
0
0
0
0
0
0
0
0
0
0
0
0
0
0
0
0
0
0
0
0
0
0
0
0
0
0
0
0
0
0
0
0
0
0
0
0
0
0
0
0
0
0
0
0
0
0
0
0
0
0
0
0
0
0
0
0
0
0
0
0
0
0
0
0
0
0
0
0
0
0
0
0
0
0
0
0
0
0
0
0
0
0
0
0
0
0
0
0
0
0
0
0
0
0
0
0
0
0
0
0
0
0
0
0
0
0
0
0
0
0
0
0
0
0
0
0
0
0
0
0
0
0
0
0
0
0
0
0
0
0
0
0
0
0
0
0
0
0
0
0
0
0
0
0
0
0
0
0
0
0
0
0
0
0
0
0
0
0
0
0
0
0
0
0
0
0
0
0
0
0
0
0
0
0
0
0
0
0
0
0
0
0
0
0
0
0
0
0
0
0
0
0
0
0
0
0
0
0
0
0
0
0
0
0
0
0
0
0
0
0
0
0
0
0
0
0
0
0
0
0
0
0
0
0
0
0
0
0
0
0
0
0
0
0
0
0
0
0
0
0
0
0
0
0
0
0
0
0
0
0
0
0
0
0
0
0
0
0
0
0
0
0
0
0
0
0
0
0
0
0
0
0
0
0
0
0
0
0
0
0
0
0
0
0
0
0
0
0
0
0
0
0
0
0
0
0
0
0
0
0
0
0
0
0
0
0
0
0
0
0
0
0
0
0
0
0
0
0
0
0
0
0
0
0
0
0
0
0
0
0
0
0
0
0
0
0
0
0
0
0
0
0
0
0
0
0
0
0
0
0
0
0
0
0
0
0
0
0
0
0
0
0
0
0
0
0
0
0
0
0
0
0
0
0
0
0
0
0
0
0
0
0
0
0
0
0
0
0
0
0
0
0
0
0
0
0
0
0
0
0
0
0
0
0
0
0
0
0
0
0
0
0
0
0
0
0
0
0
0
0
0
0
0
0
0
0
9.015704708e-16
0
0
0
0
0
0
0
0
0
0
0
0
0
0
0
0
0
0
0
0
0
0
0
0
0
0
0
0
0
0
0
0
0
0
0
0
7.429781518e-14
0
0
0
0
0
0
0
0
0
0
0
0
0
0
0
0
0
0
0
0
0
0
0
0
0
0
0
0
0
0
0
0
0
0
0
0
3.190833883e-13
1.59788504e-14
0
0
0
0
0
0
0
0
0
0
0
0
0
0
0
0
0
0
0
0
0
0
0
0
0
0
0
0
0
0
0
0
0
0
0
5.224898064e-13
1.692554727e-13
0
0
0
0
0
0
0
0
0
0
0
0
0
0
0
0
0
0
0
0
0
0
0
0
0
0
0
0
0
0
0
0
0
0
0
8.929319013e-13
4.053719158e-13
7.833366436e-14
0
0
0
0
0
0
0
0
0
0
0
0
0
0
0
0
0
0
0
0
0
0
0
0
0
0
0
0
0
0
0
0
0
0
0
0
0
0
0
0
0
0
0
0
0
0
0
0
0
0
0
0
0
0
0
0
0
0
0
0
0
0
0
0
0
0
0
0
0
0
0
0
0
0
0
0
0
0
0
0
0
0
0
0
0
0
0
0
0
0
0
0
0
0
0
0
0
0
0
0
0
0
0
0
0
0
0
0
0
0
0
0
0
0
0
0
0
0
0
0
0
0
0
0
0
0
0
0
0
0
0
2.400056219e-16
0
0
0
0
0
0
0
0
0
0
0
0
0
0
0
0
0
0
0
0
0
0
0
0
0
0
0
0
0
0
0
9.975238117e-14
0
0
0
0
0
0
0
0
0
0
0
0
0
0
0
0
0
0
0
0
0
0
0
0
0
0
0
0
0
0
0
)
;

boundaryField
{
    inletCH4
    {
        type            fixedValue;
        value           nonuniform List<scalar> 0();
    }
    wallOutside
    {
        type            zeroGradient;
    }
    wallTube
    {
        type            zeroGradient;
    }
    inletPilot
    {
        type            fixedValue;
        value           nonuniform List<scalar> 0();
    }
    inletAir
    {
        type            fixedValue;
        value           nonuniform List<scalar> 0();
    }
    outlet
    {
        type            zeroGradient;
    }
    axis
    {
        type            empty;
    }
    frontAndBack_pos
    {
        type            wedge;
    }
    frontAndBack_neg
    {
        type            wedge;
    }
    procBoundary2to0
    {
        type            processor;
        value           nonuniform List<scalar> 
32
(
2.181616337e-13
2.119781574e-15
0
0
0
0
0
0
0
0
0
0
0
0
0
0
0
0
0
0
0
0
0
0
0
0
0
0
0
0
0
0
)
;
    }
    procBoundary2to1
    {
        type            processor;
        value           uniform 0;
    }
    procBoundary2to4
    {
        type            processor;
        value           nonuniform List<scalar> 10(1.144456854e-12 1.076255436e-12 3.668069004e-13 1.298950526e-14 1.298950526e-14 0 0 5.952369762e-14 1.743444467e-13 4.881679835e-13);
    }
    procBoundary2to5
    {
        type            processor;
        value           nonuniform List<scalar> 
16
(
0
0
0
0
0
0
0
0
0
0
2.402562838e-15
2.666277006e-13
3.979936269e-13
8.385306956e-13
9.274860238e-13
7.647499162e-13
)
;
    }
}
)

// Processor3

10876
(dimensions      [0 0 0 0 0 0 0];

internalField   nonuniform List<scalar> 
861
(
0
0
0
0
0
0
0
0
0
0
0
0
0
0
0
0
0
0
0
0
0
0
0
0
0
0
0
0
0
0
0
0
0
0
0
0
0
0
0
0
0
0
0
0
0
0
0
0
0
0
0
0
0
0
0
0
0
0
0
0
0
0
0
0
0
0
0
0
0
0
0
0
0
0
0
0
0
0
0
0
0
0
0
0
0
0
0
0
0
0
0
0
0
0
0
0
0
0
0
4.631414726e-13
1.869295198e-10
1.845801545e-10
1.839964813e-10
1.832020387e-10
1.833165351e-10
7.752926519e-11
8.885696364e-11
8.488083381e-11
8.376931098e-11
6.868114456e-11
3.16652083e-11
4.313995626e-11
3.834172683e-11
3.542392388e-11
2.578159945e-11
1.51975755e-11
2.262434942e-11
1.983855169e-11
1.691369324e-11
1.197805404e-11
8.35156696e-12
1.27517126e-11
1.167514248e-11
9.355545408e-12
6.755528392e-12
6.61870026e-12
8.285425511e-12
7.658817745e-12
5.41639916e-12
2.452025969e-12
3.117627717e-12
5.59607185e-12
5.920786605e-12
5.061862795e-12
0
0
5.585257386e-12
2.411636694e-12
0
0
2.991859499e-12
0
0
0
3.290157663e-12
2.147359436e-13
6.552705474e-11
1.933726189e-11
0
5.440288649e-13
1.631754261e-12
5.016280983e-11
2.22080742e-12
0
1.094623998e-12
5.856693692e-13
3.649202599e-12
3.141309187e-12
5.523465785e-13
7.701822087e-12
1.275995851e-12
6.79458654e-13
6.274233272e-13
1.366915978e-12
3.607597277e-11
1.530366014e-11
1.624923252e-12
1.213950241e-12
1.607456577e-11
7.091751266e-11
4.850615949e-11
1.229194484e-11
7.935871279e-12
3.475330924e-11
4.132477317e-11
5.587334684e-11
3.541581762e-11
3.117845656e-11
6.205869967e-11
4.70804493e-11
3.940752606e-11
6.288201287e-11
5.881431522e-11
4.588355193e-11
8.012868393e-11
3.705021057e-11
4.149017902e-11
4.075124559e-11
4.292623018e-11
4.203319621e-11
8.158891845e-11
5.319478593e-11
4.265536265e-11
7.012946944e-11
1.871580792e-11
7.609049092e-10
2.179739668e-09
3.182478018e-10
7.636122853e-11
6.71622662e-12
0
0
1.120766214e-12
2.406104845e-11
6.74480056e-10
0
2.645551731e-14
5.997323316e-12
7.398717133e-11
1.950515328e-09
0
2.64374031e-13
8.356467923e-12
1.09805142e-10
1.914284728e-09
0
7.548574231e-13
1.16638176e-11
1.452842693e-10
1.934119711e-09
0
1.032544285e-12
8.902566728e-12
1.910859322e-10
2.086352632e-09
0
2.025145351e-12
1.647304537e-11
2.334229954e-10
2.137857027e-09
1.595037042e-13
3.887403614e-12
2.456675113e-11
2.669904877e-10
2.104538832e-09
2.117361735e-13
2.719095093e-12
3.306135111e-11
2.901450939e-10
1.992279611e-09
0
1.079882589e-13
4.329912565e-11
3.254815289e-10
2.053119932e-09
5.273373107e-13
5.262546005e-12
5.327168696e-11
3.398382457e-10
1.905801399e-09
2.352209366e-12
1.164917794e-11
6.647116168e-11
3.777030228e-10
1.984680737e-09
3.395719285e-12
1.554198113e-11
8.173010049e-11
4.224138401e-10
2.058760227e-09
4.208379501e-12
2.145836683e-11
9.850173729e-11
4.648779632e-10
2.098012056e-09
9.524089492e-12
2.912208753e-11
1.203068001e-10
5.34720291e-10
2.292118699e-09
1.603567743e-11
3.995981857e-11
1.505442442e-10
6.282933395e-10
2.542234343e-09
2.403100612e-11
5.274085212e-11
1.797716961e-10
6.845826474e-10
2.516008031e-09
3.718351155e-11
7.621359197e-11
2.359128134e-10
8.22071994e-10
2.799772328e-09
6.28325051e-11
1.205771239e-10
3.345857931e-10
9.378121329e-10
2.715368128e-09
9.724517499e-11
1.793350997e-10
5.38955897e-10
1.603424994e-09
5.161825253e-09
2.19395207e-10
3.839959771e-10
9.688636419e-10
2.72858482e-09
8.01549245e-09
4.24162045e-10
6.356360813e-10
1.280819497e-09
2.89098732e-09
6.754054394e-09
6.974675789e-10
8.75728674e-10
1.344262247e-09
2.290544469e-09
4.079967208e-09
7.153436089e-10
8.054238897e-10
1.019342498e-09
1.388851867e-09
1.968083533e-09
4.370821923e-10
4.664562462e-10
5.24697684e-10
6.098495039e-10
7.265504388e-10
1.787374467e-10
1.832099732e-10
1.915659357e-10
2.033536082e-10
2.158619261e-10
4.413255799e-09
1.862887269e-08
1.287714112e-08
1.150158661e-08
1.149095498e-08
1.067184905e-08
9.561501327e-09
8.19004333e-09
8.029875838e-09
6.735744207e-09
6.77613269e-09
6.58168793e-09
6.323162397e-09
6.680826314e-09
7.129668703e-09
6.492994266e-09
6.701971557e-09
8.113445062e-09
1.273157193e-08
1.840857321e-08
1.274003497e-08
6.254751835e-09
2.548759939e-09
8.290027745e-10
2.267210709e-10
1.123056959e-08
3.407343775e-08
1.571105198e-09
1.577839635e-09
8.950226937e-11
9.414637533e-08
1.453396147e-06
9.417808298e-08
2.932556591e-09
8.717690481e-10
5.255978492e-08
4.622913642e-07
1.025340248e-07
7.806065965e-09
4.800166376e-09
4.726171854e-08
4.800849378e-07
3.53078883e-06
2.732675312e-07
2.94510976e-08
4.602527041e-08
4.550100461e-07
3.528953972e-06
3.844782238e-07
2.816860886e-08
4.008538815e-08
3.5826709e-07
2.481298671e-06
3.618734948e-07
3.69604296e-08
3.390608896e-08
2.751288503e-07
1.572298357e-06
3.119505456e-07
4.463914219e-08
2.706208081e-08
1.974437728e-07
1.072524864e-06
1.634921328e-06
2.212342108e-07
2.589806378e-08
1.72263901e-07
9.816438146e-07
3.257098408e-06
5.059549175e-07
2.017847559e-08
1.418410207e-07
7.668916493e-07
2.805562723e-06
5.115561497e-07
2.012245879e-08
1.223144995e-07
6.312877409e-07
2.28128644e-06
4.800102391e-07
1.856839527e-08
1.095096474e-07
5.451412299e-07
1.873203824e-06
7.570783478e-07
1.718775116e-08
1.026198166e-07
4.756604184e-07
1.68016358e-06
2.420411614e-06
1.787070342e-08
9.884836939e-08
4.181549628e-07
1.468792471e-06
2.429456611e-06
1.716137899e-08
8.699101337e-08
3.695990456e-07
1.265324815e-06
2.199481082e-06
1.593615568e-08
7.529530346e-08
3.323827824e-07
1.098905481e-06
1.974905655e-06
1.580491704e-08
7.055626092e-08
3.085800312e-07
9.863720481e-07
1.799128637e-06
1.95580793e-08
8.631986092e-08
3.358676489e-07
1.045557532e-06
1.89379e-06
2.95544126e-08
1.276643766e-07
4.856171085e-07
1.496058428e-06
2.832995329e-06
4.245252208e-08
1.826972478e-07
7.200135051e-07
2.484805799e-06
5.690468278e-06
2.522230009e-08
7.945393119e-08
2.288833319e-07
5.81535347e-07
1.032759964e-06
1.035716026e-08
2.311941635e-08
4.726447149e-08
8.546782832e-08
1.161371082e-07
3.594669894e-09
5.898736199e-09
8.770444825e-09
1.150037757e-08
1.213049041e-08
1.021348745e-09
1.303841421e-09
1.507030532e-09
1.558333321e-09
1.369429827e-09
2.56078278e-10
2.727408686e-10
2.666267302e-10
2.359094479e-10
1.837906689e-10
3.104455757e-13
1.171909521e-14
0
0
0
0
0
0
0
0
0
0
0
0
0
0
5.065813959e-12
1.379558247e-12
0
0
0
0
0
0
0
0
0
0
0
0
0
0
3.656348066e-11
0
0
0
0
0
0
0
0
0
0
0
0
0
0
0
5.861822801e-10
4.201065085e-12
5.491338624e-13
0
0
0
0
0
0
0
0
0
0
0
0
0
2.726756758e-09
4.263162632e-11
3.540664256e-13
2.109118328e-13
0
0
0
0
0
0
0
0
0
0
0
0
1.298552767e-08
4.80747275e-10
9.646046701e-12
2.927017402e-12
1.458582886e-13
0
0
0
0
0
0
0
0
0
0
0
1.772051968e-08
2.110959602e-09
8.599262853e-11
2.689879529e-12
1.018039578e-12
2.702006545e-16
0
0
0
0
0
0
0
0
0
0
1.761792697e-08
6.561495405e-09
5.36734087e-10
2.351611639e-11
2.581252431e-12
5.97253308e-13
0
0
0
0
0
0
0
0
0
0
4.803813211e-08
1.36689328e-08
2.392831802e-09
1.73760161e-10
7.636806701e-12
3.179416555e-12
2.278330854e-13
0
0
0
0
0
0
0
0
0
5.614340887e-08
1.343824356e-08
7.56822529e-09
8.038223667e-10
5.226910688e-11
2.004906346e-12
8.568470262e-13
9.062671833e-15
0
0
0
0
0
0
0
0
6.00751205e-08
5.24226129e-09
1.564767692e-08
3.129042292e-09
2.599178953e-10
1.278348576e-11
3.757744257e-12
3.195087885e-13
0
0
0
0
0
0
0
0
1.279674729e-07
1.567876871e-08
1.844135768e-08
1.074929556e-08
1.055922215e-09
6.01742998e-11
1.844966962e-12
8.603102374e-13
3.690891885e-14
0
0
0
0
0
0
0
3.702696015e-07
4.297626363e-08
1.504621791e-08
3.006860195e-08
3.592531179e-09
2.279235788e-10
8.385643055e-12
2.231667943e-12
1.826310835e-13
0
0
0
0
0
0
0
4.327180816e-07
5.719364614e-08
1.428975266e-08
5.48987366e-08
9.951452629e-09
7.228360659e-10
3.179158846e-11
6.320308744e-12
4.496585283e-13
3.662452976e-15
0
0
0
0
0
0
4.418379026e-07
6.580729305e-08
1.648193319e-08
6.914491535e-08
2.204177681e-08
1.734617345e-09
8.741397386e-11
3.69045574e-12
9.401733924e-13
3.652402854e-14
0
0
0
0
0
0
4.310089137e-07
7.5751735e-08
2.144577601e-08
7.884168967e-08
3.464215049e-08
2.785749178e-09
1.552335701e-10
6.696405507e-12
1.094851145e-12
5.07380684e-14
0
0
0
0
0
0
4.939271206e-07
1.070988534e-07
3.523784875e-08
1.415553202e-07
3.374851653e-08
2.68799778e-09
1.619913771e-10
9.394252949e-12
1.396258567e-12
5.342697267e-14
0
0
0
0
0
0
4.653483138e-07
1.084808162e-07
6.040905742e-08
3.427652712e-07
2.93652796e-08
1.835667018e-09
1.039827356e-10
5.402261306e-12
7.944420135e-13
2.633536221e-14
0
0
0
0
0
0
6.398968046e-07
1.441585382e-07
7.955708268e-08
6.254608647e-08
6.574917139e-09
5.16340642e-10
3.46938695e-11
4.421500257e-12
4.510524315e-13
3.510135298e-13
2.612164522e-15
0
0
0
0
0
1.634864929e-06
1.139245576e-06
3.058210808e-07
3.148328819e-08
2.450642642e-09
1.71338551e-10
1.180453271e-11
1.366714818e-12
3.712716852e-13
3.441846322e-13
1.816757262e-13
0
0
0
0
0
5.636051702e-07
2.628585373e-07
4.799983412e-08
5.560265433e-09
5.193420891e-10
4.473118261e-11
4.47728099e-12
3.768468008e-13
2.129316803e-13
1.801599245e-13
3.759616563e-13
1.769873063e-13
0
0
0
0
7.285490937e-08
2.772071536e-08
5.649993551e-09
8.145028672e-10
9.80238041e-11
1.103564782e-11
7.00390092e-13
1.618738547e-13
4.323832239e-14
2.841418539e-14
4.480753314e-14
3.591481361e-13
1.699444018e-13
0
0
0
7.578370768e-09
2.862011903e-09
6.826162916e-10
1.236332126e-10
1.961283089e-11
3.132741184e-12
7.047996222e-13
1.135940514e-13
3.458780393e-14
7.226466336e-15
0
2.979944732e-14
3.461848205e-13
1.570914836e-13
0
0
8.43192042e-10
3.345138544e-10
9.44051133e-11
2.18137972e-11
4.640696073e-12
9.428482237e-13
1.367412463e-13
7.146961117e-14
5.048225838e-14
3.273548311e-14
1.325184796e-14
3.629739629e-15
2.805102727e-14
3.457096424e-13
1.2990486e-13
0
1.112551426e-10
4.763354692e-11
)
;

boundaryField
{
    inletCH4
    {
        type            fixedValue;
        value           uniform 0;
    }
    wallOutside
    {
        type            zeroGradient;
    }
    wallTube
    {
        type            zeroGradient;
    }
    inletPilot
    {
        type            fixedValue;
        value           uniform 0;
    }
    inletAir
    {
        type            fixedValue;
        value           uniform 0;
    }
    outlet
    {
        type            zeroGradient;
    }
    axis
    {
        type            empty;
    }
    frontAndBack_pos
    {
        type            wedge;
    }
    frontAndBack_neg
    {
        type            wedge;
    }
    procBoundary3to1
    {
        type            processor;
        value           uniform 0;
    }
    procBoundary3to5
    {
        type            processor;
        value           nonuniform List<scalar> 
30
(
5.784751921e-11
5.812252117e-11
5.875455365e-11
5.888686079e-11
5.832710882e-11
5.817900003e-11
6.019708046e-11
5.803900057e-11
5.107440339e-11
4.099709943e-11
2.981081613e-11
0
1.515904744e-11
4.609537351e-12
1.335935168e-12
4.296512639e-13
1.579842142e-13
5.389582195e-14
2.775567722e-14
2.59788137e-14
3.07744678e-14
8.809890851e-15
9.570001228e-15
2.66543612e-14
3.337763293e-13
0
8.966948608e-14
1.814056688e-11
1.515904744e-11
8.758058238e-12
)
;
    }
}
)

// Processor4

15345
(dimensions      [0 0 0 0 0 0 0];

internalField   nonuniform List<scalar> 
862
(
0
0
0
0
0
2.517874433e-16
2.491979528e-16
2.498446816e-16
2.601598265e-16
2.942952657e-16
1.093873655e-15
1.078873455e-15
1.051619884e-15
1.017638338e-15
9.907319463e-16
1.730808188e-15
1.714175617e-15
1.679060357e-15
1.621598343e-15
1.542954475e-15
2.395513964e-15
2.358364969e-15
2.279741597e-15
2.164509327e-15
2.015191514e-15
2.976481117e-15
2.929067284e-15
2.828397681e-15
2.672498201e-15
2.467744875e-15
3.655227819e-15
3.588849659e-15
3.449858862e-15
3.250732237e-15
3.00471694e-15
5.118872363e-15
5.035811619e-15
4.861234346e-15
4.609502594e-15
4.29444386e-15
8.259112918e-15
8.143395817e-15
7.898069222e-15
7.538726846e-15
7.077106451e-15
1.276707408e-14
1.260287158e-14
1.225139256e-14
1.173297873e-14
1.10673767e-14
1.713324361e-14
1.698964292e-14
1.669486475e-14
1.628267883e-14
1.577686658e-14
2.199431575e-14
2.190885483e-14
2.173526676e-14
2.14935352e-14
2.119937928e-14
2.262923362e-14
2.261495666e-14
2.256519944e-14
2.236297909e-14
2.16340067e-14
2.241097735e-14
2.23005713e-14
2.206975303e-14
2.172857143e-14
2.12774751e-14
2.685005709e-14
2.660423654e-14
2.608696997e-14
2.533276846e-14
2.436734408e-14
3.986103495e-14
3.948250549e-14
3.868602514e-14
3.75257371e-14
3.603360529e-14
5.474195739e-14
5.424978774e-14
5.323849792e-14
5.181424905e-14
5.002666563e-14
6.924877999e-14
6.861139753e-14
6.724299897e-14
6.521322353e-14
6.252036358e-14
7.512190983e-14
7.454271762e-14
7.330236254e-14
7.147662145e-14
6.907704602e-14
8.831428102e-14
8.799453484e-14
8.732359863e-14
8.635631906e-14
8.508729925e-14
0
3.364683311e-16
9.794350995e-16
1.472308827e-15
1.889050179e-15
2.285973499e-15
2.815365645e-15
4.046883687e-15
6.699593024e-15
1.053378765e-14
1.537383414e-14
2.095541549e-14
2.046947722e-14
2.087243855e-14
2.355987186e-14
3.477358776e-14
4.854751923e-14
6.021462538e-14
6.699985698e-14
8.393977868e-14
0
0
0
1.867923781e-16
2.771810297e-16
2.905950834e-16
3.115588087e-16
3.335414099e-16
3.304419053e-16
2.760194299e-16
8.455838397e-16
7.057598967e-16
5.431567743e-16
3.496097409e-16
3.416458144e-16
1.245234847e-15
1.119634455e-15
8.361203425e-16
6.035793026e-16
4.290683748e-16
1.674221951e-15
1.345755731e-15
1.033173278e-15
6.582943006e-16
4.631002691e-16
1.9263851e-15
1.537596442e-15
1.146016526e-15
8.080681006e-16
5.430694162e-16
2.470672331e-15
1.959009451e-15
1.477111262e-15
1.049525427e-15
6.980408756e-16
3.604304165e-15
2.921800779e-15
2.253642562e-15
1.621740795e-15
1.051228941e-15
6.031286389e-15
4.937113989e-15
3.800090065e-15
2.717204063e-15
1.640932965e-15
9.657732971e-15
8.300820727e-15
6.951369862e-15
5.866113538e-15
5.046149842e-15
1.464538167e-14
1.362131434e-14
1.286376995e-14
1.244165958e-14
1.244869308e-14
2.045851841e-14
1.984239794e-14
1.951912305e-14
1.992460959e-14
2.10891215e-14
1.916562585e-14
2.224589816e-14
2.093861057e-14
2.005889984e-14
1.970572916e-14
2.002412468e-14
1.881866726e-14
1.751650447e-14
1.629927874e-14
1.52900482e-14
2.206399709e-14
1.972321488e-14
1.738107343e-14
1.508059446e-14
1.288986555e-14
3.247824161e-14
2.871932156e-14
2.474550736e-14
2.084929296e-14
1.710877505e-14
4.598484331e-14
4.182107268e-14
3.750764348e-14
3.140618405e-14
2.449034561e-14
5.658183137e-14
5.000610488e-14
4.320863813e-14
3.624587343e-14
2.93048492e-14
6.377958301e-14
5.804114381e-14
5.208687612e-14
4.666663549e-14
4.21780327e-14
8.217139745e-14
7.93703784e-14
7.747582445e-14
7.640905168e-14
7.491199168e-14
1.144456854e-12
1.076255436e-12
3.668069004e-13
1.298950526e-14
8.496113788e-13
1.02701801e-12
5.093658053e-13
1.336245316e-13
0
8.350424952e-13
1.200644334e-12
1.083738742e-12
4.285236545e-13
5.952369762e-14
5.571248333e-14
1.545626764e-14
8.7335682e-13
1.062212653e-12
5.617380646e-13
1.743444467e-13
2.296534682e-14
0
8.575391109e-13
1.242495192e-12
1.138771506e-12
4.881679835e-13
5.955580707e-15
6.070151636e-16
5.107134789e-13
9.912770111e-13
1.131088085e-12
6.244003583e-13
8.391367915e-15
1.342867214e-14
2.478476808e-14
3.994554505e-16
9.015179001e-13
1.291229044e-12
1.182145941e-12
3.149469808e-14
3.090415693e-14
2.695950097e-14
0
7.098781673e-13
1.137921636e-12
1.206048389e-12
6.577463465e-14
7.749151782e-14
7.993098651e-14
7.558573932e-14
8.422675555e-14
3.525437919e-14
9.475350007e-13
1.331457488e-12
1.168008675e-13
1.210812964e-13
1.284581356e-13
1.232910293e-13
1.085251484e-13
8.155182334e-14
0
8.605465348e-13
1.301488288e-12
1.694928576e-13
1.646863192e-13
1.648303141e-13
1.641222846e-13
1.539319034e-13
1.348671921e-13
1.220578811e-13
4.79068365e-14
9.231193476e-13
1.46521561e-13
1.634116914e-13
1.627042162e-13
1.601330124e-13
1.580109214e-13
1.449425964e-13
1.194500563e-13
1.102373477e-13
3.218284337e-15
8.941035016e-13
2.478297745e-16
9.850057919e-17
1.063756992e-16
1.179409953e-16
3.292083185e-16
6.526501964e-16
1.06290019e-15
1.959888177e-15
4.747955211e-15
9.972456886e-15
1.695099662e-14
2.552142941e-14
3.578373055e-14
4.638564417e-14
5.65902852e-14
6.879841627e-14
8.486945141e-14
9.582469742e-14
1.059954206e-13
1.129073556e-13
1.156330275e-13
1.151915394e-13
1.150929911e-13
1.058453416e-13
8.904124078e-14
6.171140737e-14
0
6.255321772e-13
1.598078282e-16
2.106240849e-16
6.389917544e-17
1.228277303e-16
2.15282927e-16
3.314678794e-16
4.947366008e-16
1.037727119e-15
3.262349898e-15
7.294223756e-15
1.238008731e-14
1.817007387e-14
2.523389836e-14
3.147529351e-14
3.622396105e-14
4.312445288e-14
5.411261338e-14
5.991949516e-14
6.509506757e-14
6.844242005e-14
7.220404563e-14
7.794424841e-14
8.530064158e-14
9.496369887e-14
9.734006462e-14
9.213218499e-14
9.400345033e-14
3.49761749e-14
1.720207083e-16
0
8.385907923e-17
1.241222731e-16
1.30167244e-16
9.210184992e-17
9.303864315e-17
2.06994418e-16
1.625434136e-15
4.35068185e-15
7.352108215e-15
1.046545659e-14
1.451960334e-14
1.726122828e-14
1.865027575e-14
2.104184536e-14
2.918645372e-14
3.409742574e-14
3.181735099e-14
3.024134424e-14
3.870679682e-14
4.65165923e-14
6.473820161e-14
8.450537654e-14
9.44986058e-14
9.618877563e-14
9.647224026e-14
2.875184867e-15
2.240714114e-16
1.632928155e-16
1.378803516e-16
1.120749504e-16
6.02205559e-17
2.658257957e-17
0
0
1.007463814e-16
1.500783668e-15
2.940967659e-15
4.097010214e-15
5.418100956e-15
5.684594022e-15
5.003330172e-15
5.10050629e-15
1.101538717e-14
1.476591893e-14
1.402496327e-14
1.357128344e-14
1.82957382e-14
3.485813992e-14
5.673225445e-14
8.145925766e-14
1.016827315e-13
1.207595913e-13
1.330840956e-13
1.362134502e-13
2.939279165e-16
1.936752289e-16
1.337691247e-16
7.441783706e-17
4.961061553e-17
0
0
0
0
0
1.083001152e-17
4.396563899e-16
6.164321385e-16
5.799115479e-16
3.535995607e-16
0
7.04331397e-16
9.604530248e-16
3.202267518e-16
3.125705992e-15
9.465005399e-15
1.962993213e-14
3.408664347e-14
5.490868853e-14
8.149784391e-14
1.055494629e-13
1.198346001e-13
1.250323995e-13
3.312191477e-16
1.928236493e-16
9.441780795e-17
5.337669872e-17
0
0
5.087025634e-16
0
0
0
8.618213791e-16
2.993093205e-16
3.543372001e-16
4.258476167e-16
1.174953134e-15
0
1.432017418e-16
1.054675559e-16
7.647215901e-17
1.219366102e-16
0
1.973253834e-15
9.700450816e-15
2.30498534e-14
4.40037224e-14
6.238775578e-14
7.808354683e-14
8.609522917e-14
3.984889238e-16
1.81270765e-16
8.409330494e-17
0
0
0
0
0
0
0
0
2.926032397e-16
3.763267648e-16
4.881646366e-16
1.651153623e-15
0
1.37336103e-16
7.177449298e-17
5.441738266e-17
7.736844609e-17
0
0
3.999555515e-15
1.353966842e-14
3.181863161e-14
5.103410221e-14
7.442871642e-14
1.003657638e-13
5.64004335e-16
1.161011866e-16
0
0
0
0
0
0
4.053414741e-16
2.698856201e-15
1.491510488e-15
1.180713695e-15
1.114901571e-15
9.247484441e-16
1.318090046e-15
2.102230178e-16
4.497025019e-16
3.148741076e-16
7.432426065e-17
1.591406517e-16
0
3.157216339e-15
9.935339627e-15
2.021315359e-14
3.85252451e-14
5.768357223e-14
7.907457315e-14
9.322047797e-14
5.765397441e-16
0
0
1.407612748e-16
1.496279649e-15
1.860041247e-15
3.346405152e-15
5.330145491e-15
7.890647591e-15
1.154820141e-14
1.505673953e-14
1.851750522e-14
2.103547557e-14
2.204471177e-14
2.060037691e-14
2.331075036e-14
2.400178625e-14
2.276347086e-14
1.781553813e-14
1.373950509e-14
8.359384633e-15
9.704507803e-15
2.268076144e-14
3.833459414e-14
5.460048827e-14
7.392750604e-14
8.559957072e-14
8.883817226e-14
4.465852703e-15
4.471099899e-15
5.243953597e-15
6.558355866e-15
9.481766795e-15
1.340574181e-14
1.838121656e-14
2.459811156e-14
3.220137644e-14
3.97437521e-14
4.849928092e-14
5.763474673e-14
6.610730168e-14
7.278869502e-14
7.61565342e-14
8.216119452e-14
8.47342565e-14
8.395257153e-14
7.781877304e-14
7.080617378e-14
5.974404355e-14
5.203917143e-14
7.028736868e-14
8.903701721e-14
1.071303253e-13
1.285359957e-13
1.449454536e-13
1.60490786e-13
1.319799257e-14
1.578156211e-14
1.649734049e-14
1.959910094e-14
2.454602745e-14
3.126196668e-14
4.001661775e-14
5.080163292e-14
5.988300993e-14
7.327477244e-14
8.826330577e-14
1.037361283e-13
1.188383151e-13
1.320456435e-13
1.401343235e-13
1.4789754e-13
1.515929437e-13
1.50986755e-13
1.44306434e-13
1.363642415e-13
1.238411802e-13
1.11934773e-13
1.260551327e-13
1.389880093e-13
1.529820937e-13
1.72167911e-13
1.872356837e-13
1.998421072e-13
2.052137152e-14
2.173284697e-14
2.430368443e-14
2.852894646e-14
3.467381705e-14
4.321251321e-14
5.442396831e-14
6.484140253e-14
7.80186143e-14
9.395704047e-14
1.117760158e-13
1.303380569e-13
1.484063026e-13
1.638485427e-13
1.741154534e-13
1.811787558e-13
1.842580875e-13
1.827591181e-13
1.75038684e-13
1.665404462e-13
1.563718721e-13
1.538970805e-13
1.523568955e-13
1.548615872e-13
1.620175456e-13
1.748449295e-13
1.820843645e-13
1.828350928e-13
1.978324207e-14
2.080392104e-14
2.303266616e-14
2.678144181e-14
3.26115006e-14
4.091838536e-14
4.850897897e-14
5.723959694e-14
7.084998697e-14
8.642197048e-14
1.02831627e-13
1.191744858e-13
1.342743899e-13
1.468634058e-13
1.56280112e-13
1.624297658e-13
1.650322489e-13
1.636750041e-13
1.569633919e-13
1.506551819e-13
1.442481284e-13
1.44626842e-13
1.43945977e-13
1.470803486e-13
1.55331928e-13
1.71764439e-13
1.83986296e-13
1.928321453e-13
1.451826958e-14
1.434620359e-14
1.507003875e-14
1.734379633e-14
2.183295538e-14
2.52377543e-14
2.945834389e-14
3.75401824e-14
4.770273207e-14
5.886305364e-14
7.035827299e-14
8.139922935e-14
9.105893623e-14
9.803044599e-14
1.0551556e-13
1.10324972e-13
1.129925885e-13
1.135523556e-13
1.10847101e-13
1.109006538e-13
1.132319054e-13
1.19181199e-13
1.249998709e-13
1.346995079e-13
1.491342679e-13
1.688073021e-13
1.961382998e-13
2.208793472e-13
1.069243269e-14
9.137434589e-15
8.443659466e-15
8.465909776e-15
6.895371955e-15
7.295360854e-15
1.075023202e-14
1.578980221e-14
2.180544454e-14
2.822540906e-14
3.442824406e-14
4.009691396e-14
4.495907273e-14
4.874332186e-14
5.262371226e-14
5.66786501e-14
6.112700429e-14
6.611975805e-14
6.961666143e-14
7.892519168e-14
9.24430821e-14
1.071720653e-13
1.204696406e-13
1.358068271e-13
1.545258631e-13
1.781698784e-13
2.104391242e-13
2.411053691e-13
1.372520089e-14
1.068300084e-14
6.184002226e-15
2.688624059e-15
9.594320341e-16
7.140941655e-16
1.30947112e-15
2.699445015e-15
4.751400289e-15
7.114566758e-15
9.585556349e-15
1.221778409e-14
1.605614405e-14
1.516379118e-14
1.701399946e-14
2.078285374e-14
2.693672402e-14
3.574653983e-14
4.531063686e-14
6.319980562e-14
9.110552083e-14
1.039033497e-13
1.184725547e-13
1.337400245e-13
1.515095542e-13
1.74991074e-13
2.096249145e-13
2.472381756e-13
1.727640231e-14
1.067266348e-14
5.129788073e-15
1.278549291e-15
3.966203115e-16
3.8817522e-16
4.132633236e-16
4.960329385e-16
7.660025103e-16
1.836967385e-15
5.524391638e-15
1.061561943e-14
5.263508863e-15
1.980874897e-15
1.883175065e-15
4.36363874e-15
1.023207054e-14
1.956344265e-14
3.036345807e-14
5.018568897e-14
8.003259652e-14
9.150984377e-14
1.022556903e-13
1.109173381e-13
1.202048018e-13
1.348121929e-13
1.609253713e-13
1.900520187e-13
2.183411999e-14
1.4607066e-14
1.000651303e-14
7.116356662e-15
5.322012292e-15
4.327163529e-15
4.054706201e-15
4.499492223e-15
5.737860471e-15
7.759461449e-15
1.156565577e-14
1.025955122e-14
3.792104572e-15
1.018029661e-15
5.522042829e-16
9.670011076e-16
2.999871764e-15
8.615756917e-15
1.565635682e-14
3.074878953e-14
5.3045795e-14
6.115622416e-14
6.581272522e-14
6.696668421e-14
6.839188373e-14
7.533719198e-14
9.462826054e-14
1.189971956e-13
3.832716503e-14
3.502326142e-14
3.236296557e-14
3.035657988e-14
2.893632038e-14
2.793810423e-14
2.722821213e-14
2.685381366e-14
2.727597362e-14
3.096879017e-14
3.193194429e-14
2.337922825e-14
1.664947801e-14
1.216043791e-14
9.363522769e-15
7.902023397e-15
7.676338925e-15
7.904440569e-15
1.169400885e-14
2.076132515e-14
3.588804115e-14
3.734895414e-14
3.630234331e-14
3.340218146e-14
3.258834564e-14
3.933369146e-14
6.198539342e-14
9.207405354e-14
7.336806359e-14
7.21068534e-14
7.116538854e-14
7.035029039e-14
6.938188176e-14
6.795236711e-14
6.583063154e-14
6.299430307e-14
5.971472616e-14
5.625541342e-14
5.5881986e-14
4.920048094e-14
4.512126073e-14
4.23604966e-14
4.007986133e-14
3.777491215e-14
3.50512572e-14
3.065552859e-14
2.993656636e-14
3.118127684e-14
3.760784186e-14
3.878470362e-14
3.55096777e-14
3.163211162e-14
3.238500324e-14
4.453849588e-14
7.47594506e-14
1.254591284e-13
)
;

boundaryField
{
    inletCH4
    {
        type            fixedValue;
        value           nonuniform List<scalar> 0();
    }
    wallOutside
    {
        type            zeroGradient;
    }
    wallTube
    {
        type            zeroGradient;
    }
    inletPilot
    {
        type            fixedValue;
        value           nonuniform List<scalar> 0();
    }
    inletAir
    {
        type            fixedValue;
        value           nonuniform List<scalar> 0();
    }
    outlet
    {
        type            zeroGradient;
    }
    axis
    {
        type            empty;
    }
    frontAndBack_pos
    {
        type            wedge;
    }
    frontAndBack_neg
    {
        type            wedge;
    }
    procBoundary4to0
    {
        type            processor;
        value           nonuniform List<scalar> 
27
(
2.181616337e-13
5.269306692e-13
6.672189232e-13
1.225563908e-12
1.287974517e-12
1.16707013e-12
1.301703478e-12
1.076705761e-12
9.692612293e-13
9.045738647e-13
7.988697924e-14
1.642384888e-14
0
9.6725324e-14
1.008978809e-13
8.536421351e-14
1.679454533e-13
2.04086334e-13
1.66437075e-13
1.955052214e-13
2.418846828e-13
2.67710074e-13
2.876643108e-13
2.208605046e-13
1.481074701e-13
1.332149146e-13
1.943536989e-13
)
;
    }
    procBoundary4to2
    {
        type            processor;
        value           nonuniform List<scalar> 10(8.929319013e-13 4.053719158e-13 7.833366436e-14 0 0 0 0 0 2.400056219e-16 9.975238117e-14);
    }
    procBoundary4to5
    {
        type            processor;
        value           nonuniform List<scalar> 
46
(
2.223292748e-16
2.177365833e-16
2.072267415e-16
1.906313373e-16
1.732122637e-16
1.672757643e-16
1.420870716e-16
0
0
0
0
7.852689485e-13
3.860928126e-15
0
0
2.101170436e-14
1.291823359e-14
5.537197007e-15
5.537197007e-15
7.016754e-15
2.676438479e-14
2.676438479e-14
4.298028549e-14
4.298028549e-14
1.020595356e-13
1.448389044e-13
1.448389044e-13
5.219804228e-17
1.738777517e-16
1.24527888e-16
2.45200657e-16
2.847776276e-16
6.185585768e-16
1.216877935e-15
2.239262811e-15
4.495604241e-15
9.790697702e-15
1.771589778e-14
2.853254199e-14
4.084211017e-14
5.59745162e-14
7.117808889e-14
8.9665211e-14
1.102605007e-13
1.279976275e-13
1.279976275e-13
)
;
    }
}
)

// Processor5

14353
(dimensions      [0 0 0 0 0 0 0];

internalField   nonuniform List<scalar> 
862
(
5.784751921e-11
5.812252117e-11
5.875455365e-11
5.888686079e-11
5.832710882e-11
1.901863136e-11
1.896292474e-11
1.871882078e-11
1.819145336e-11
1.74299876e-11
6.369883191e-12
6.313221188e-12
6.159553406e-12
5.906456291e-12
5.570737626e-12
2.166170156e-12
2.142624695e-12
2.085412901e-12
1.990557491e-12
1.857219881e-12
7.50365547e-13
7.443691196e-13
7.301102488e-13
6.966925503e-13
6.489200752e-13
2.378421679e-13
2.371986861e-13
2.366507413e-13
2.386131572e-13
2.275849258e-13
9.916238877e-14
9.839424854e-14
9.665819626e-14
9.415663283e-14
9.04215487e-14
4.475194077e-14
4.437386055e-14
4.347798355e-14
4.24843584e-14
4.133537158e-14
2.627323775e-14
2.622322163e-14
2.611432584e-14
2.598930792e-14
2.588037833e-14
2.132526559e-14
2.137654816e-14
2.150084699e-14
2.170988241e-14
2.202447025e-14
2.121536102e-14
2.137764491e-14
2.173969337e-14
2.229326825e-14
2.30297371e-14
2.228169635e-14
2.250127015e-14
2.298534087e-14
2.371483749e-14
2.46724244e-14
2.095174455e-14
2.121176092e-14
2.17791342e-14
2.265305465e-14
2.381663598e-14
1.729405984e-14
1.755380745e-14
1.812135444e-14
1.8980806e-14
2.013454485e-14
1.148279386e-14
1.168192601e-14
1.210470854e-14
1.269324782e-14
1.341593717e-14
5.14550887e-15
5.217543182e-15
5.369601921e-15
5.59243937e-15
5.87556169e-15
3.386828809e-16
3.638695738e-16
4.193084632e-16
4.885068456e-16
5.095078494e-16
6.028550385e-16
1.015941512e-15
1.13614791e-15
1.19416898e-15
1.207030971e-15
7.046413951e-16
6.944005656e-16
6.596636889e-16
6.044301468e-16
5.23911597e-16
6.604186819e-17
5.741807308e-17
2.771831041e-17
0
0
3.657460631e-16
3.587651297e-16
3.380341264e-16
2.911048729e-16
1.943641062e-16
0
0
0
0
0
9.866665724e-16
9.67230127e-16
9.250283006e-16
8.585356961e-16
7.700841249e-16
6.383577675e-16
6.270489276e-16
6.00939189e-16
5.587365277e-16
5.029345033e-16
2.223292748e-16
2.177365833e-16
2.072267415e-16
1.906313373e-16
1.732122637e-16
5.817900003e-11
1.693741034e-11
5.345790807e-12
1.750461541e-12
6.13545173e-13
2.196122991e-13
8.766955307e-14
4.065678782e-14
2.5871491e-14
2.230230751e-14
2.359831074e-14
2.542326144e-14
2.476031149e-14
2.101744338e-14
1.399488719e-14
6.081710731e-15
7.978062885e-16
1.190928264e-15
4.447153583e-16
0
4.87813569e-17
0
7.122398802e-16
4.67042125e-16
1.672757643e-16
6.019708046e-11
5.803900057e-11
5.107440339e-11
4.099709943e-11
2.981081613e-11
1.679865454e-11
1.531566888e-11
1.278120853e-11
9.929098643e-12
7.158780195e-12
5.185544457e-12
4.594275085e-12
3.838277489e-12
2.886571665e-12
1.929995822e-12
1.60486241e-12
1.505824231e-12
1.265428872e-12
9.592088153e-13
6.304757123e-13
5.746546695e-13
4.840144389e-13
4.147165362e-13
3.439142811e-13
2.53936928e-13
2.110790356e-13
1.846593328e-13
1.502429228e-13
1.309118532e-13
1.058840023e-13
8.502723134e-14
7.731251026e-14
6.540291042e-14
5.597928071e-14
4.843718975e-14
4.017403295e-14
3.796786772e-14
3.562958978e-14
3.267305675e-14
3.010541306e-14
2.598094302e-14
2.551863445e-14
2.497010276e-14
2.499752173e-14
2.580637889e-14
2.267683704e-14
2.35403986e-14
2.470468991e-14
2.616897938e-14
2.855337708e-14
2.432829501e-14
2.601359105e-14
2.807532423e-14
3.086613087e-14
3.473169971e-14
2.646756023e-14
2.867632224e-14
3.144206323e-14
3.479427272e-14
3.876612073e-14
2.615810841e-14
2.883598045e-14
3.197417002e-14
3.488968904e-14
3.759750176e-14
2.236726123e-14
2.469673606e-14
2.692627602e-14
2.899247616e-14
3.086361943e-14
1.492446099e-14
1.626017722e-14
1.741809444e-14
1.842024729e-14
1.988533086e-14
6.542760614e-15
7.384022739e-15
8.191065327e-15
1.004744349e-14
1.088328776e-14
1.261756287e-15
2.899796909e-15
3.662495152e-15
3.880970309e-15
3.638930489e-15
1.192860891e-15
1.198268858e-15
1.073743266e-15
7.469350737e-16
3.328824569e-16
3.315522061e-16
1.586997061e-16
0
0
6.8618016e-17
1.242770344e-17
2.116959999e-16
1.010718143e-16
0
0
0
0
0
0
1.572463841e-16
0
0
2.22417596e-16
3.077336321e-16
2.799495742e-16
6.119612315e-16
5.409143246e-16
4.523095708e-16
3.060184419e-16
1.655851838e-16
4.11071887e-16
3.167579262e-16
2.451286828e-16
2.870343978e-16
0
1.420870716e-16
0
0
0
0
0
0
0
0
0
0
0
0
0
0
0
0
0
0
1.515904744e-11
4.609537351e-12
1.335935168e-12
4.296512639e-13
1.579842142e-13
5.389582195e-14
2.775567722e-14
2.59788137e-14
3.07744678e-14
8.809890851e-15
9.570001228e-15
2.66543612e-14
3.337763293e-13
8.966948608e-14
0
0
0
0
0
0
0
1.814056688e-11
8.758058238e-12
3.703000538e-12
1.5850943e-12
5.515199553e-13
1.909841498e-13
8.083961266e-14
2.741421383e-14
1.166106636e-14
2.640057593e-14
1.806730643e-14
2.953910052e-14
2.136938505e-15
4.003102216e-14
2.335846925e-13
3.36091755e-13
4.52579568e-14
0
0
0
0
0
0
4.643115424e-12
2.408657322e-12
1.150745655e-12
3.544806647e-13
2.073706613e-13
4.920599184e-14
3.936618352e-14
1.308086331e-14
1.495982344e-14
2.835875693e-14
3.484397056e-14
2.35639638e-14
3.249448605e-14
4.810516968e-16
0
4.490218196e-13
5.356580947e-13
1.156958676e-13
0
0
0
0
0
1.454354888e-12
8.612014275e-13
4.370461994e-13
2.17166697e-13
1.072394117e-13
5.35436386e-14
3.420392855e-14
2.30682165e-14
1.480696789e-14
3.132241901e-14
3.552841635e-14
3.427103571e-14
3.324598373e-14
5.804292933e-15
2.758423069e-15
8.366963211e-15
5.17529633e-13
6.051716795e-13
1.242709359e-13
0
0
0
0
4.640367827e-13
2.604903112e-13
1.689160852e-13
9.403345513e-14
4.782910683e-14
3.435485231e-14
2.72555072e-14
2.230634874e-14
2.672853359e-15
0
2.550246638e-14
3.334290662e-14
2.631560879e-14
3.277501468e-14
1.643720191e-14
5.801943007e-14
1.936182421e-13
4.653745359e-13
1.472505087e-13
0
0
0
0
1.526869649e-13
1.186863549e-13
7.788969383e-14
4.098537345e-14
3.276133972e-14
2.694032057e-14
2.451772482e-14
2.330905806e-14
1.565249284e-14
0
2.299139401e-14
4.036274672e-14
5.083211705e-14
3.631524414e-14
2.679549443e-14
1.009758145e-15
0
4.59140916e-13
5.795432727e-13
1.812022321e-13
0
0
0
7.992845368e-14
5.78993682e-14
3.912986289e-14
2.411170283e-14
2.626657861e-14
2.455323559e-14
2.568389871e-14
2.794912849e-14
3.319579073e-14
3.659061134e-14
3.877840434e-14
4.431898434e-14
3.942283577e-14
3.118993665e-14
2.967877485e-14
6.104671268e-15
2.240781372e-15
0
5.62876883e-13
6.828627395e-13
2.041571917e-13
0
0
3.916740732e-14
3.333875831e-14
2.661519696e-14
2.682750547e-14
2.650172826e-14
2.803488196e-14
3.346519406e-14
3.280014924e-14
3.505190718e-14
4.069165198e-14
3.796181799e-14
3.626551648e-14
3.385563518e-14
2.792910593e-14
0
0
7.695033619e-15
1.106046859e-13
5.387051144e-13
6.893685629e-13
2.888644852e-13
2.464272861e-14
0
2.831891274e-14
2.700183638e-14
2.640753704e-14
2.719309337e-14
2.978693646e-14
3.267266859e-14
3.95656813e-14
4.081057637e-14
4.015458697e-14
4.20998093e-14
4.035034703e-14
3.655815284e-14
3.345511116e-14
3.035670572e-14
2.14685474e-14
2.925996784e-14
6.307440025e-15
6.447696532e-15
6.388950762e-15
5.698584637e-13
7.021001714e-13
2.559266292e-13
2.402562838e-15
2.687041904e-14
2.867949174e-14
3.113808416e-14
3.397970186e-14
3.866826432e-14
4.22011408e-14
4.429620594e-14
4.998329312e-14
4.73732243e-14
4.553778452e-14
4.572336896e-14
4.40735251e-14
4.174060614e-14
4.301041114e-14
4.066435678e-14
0
3.299036717e-14
8.264273719e-14
2.210780989e-13
6.436214457e-13
8.906048154e-13
8.340231839e-13
2.666277006e-13
3.198383814e-14
3.614122841e-14
3.960974291e-14
4.322039288e-14
4.909523236e-14
5.246383786e-14
5.563062852e-14
6.008355158e-14
5.672848111e-14
5.385516475e-14
5.407627497e-14
5.236606171e-14
4.937403026e-14
4.921714788e-14
4.713013251e-14
4.377118935e-14
3.514862579e-14
2.186802864e-14
1.3795365e-14
1.339664101e-15
6.636273659e-13
8.545293231e-13
3.979936269e-13
4.04083617e-14
4.456485078e-14
4.798760697e-14
5.077037829e-14
5.576977427e-14
5.828619841e-14
6.110320348e-14
6.581917025e-14
6.271739928e-14
5.819835532e-14
5.516207261e-14
5.451017271e-14
5.173163205e-14
4.848507193e-14
4.920394393e-14
4.693861598e-14
0
1.680886123e-14
2.653709294e-14
9.323898317e-14
4.384027248e-13
7.977056151e-13
8.385306956e-13
4.343777172e-14
4.822780001e-14
5.037249841e-14
5.144118608e-14
5.348624805e-14
5.685883442e-14
5.940108632e-14
6.386185064e-14
6.063015138e-14
5.582720065e-14
5.394658463e-14
5.009231919e-14
4.524261908e-14
4.092203079e-14
3.975730849e-14
3.315541476e-14
0
7.18183193e-15
1.553439593e-14
2.753532686e-14
6.061862948e-14
7.111347642e-13
9.274860238e-13
4.093411748e-14
4.441398029e-14
4.515138924e-14
4.477424048e-14
4.536921335e-14
4.757242247e-14
4.913938923e-14
5.295459935e-14
4.980090332e-14
4.624128325e-14
4.608731443e-14
3.940736252e-14
3.220702485e-14
2.616406588e-14
2.28596278e-14
2.043043007e-14
2.598063899e-14
1.332202576e-15
5.212958732e-15
2.575535253e-15
2.073996112e-14
0
7.647499162e-13
3.355860614e-14
3.546383432e-14
3.55957718e-14
3.471841975e-14
3.660442854e-14
3.504815841e-14
3.439954661e-14
3.570547915e-14
3.285083496e-14
2.957515882e-14
2.984500344e-14
2.32323779e-14
1.702580772e-14
1.064311833e-14
8.591727457e-15
8.107421437e-15
1.398859422e-14
0
0
6.978823027e-15
1.484669145e-14
0
7.852689485e-13
2.185968757e-14
2.238622243e-14
2.182698097e-14
2.008265827e-14
2.084499784e-14
1.927686071e-14
1.832358242e-14
1.914197954e-14
1.64983689e-14
1.370438993e-14
1.485550366e-14
9.5365786e-15
4.992711218e-15
8.983330203e-16
1.006497432e-15
4.190515089e-16
0
0
0
5.389160264e-15
5.672342161e-15
2.591210693e-14
3.860928126e-15
1.130209415e-14
1.093342236e-14
1.024733339e-14
1.22524561e-14
1.020365321e-14
7.696452576e-15
6.899899262e-15
7.665728891e-15
5.487277588e-15
3.605421506e-15
6.016745531e-15
2.740823917e-15
7.16828249e-16
0
8.127022152e-16
2.100653096e-16
2.740373665e-15
1.578620385e-14
2.354527691e-15
5.209955242e-15
8.679220176e-15
1.748168005e-14
0
2.864767021e-15
2.155727468e-15
8.293645698e-16
2.149643949e-15
1.393763554e-15
2.966828045e-16
1.074938942e-15
2.314944809e-15
1.054872819e-15
2.529599636e-16
2.065045656e-15
4.347752014e-16
2.189047607e-16
0
7.917171487e-16
1.509880423e-16
1.820674878e-15
1.779723076e-14
7.70612708e-16
5.222337841e-15
1.022856378e-14
2.101170436e-14
3.404715465e-16
0
1.312177221e-15
7.874693912e-16
2.649521534e-16
0
0
9.333249439e-16
0
2.596523473e-17
0
2.748431676e-16
2.438919299e-16
0
8.23329048e-16
3.155709603e-16
0
0
0
0
5.083269232e-15
1.291823359e-14
0
1.355617644e-15
8.076279763e-16
4.362745629e-16
0
0
8.832533747e-16
1.587048393e-16
0
5.785231591e-17
0
2.722344865e-16
2.556931823e-16
9.625694476e-17
8.854145975e-16
0
2.017493215e-16
2.402463356e-15
1.565704619e-14
2.071037742e-15
5.301805636e-15
5.537197007e-15
1.070295023e-15
6.386983691e-16
2.9373589e-16
1.780602706e-16
0
8.401425565e-17
1.06252368e-15
1.277198109e-16
0
7.950203641e-17
0
2.669306187e-16
2.550619804e-16
3.116668273e-16
8.098288393e-16
0
3.588330505e-16
5.595293077e-15
2.432302543e-14
7.797745201e-15
7.016754e-15
3.153314164e-16
2.138096053e-16
1.881290961e-16
0
0
5.818812344e-17
9.050562549e-18
0
0
0
0
2.387095465e-16
0
4.409612746e-16
5.431693688e-16
3.491466746e-15
8.022483729e-15
1.820364539e-14
3.568253548e-14
2.72011717e-14
2.676438479e-14
1.642789735e-16
1.573094045e-16
0
0
1.258476964e-16
1.105351053e-15
1.770016033e-16
0
8.996641284e-18
0
0
2.415506734e-15
5.560294907e-15
1.169457444e-14
1.71351113e-14
2.488437625e-14
3.26909188e-14
4.206155285e-14
4.91568305e-14
4.298028549e-14
1.567314933e-16
0
0
0
1.04092893e-16
1.137761952e-16
2.438814412e-17
0
1.483646922e-16
1.65255434e-15
5.405787011e-15
1.237753784e-14
2.06610107e-14
3.296949511e-14
4.516626311e-14
6.044190421e-14
7.729471849e-14
9.015571118e-14
1.020595356e-13
0
0
1.215651862e-16
1.034248205e-16
2.071189615e-16
1.888927274e-16
3.684024503e-16
7.50175376e-16
1.722088089e-15
7.368688325e-15
1.348476994e-14
2.34476987e-14
3.540892191e-14
5.121318065e-14
6.735728895e-14
8.687831034e-14
1.08414585e-13
1.26406513e-13
1.448389044e-13
5.219804228e-17
1.738777517e-16
1.24527888e-16
2.45200657e-16
2.847776276e-16
6.185585768e-16
1.216877935e-15
2.239262811e-15
4.495604241e-15
9.790697702e-15
1.771589778e-14
2.853254199e-14
4.084211017e-14
5.59745162e-14
7.117808889e-14
8.9665211e-14
1.102605007e-13
1.279976275e-13
)
;

boundaryField
{
    inletCH4
    {
        type            fixedValue;
        value           nonuniform List<scalar> 0();
    }
    wallOutside
    {
        type            zeroGradient;
    }
    wallTube
    {
        type            zeroGradient;
    }
    inletPilot
    {
        type            fixedValue;
        value           nonuniform List<scalar> 0();
    }
    inletAir
    {
        type            fixedValue;
        value           nonuniform List<scalar> 0();
    }
    outlet
    {
        type            zeroGradient;
    }
    axis
    {
        type            empty;
    }
    frontAndBack_pos
    {
        type            wedge;
    }
    frontAndBack_neg
    {
        type            wedge;
    }
    procBoundary5to1
    {
        type            processor;
        value           uniform 0;
    }
    procBoundary5to2
    {
        type            processor;
        value           nonuniform List<scalar> 
16
(
0
0
0
0
0
0
0
0
0
0
0
9.015704708e-16
7.429781518e-14
3.190833883e-13
5.224898064e-13
8.929319013e-13
)
;
    }
    procBoundary5to3
    {
        type            processor;
        value           nonuniform List<scalar> 
30
(
1.787374467e-10
1.832099732e-10
1.915659357e-10
2.033536082e-10
2.158619261e-10
2.267210709e-10
2.56078278e-10
2.727408686e-10
2.666267302e-10
2.359094479e-10
1.837906689e-10
0
9.44051133e-11
2.18137972e-11
4.640696073e-12
9.428482237e-13
1.367412463e-13
7.146961117e-14
5.048225838e-14
3.273548311e-14
1.325184796e-14
3.629739629e-15
2.805102727e-14
3.457096424e-13
1.2990486e-13
0
0
1.112551426e-10
4.763354692e-11
4.763354692e-11
)
;
    }
    procBoundary5to4
    {
        type            processor;
        value           nonuniform List<scalar> 
46
(
0
0
0
0
0
0
0
0
0
1.867923781e-16
2.771810297e-16
1.144456854e-12
8.496113788e-13
8.350424952e-13
5.571248333e-14
5.571248333e-14
2.296534682e-14
5.955580707e-15
8.391367915e-15
8.391367915e-15
3.149469808e-14
6.577463465e-14
6.577463465e-14
1.168008675e-13
1.168008675e-13
1.694928576e-13
1.46521561e-13
2.478297745e-16
9.850057919e-17
1.063756992e-16
1.179409953e-16
3.292083185e-16
6.526501964e-16
1.06290019e-15
1.959888177e-15
4.747955211e-15
9.972456886e-15
1.695099662e-14
2.552142941e-14
3.578373055e-14
4.638564417e-14
5.65902852e-14
6.879841627e-14
8.486945141e-14
1.46521561e-13
9.582469742e-14
)
;
    }
}
)