/*--------------------------------*- C++ -*----------------------------------*\
  =========                 |
  \\      /  F ield         | OpenFOAM: The Open Source CFD Toolbox
   \\    /   O peration     | Website:  https://openfoam.org
    \\  /    A nd           | Version:  10
     \\/     M anipulation  |
\*---------------------------------------------------------------------------*/
FoamFile
{
    format      binary;
    class       decomposedBlockData;
    location    "/home/zhouyuchen/Desktop/FastChemistrySolver-OpenFOAM-10/EC-CCM/OpenFOAM-10/Sandia/processors6/0.0250188088/O_0";
    object      O_0;
}
// * * * * * * * * * * * * * * * * * * * * * * * * * * * * * * * * * * * * * //


// Processor0

9686
(/*--------------------------------*- C++ -*----------------------------------*\
  =========                 |
  \\      /  F ield         | OpenFOAM: The Open Source CFD Toolbox
   \\    /   O peration     | Website:  https://openfoam.org
    \\  /    A nd           | Version:  10
     \\/     M anipulation  |
\*---------------------------------------------------------------------------*/
FoamFile
{
    format      ascii;
    class       volScalarField;
    location    "0.0250188088";
    object      O_0;
}
// * * * * * * * * * * * * * * * * * * * * * * * * * * * * * * * * * * * * * //

dimensions      [0 0 0 0 0 0 0];

internalField   nonuniform List<scalar> 
864
(
2.170723562e-07
2.006186406e-07
1.234956945e-07
3.608926386e-08
2.406291465e-09
0
8.70003267e-14
0
0
8.692167461e-14
8.736004508e-14
0
8.764866976e-14
8.756715801e-14
0
0
0
0
0
0
0
0
0
0
0
0
0
0
0
0
0
0
2.134118687e-07
2.409606921e-07
1.90853447e-07
9.377272886e-08
1.750533824e-08
7.268114569e-11
0
0
8.727829059e-14
8.748380568e-14
0
8.672950972e-14
0
8.78811569e-14
0
0
0
0
0
0
0
0
0
0
0
0
0
0
0
0
0
0
2.130967298e-07
2.695451987e-07
2.490591812e-07
1.661862008e-07
6.270233683e-08
7.266164189e-09
9.578657747e-14
8.719319414e-14
0
0
8.734906977e-14
8.764067544e-14
0
8.791501367e-14
8.777725743e-14
0
0
0
0
0
0
0
0
0
0
0
0
0
0
0
0
0
1.94844883e-07
2.862542962e-07
2.994212245e-07
2.391017686e-07
1.325754761e-07
3.508572396e-08
1.654304482e-09
9.56143113e-14
0
8.741006812e-14
8.821954068e-14
0
0
8.794437759e-14
8.780699974e-14
0
0
0
0
0
0
0
0
0
0
0
0
0
0
0
0
0
1.525602054e-07
2.761969411e-07
3.26834649e-07
2.991824975e-07
2.089387299e-07
9.252543142e-08
1.499056725e-08
0
8.712845985e-14
0
0
0
0
8.800524861e-14
8.78559307e-14
0
0
0
0
0
0
0
0
0
0
0
0
0
0
0
0
0
1.415380851e-07
2.697568682e-07
3.450898435e-07
3.486371306e-07
2.815143747e-07
1.685666975e-07
5.607367355e-08
4.68567172e-09
0
8.720619918e-14
0
0
0
8.810169153e-14
8.793732994e-14
0
0
0
0
0
0
0
0
0
0
0
0
0
0
0
0
0
1.012632593e-07
1.980180882e-07
3.22666027e-07
3.710344874e-07
3.398109683e-07
2.451464985e-07
1.219948557e-07
2.654313266e-08
2.272210289e-10
9.099179108e-14
8.748728406e-14
0
8.773348113e-14
8.835707056e-14
8.802904251e-14
0
0
0
0
0
0
0
0
0
0
0
0
0
0
0
0
0
9.268036884e-08
1.842279513e-07
3.20384203e-07
3.957090794e-07
3.947118471e-07
3.215665585e-07
2.020069862e-07
7.718914336e-08
8.603018392e-09
0
0
8.778289826e-14
8.836454882e-14
8.837066769e-14
8.807485777e-14
0
0
0
0
0
0
0
0
0
0
0
0
0
0
0
0
0
9.21208791e-08
1.614859795e-07
2.673093367e-07
3.930734717e-07
4.338838807e-07
3.906241991e-07
2.83993764e-07
1.505299103e-07
3.963404239e-08
9.535007953e-10
0
8.825970883e-14
8.837896394e-14
8.837986431e-14
8.810725488e-14
0
0
0
0
0
0
0
0
0
0
0
0
0
0
0
0
0
8.608119862e-08
1.465343187e-07
2.484454951e-07
3.880668224e-07
4.569095642e-07
4.443848658e-07
3.599155338e-07
2.315936013e-07
9.790498341e-08
1.392895726e-08
9.851171147e-14
0
8.831175087e-14
8.838917974e-14
0
0
0
0
0
0
0
0
0
0
0
0
0
0
0
0
0
0
9.513359691e-08
1.376456299e-07
2.256382649e-07
3.53476794e-07
4.586934248e-07
4.822839918e-07
4.268769862e-07
3.127330464e-07
1.740580866e-07
5.259267729e-08
1.749627078e-09
0
8.83450513e-14
8.817069134e-14
0
0
0
0
0
0
0
0
0
0
0
0
0
0
0
0
0
0
8.150610855e-08
1.084400954e-07
1.795516609e-07
2.905424564e-07
4.306384272e-07
4.943435654e-07
4.758541197e-07
3.867166681e-07
2.54846917e-07
1.162413266e-07
1.973855276e-08
9.683055716e-14
0
8.816388486e-14
0
0
0
0
0
0
0
0
0
0
0
0
0
0
0
0
0
0
6.758202186e-08
8.958047618e-08
1.535265993e-07
2.615895172e-07
4.128468981e-07
5.036111455e-07
5.173370787e-07
4.549909288e-07
3.361745917e-07
1.940960692e-07
6.560784127e-08
3.547732224e-09
0
8.819026226e-14
0
0
0
0
0
0
0
0
0
0
0
0
0
0
0
0
0
0
6.61595465e-08
9.322542014e-08
1.321213073e-07
2.160267231e-07
3.369953651e-07
4.782478707e-07
5.362164231e-07
5.090020477e-07
4.11753235e-07
2.742625574e-07
1.325706587e-07
2.762420625e-08
9.600082072e-14
0
0
0
0
0
0
0
0
0
0
0
0
0
0
0
0
0
0
0
6.339717533e-08
8.429513728e-08
1.139331803e-07
1.887689853e-07
3.06869674e-07
4.630346667e-07
5.489238011e-07
5.5257269e-07
4.802637942e-07
3.548503249e-07
2.096846707e-07
7.8587785e-08
7.092604254e-09
9.08991529e-14
8.781526983e-14
0
0
0
0
0
0
0
0
0
0
0
0
0
0
0
0
0
6.59569274e-08
8.494170409e-08
1.110345649e-07
1.781139513e-07
2.877732113e-07
4.349319081e-07
5.53992817e-07
5.894285487e-07
5.435909712e-07
4.342389976e-07
2.909042242e-07
1.472651666e-07
3.666972289e-08
3.481666789e-13
0
0
0
0
0
0
0
0
0
0
0
0
0
0
0
0
0
0
7.110643414e-08
9.042580241e-08
1.215425081e-07
1.647281004e-07
2.53422004e-07
3.80636088e-07
5.327085825e-07
6.044900887e-07
5.913682151e-07
5.053556494e-07
3.7202572e-07
2.240337166e-07
9.143261263e-08
1.14502238e-08
9.113286634e-14
0
0
0
0
0
0
0
0
0
0
0
0
0
0
0
0
0
7.411942472e-08
8.873063088e-08
1.144041952e-07
1.490446858e-07
2.297848505e-07
3.547857398e-07
5.185728436e-07
6.147472873e-07
6.299514385e-07
5.68364905e-07
4.49755047e-07
3.034214871e-07
1.605392012e-07
4.782697228e-08
9.878467974e-10
8.874668691e-14
8.785500195e-14
0
0
0
0
0
0
0
0
0
0
0
0
0
0
0
8.029572087e-08
9.020926116e-08
1.123495226e-07
1.428427287e-07
2.157551561e-07
3.302999718e-07
4.783455018e-07
6.123698603e-07
6.600001529e-07
6.246076617e-07
5.233209061e-07
3.830741144e-07
2.342179311e-07
1.041676127e-07
1.893621441e-08
0
0
8.786156557e-14
0
0
0
0
0
0
0
0
0
0
0
0
0
0
8.120567767e-08
9.139722742e-08
1.14357756e-07
1.506178834e-07
1.999789167e-07
2.952800833e-07
4.289181386e-07
5.884484697e-07
6.686512802e-07
6.645009438e-07
5.869019158e-07
4.591276834e-07
3.103920445e-07
1.694109758e-07
5.882520814e-08
4.5264549e-09
0
0
0
0
0
0
0
0
0
0
0
0
0
0
0
0
8.110829344e-08
8.889811207e-08
1.079630013e-07
1.387394085e-07
1.792662211e-07
2.666985974e-07
3.986694632e-07
5.690654081e-07
6.725410835e-07
6.958756252e-07
6.425461095e-07
5.305410528e-07
3.864393259e-07
2.384139268e-07
1.113377851e-07
2.572287778e-08
0
8.801132374e-14
8.789623351e-14
0
0
0
0
0
0
0
0
0
0
0
0
0
8.178562764e-08
8.869744556e-08
1.036545606e-07
1.299518647e-07
1.651035773e-07
2.447072002e-07
3.67191899e-07
5.235008276e-07
6.642762594e-07
7.196526081e-07
6.924164415e-07
5.98226442e-07
4.619076783e-07
3.111810155e-07
1.716971421e-07
6.358984423e-08
7.169288619e-09
0
0
8.789358757e-14
0
0
0
0
0
0
0
0
0
0
0
0
8.137166846e-08
8.784892867e-08
1.002737383e-07
1.250439588e-07
1.620150636e-07
2.207156634e-07
3.24473641e-07
4.664782837e-07
6.339763541e-07
7.223456414e-07
7.263216639e-07
6.560087431e-07
5.331793372e-07
3.848723643e-07
2.371596337e-07
1.120196979e-07
2.780957322e-08
1.559270887e-10
0
8.830901805e-14
0
0
0
0
0
0
0
0
0
0
0
0
7.702367441e-08
8.29687941e-08
9.084723596e-08
1.117854218e-07
1.462579584e-07
1.93009713e-07
2.886114061e-07
4.299989227e-07
6.100423816e-07
7.21998224e-07
7.531494058e-07
7.066836272e-07
5.997358751e-07
4.574232757e-07
3.059469717e-07
1.682861384e-07
6.223216052e-08
6.698999532e-09
0
0
8.796137746e-14
0
0
0
0
0
0
0
0
0
0
0
7.253007725e-08
7.7895151e-08
8.34967202e-08
1.016953081e-07
1.331331066e-07
1.762944254e-07
2.686276915e-07
4.089592048e-07
5.927374302e-07
7.257524824e-07
7.815312738e-07
7.568826784e-07
6.653226652e-07
5.302930009e-07
3.77659193e-07
2.304075018e-07
1.072757651e-07
2.476769672e-08
4.560725471e-12
8.837029325e-14
8.843614849e-14
0
0
0
0
0
0
0
0
0
0
0
7.150812592e-08
7.775716976e-08
8.352527213e-08
1.017592708e-07
1.328868076e-07
1.738793606e-07
2.584575424e-07
3.844159822e-07
5.431286252e-07
7.167391215e-07
8.038454247e-07
8.029283948e-07
7.275543425e-07
6.010044157e-07
4.493448465e-07
2.958638764e-07
1.590956042e-07
5.416741812e-08
3.684106079e-09
0
8.858809129e-14
8.809995054e-14
0
0
0
0
0
0
0
0
0
0
7.191851502e-08
7.908275492e-08
8.643972306e-08
1.055399773e-07
1.390633645e-07
1.863505043e-07
2.561382658e-07
3.710285489e-07
5.247954571e-07
7.07656405e-07
8.126258177e-07
8.316702685e-07
7.734500167e-07
6.584878311e-07
5.119914031e-07
3.57431268e-07
2.135680681e-07
9.522232587e-08
1.844040883e-08
1.08935015e-13
8.856954258e-14
0
0
0
0
0
0
0
0
0
0
0
)
;

boundaryField
{
    inletCH4
    {
        type            fixedValue;
        value           nonuniform List<scalar> 0();
    }
    wallOutside
    {
        type            zeroGradient;
    }
    wallTube
    {
        type            zeroGradient;
    }
    inletPilot
    {
        type            fixedValue;
        value           nonuniform List<scalar> 0();
    }
    inletAir
    {
        type            fixedValue;
        value           nonuniform List<scalar> 0();
    }
    outlet
    {
        type            zeroGradient;
    }
    axis
    {
        type            empty;
    }
    frontAndBack_pos
    {
        type            wedge;
    }
    frontAndBack_neg
    {
        type            wedge;
    }
    procBoundary0to2
    {
        type            processor;
        value           nonuniform List<scalar> 
32
(
1.910300292e-07
1.449333647e-07
5.924548607e-08
7.608892942e-09
8.99711075e-14
0
8.731140371e-14
8.763277216e-14
8.688229312e-14
0
8.659221065e-14
0
8.782608842e-14
8.722096717e-14
0
0
0
0
0
0
0
0
0
0
0
0
0
0
0
0
0
0
)
;
    }
    procBoundary0to4
    {
        type            processor;
        value           nonuniform List<scalar> 
27
(
1.597486652e-07
1.021734658e-07
8.940862429e-08
8.372225965e-08
6.266827231e-08
6.358917919e-08
4.48050474e-08
4.503548096e-08
6.650135425e-08
6.733728902e-08
7.243929227e-08
6.355555212e-08
5.180890472e-08
5.047513086e-08
5.404598338e-08
5.746618449e-08
6.209123565e-08
6.542141701e-08
6.901982111e-08
7.05972686e-08
7.172062004e-08
7.329539603e-08
7.354245956e-08
7.02516207e-08
6.642853082e-08
6.492268886e-08
6.489659729e-08
)
;
    }
}


// ************************************************************************* //
)

// Processor1

4143
(dimensions      [0 0 0 0 0 0 0];

internalField   nonuniform List<scalar> 
860
(
0
0
0
0
0
0
0
0
0
0
0
0
0
0
0
0
0
0
0
0
0
0
0
0
0
0
0
0
0
0
0
0
0
0
0
0
0
0
0
0
0
0
0
0
0
0
0
0
0
0
0
0
0
0
0
0
0
0
0
0
0
0
0
0
0
0
0
0
0
0
0
0
0
0
0
0
0
0
0
0
0
0
0
0
0
0
0
0
0
0
0
0
0
0
0
0
0
0
0
0
0
0
0
0
0
0
0
0
0
0
0
0
0
0
0
0
0
0
0
0
0
0
0
0
0
0
0
0
0
0
0
0
0
0
0
0
0
0
0
0
0
0
0
0
0
0
0
0
0
0
0
0
0
0
0
0
0
0
0
0
0
0
0
0
0
0
0
0
0
0
0
0
0
0
0
0
0
0
0
0
0
0
0
0
0
0
0
0
0
0
0
0
0
0
0
0
0
0
0
0
0
0
0
0
0
0
0
0
0
0
0
0
0
0
0
0
0
0
0
0
8.598411306e-14
0
0
0
0
0
0
0
0
0
0
0
0
0
0
0
0
0
0
0
0
0
0
0
0
0
0
0
0
0
0
0
0
0
0
0
0
0
0
0
0
0
0
0
8.60168852e-14
8.631192765e-14
0
0
0
0
0
0
0
0
0
0
0
0
0
0
0
0
0
0
0
0
0
0
0
0
0
0
0
0
0
0
0
0
0
0
0
0
0
0
0
0
0
0
8.570877523e-14
8.795343559e-14
8.60903081e-14
0
0
0
0
0
0
0
0
0
0
0
0
0
0
0
0
0
0
0
0
0
0
0
0
0
0
0
0
0
0
0
0
0
0
0
0
0
0
0
0
0
0
8.664955383e-14
8.671093778e-14
0
0
0
0
0
0
0
0
0
0
0
0
0
0
0
0
0
0
0
0
0
0
0
0
0
0
0
0
0
0
0
0
0
0
0
0
0
0
0
0
0
0
0
8.676212815e-14
8.605350963e-14
0
0
0
0
0
0
0
0
0
0
0
0
0
0
0
0
0
0
0
0
0
0
0
0
0
0
0
0
0
0
0
0
0
0
0
0
0
0
0
0
8.305129947e-14
0
8.661172354e-14
8.79332134e-14
8.610931563e-14
0
0
0
0
0
0
0
0
0
0
0
0
0
0
0
0
0
0
0
0
0
0
0
0
0
0
0
0
0
0
0
0
0
0
0
0
0
0
0
8.475269805e-14
8.572477223e-14
0
8.670737533e-14
8.668937227e-14
0
0
0
0
0
0
0
0
0
0
0
0
0
0
0
0
0
0
0
0
0
0
0
0
0
0
0
0
0
0
0
0
0
0
0
0
0
0
0
0
8.455817653e-14
0
0
8.684379634e-14
8.609494382e-14
0
0
0
0
0
0
0
0
0
0
0
0
0
0
0
0
0
0
0
0
0
0
0
0
0
0
0
0
0
0
0
0
0
0
0
0
0
0
8.221499632e-14
0
8.410295748e-14
0
8.657333571e-14
8.792823303e-14
0
0
0
0
0
0
0
0
0
0
0
0
0
0
0
0
0
0
0
0
0
0
0
0
0
0
0
0
0
0
0
0
0
0
0
0
0
0
8.253958625e-14
0
8.447533352e-14
0
0
8.665663491e-14
8.683877517e-14
0
0
0
0
0
0
0
0
0
0
0
0
0
0
0
0
0
0
0
0
0
0
0
0
0
0
0
0
0
0
0
0
0
0
0
0
0
0
8.358841908e-14
0
8.442695997e-14
0
8.645804254e-14
8.789044821e-14
8.627466999e-14
0
0
0
0
0
0
0
0
0
0
0
0
0
0
0
0
0
0
0
0
0
0
0
0
0
0
0
0
0
0
0
0
0
0
0
0
8.390186484e-14
8.640627779e-14
0
8.491045629e-14
0
0
8.667223531e-14
8.689842984e-14
0
0
0
0
0
0
0
0
0
0
0
0
0
0
0
0
0
0
0
0
0
0
0
0
0
0
0
0
0
0
0
0
0
0
0
0
0
0
8.448627422e-14
0
8.472644105e-14
0
8.652266019e-14
8.79924472e-14
0
0
0
0
0
0
0
0
0
0
0
0
0
0
0
0
0
0
0
0
0
0
0
0
0
0
0
0
0
0
0
0
0
0
0
0
8.622433145e-14
0
0
8.54592513e-14
8.753023336e-14
8.621012138e-14
0
8.662329694e-14
8.696585368e-14
0
0
0
0
0
0
0
0
0
0
0
0
0
0
0
0
0
0
0
0
0
0
0
0
0
0
0
0
0
0
0
0
0
0
0
8.555890262e-14
8.693107614e-14
8.619900547e-14
0
0
8.524848571e-14
0
0
8.681216842e-14
8.514593535e-14
8.76272408e-14
8.784330823e-14
8.767016024e-14
8.585778211e-14
0
0
8.292911372e-14
8.785482686e-14
8.780976052e-14
8.783087956e-14
8.757533621e-14
8.677075835e-14
8.559128464e-14
0
)
;

boundaryField
{
    inletCH4
    {
        type            fixedValue;
        value           nonuniform List<scalar> 0();
    }
    wallOutside
    {
        type            zeroGradient;
    }
    wallTube
    {
        type            zeroGradient;
    }
    inletPilot
    {
        type            fixedValue;
        value           nonuniform List<scalar> 0();
    }
    inletAir
    {
        type            fixedValue;
        value           uniform 0;
    }
    outlet
    {
        type            zeroGradient;
    }
    axis
    {
        type            empty;
    }
    frontAndBack_pos
    {
        type            wedge;
    }
    frontAndBack_neg
    {
        type            wedge;
    }
    procBoundary1to2
    {
        type            processor;
        value           nonuniform List<scalar> 
40
(
0
0
0
0
0
0
0
0
0
0
0
0
0
0
0
0
0
0
0
0
0
0
0
0
0
0
0
0
0
0
0
0
0
0
0
8.654161548e-14
0
8.782230967e-14
0
8.368750875e-14
)
;
    }
    procBoundary1to3
    {
        type            processor;
        value           nonuniform List<scalar> 
22
(
0
0
0
0
8.561870542e-14
8.651645345e-14
0
0
8.465237013e-14
8.362757804e-14
0
0
8.216514415e-14
0
0
8.366620825e-14
0
0
8.51727063e-14
0
8.656317094e-14
0
)
;
    }
    procBoundary1to5
    {
        type            processor;
        value           nonuniform List<scalar> 7(0 0 8.513263704e-14 0 0 8.616612904e-14 8.354273228e-14);
    }
}
)

// Processor2

5853
(dimensions      [0 0 0 0 0 0 0];

internalField   nonuniform List<scalar> 
861
(
0
0
0
0
0
0
0
0
0
0
0
0
0
0
0
0
0
0
0
0
0
0
0
0
0
0
0
0
0
0
0
0
0
0
0
8.654161548e-14
8.782230967e-14
0
0
0
0
0
0
0
0
0
0
0
0
0
0
0
0
0
0
0
0
0
0
0
0
0
0
0
0
0
0
0
0
0
0
8.368750875e-14
0
8.683434759e-14
8.677607894e-14
0
0
0
0
0
0
0
0
0
0
0
0
0
0
0
0
0
0
0
0
0
0
0
0
0
0
0
0
0
0
0
0
0
0
8.45333417e-14
0
8.689713696e-14
8.611396298e-14
0
0
0
0
0
0
0
0
0
0
0
0
0
0
0
0
0
0
0
0
0
0
0
0
0
0
0
0
0
0
0
0
8.511309775e-14
0
8.458972887e-14
0
8.697175218e-14
8.616712349e-14
0
0
0
0
0
0
0
0
0
0
0
0
0
0
0
0
0
0
0
0
0
0
0
0
0
0
0
0
0
0
0
7.84790935e-14
8.543701176e-14
0
8.46986009e-14
0
8.704487604e-14
8.625257251e-14
0
0
0
0
0
0
0
0
0
0
0
0
0
0
0
0
0
0
0
0
0
0
0
0
0
0
0
0
0
0
0
0
8.439903009e-14
0
8.48476191e-14
0
8.711419652e-14
8.635997554e-14
0
0
0
0
0
0
0
0
0
0
0
0
0
0
0
0
0
0
0
0
0
0
0
0
0
0
0
0
0
8.509126898e-14
0
0
8.45732917e-14
0
8.512712087e-14
0
8.71831014e-14
8.647451037e-14
0
0
0
0
0
0
0
0
0
0
0
0
0
0
0
0
0
0
0
0
0
0
0
0
0
0
0
0
8.768158409e-14
8.726591393e-14
8.564713685e-14
0
8.6307455e-14
8.78156638e-14
0
0
8.725389435e-14
8.65883042e-14
0
0
0
0
0
0
0
0
0
0
0
0
0
0
0
0
0
0
0
0
0
0
0
0
0
0
0
8.624440654e-14
0
8.679686528e-14
8.569196067e-14
0
0
8.574869056e-14
0
0
8.738547502e-14
0
0
0
0
0
0
0
0
0
0
0
0
0
0
0
0
0
0
0
0
0
0
0
0
0
0
0
7.237796146e-14
0
0
0
8.630763292e-14
8.594775623e-14
0
8.537349063e-14
0
8.731098482e-14
8.724476108e-14
0
0
0
0
0
0
0
0
0
0
0
0
0
0
0
0
0
0
0
0
0
0
0
0
0
0
0
0
8.684095262e-14
8.599693536e-14
0
0
8.518864708e-14
0
8.565346674e-14
0
8.737658294e-14
8.67804519e-14
0
0
0
0
0
0
0
0
0
0
0
0
0
0
0
0
0
0
0
0
0
0
0
0
0
5.039416394e-09
0
8.809099704e-14
8.799964173e-14
8.73964064e-14
8.606621552e-14
0
0
8.688328974e-14
0
0
8.751659139e-14
8.677314072e-14
0
0
0
0
0
0
0
0
0
0
0
0
0
0
0
0
0
0
0
0
0
0
0
0
2.122101761e-08
3.053338943e-09
0
0
0
0
8.653978102e-14
8.680272807e-14
0
8.5737881e-14
0
8.745062109e-14
8.737575004e-14
0
0
0
0
0
0
0
0
0
0
0
0
0
0
0
0
0
0
0
0
0
0
0
0
3.965111616e-08
1.561446549e-08
1.286421538e-09
0
0
8.563584997e-14
0
0
8.559719692e-14
0
8.598231083e-14
0
8.758679854e-14
8.692654636e-14
0
0
0
0
0
0
0
0
0
0
0
0
0
0
0
0
0
0
0
0
0
0
0
5.585147792e-08
4.302984365e-08
1.10942583e-08
1.905671391e-10
8.626258385e-14
8.812553837e-14
8.750006955e-14
8.636026964e-14
0
0
8.641761183e-14
0
8.751995109e-14
8.743311294e-14
0
0
0
0
0
0
0
0
0
0
0
0
0
0
0
0
0
0
0
0
0
0
0
4.44290668e-08
6.052857445e-08
3.669709545e-08
6.543323917e-09
0
0
0
0
0
8.580423293e-14
0
8.613306557e-14
0
8.757687118e-14
8.698984495e-14
0
0
0
0
0
0
0
0
0
0
0
0
0
0
0
0
0
0
0
0
0
0
4.418331333e-08
7.733097021e-08
7.349689266e-08
3.121924803e-08
3.65942077e-09
8.009487804e-14
0
8.704789284e-14
8.658419852e-14
0
0
8.656337544e-14
0
0
8.697916737e-14
0
0
0
0
0
0
0
0
0
0
0
0
0
0
0
0
0
0
0
0
0
0
0
6.454139487e-08
9.388772165e-08
7.078363465e-08
2.024919614e-08
1.091394864e-09
0
8.775476586e-14
8.808996444e-14
8.757575113e-14
8.665014486e-14
0
8.627193205e-14
0
8.763200384e-14
8.705474513e-14
0
0
0
0
0
0
0
0
0
0
0
0
0
0
0
0
0
0
0
0
0
6.287651623e-08
1.225026834e-08
8.758497097e-12
8.816501176e-14
0
0
0
8.699444053e-14
8.727667044e-14
0
0
8.772587021e-14
0
0
0
0
0
0
0
0
0
0
0
0
0
0
0
0
0
0
0
0
0
4.764588607e-08
6.070633719e-09
8.423583049e-14
0
8.720251495e-14
8.671629472e-14
0
0
8.63324993e-14
0
8.769570753e-14
8.760957554e-14
0
0
0
0
0
0
0
0
0
0
0
0
0
0
0
0
0
0
0
0
1.02118605e-07
3.056492057e-08
2.123305242e-09
0
8.700905639e-14
0
8.706762778e-14
8.682515157e-14
0
8.650034843e-14
0
8.78113738e-14
0
0
0
0
0
0
0
0
0
0
0
0
0
0
0
0
0
0
0
0
1.551949846e-07
8.260094391e-08
1.60768719e-08
1.243482817e-10
9.009832203e-14
0
0
0
0
8.692420161e-14
0
8.774839046e-14
8.767113218e-14
0
0
0
0
0
0
0
0
0
0
0
0
0
0
0
0
0
0
0
1.910300292e-07
1.449333647e-07
5.924548607e-08
7.608892942e-09
8.99711075e-14
0
8.731140371e-14
8.763277216e-14
8.688229312e-14
0
8.659221065e-14
0
8.782608842e-14
8.722096717e-14
0
0
0
0
0
0
0
0
0
0
0
0
0
0
0
0
0
0
)
;

boundaryField
{
    inletCH4
    {
        type            fixedValue;
        value           nonuniform List<scalar> 0();
    }
    wallOutside
    {
        type            zeroGradient;
    }
    wallTube
    {
        type            zeroGradient;
    }
    inletPilot
    {
        type            fixedValue;
        value           nonuniform List<scalar> 0();
    }
    inletAir
    {
        type            fixedValue;
        value           nonuniform List<scalar> 0();
    }
    outlet
    {
        type            zeroGradient;
    }
    axis
    {
        type            empty;
    }
    frontAndBack_pos
    {
        type            wedge;
    }
    frontAndBack_neg
    {
        type            wedge;
    }
    procBoundary2to0
    {
        type            processor;
        value           nonuniform List<scalar> 
32
(
2.170723562e-07
2.006186406e-07
1.234956945e-07
3.608926386e-08
2.406291465e-09
0
8.70003267e-14
0
0
8.692167461e-14
8.736004508e-14
0
8.764866976e-14
8.756715801e-14
0
0
0
0
0
0
0
0
0
0
0
0
0
0
0
0
0
0
)
;
    }
    procBoundary2to1
    {
        type            processor;
        value           nonuniform List<scalar> 
40
(
0
0
0
0
0
0
0
0
0
0
0
0
0
0
0
0
0
0
0
0
0
0
0
0
0
0
0
0
0
0
0
0
0
0
0
8.681216842e-14
8.514593535e-14
8.514593535e-14
8.292911372e-14
0
)
;
    }
    procBoundary2to4
    {
        type            processor;
        value           nonuniform List<scalar> 10(0 3.579311174e-08 9.903259693e-08 1.092405344e-07 1.092405344e-07 1.118913371e-07 1.118913371e-07 1.476288094e-07 1.715784758e-07 1.622142e-07);
    }
    procBoundary2to5
    {
        type            processor;
        value           nonuniform List<scalar> 
16
(
8.354273228e-14
8.588526948e-14
0
0
8.596418738e-14
8.751390404e-14
0
2.149316951e-10
5.116109899e-09
2.415835158e-08
3.90460885e-08
3.297056939e-08
3.49602614e-08
0
0
0
)
;
    }
}
)

// Processor3

11807
(dimensions      [0 0 0 0 0 0 0];

internalField   nonuniform List<scalar> 
861
(
0
0
0
0
0
0
0
0
0
0
0
0
0
0
0
0
0
0
0
0
0
0
0
0
0
0
0
0
0
0
0
0
0
0
0
0
0
0
0
0
0
0
0
0
0
0
0
0
0
0
0
0
0
0
0
0
0
0
0
0
0
0
0
0
0
0
0
0
0
0
0
0
0
0
0
0
0
0
0
0
0
0
0
0
0
0
0
0
0
0
0
0
0
0
0
0
0
8.336888981e-11
7.230907057e-10
3.781112551e-09
0.0004141366243
0.0004140128855
0.0004140031302
0.0004142393197
0.0004142840502
0.0002526577572
0.0002697156751
0.0002695941585
0.0002675875536
0.0002439144152
0.000174161456
0.0001927580456
0.0001928196379
0.0001859928983
0.0001612003949
0.0001301517481
0.0001477035153
0.0001482435916
0.0001386878816
0.0001182411359
0.0001032340662
0.0001186988399
0.0001192614338
0.0001100917759
9.137827133e-05
8.798385476e-05
9.993366622e-05
0.0001011492597
9.201352843e-05
7.725910874e-05
7.535665052e-05
8.758957025e-05
8.872549217e-05
8.138383591e-05
7.134668722e-05
7.056333182e-05
7.714449953e-05
7.818729779e-05
7.458883301e-05
6.713765848e-05
6.74255516e-05
7.192975061e-05
7.266298102e-05
6.947604022e-05
6.301547756e-05
6.392981487e-05
6.837154835e-05
6.882744506e-05
6.588741165e-05
6.145514382e-05
6.192239342e-05
6.547887778e-05
6.579670313e-05
6.258855568e-05
6.00132804e-05
6.033140437e-05
6.24275255e-05
6.265937011e-05
6.113107817e-05
5.902993435e-05
5.928351044e-05
6.099076751e-05
6.115994823e-05
5.978616874e-05
5.809210057e-05
5.837493871e-05
5.973469294e-05
5.98570792e-05
5.879920225e-05
5.720425985e-05
5.750412504e-05
5.880519372e-05
5.889453522e-05
5.7834087e-05
5.632110763e-05
5.670419531e-05
5.790088664e-05
5.795426309e-05
5.68829438e-05
5.539005211e-05
5.587371067e-05
5.702658417e-05
5.704325439e-05
5.597182071e-05
5.4435225e-05
5.509529539e-05
5.620079306e-05
5.616211564e-05
5.504332239e-05
5.352195548e-05
5.584865053e-05
5.567329438e-05
5.529371987e-05
5.407933515e-05
5.255167541e-05
0.0002300321092
8.432174767e-05
5.92245182e-05
5.396433267e-05
5.19123252e-05
5.64104789e-11
5.853503142e-10
9.473060362e-09
1.419031285e-07
2.25935711e-06
2.5336051e-10
1.764674153e-09
1.889545012e-08
1.440105594e-07
1.211953655e-06
5.976668278e-10
3.220328371e-09
2.367410042e-08
1.087277928e-07
5.822832837e-07
1.068934056e-09
4.637622957e-09
2.41574161e-08
7.138387633e-08
2.797832341e-07
1.422330363e-09
4.102461085e-09
0
4.325587034e-08
1.549243426e-07
1.710588466e-09
3.848262065e-09
2.668952257e-09
2.792757755e-08
1.144097659e-07
1.960307557e-09
3.734028533e-09
3.802311071e-09
2.060435621e-08
9.870276917e-08
2.01891553e-09
2.371512453e-09
3.910641838e-09
1.608105862e-08
8.01176167e-08
1.704810295e-09
0
3.474120095e-09
1.348249485e-08
6.962612362e-08
1.478087349e-09
4.42923706e-10
2.966608342e-09
1.108180653e-08
5.548400703e-08
1.313393748e-09
7.337196109e-10
2.777955894e-09
1.10326467e-08
5.725284852e-08
9.627822786e-10
8.448585129e-10
2.6098519e-09
1.059894542e-08
5.224466843e-08
6.950313324e-10
7.985476481e-10
2.154503476e-09
8.263544945e-09
3.639506951e-08
5.171632831e-10
7.230930098e-10
2.024205894e-09
8.345718497e-09
3.798685342e-08
4.189960831e-10
7.021421516e-10
2.183709022e-09
9.33688369e-09
4.104058563e-08
3.67894734e-10
6.885708418e-10
2.23749661e-09
9.078937157e-09
3.593474988e-08
3.883312301e-10
7.939286732e-10
2.58055466e-09
9.733116779e-09
3.527540462e-08
5.629658197e-10
1.183802592e-09
3.64562759e-09
1.121107622e-08
3.472178944e-08
9.924680423e-10
2.212295259e-09
7.940916446e-09
2.773054488e-08
9.794197313e-08
2.367123646e-09
4.937827415e-09
1.524947738e-08
5.162986067e-08
1.782945847e-07
4.017291551e-09
6.891467519e-09
1.67259424e-08
4.556813675e-08
1.281238016e-07
5.686780369e-09
7.722739257e-09
1.353301374e-08
2.696619234e-08
5.72878817e-08
5.209811582e-09
6.118314944e-09
8.396615893e-09
1.273239602e-08
2.058418097e-08
2.929375878e-09
3.233455783e-09
3.831300927e-09
4.752329871e-09
6.183673272e-09
1.035572841e-09
1.079633559e-09
1.166047179e-09
1.302226117e-09
1.465217707e-09
1.742869241e-05
6.09440338e-06
2.446228351e-06
1.083739298e-06
6.345357952e-07
5.213621585e-07
4.486700807e-07
3.339635649e-07
2.782687162e-07
2.025016647e-07
2.112239062e-07
1.740440595e-07
1.067177047e-07
1.183927055e-07
1.231271404e-07
9.745194461e-08
8.881597203e-08
1.244245727e-07
2.586466654e-07
4.642303417e-07
2.826549655e-07
1.035079049e-07
3.027502871e-08
7.665526442e-09
1.623768773e-09
7.227321043e-05
0.0007289300606
0.0004109610065
0.0001084571538
4.040121987e-05
2.014312084e-05
0.0001435464483
0.001023508188
0.0003934716608
4.570558949e-05
8.357064502e-06
7.207103598e-05
0.0007674846015
0.0008670548048
9.354572992e-05
3.665125346e-06
2.94367651e-05
0.0002364436424
0.001302540168
0.0003093988153
2.283378435e-06
2.065568432e-05
0.0001790540496
0.001427101868
0.0006962557973
1.955499881e-06
1.838316591e-05
0.0001532331267
0.001169623783
0.001081114939
1.625279715e-06
1.407519127e-05
0.0001049604104
0.0007235563577
0.001345502562
1.118524976e-06
8.417960573e-06
5.418074646e-05
0.0003211316906
0.001407970515
9.114036944e-07
5.962403085e-06
3.789779944e-05
0.0002272419073
0.001288657518
6.185745835e-07
4.847998316e-06
3.055508878e-05
0.00018221515
0.001019351509
6.677672688e-07
3.948207797e-06
2.351508098e-05
0.0001318447879
0.0006903631989
4.979504567e-07
2.867572935e-06
1.571826567e-05
8.011241405e-05
0.0003805658381
2.754948834e-07
2.235239302e-06
1.108947379e-05
5.409553862e-05
0.0002476581239
3.318038185e-07
2.045695442e-06
9.183501684e-06
4.434351983e-05
0.0002030885434
3.050111592e-07
1.664079465e-06
7.805414608e-06
3.644098821e-05
0.0001604478471
2.452984445e-07
1.207143122e-06
6.481802213e-06
2.881557966e-05
0.0001195508272
2.119996312e-07
9.917781546e-07
5.666287297e-06
2.42214449e-05
9.660524143e-05
3.163699645e-07
1.550425228e-06
7.144674069e-06
3.057854939e-05
0.0001242460821
6.308518414e-07
3.094857934e-06
1.41411123e-05
6.111701102e-05
0.0002513248377
1.180660574e-06
5.915157498e-06
2.776948658e-05
0.00012994998
0.0006401215215
6.482852069e-07
2.505397931e-06
8.620752178e-06
2.691203072e-05
7.521466937e-05
2.069767777e-07
6.22293253e-07
1.678781171e-06
4.001756244e-06
7.988081752e-06
5.058693973e-08
1.152205054e-07
2.459316863e-07
4.728432373e-07
7.608501803e-07
1.065180374e-08
1.795410466e-08
2.995490241e-08
4.792176178e-08
6.725446762e-08
2.008198572e-09
2.59093216e-09
3.455128604e-09
4.66051754e-09
5.869711562e-09
6.619993602e-07
3.07012691e-08
0
8.790543279e-14
8.664382854e-14
0
0
0
0
8.693261307e-14
8.674108867e-14
0
0
0
0
0
1.137471984e-06
3.22571302e-08
1.439138585e-09
3.561921721e-14
0
8.672996776e-14
8.625761961e-14
0
8.633840641e-14
8.702845711e-14
0
8.635285112e-14
8.639017142e-14
0
0
0
2.554128292e-06
8.819279196e-08
5.308842479e-09
0
8.703212693e-14
0
0
0
0
8.695889295e-14
8.624201273e-14
0
8.701355049e-14
8.639855482e-14
0
0
1.152866045e-05
4.866597278e-07
4.31134955e-08
2.037238539e-10
9.021819075e-14
8.750196184e-14
8.739093902e-14
8.72054246e-14
8.605224572e-14
0
8.694418401e-14
8.606090235e-14
0
0
8.648470921e-14
0
4.443244471e-05
1.860897201e-06
1.463264714e-07
5.215672924e-09
0
8.790598692e-14
8.693406319e-14
0
0
8.597838956e-14
8.640534686e-14
0
8.471071865e-14
0
8.684139972e-14
8.561870542e-14
0.0001668924027
8.320246857e-06
4.653885895e-07
5.834403498e-08
2.128055905e-09
0
0
0
8.620128027e-14
8.614154433e-14
0
8.425460822e-14
0
8.453214741e-14
0
8.651645345e-14
0.0003996747636
2.851655132e-05
1.776604286e-06
1.219249712e-07
1.261971059e-08
0
8.730365484e-14
8.736820437e-14
8.640543324e-14
0
0
8.474789803e-14
0
8.48974189e-14
0
0
0.0006973897753
8.870020906e-05
6.085698274e-06
4.204491802e-07
0
0
8.764968998e-14
0
0
8.611740055e-14
8.534736371e-14
0
8.408843435e-14
0
8.429631508e-14
0
0.001003927944
0.0002142638513
1.792472976e-05
1.456152471e-06
1.133181663e-07
0
0
0
8.575222762e-14
0
0
8.572097013e-14
8.586746909e-14
0
8.627501792e-14
8.465237013e-14
0.00123785489
0.0004056120785
4.865595975e-05
4.008405763e-06
3.601027366e-07
3.234753102e-08
1.66868446e-09
0
8.75444316e-14
8.730794369e-14
8.557778696e-14
0
0
8.381840874e-14
0
8.362757804e-14
0.001342366487
0.0006517664142
0.0001255773389
1.101970751e-05
9.541613372e-07
8.585119586e-08
0
0
8.769648304e-14
0
0
8.604519754e-14
8.538416977e-14
0
8.404739935e-14
0
0.001317353005
0.0008955532155
0.0002578507738
2.818691715e-05
2.280254826e-06
1.960980217e-07
1.589449569e-08
3.090646485e-10
1.313276335e-13
0
0
0
0
8.549587637e-14
8.584563182e-14
0
0.001197316143
0.001102532306
0.0004324378536
6.878693908e-05
5.383955177e-06
4.26052061e-07
3.825339425e-08
0
0
0
8.702392872e-14
8.718426151e-14
8.546189371e-14
0
0
8.216514415e-14
0.0009994971055
0.001244418474
0.000633609322
0.000150585077
1.245519507e-05
9.347854638e-07
8.160629551e-08
1.003725163e-12
0
8.80929184e-14
8.717631865e-14
0
0
8.529258614e-14
8.516805684e-14
0
0.0007601187111
0.001314334012
0.0008500361039
0.0002733986989
2.453933018e-05
1.782094169e-06
1.545087039e-07
1.66890329e-08
5.107972439e-10
0
0
0
0
0
0
0
0.0005316272024
0.001321388549
0.001047771864
0.0004025546935
3.707809978e-05
2.658570524e-06
2.330994523e-07
3.058431973e-08
3.486810125e-10
0
0
0
8.56252007e-14
8.720740625e-14
8.70577222e-14
8.366620825e-14
0.0004142466618
0.001325456824
0.001167102983
0.0004424925165
3.76991813e-05
2.6864202e-06
2.382581022e-07
2.965216623e-08
0
0
0
0
0
0
0
0
0.0005421344408
0.001433453675
0.001118079018
0.0001830524831
1.427890667e-05
1.10573187e-06
1.201022665e-07
1.641373376e-08
0
0
0
0
0
8.611937297e-14
0
0
0.001081767937
0.001547738554
0.000813789073
7.1062029e-05
4.958756601e-06
3.915542038e-07
4.429997675e-08
6.074917029e-09
2.832840578e-10
0
0
0
0
8.924773559e-14
0
8.51727063e-14
0.001745450909
0.001340243879
0.0001340324435
1.089253745e-05
8.74745082e-07
8.884202754e-08
1.365557266e-08
2.772515472e-09
0
0
0
0
0
0
0
0
0.0001369936635
7.509857933e-05
1.12361744e-05
1.250518758e-06
1.401692477e-07
2.060917058e-08
4.517009469e-09
1.075820577e-09
0
0
0
1.797199969e-13
0
0
0
8.656317094e-14
1.097771666e-05
4.937465147e-06
9.733248261e-07
1.495575479e-07
2.368819761e-08
4.967879065e-09
1.1129407e-09
2.966763706e-10
1.129867203e-11
0
0
0
0
0
0
0
8.791417609e-07
3.848416593e-07
9.512155723e-08
1.932925535e-08
4.348174938e-09
1.328219692e-09
4.544173788e-10
1.061205049e-10
4.609960072e-12
0
0
0
0
0
0
0
7.161578757e-08
3.343155901e-08
1.006193741e-08
2.725162394e-09
8.426194514e-10
2.426269762e-10
8.835253342e-11
2.719692402e-11
0
0
0
0
0
0
0
0
5.988898487e-09
3.075075718e-09
)
;

boundaryField
{
    inletCH4
    {
        type            fixedValue;
        value           uniform 0;
    }
    wallOutside
    {
        type            zeroGradient;
    }
    wallTube
    {
        type            zeroGradient;
    }
    inletPilot
    {
        type            fixedValue;
        value           uniform 0.000747;
    }
    inletAir
    {
        type            fixedValue;
        value           uniform 0;
    }
    outlet
    {
        type            zeroGradient;
    }
    axis
    {
        type            empty;
    }
    frontAndBack_pos
    {
        type            wedge;
    }
    frontAndBack_neg
    {
        type            wedge;
    }
    procBoundary3to1
    {
        type            processor;
        value           nonuniform List<scalar> 
22
(
0
0
0
0
0
8.598411306e-14
8.60168852e-14
8.570877523e-14
0
0
8.305129947e-14
8.475269805e-14
0
8.221499632e-14
8.253958625e-14
0
8.390186484e-14
0
8.622433145e-14
8.555890262e-14
8.76272408e-14
8.785482686e-14
)
;
    }
    procBoundary3to5
    {
        type            processor;
        value           nonuniform List<scalar> 
30
(
2.624267185e-10
2.676493086e-10
2.827261886e-10
2.954811963e-10
3.052674189e-10
3.171153007e-10
3.460961027e-10
3.774490603e-10
4.0359131e-10
4.338672088e-10
4.631887835e-10
0
9.500917885e-10
3.939599288e-10
1.679666397e-10
6.735486342e-11
2.67227346e-11
7.167746171e-12
8.330254532e-14
0
0
0
0
0
0
0
0
4.471292809e-10
9.500917885e-10
2.780449565e-10
)
;
    }
}
)

// Processor4

11734
(dimensions      [0 0 0 0 0 0 0];

internalField   nonuniform List<scalar> 
862
(
0
0
0
0
0
0
0
0
0
0
0
0
0
0
0
0
0
0
0
0
0
0
0
0
0
0
0
0
0
0
0
0
0
0
0
0
0
0
0
0
1.818251032e-11
1.76896076e-11
1.667015666e-11
1.522690818e-11
1.345351267e-11
5.068722454e-11
4.974805329e-11
4.777476832e-11
4.492469055e-11
4.131163864e-11
6.238483027e-11
6.13144883e-11
5.903668817e-11
5.570290207e-11
5.143486864e-11
4.66326613e-11
4.564659944e-11
4.352526488e-11
4.037913391e-11
3.628961013e-11
1.280685006e-11
1.210265404e-11
1.059805112e-11
8.388726685e-12
5.314393842e-12
0
0
0
0
0
0
0
0
0
0
7.079979355e-10
6.954550294e-10
6.68778437e-10
6.296310204e-10
5.790377376e-10
2.208930478e-09
2.176696935e-09
2.108397054e-09
2.008651031e-09
1.880573277e-09
3.736420836e-09
3.701734029e-09
3.62837629e-09
3.521016265e-09
3.382335136e-09
5.104813555e-09
5.07888098e-09
5.02475691e-09
4.946812039e-09
4.847775111e-09
6.608968489e-09
6.596104886e-09
6.570327391e-09
6.534680968e-09
6.491040032e-09
0
0
0
0
0
0
0
0
1.204437402e-11
3.835697505e-11
4.797799619e-11
3.298494999e-11
3.738597054e-12
0
0
5.371021139e-10
1.775718326e-09
3.265920663e-09
4.763968714e-09
6.45224468e-09
0
0
0
0
0
0
0
0
0
0
0
0
0
0
0
0
0
0
0
0
0
0
0
0
0
0
0
0
0
0
0
0
0
0
0
0
0
0
0
0
9.438003666e-12
5.836605154e-12
2.845570222e-12
9.546527268e-13
0
3.33049553e-11
2.55830959e-11
1.850767696e-11
1.213249174e-11
6.862425257e-12
4.230864627e-11
3.326762445e-11
2.420528675e-11
1.560144986e-11
8.119778744e-12
2.774404554e-11
1.914428089e-11
1.107207699e-11
4.49547702e-12
0
1.433112228e-12
0
0
0
0
0
0
0
0
0
0
0
0
0
0
4.66613465e-10
3.536277248e-10
2.436535786e-10
1.367097682e-10
5.770930749e-11
1.597485609e-09
1.309919851e-09
1.017371615e-09
7.568269702e-10
5.232573488e-10
3.060354302e-09
2.730252534e-09
2.432542274e-09
2.169788497e-09
1.949713947e-09
4.611407415e-09
4.389187053e-09
4.19720449e-09
4.045659687e-09
3.944901321e-09
6.369219285e-09
6.275875308e-09
6.231717077e-09
6.234317243e-09
6.282460224e-09
0
3.579311174e-08
9.903259693e-08
1.092405344e-07
0
8.072058286e-09
9.102414107e-08
1.3169877e-07
1.118913371e-07
0
0
3.215269449e-08
1.238083078e-07
1.476288094e-07
0
0
0
2.237829735e-08
1.20571262e-07
1.715784758e-07
0
0
0
0
5.765078982e-08
1.622142e-07
0
0
0
0
4.620157043e-08
1.597486652e-07
0
0
0
0
0
2.274455803e-08
1.021734658e-07
0
0
0
0
0
1.513086927e-08
8.940862429e-08
1.631280223e-09
1.663255968e-09
2.6605557e-09
3.83480135e-09
0
3.025198511e-09
1.823642927e-08
8.372225965e-08
1.032360581e-08
1.03451075e-08
1.100751294e-08
1.269304951e-08
1.419616072e-08
1.412861806e-08
1.022577853e-08
1.462489644e-08
6.266827231e-08
1.642417415e-08
1.72045066e-08
1.916499325e-08
2.148932987e-08
2.476381651e-08
2.809018218e-08
2.553736403e-08
3.674444919e-08
6.358917919e-08
1.52929974e-08
1.799478446e-08
1.935324117e-08
2.17060649e-08
2.421269944e-08
2.741682263e-08
2.999998568e-08
2.663366043e-08
3.200943141e-08
4.48050474e-08
0
2.116719506e-12
1.094035136e-11
3.278284331e-11
8.626382851e-11
1.653559849e-10
2.813105293e-10
4.521092032e-10
7.059271093e-10
1.070487667e-09
1.573098634e-09
2.225653138e-09
3.095017879e-09
4.369717451e-09
6.00053351e-09
7.762014617e-09
9.574981434e-09
1.196845325e-08
1.478755262e-08
1.754497142e-08
1.956037405e-08
2.269534057e-08
2.619938821e-08
3.0694557e-08
3.510109196e-08
3.799474106e-08
3.804240984e-08
4.503548096e-08
0
1.71949568e-12
6.348795671e-12
2.319910908e-11
5.499785943e-11
1.068689378e-10
1.871589615e-10
3.072808036e-10
4.946530731e-10
7.624687009e-10
1.142397244e-09
1.651355632e-09
2.394456318e-09
3.524682926e-09
4.991158755e-09
6.607424493e-09
8.331495435e-09
1.071745008e-08
1.368010296e-08
1.682355231e-08
1.959720701e-08
2.38433094e-08
2.919886627e-08
3.515703673e-08
4.248597498e-08
5.028412795e-08
5.22695831e-08
6.650135425e-08
0
0
0
4.468390029e-12
1.49584502e-11
3.396126204e-11
6.537115286e-11
1.130965093e-10
2.009486486e-10
3.453717155e-10
5.572761342e-10
8.491560898e-10
1.412208305e-09
2.320702559e-09
3.537340651e-09
4.916879161e-09
6.509781099e-09
8.873847038e-09
1.194471837e-08
1.55531444e-08
1.946214598e-08
2.343436585e-08
2.916382712e-08
3.569434199e-08
4.355216696e-08
5.121780433e-08
5.474874224e-08
6.733728902e-08
0
0
0
0
0
1.059020643e-12
3.165686754e-12
3.733837513e-12
1.04843556e-11
3.341174967e-11
6.991301799e-11
1.232637789e-10
3.943047367e-10
9.296070642e-10
1.70005049e-09
2.608520032e-09
3.787973605e-09
5.76142189e-09
8.438133708e-09
1.172230073e-08
1.526939718e-08
1.94820721e-08
2.552083819e-08
3.269533338e-08
4.166871371e-08
5.130485633e-08
6.051620315e-08
7.243929227e-08
0
0
0
0
0
0
0
0
0
0
0
0
0
1.211570556e-12
1.19712128e-10
3.044641504e-10
7.621332712e-10
1.951526528e-09
3.745321251e-09
6.148352772e-09
8.947335604e-09
1.270157505e-08
1.855497477e-08
2.593773885e-08
3.491535891e-08
4.558443214e-08
5.714284735e-08
6.355555212e-08
0
0
0
0
0
0
0
0
0
0
0
0
5.562296535e-13
0
0
0
0
0
3.139139842e-10
1.414759614e-09
3.107446129e-09
5.811591258e-09
1.090865724e-08
1.785267364e-08
2.588905806e-08
3.548090507e-08
4.502281462e-08
5.180890472e-08
0
0
0
0
0
0
0
0
0
0
0
0
5.725201747e-13
0
0
0
0
0
0
0
1.792595969e-10
1.705244782e-09
6.044642921e-09
1.261488409e-08
2.058801825e-08
3.050690832e-08
4.097011399e-08
5.047513086e-08
0
0
0
0
0
0
0
0
0
0
0
0
0
0
0
0
0
0
0
0
0
1.257684451e-09
5.509886252e-09
1.210811941e-08
2.022669411e-08
3.048298951e-08
4.199652463e-08
5.404598338e-08
0
0
0
0
0
0
0
0
0
0
0
0
0
0
0
0
0
0
0
9.219180693e-10
2.713735152e-09
5.604128324e-09
9.873595598e-09
1.66023601e-08
2.502823747e-08
3.477003975e-08
4.595282096e-08
5.746618449e-08
2.618634121e-12
0
0
0
0
0
0
0
0
0
0
0
0
0
0
0
4.823972305e-10
1.578824266e-09
3.138221021e-09
5.326231615e-09
8.055038502e-09
1.138844397e-08
1.621219878e-08
2.310998508e-08
3.154510963e-08
4.072809917e-08
5.130648174e-08
6.209123565e-08
2.04692025e-12
0
0
0
0
0
0
0
0
0
1.347279218e-11
2.345734556e-10
5.957694565e-10
1.046197476e-09
1.526181912e-09
2.385325932e-09
3.850348241e-09
5.813464247e-09
8.143690452e-09
1.088280822e-08
1.386238467e-08
1.713460929e-08
2.198716387e-08
2.865846298e-08
3.667703438e-08
4.531728963e-08
5.529984708e-08
6.542141701e-08
0
0
0
0
0
0
0
0
0
2.329165793e-10
6.762718304e-10
1.307806214e-09
2.083611513e-09
2.916152755e-09
3.953295415e-09
5.45184176e-09
7.461289629e-09
9.850485756e-09
1.245558222e-08
1.526990862e-08
1.808673896e-08
2.10978189e-08
2.578404898e-08
3.212961183e-08
3.977555657e-08
4.813352875e-08
5.811366708e-08
6.901982111e-08
0
0
0
0
0
0
0
2.552701197e-12
2.724252172e-10
7.84903255e-10
1.519068038e-09
2.43058151e-09
3.456588784e-09
4.53752863e-09
5.850928661e-09
7.692625237e-09
9.949992981e-09
1.249354784e-08
1.514875299e-08
1.789559398e-08
2.054003635e-08
2.348103503e-08
2.805967225e-08
3.427541018e-08
4.182083044e-08
5.012709637e-08
5.99095761e-08
7.05972686e-08
0
0
0
0
0
0
0
1.804745e-10
6.186647977e-10
1.299118106e-09
2.186194918e-09
3.224796789e-09
4.359964587e-09
5.553577371e-09
7.085962642e-09
9.12254134e-09
1.154187497e-08
1.420987785e-08
1.695213215e-08
1.974772195e-08
2.2410507e-08
2.549656692e-08
3.019990807e-08
3.653038784e-08
4.42007683e-08
5.269315465e-08
6.18028961e-08
7.172062004e-08
0
0
0
0
0
0
7.015747312e-11
3.998697872e-10
9.708198201e-10
1.758211563e-09
2.714248398e-09
3.772178102e-09
4.850998019e-09
6.221619262e-09
8.066306347e-09
1.034205881e-08
1.297375911e-08
1.583839787e-08
1.879758634e-08
2.179005122e-08
2.464784644e-08
2.800327693e-08
3.293796875e-08
3.941788363e-08
4.716015287e-08
5.564111803e-08
6.412549209e-08
7.329539603e-08
2.97022505e-12
0
0
0
0
7.584699223e-11
3.828833817e-10
9.100282414e-10
1.641506739e-09
2.542184252e-09
3.562831977e-09
4.653827234e-09
5.767898444e-09
7.326669728e-09
9.373151324e-09
1.185094944e-08
1.467687564e-08
1.77255528e-08
2.086689066e-08
2.399306905e-08
2.683597792e-08
3.048957932e-08
3.55049499e-08
4.188707372e-08
4.933819937e-08
5.733167998e-08
6.51322433e-08
7.354245956e-08
3.031167984e-10
1.702119358e-10
1.408271889e-10
2.260803677e-10
4.550542314e-10
8.269460905e-10
1.355894863e-09
2.039132809e-09
2.853334248e-09
3.757015813e-09
4.69788548e-09
5.632118083e-09
6.897016604e-09
8.6403496e-09
1.082592276e-08
1.341506508e-08
1.632123042e-08
1.941032681e-08
2.256084404e-08
2.562090606e-08
2.832557794e-08
3.183988171e-08
3.657853406e-08
4.248501537e-08
4.924269172e-08
5.63290341e-08
6.304073888e-08
7.02516207e-08
1.76531863e-09
1.672932675e-09
1.716185916e-09
1.910211493e-09
2.24007552e-09
2.709808058e-09
3.310115319e-09
4.019082805e-09
4.80303669e-09
5.622158451e-09
6.42760575e-09
7.267711226e-09
8.53975623e-09
1.027718904e-08
1.244227041e-08
1.498198536e-08
1.7795449e-08
2.073253969e-08
2.370174459e-08
2.649297506e-08
2.882440373e-08
3.201725231e-08
3.629970602e-08
4.162757086e-08
4.770538655e-08
5.404535992e-08
5.998492711e-08
6.642853082e-08
3.901489491e-09
3.969035421e-09
4.144172233e-09
4.437867011e-09
4.847770883e-09
5.361320739e-09
5.954653128e-09
6.592649605e-09
7.232852032e-09
7.819733996e-09
8.389427188e-09
9.293504185e-09
1.060560168e-08
1.231480382e-08
1.440352537e-08
1.681435442e-08
1.943283514e-08
2.208701851e-08
2.472129335e-08
2.712010883e-08
2.911214637e-08
3.196926057e-08
3.588028393e-08
4.081288478e-08
4.651987798e-08
5.258828091e-08
5.844061449e-08
6.492268886e-08
6.392160407e-09
6.605277134e-09
6.915630842e-09
7.31837925e-09
7.799403908e-09
8.33333365e-09
8.882544159e-09
9.400210122e-09
9.842949089e-09
1.019800182e-08
1.084181628e-08
1.181912165e-08
1.315695065e-08
1.484736807e-08
1.686744403e-08
1.915106294e-08
2.157653483e-08
2.396830254e-08
2.629248786e-08
2.829457488e-08
2.98954151e-08
3.257059341e-08
3.62177778e-08
4.089175859e-08
4.639399117e-08
5.238043297e-08
5.843365044e-08
6.489659729e-08
)
;

boundaryField
{
    inletCH4
    {
        type            fixedValue;
        value           nonuniform List<scalar> 0();
    }
    wallOutside
    {
        type            zeroGradient;
    }
    wallTube
    {
        type            zeroGradient;
    }
    inletPilot
    {
        type            fixedValue;
        value           nonuniform List<scalar> 0();
    }
    inletAir
    {
        type            fixedValue;
        value           nonuniform List<scalar> 0();
    }
    outlet
    {
        type            zeroGradient;
    }
    axis
    {
        type            empty;
    }
    frontAndBack_pos
    {
        type            wedge;
    }
    frontAndBack_neg
    {
        type            wedge;
    }
    procBoundary4to0
    {
        type            processor;
        value           nonuniform List<scalar> 
27
(
2.170723562e-07
2.134118687e-07
2.130967298e-07
1.94844883e-07
1.525602054e-07
1.415380851e-07
1.012632593e-07
9.268036884e-08
9.21208791e-08
8.608119862e-08
9.513359691e-08
8.150610855e-08
6.758202186e-08
6.61595465e-08
6.339717533e-08
6.59569274e-08
7.110643414e-08
7.411942472e-08
8.029572087e-08
8.120567767e-08
8.110829344e-08
8.178562764e-08
8.137166846e-08
7.702367441e-08
7.253007725e-08
7.150812592e-08
7.191851502e-08
)
;
    }
    procBoundary4to2
    {
        type            processor;
        value           nonuniform List<scalar> 10(0 6.454139487e-08 9.388772165e-08 7.078363465e-08 6.287651623e-08 6.287651623e-08 4.764588607e-08 1.02118605e-07 1.551949846e-07 1.910300292e-07);
    }
    procBoundary4to5
    {
        type            processor;
        value           nonuniform List<scalar> 
46
(
0
0
0
0
0
0
0
0
0
0
0
0
0
0
0
0
0
0
0
0
0
0
1.805922579e-09
1.805922579e-09
8.585211736e-09
1.366916317e-08
1.366916317e-08
2.897532399e-13
4.440660619e-12
1.386322951e-11
3.537011346e-11
8.216437106e-11
1.725197646e-10
3.023105769e-10
4.883922015e-10
7.524060153e-10
1.142468785e-09
1.677009977e-09
2.37283975e-09
3.270334019e-09
4.566593482e-09
6.237962925e-09
8.078033124e-09
9.928044631e-09
1.241437704e-08
1.241437704e-08
)
;
    }
}
)

// Processor5

10670
(dimensions      [0 0 0 0 0 0 0];

internalField   nonuniform List<scalar> 
862
(
2.624267185e-10
2.676493086e-10
2.827261886e-10
2.954811963e-10
3.052674189e-10
7.366611105e-11
7.473189469e-11
7.614218854e-11
7.619112865e-11
7.630055805e-11
2.456744158e-11
2.457566329e-11
2.443766517e-11
2.408490459e-11
2.355685992e-11
9.026643779e-12
8.988681632e-12
8.860293007e-12
8.637889017e-12
8.301033165e-12
3.470610313e-12
3.459807247e-12
3.422704584e-12
3.330947719e-12
3.186707918e-12
1.278653014e-12
1.275826057e-12
1.270213932e-12
1.267915544e-12
1.229586815e-12
5.952343561e-13
5.913217261e-13
5.817487039e-13
5.663450666e-13
5.432568092e-13
4.795642165e-13
4.888430823e-13
5.054259068e-13
5.191982052e-13
5.197712109e-13
1.559564082e-12
1.600720285e-12
1.67512766e-12
1.742455488e-12
1.743729234e-12
4.531554651e-12
5.363612864e-12
6.653260847e-12
8.408721929e-12
1.052497637e-11
2.795372941e-11
2.879921203e-11
3.060558302e-11
3.317392333e-11
3.62698073e-11
5.995353132e-11
6.251016798e-11
6.821913874e-11
7.701151379e-11
8.898421745e-11
1.025981203e-10
1.067624852e-10
1.158938192e-10
1.300955903e-10
1.491910687e-10
1.057485029e-10
1.108610983e-10
1.221108845e-10
1.392409179e-10
1.622597882e-10
5.708353166e-11
6.056551355e-11
6.81191643e-11
7.956297428e-11
9.492932209e-11
6.88832091e-14
8.736773248e-13
3.382216125e-12
7.757578644e-12
1.419347481e-11
0
0
0
0
0
0
0
0
0
0
0
0
0
0
0
0
0
0
0
0
0
0
0
0
0
0
0
0
0
0
0
0
0
0
0
0
0
0
0
0
0
0
0
0
0
3.171153007e-10
7.69556638e-11
2.329763861e-11
7.936652582e-12
3.069572168e-12
1.201893513e-12
5.24548505e-13
4.99877734e-13
1.628013832e-12
1.204674214e-11
3.843335766e-11
9.877587105e-11
1.647480186e-10
1.798819935e-10
1.07707751e-10
1.994879223e-11
0
0
3.86971867e-14
0
0
0
0
0
0
3.460961027e-10
3.774490603e-10
4.0359131e-10
4.338672088e-10
4.631887835e-10
8.018773929e-11
8.135807031e-11
8.018934943e-11
7.733732899e-11
7.40295166e-11
2.35517694e-11
2.290975962e-11
2.180366272e-11
1.823791499e-11
1.252958681e-11
7.280650145e-12
7.576275035e-12
6.891383961e-12
5.404546949e-12
3.102209482e-12
2.947725571e-12
2.578001568e-12
2.327757877e-12
2.004441601e-12
1.482317713e-12
1.174511789e-12
1.0584176e-12
9.114142895e-13
8.126969354e-13
6.810721325e-13
5.028226883e-13
4.355589823e-13
3.715091116e-13
3.092372517e-13
2.290678644e-13
4.420753232e-13
2.509421161e-13
0
1.47875986e-14
9.481552353e-14
1.270385931e-12
2.889430647e-12
5.463536341e-12
7.635029042e-12
9.078933837e-12
1.394704193e-11
1.82200799e-11
2.344100599e-11
2.876362211e-11
4.728129562e-11
4.133993594e-11
5.121430767e-11
7.338915057e-11
1.029141025e-10
1.375809468e-10
1.12241565e-10
1.433280317e-10
1.854120729e-10
2.365834908e-10
3.096799586e-10
1.873574473e-10
2.356315282e-10
3.0147622e-10
3.722391898e-10
4.468944705e-10
2.062405419e-10
2.561480325e-10
3.140451928e-10
3.763713488e-10
4.42660164e-10
1.28179086e-10
1.649842702e-10
2.054799372e-10
2.492719367e-10
3.029781436e-10
3.013681052e-11
5.113226159e-11
7.759340594e-11
1.160392365e-10
1.487590516e-10
0
6.7881115e-12
1.257187293e-11
1.78381176e-11
2.34960685e-11
0
1.182306115e-13
0
0
0
0
0
0
0
0
0
0
0
0
0
0
0
0
0
0
0
0
0
0
0
0
0
0
0
0
0
0
0
0
0
0
0
0
0
0
0
0
8.513263704e-14
0
0
8.616612904e-14
8.354273228e-14
0
0
8.633154209e-14
0
0
0
8.588526948e-14
9.500917885e-10
3.939599288e-10
1.679666397e-10
6.735486342e-11
2.67227346e-11
7.167746171e-12
8.330254532e-14
0
0
0
0
0
0
0
2.881252716e-10
0
0
8.555500992e-14
0
0
0
4.471292809e-10
2.780449565e-10
1.536039368e-10
9.381250927e-11
4.035170605e-11
1.387625579e-11
5.887409329e-12
1.311157282e-12
0
0
0
0
0
0
0
0
2.89996638e-09
3.841447832e-09
7.806458547e-10
0
0
0
0
7.05870909e-11
4.698104038e-11
2.849584926e-11
5.734443004e-12
6.170917258e-12
0
4.735087366e-13
0
0
0
0
0
0
0
0
0
0
4.263051972e-09
4.339980185e-09
5.192888659e-10
0
0
8.596418738e-14
1.611365783e-11
1.226616257e-11
6.384066363e-12
3.159432017e-12
1.372328489e-12
3.093859938e-13
1.597095876e-13
0
0
0
0
0
0
0
0
0
0
0
5.260949347e-09
4.605712288e-09
3.782809934e-10
0
8.751390404e-14
3.389538054e-12
2.233986485e-12
1.642003267e-12
8.555857349e-13
1.340023233e-13
1.0919173e-13
2.919050304e-14
9.804121373e-15
0
0
0
0
0
0
0
0
0
0
9.048975657e-09
1.420042424e-08
7.676070239e-09
7.317305653e-10
0
8.080656463e-13
8.444555774e-13
5.952886299e-13
2.197175654e-13
1.521492852e-13
1.104148909e-13
6.786971378e-14
2.062846174e-15
0
0
0
0
0
0
0
0
0
0
0
1.297448176e-08
1.699131632e-08
6.806279949e-09
2.149316951e-10
5.393718929e-13
3.954407698e-13
2.492978463e-13
9.475265993e-14
7.241273156e-14
5.29430615e-14
0
0
0
0
0
0
0
0
0
0
0
0
0
0
1.547204525e-08
1.743271331e-08
5.116109899e-09
8.545428626e-14
4.535950722e-14
1.49617407e-14
0
0
0
0
0
0
0
0
0
0
0
0
0
2.097951374e-12
0
0
0
2.075469115e-08
3.372876581e-08
2.415835158e-08
0
5.19850389e-13
2.019754391e-12
1.421531243e-12
0
0
0
1.608906045e-12
0
2.380380504e-11
3.424725072e-12
1.204821977e-12
3.857928578e-12
0
0
0
0
0
0
0
0
2.807590861e-08
3.90460885e-08
1.76588413e-11
3.13959239e-11
4.029370692e-11
6.180578667e-11
8.468091963e-11
1.099521342e-10
1.219203153e-10
1.57690935e-10
2.328382458e-10
2.764391437e-10
2.730712472e-10
2.254693763e-10
9.270761422e-11
7.937812212e-11
0
0
0
0
0
0
0
0
3.297056939e-08
7.156069313e-11
9.996247091e-11
1.834757608e-10
2.729826705e-10
3.610195152e-10
4.780065699e-10
5.736841012e-10
6.311304415e-10
7.206387055e-10
7.640667824e-10
7.202699463e-10
6.048618965e-10
3.734143112e-10
2.246116532e-10
0
0
0
0
0
0
0
0
3.49602614e-08
1.754195669e-10
2.698929264e-10
4.143221942e-10
5.926317139e-10
7.536725087e-10
9.300023135e-10
1.070327116e-09
1.150816532e-09
1.241464055e-09
1.240018141e-09
1.121277398e-09
9.499501669e-10
6.468882362e-10
3.543781959e-10
3.33385664e-11
0
0
0
0
0
0
0
0
3.978350592e-10
5.32986726e-10
7.356116134e-10
9.248448465e-10
1.103704907e-09
1.274164379e-09
1.40612822e-09
1.470133047e-09
1.534574842e-09
1.490024052e-09
1.333734907e-09
1.106874326e-09
7.678288702e-10
3.669807051e-10
1.326992378e-10
0
0
0
0
0
0
0
0
5.396568886e-10
6.76057782e-10
8.727787962e-10
1.042295462e-09
1.191968251e-09
1.323722116e-09
1.411470487e-09
1.428955835e-09
1.448843163e-09
1.371746576e-09
1.206081731e-09
9.634498198e-10
6.582693066e-10
3.018304983e-10
1.312873328e-10
0
0
0
0
0
0
0
0
5.289820228e-10
6.752383931e-10
8.134033466e-10
9.328458142e-10
1.040244059e-09
1.103478718e-09
1.138143223e-09
1.123680316e-09
1.066856706e-09
9.478198053e-10
7.768258716e-10
5.63051803e-10
3.198984314e-10
6.819632219e-11
1.944213524e-11
0
0
0
0
0
0
0
0
3.89627184e-10
4.79792e-10
5.599750482e-10
6.217815198e-10
6.782372942e-10
6.872310982e-10
6.803234347e-10
6.332927703e-10
5.578331863e-10
4.428689587e-10
3.138073851e-10
1.841327219e-10
6.969089391e-11
0
0
0
0
0
0
5.573105606e-12
0
0
0
1.859008847e-10
2.219399459e-10
2.502030715e-10
2.823420958e-10
2.984243751e-10
2.816876131e-10
2.694637914e-10
2.204578403e-10
1.714869252e-10
9.672178015e-11
3.891012209e-11
1.056171843e-12
1.780656677e-16
0
0
0
0
0
0
0
0
0
0
3.009771472e-11
3.802076801e-11
4.035215808e-11
5.401162118e-11
4.399463977e-11
3.748243367e-11
3.99154822e-11
1.718275225e-11
1.402197827e-11
0
0
0
0
0
0
0
1.702378975e-12
0
0
0
0
0
0
0
3.196007579e-13
1.859458815e-12
0
1.252251747e-13
6.657386539e-13
0
0
0
0
0
0
0
0
0
0
0
0
0
0
0
0
0
0
0
0
0
0
0
0
0
0
0
0
0
0
0
0
0
0
0
0
0
0
0
0
0
0
0
0
0
0
0
0
0
0
0
0
0
0
0
0
0
0
0
0
0
0
0
0
0
0
0
0
0
0
0
0
0
0
0
0
0
0
0
0
0
0
0
0
0
2.953839395e-13
6.957186927e-12
1.783340937e-11
4.884026678e-11
1.083967006e-10
1.734423354e-10
2.607006531e-10
4.012270579e-10
6.897217793e-10
9.103347208e-10
8.660036068e-10
1.293502575e-09
1.778754088e-09
1.805922579e-09
0
0
0
0
4.239321603e-12
1.426057372e-11
6.905082641e-11
1.397574589e-10
2.361202207e-10
4.158626685e-10
6.605154489e-10
9.792913682e-10
1.403488451e-09
2.070173262e-09
3.015274827e-09
4.035815064e-09
4.986368382e-09
6.590438163e-09
8.585211736e-09
0
7.316248797e-13
5.932429047e-12
1.628336592e-11
3.617283315e-11
1.035043344e-10
2.094862141e-10
3.550680091e-10
5.581988251e-10
8.870409239e-10
1.322757565e-09
1.895956431e-09
2.649176601e-09
3.757354123e-09
5.230243136e-09
6.866324823e-09
8.518603333e-09
1.083867481e-08
1.366916317e-08
2.897532399e-13
4.440660619e-12
1.386322951e-11
3.537011346e-11
8.216437106e-11
1.725197646e-10
3.023105769e-10
4.883922015e-10
7.524060153e-10
1.142468785e-09
1.677009977e-09
2.37283975e-09
3.270334019e-09
4.566593482e-09
6.237962925e-09
8.078033124e-09
9.928044631e-09
1.241437704e-08
)
;

boundaryField
{
    inletCH4
    {
        type            fixedValue;
        value           nonuniform List<scalar> 0();
    }
    wallOutside
    {
        type            zeroGradient;
    }
    wallTube
    {
        type            zeroGradient;
    }
    inletPilot
    {
        type            fixedValue;
        value           nonuniform List<scalar> 0();
    }
    inletAir
    {
        type            fixedValue;
        value           nonuniform List<scalar> 0();
    }
    outlet
    {
        type            zeroGradient;
    }
    axis
    {
        type            empty;
    }
    frontAndBack_pos
    {
        type            wedge;
    }
    frontAndBack_neg
    {
        type            wedge;
    }
    procBoundary5to1
    {
        type            processor;
        value           nonuniform List<scalar> 7(8.785482686e-14 8.780976052e-14 8.783087956e-14 8.757533621e-14 8.677075835e-14 8.559128464e-14 0);
    }
    procBoundary5to2
    {
        type            processor;
        value           nonuniform List<scalar> 
16
(
0
8.511309775e-14
7.84790935e-14
0
8.509126898e-14
8.768158409e-14
8.624440654e-14
7.237796146e-14
0
5.039416394e-09
2.122101761e-08
3.965111616e-08
5.585147792e-08
4.44290668e-08
4.418331333e-08
0
)
;
    }
    procBoundary5to3
    {
        type            processor;
        value           nonuniform List<scalar> 
30
(
1.035572841e-09
1.079633559e-09
1.166047179e-09
1.302226117e-09
1.465217707e-09
1.623768773e-09
2.008198572e-09
2.59093216e-09
3.455128604e-09
4.66051754e-09
5.869711562e-09
0
1.006193741e-08
2.725162394e-09
8.426194514e-10
2.426269762e-10
8.835253342e-11
2.719692402e-11
0
0
0
0
0
0
0
0
0
5.988898487e-09
3.075075718e-09
3.075075718e-09
)
;
    }
    procBoundary5to4
    {
        type            processor;
        value           nonuniform List<scalar> 
46
(
0
0
0
0
0
0
0
0
0
0
0
0
0
0
0
0
0
0
0
0
0
1.631280223e-09
1.631280223e-09
1.032360581e-08
1.032360581e-08
1.642417415e-08
1.52929974e-08
0
2.116719506e-12
1.094035136e-11
3.278284331e-11
8.626382851e-11
1.653559849e-10
2.813105293e-10
4.521092032e-10
7.059271093e-10
1.070487667e-09
1.573098634e-09
2.225653138e-09
3.095017879e-09
4.369717451e-09
6.00053351e-09
7.762014617e-09
9.574981434e-09
1.52929974e-08
1.196845325e-08
)
;
    }
}
)