/*--------------------------------*- C++ -*----------------------------------*\
  =========                 |
  \\      /  F ield         | OpenFOAM: The Open Source CFD Toolbox
   \\    /   O peration     | Website:  https://openfoam.org
    \\  /    A nd           | Version:  10
     \\/     M anipulation  |
\*---------------------------------------------------------------------------*/
FoamFile
{
    format      ascii;
    class       volScalarField;
    location    "0.0250188088";
    object      C2H6_0;
}
// * * * * * * * * * * * * * * * * * * * * * * * * * * * * * * * * * * * * * //

dimensions      [0 0 0 0 0 0 0];

internalField   nonuniform List<scalar> 
5170
(
2.909758804e-10
2.904667749e-10
2.871079382e-10
2.633974217e-10
2.034036238e-11
5.826362316e-10
5.810509811e-10
5.739203924e-10
5.37517481e-10
3.31621687e-10
8.724034116e-10
8.6978604e-10
8.594070276e-10
8.1602731e-10
6.451285427e-10
1.158395928e-09
1.154877997e-09
1.142110431e-09
1.096079948e-09
9.602232386e-10
1.440302465e-09
1.436047188e-09
1.421817905e-09
1.376562466e-09
1.275316648e-09
1.718211972e-09
1.713503994e-09
1.698764658e-09
1.657332177e-09
1.59021733e-09
1.992556025e-09
1.987633138e-09
1.973296889e-09
1.938678893e-09
1.90517246e-09
2.263964428e-09
2.259157557e-09
2.246079539e-09
2.220753923e-09
2.220536669e-09
2.532922882e-09
2.528514181e-09
2.517627854e-09
2.503929289e-09
2.536629172e-09
2.799895509e-09
2.796082383e-09
2.788012352e-09
2.788562758e-09
2.853734529e-09
3.065122068e-09
3.062113302e-09
3.057407796e-09
3.074774018e-09
3.171835718e-09
3.328627914e-09
3.326686347e-09
3.326484721e-09
3.362465194e-09
3.490588854e-09
3.590502922e-09
3.589891806e-09
3.59549329e-09
3.651632003e-09
3.809664982e-09
3.850838626e-09
3.851831519e-09
3.864392541e-09
3.942235049e-09
4.12874631e-09
4.109683855e-09
4.112611666e-09
4.133220262e-09
4.23410423e-09
4.447456496e-09
4.367021111e-09
4.372258724e-09
4.40240102e-09
4.527284343e-09
4.765052402e-09
4.622905878e-09
4.630872755e-09
4.671688529e-09
4.821222406e-09
5.081834203e-09
4.877432592e-09
4.888622373e-09
4.941941971e-09
5.116514786e-09
5.397529991e-09
5.131223727e-09
5.147806207e-09
5.227660492e-09
5.516250223e-09
6.129193706e-09
5.539604096e-09
6.27675743e-09
1.247123731e-08
5.511541025e-08
2.451936584e-07
7.260977467e-28
1.172070453e-29
0
0
0
2.597707318e-28
0
0
0
0
7.055304821e-29
0
0
0
0
0
0
0
0
0
0
0
0
0
0
0
0
0
1.276293796e-17
1.110286872e-16
0
1.7907379e-18
0
0
2.920602728e-17
0
0
0
2.752356859e-17
0
8.484415999e-16
1.436887186e-16
0
0
0
0
0
0
0
0
0
0
0
0
0
0
0
0
0
0
0
0
0
0
0
0
0
0
0
0
0
0
0
0
0
0
0
0
0
0
0
0
0
0
0
0
0
0
0
0
1.410448687e-08
0
0
0
0
3.658729686e-06
1.60699966e-07
2.940731452e-08
3.33749186e-10
8.021396843e-12
1.154687781e-08
5.191154264e-08
7.20339843e-07
1.066874391e-05
0.0001415949072
3.971301485e-08
2.364829753e-07
2.846860476e-06
3.026978838e-05
0.000234862342
1.226892793e-07
7.234091004e-07
7.332723229e-06
5.972804695e-05
0.0003182744524
3.212691986e-07
1.758894013e-06
1.514492242e-05
9.820542226e-05
0.0003876536729
7.509483672e-07
3.807750934e-06
2.801744754e-05
0.0001437052255
0.0004408988628
1.611558414e-06
7.556798175e-06
4.687301583e-05
0.0001919485168
0.0004856656902
3.232052205e-06
1.390790569e-05
7.205722602e-05
0.0002406472629
0.0005287219597
6.129445934e-06
2.394867693e-05
0.0001033467503
0.0002890500613
0.0005703038104
1.115456247e-05
3.911463651e-05
0.0001401664676
0.0003359131761
0.000607300092
1.960800792e-05
6.073609884e-05
0.000181515099
0.0003817235891
0.0006421914673
3.350032407e-05
9.027096963e-05
0.0002266325402
0.0004270156312
0.000676203666
5.659292822e-05
0.0001282546455
0.0002741660446
0.0004722253558
0.0007098593521
9.32755784e-05
0.0001743545354
0.0003239127305
0.0005171768069
0.0007424197535
0.000142091644
0.0002271238697
0.0003755092684
0.0005615230768
0.0007733107964
0.0002068867923
0.0002884581615
0.0004304878192
0.0006067805837
0.0008049623246
0.0002829687787
0.0003573157049
0.0004900367979
0.0006554710352
0.0008407454302
0.0003702682711
0.000436320937
0.0005577834307
0.0007110113674
0.0008832366779
0.000470962087
0.0005279798604
0.0006369431149
0.0007782860253
0.0009401185887
0.0005802689961
0.0006304114686
0.0007300593845
0.0008637667701
0.001019897345
0.0006998638008
0.0007448918946
0.0008357547765
0.0009586194875
0.001102062646
0.0008224348764
0.0008581180715
0.000929042993
0.001021521977
0.001123295603
0.0009080185996
0.0009265447178
0.0009629128977
0.001008316356
0.001054150027
0.0008935146281
0.0008988941786
0.0009086167506
0.0009186702545
0.0009248561683
0.000796197938
0.0007952714383
0.0007921404463
0.0007853878338
0.0007735211882
0.0006629394392
0.0006600142233
0.0006529694791
0.0006415873667
0.000625737445
0.0005290277647
0.0005260752188
0.0005192988099
0.000508787035
0.0004946987269
0.0004192918226
0.0004168890723
0.0004113697588
0.0004029030474
0.0003917265108
0.0003303707731
0.0003285238998
0.0003243043863
0.0003178696724
0.0003094302972
0.0002593914337
0.0002580152192
0.0002548810944
0.0002501129005
0.000243872382
0.0002026434666
0.0002016367933
0.0001993464433
0.0001958629401
0.0001913038995
0.0001569289194
0.0001562040491
0.0001545531545
0.0001520392387
0.0001487454191
0.0001198574687
0.0001193442751
0.0001181718441
0.0001163823236
0.000114033565
8.977128449e-05
8.941530886e-05
8.859804161e-05
8.734653073e-05
8.570055028e-05
6.55863032e-05
6.53457812e-05
6.478976809e-05
6.393487751e-05
6.280810601e-05
4.657235467e-05
4.641495206e-05
4.604798458e-05
4.548107214e-05
4.4732189e-05
3.211552307e-05
3.201615057e-05
3.178206265e-05
3.141847449e-05
3.093706972e-05
2.156038104e-05
2.149982405e-05
2.135551774e-05
2.113005417e-05
2.08308032e-05
1.418006975e-05
1.414428807e-05
1.405794944e-05
1.392222199e-05
1.374162e-05
9.234188931e-06
9.213450538e-06
9.162825705e-06
9.082779769e-06
8.975996772e-06
6.046030625e-06
6.034014918e-06
6.004434022e-06
5.957454526e-06
5.894633541e-06
4.0559205e-06
4.048760173e-06
4.031109294e-06
4.003033417e-06
3.965421599e-06
2.839998598e-06
2.835473544e-06
2.824409736e-06
2.806855956e-06
2.783319127e-06
2.101375045e-06
2.098276476e-06
2.090829024e-06
2.079089022e-06
2.063350573e-06
1.646140372e-06
1.643841725e-06
1.638428786e-06
1.629967467e-06
1.618635608e-06
1.355189308e-06
1.353372046e-06
1.349171931e-06
1.342658984e-06
1.333947278e-06
1.158998129e-06
1.157499234e-06
1.154083391e-06
1.14881984e-06
1.141786934e-06
1.01845872e-06
1.017189489e-06
1.014325018e-06
1.009930541e-06
1.004063337e-06
9.119682657e-07
9.108759181e-07
9.084263439e-07
9.046794255e-07
8.996791809e-07
8.275376694e-07
8.265873303e-07
8.244652993e-07
8.212257352e-07
8.169036886e-07
7.582755375e-07
7.574423351e-07
7.555870798e-07
7.527584758e-07
7.489851092e-07
6.998962518e-07
6.991587545e-07
6.97523065e-07
6.950328757e-07
6.917117237e-07
6.505256577e-07
6.498727669e-07
6.484248723e-07
6.462212763e-07
6.432818711e-07
6.080088314e-07
6.074263639e-07
6.061363908e-07
6.041742396e-07
6.015567009e-07
5.711446506e-07
5.706217902e-07
5.694652518e-07
5.677069749e-07
5.653612251e-07
5.390690303e-07
5.385963334e-07
5.375520096e-07
5.359651357e-07
5.338479137e-07
5.111644383e-07
5.107331917e-07
5.097816239e-07
5.083365021e-07
5.064083596e-07
4.869740344e-07
4.865758563e-07
4.856984852e-07
4.843669529e-07
4.825904876e-07
4.660574691e-07
4.656844762e-07
4.648638714e-07
4.63619516e-07
4.619596814e-07
4.477994374e-07
4.474451471e-07
4.466668858e-07
4.4548776e-07
4.439153916e-07
4.312727457e-07
4.309333826e-07
4.301887684e-07
4.290613809e-07
4.275584025e-07
4.152877975e-07
4.149630231e-07
4.142506559e-07
4.131722707e-07
4.117347707e-07
3.986684112e-07
3.983612139e-07
3.976870301e-07
3.966661361e-07
3.953051619e-07
3.806797935e-07
3.803951897e-07
3.797696667e-07
3.788216576e-07
3.775575381e-07
3.612928068e-07
3.610340592e-07
3.604641327e-07
3.595991845e-07
3.584450204e-07
3.410842306e-07
3.408532357e-07
3.403433112e-07
3.395684043e-07
3.385338421e-07
3.21088697e-07
3.208848293e-07
3.204339974e-07
3.19748212e-07
3.188322935e-07
3.024551408e-07
3.022755482e-07
3.018778862e-07
3.012722757e-07
3.004625511e-07
2.858337113e-07
2.856703419e-07
2.853088121e-07
2.847585035e-07
2.840230012e-07
2.713411425e-07
2.711897389e-07
2.708550054e-07
2.703456016e-07
2.696645724e-07
2.596298097e-07
2.594873451e-07
2.591726925e-07
2.58694195e-07
2.580547628e-07
0.0004927875729
0.0005940099334
0.0006739836334
0.0007122784735
0.0007289097385
0.0007468135164
0.0007732683043
0.0008000150906
0.0008197335286
0.0008399482219
0.0008608947297
0.00088262701
0.0009031607444
0.0009216380069
0.0009423126439
0.0009690665438
0.001002941655
0.00105267654
0.001130248824
0.001202503012
0.001189571152
0.001080501498
0.0009250376949
0.0007626854588
0.0006132680745
0.0004839182125
0.0003833262085
0.0003031249537
0.0002392210184
0.0001879121178
0.0001463019405
0.000112299821
8.449509822e-05
6.199204707e-05
4.419759144e-05
3.059933599e-05
2.062494358e-05
1.361988883e-05
8.90533203e-06
5.853536943e-06
3.940779986e-06
2.767608203e-06
2.052489364e-06
1.610507512e-06
1.327479085e-06
1.136426728e-06
9.995096152e-07
8.957504987e-07
8.134792219e-07
7.459772004e-07
6.890509125e-07
6.409189866e-07
5.99445682e-07
5.634637212e-07
5.321303089e-07
5.04839544e-07
4.811406164e-07
4.60600711e-07
4.426243322e-07
4.263218397e-07
4.105515359e-07
3.941863798e-07
3.765217077e-07
3.575025004e-07
3.376923785e-07
3.180896954e-07
2.998060539e-07
2.834265069e-07
2.691108984e-07
2.575341812e-07
0.001098996277
8.185778744e-05
2.397093251e-06
5.867853288e-08
1.109225029e-09
0.001218636213
0.001173396367
6.780964467e-05
2.038118022e-06
4.659589345e-08
0.001304653721
0.001917525848
0.000174478571
8.98854457e-06
2.725690773e-07
0.001270470847
0.001778870313
0.0002206907085
1.716334658e-05
8.182000473e-07
0.001212570059
0.001652174262
0.0003560230794
3.652543473e-05
2.610864635e-06
0.001179186715
0.001618154086
0.0007324276829
9.093413131e-05
8.237306153e-06
0.001174665148
0.001638716505
0.001108421498
0.0001588222604
1.777715566e-05
0.00117168474
0.001620651336
0.001355825207
0.0002186338563
2.84120303e-05
0.001157140079
0.00156051632
0.001394949268
0.0002625106075
3.916659785e-05
0.001151236409
0.001527940526
0.001485252077
0.0003552239215
5.825602521e-05
0.00114836975
0.001508242255
0.001520773971
0.0004748066684
8.509593161e-05
0.001149098058
0.001482080843
0.001507621357
0.0006153438591
0.00011857107
0.001148319301
0.001444607514
0.001482096513
0.0007463164668
0.0001546517759
0.001145675456
0.001415223311
0.001471913428
0.0008766533329
0.0002004422901
0.001149546635
0.001404314461
0.001473775057
0.0009831864021
0.0002590961468
0.001161636735
0.001404503143
0.001479585807
0.001068898828
0.000329400132
0.001182191059
0.001411972447
0.001488812346
0.001132970079
0.0003951285838
0.001220602952
0.001435765398
0.001503450929
0.001127923888
0.0003898799988
0.001292507021
0.001495957192
0.001515907248
0.001016168152
0.0003005480471
0.001348776335
0.001530213182
0.001566729374
0.001186291026
0.0003254859659
0.001286216766
0.001385384264
0.001396372324
0.001274393672
0.001013121228
0.001120580379
0.001134680496
0.001084451719
0.0009643916683
0.0007903278842
0.0009284833473
0.0008985636502
0.0008297086647
0.000728300141
0.0006080351067
0.0007505965529
0.0007091311907
0.0006463548088
0.0005683807529
0.0004835434138
0.0005984995692
0.000560659528
0.0005101796763
0.0004517376372
0.0003902365032
0.0004709379278
0.000440733269
0.0004025453321
0.0003596344728
0.0003150619554
0.0003732068123
0.0003502721224
0.0003217818013
0.0002900448518
0.0002571108491
0.0002955391795
0.0002784802108
0.0002573756229
0.0002338632379
0.0002093595055
0.0002336510734
0.0002210858046
0.000205493015
0.0001880413971
0.0001697317051
0.0001838915321
0.0001747141197
0.0001632336979
0.0001502894901
0.0001365990215
0.0001434582387
0.0001368297003
0.0001284330832
0.0001188744808
0.0001086734247
0.0001103410922
0.0001056263452
9.955089699e-05
9.2554754e-05
8.501650999e-05
8.319202881e-05
7.990785389e-05
7.558222063e-05
7.05354079e-05
6.504379536e-05
6.116310965e-05
5.893760119e-05
5.592663833e-05
5.236227326e-05
4.844497584e-05
4.369844119e-05
4.224028872e-05
4.020378305e-05
3.775446573e-05
3.503527955e-05
3.031722052e-05
2.939656656e-05
2.80631367e-05
2.643201574e-05
2.460243696e-05
2.04760394e-05
1.991541614e-05
1.907039026e-05
1.801840753e-05
1.682611402e-05
1.354631264e-05
1.32150532e-05
1.26947915e-05
1.203581343e-05
1.12813027e-05
8.870457819e-06
8.678065642e-06
8.364274626e-06
7.960577254e-06
7.493967264e-06
5.836369164e-06
5.724125186e-06
5.536119854e-06
5.291415113e-06
5.00632991e-06
3.93058911e-06
3.862796676e-06
3.748639397e-06
3.599325794e-06
3.424451378e-06
2.759666022e-06
2.715944197e-06
2.643999064e-06
2.550292492e-06
2.44036651e-06
2.045139057e-06
2.014499533e-06
1.966440809e-06
1.904668213e-06
1.832373632e-06
1.603412475e-06
1.580191267e-06
1.545832965e-06
1.502492002e-06
1.452038382e-06
1.320726507e-06
1.30206523e-06
1.275894575e-06
1.243512221e-06
1.206056669e-06
1.130152314e-06
1.114581178e-06
1.093627588e-06
1.068115593e-06
1.038777871e-06
9.937873756e-07
9.804972957e-07
9.631212049e-07
9.422153255e-07
9.18281174e-07
8.905896469e-07
8.790867618e-07
8.643352554e-07
8.467320626e-07
8.266402936e-07
8.088489965e-07
7.987984158e-07
7.860757763e-07
7.709777283e-07
7.537789468e-07
7.41827819e-07
7.329828081e-07
7.218875344e-07
7.087711222e-07
6.938486735e-07
6.853244336e-07
6.774915645e-07
6.677353819e-07
6.562360678e-07
6.431645531e-07
6.375720929e-07
6.30603225e-07
6.219662295e-07
6.11806277e-07
6.002622428e-07
5.964260936e-07
5.901911211e-07
5.824967011e-07
5.73460288e-07
5.631953678e-07
5.607253971e-07
5.55113646e-07
5.482151401e-07
5.401252001e-07
5.309369423e-07
5.296304633e-07
5.245443736e-07
5.183156054e-07
5.110215436e-07
5.027387614e-07
5.025363484e-07
4.978854706e-07
4.922125649e-07
4.855802341e-07
4.780515345e-07
4.78992149e-07
4.746896713e-07
4.694660032e-07
4.633715199e-07
4.564582166e-07
4.585671373e-07
4.545316066e-07
4.496578845e-07
4.439864018e-07
4.37560343e-07
4.406747037e-07
4.368394681e-07
4.322320736e-07
4.268854323e-07
4.208358116e-07
4.244425067e-07
4.207687968e-07
4.163729645e-07
4.112824478e-07
4.055296341e-07
4.087502769e-07
4.052358663e-07
4.010354705e-07
3.961754048e-07
3.906863993e-07
3.924901221e-07
3.891679337e-07
3.851890055e-07
3.805803948e-07
3.753727672e-07
3.74965533e-07
3.718867661e-07
3.681800947e-07
3.638698093e-07
3.58987947e-07
3.561047741e-07
3.533061312e-07
3.499082939e-07
3.459422888e-07
3.414404032e-07
3.364613714e-07
3.339633997e-07
3.30906302e-07
3.273225344e-07
3.232441973e-07
3.170151128e-07
3.148104279e-07
3.120943117e-07
3.088996916e-07
3.05251121e-07
2.988603532e-07
2.969079449e-07
2.944932854e-07
2.916348021e-07
2.883614198e-07
2.825652765e-07
2.80793094e-07
2.7859489e-07
2.759948453e-07
2.730148868e-07
2.683047652e-07
2.666550244e-07
2.646221509e-07
2.622263534e-07
2.594867366e-07
2.567719889e-07
2.552212006e-07
2.533179942e-07
2.510839709e-07
2.485385327e-07
5.002400074e-10
2.789964568e-09
5.602644147e-10
1.7212331e-10
9.681747752e-11
7.458135902e-11
6.644382923e-11
6.338810174e-11
6.228550177e-11
6.190816868e-11
6.178018275e-11
6.172540435e-11
6.16905188e-11
6.166329003e-11
6.164494204e-11
6.16442916e-11
6.162889311e-11
6.159889062e-11
6.158494564e-11
6.157624535e-11
6.156782034e-11
6.155913256e-11
6.155046044e-11
6.154217823e-11
6.153445717e-11
6.152735381e-11
6.152086614e-11
6.151495597e-11
6.150946845e-11
6.150434248e-11
6.149961575e-11
6.149529398e-11
6.149129624e-11
6.148759179e-11
6.148413172e-11
6.148098855e-11
6.147820313e-11
6.147565543e-11
6.147331859e-11
6.147119816e-11
6.146926106e-11
6.146744952e-11
6.146575178e-11
6.146408226e-11
6.146257945e-11
6.146143668e-11
6.146056205e-11
6.145986622e-11
6.145922419e-11
6.145874589e-11
6.14583366e-11
6.145807979e-11
6.145784014e-11
6.145755288e-11
6.145523659e-11
6.143556089e-11
6.130661263e-11
6.069698948e-11
5.853768204e-11
5.571907854e-11
1.099594402e-08
2.130360274e-08
2.642713641e-09
5.205679587e-10
2.366001079e-10
1.708136659e-10
1.487110657e-10
1.397940824e-10
1.360090783e-10
1.34411941e-10
1.337509257e-10
1.334613485e-10
1.333105995e-10
1.332061504e-10
1.331255381e-10
1.330780599e-10
1.330270172e-10
1.329695231e-10
1.329423919e-10
1.329234601e-10
1.329034324e-10
1.328806633e-10
1.328579821e-10
1.328371977e-10
1.328183951e-10
1.32801641e-10
1.327865129e-10
1.327724623e-10
1.327594487e-10
1.327483157e-10
1.327393364e-10
1.327319128e-10
1.327250008e-10
1.327184654e-10
1.327127142e-10
1.327083867e-10
1.327057683e-10
1.327026544e-10
1.326993257e-10
1.326971692e-10
1.32696275e-10
1.326954873e-10
1.326947002e-10
1.326942701e-10
1.326935227e-10
1.326933521e-10
1.326937472e-10
1.326950163e-10
1.326954138e-10
1.326971408e-10
1.326983866e-10
1.327006541e-10
1.327021979e-10
1.327039263e-10
1.327013323e-10
1.326779596e-10
1.325623037e-10
1.321903269e-10
1.315929755e-10
1.314046047e-10
5.510540495e-08
4.47355171e-08
7.558797148e-09
1.382287784e-09
5.012421969e-10
3.075514423e-10
2.438349148e-10
2.165537244e-10
2.034577918e-10
1.971562234e-10
1.942523975e-10
1.929760716e-10
1.924145382e-10
1.921294456e-10
1.919415676e-10
1.918018132e-10
1.917104576e-10
1.916658491e-10
1.916464926e-10
1.916272946e-10
1.915991301e-10
1.915630976e-10
1.915248101e-10
1.914887e-10
1.914561822e-10
1.914269548e-10
1.914010036e-10
1.913784131e-10
1.913587073e-10
1.913414595e-10
1.913267743e-10
1.913146166e-10
1.913045375e-10
1.912970057e-10
1.912908323e-10
1.912863592e-10
1.91284299e-10
1.912821281e-10
1.912799772e-10
1.912789814e-10
1.912795513e-10
1.912803892e-10
1.912820169e-10
1.912851684e-10
1.912886267e-10
1.912924811e-10
1.912965758e-10
1.913018518e-10
1.913060397e-10
1.913122694e-10
1.913178884e-10
1.913250746e-10
1.913310631e-10
1.913387759e-10
1.913429406e-10
1.91345346e-10
1.91350155e-10
1.914842124e-10
1.923278348e-10
1.93588629e-10
1.512897402e-07
1.600918507e-07
5.959012499e-08
8.734261966e-09
2.042194047e-09
8.42186515e-10
4.958492025e-10
3.549370298e-10
2.883351165e-10
2.560569874e-10
2.409177884e-10
2.34262846e-10
2.315503387e-10
2.304938123e-10
2.300510416e-10
2.29811645e-10
2.297277054e-10
2.297705566e-10
2.298167574e-10
2.298413956e-10
2.29840282e-10
2.298216956e-10
2.297957304e-10
2.29769134e-10
2.297449892e-10
2.297239539e-10
2.297057829e-10
2.296905648e-10
2.296779999e-10
2.296678037e-10
2.296598668e-10
2.296541397e-10
2.296504275e-10
2.296490925e-10
2.296491821e-10
2.296509054e-10
2.296547197e-10
2.296585292e-10
2.29662444e-10
2.296671095e-10
2.296727336e-10
2.296787362e-10
2.296854423e-10
2.296932839e-10
2.297017152e-10
2.297105645e-10
2.297194042e-10
2.297290344e-10
2.297378675e-10
2.297483358e-10
2.297584739e-10
2.297699716e-10
2.297800298e-10
2.297928789e-10
2.298061271e-10
2.298372599e-10
2.29937099e-10
2.303357183e-10
2.315461893e-10
2.32906345e-10
2.452138258e-07
3.302270525e-07
3.550820249e-07
7.830091416e-08
1.308746893e-08
3.656052574e-09
1.54053173e-09
8.162179436e-10
5.050207586e-10
3.615714494e-10
2.959601782e-10
2.674222789e-10
2.559268865e-10
2.516628711e-10
2.501938011e-10
2.496819213e-10
2.49609369e-10
2.497728922e-10
2.499204947e-10
2.500205052e-10
2.500745147e-10
2.500979928e-10
2.50106165e-10
2.501085995e-10
2.501099132e-10
2.501116947e-10
2.501142728e-10
2.501178622e-10
2.501224203e-10
2.501279005e-10
2.50134308e-10
2.501415589e-10
2.50149663e-10
2.501588765e-10
2.501686922e-10
2.501792268e-10
2.501906231e-10
2.502018172e-10
2.502128288e-10
2.502240388e-10
2.502355255e-10
2.502469586e-10
2.50258589e-10
2.502705999e-10
2.502827949e-10
2.502951538e-10
2.503074247e-10
2.503198543e-10
2.503317567e-10
2.503444676e-10
2.503569904e-10
2.503702729e-10
2.503827022e-10
2.503976796e-10
2.504162579e-10
2.504589879e-10
2.505806633e-10
2.509619504e-10
2.518719065e-10
2.527649057e-10
4.573833048e-07
3.893625044e-07
7.542499838e-07
4.305045821e-07
7.430225329e-08
1.48431991e-08
4.76957671e-09
2.041252823e-09
1.019172124e-09
5.811897339e-10
3.892777835e-10
3.079574845e-10
2.755801574e-10
2.636768898e-10
2.596738736e-10
2.58429501e-10
2.582352763e-10
2.58467881e-10
2.587032453e-10
2.588784144e-10
2.589908542e-10
2.590594106e-10
2.591034484e-10
2.591356579e-10
2.591625398e-10
2.591866066e-10
2.592090194e-10
2.592303474e-10
2.592508005e-10
2.592705512e-10
2.592897676e-10
2.593084812e-10
2.593267956e-10
2.593448955e-10
2.593626348e-10
2.593801051e-10
2.593973664e-10
2.594140808e-10
2.594302981e-10
2.594462045e-10
2.594618466e-10
2.5947705e-10
2.594919747e-10
2.595066552e-10
2.59521007e-10
2.595351581e-10
2.595490869e-10
2.595628468e-10
2.595761123e-10
2.595894245e-10
2.596024107e-10
2.596156589e-10
2.596285419e-10
2.596434468e-10
2.596631868e-10
2.597039253e-10
2.598048515e-10
2.600661639e-10
2.605839207e-10
2.61041127e-10
1.103791986e-06
3.276284535e-07
9.411376352e-07
1.122343804e-06
3.770667726e-07
6.030992457e-08
1.414800838e-08
4.96600137e-09
2.134602154e-09
1.028549062e-09
5.666140561e-10
3.76022221e-10
3.012818359e-10
2.740013345e-10
2.648409176e-10
2.620194194e-10
2.614280826e-10
2.616223154e-10
2.619018361e-10
2.621339409e-10
2.622968943e-10
2.624055889e-10
2.624808137e-10
2.625377198e-10
2.625847337e-10
2.626258251e-10
2.626629314e-10
2.62697007e-10
2.627286404e-10
2.627582594e-10
2.627861422e-10
2.628125054e-10
2.628375535e-10
2.628614551e-10
2.628842765e-10
2.629061375e-10
2.629271199e-10
2.629472044e-10
2.62966466e-10
2.629850108e-10
2.630028983e-10
2.630200914e-10
2.630366944e-10
2.63052729e-10
2.630681738e-10
2.630831152e-10
2.630975809e-10
2.631116605e-10
2.631252542e-10
2.631385204e-10
2.631513554e-10
2.631641291e-10
2.631768161e-10
2.631912387e-10
2.632106614e-10
2.632465762e-10
2.633227645e-10
2.634845177e-10
2.637520374e-10
2.639625392e-10
2.142691367e-06
2.370432557e-07
8.630775362e-07
1.646497472e-06
1.227977809e-06
2.58848542e-07
4.445008651e-08
1.229294633e-08
4.555721447e-09
1.93360592e-09
9.090633367e-10
5.01183556e-10
3.447439468e-10
2.884499014e-10
2.696953651e-10
2.639419545e-10
2.625440501e-10
2.62563514e-10
2.628339945e-10
2.630988631e-10
2.633006119e-10
2.634432535e-10
2.635452736e-10
2.636227956e-10
2.636858526e-10
2.637398268e-10
2.637875444e-10
2.638305464e-10
2.638697945e-10
2.639059523e-10
2.639394836e-10
2.639707547e-10
2.640000585e-10
2.640276254e-10
2.640536327e-10
2.640782397e-10
2.64101577e-10
2.641237379e-10
2.641448231e-10
2.641649289e-10
2.64184133e-10
2.642024692e-10
2.642200169e-10
2.642368311e-10
2.642529447e-10
2.642684067e-10
2.642832306e-10
2.642974906e-10
2.643112005e-10
2.643244392e-10
2.643372335e-10
2.643498556e-10
2.643626206e-10
2.643771738e-10
2.643969034e-10
2.6443053e-10
2.644924441e-10
2.64601507e-10
2.647528863e-10
2.64854473e-10
3.570336592e-06
2.705996377e-07
6.503962947e-07
1.873256863e-06
2.328626692e-06
1.011740262e-06
1.58352079e-07
3.212433532e-08
9.911134566e-09
3.722925349e-09
1.542999804e-09
7.225484128e-10
4.186488007e-10
3.117623785e-10
2.766373035e-10
2.659190834e-10
2.631196629e-10
2.627919949e-10
2.629964423e-10
2.632698145e-10
2.634982699e-10
2.636689445e-10
2.637949079e-10
2.638913036e-10
2.639689036e-10
2.640341658e-10
2.640908053e-10
2.641410317e-10
2.641862527e-10
2.642274198e-10
2.642652012e-10
2.643001136e-10
2.643325444e-10
2.643628061e-10
2.643911497e-10
2.644177828e-10
2.644428795e-10
2.644665814e-10
2.644890168e-10
2.645102944e-10
2.645305114e-10
2.645497384e-10
2.64568055e-10
2.645855268e-10
2.646022126e-10
2.646181686e-10
2.646334261e-10
2.646480364e-10
2.646620341e-10
2.646754869e-10
2.646884931e-10
2.647013433e-10
2.647145926e-10
2.647299476e-10
2.647510137e-10
2.647851241e-10
2.648420233e-10
2.649298446e-10
2.650362795e-10
2.650944391e-10
6.35168949e-06
4.86601533e-07
3.900120771e-07
1.967666996e-06
3.145384976e-06
2.520067434e-06
5.811838047e-07
8.798299255e-08
2.16289961e-08
7.108798468e-09
2.647246054e-09
1.08814982e-09
5.364373114e-10
3.481101514e-10
2.872925594e-10
2.688274224e-10
2.637977693e-10
2.628838111e-10
2.629497507e-10
2.632064988e-10
2.634505191e-10
2.636437608e-10
2.637914143e-10
2.639061196e-10
2.639983094e-10
2.640749409e-10
2.641404364e-10
2.641976549e-10
2.642485067e-10
2.642943001e-10
2.643359524e-10
2.643741424e-10
2.644093764e-10
2.644420539e-10
2.64472492e-10
2.645009507e-10
2.645276438e-10
2.645527504e-10
2.64576424e-10
2.645987952e-10
2.646199791e-10
2.64640071e-10
2.646591597e-10
2.646773213e-10
2.646946216e-10
2.647111223e-10
2.647268727e-10
2.647419291e-10
2.64756341e-10
2.647701805e-10
2.647835818e-10
2.647968994e-10
2.648108957e-10
2.648275032e-10
2.648505806e-10
2.648867169e-10
2.649433321e-10
2.650239864e-10
2.651136167e-10
2.651525784e-10
1.062110351e-05
1.093454871e-06
2.64853706e-07
1.905420272e-06
3.96894298e-06
4.411431213e-06
1.655127328e-06
2.515000434e-07
4.811719093e-08
1.33782882e-08
4.441129942e-09
1.633489584e-09
7.032190107e-10
3.985282345e-10
3.02226892e-10
2.730647489e-10
2.648540471e-10
2.630516935e-10
2.628817706e-10
2.630899395e-10
2.633375425e-10
2.635480343e-10
2.637151873e-10
2.63847853e-10
2.639552144e-10
2.640440651e-10
2.641191681e-10
2.641839082e-10
2.642407148e-10
2.642913131e-10
2.643369273e-10
2.643784373e-10
2.64416493e-10
2.644515914e-10
2.644841228e-10
2.64514402e-10
2.645426874e-10
2.645691937e-10
2.645941036e-10
2.646175709e-10
2.646397303e-10
2.646606949e-10
2.646805651e-10
2.646994285e-10
2.647173594e-10
2.647344293e-10
2.64750696e-10
2.647662229e-10
2.647810775e-10
2.647953574e-10
2.64809241e-10
2.648231731e-10
2.648381134e-10
2.648562577e-10
2.648816554e-10
2.649203619e-10
2.649783049e-10
2.650565087e-10
2.651384026e-10
2.651655439e-10
1.796160805e-05
1.754950621e-06
2.684359912e-07
1.574048056e-06
4.866687295e-06
6.494364548e-06
3.861984763e-06
7.065182364e-07
1.152815723e-07
2.57552963e-08
7.33963346e-09
2.400328143e-09
9.177654925e-10
4.610122711e-10
3.210014687e-10
2.787066286e-10
2.664192825e-10
2.633916608e-10
2.628614257e-10
2.629774519e-10
2.632128829e-10
2.63434111e-10
2.636178498e-10
2.637675506e-10
2.638903812e-10
2.639923483e-10
2.64078074e-10
2.641512052e-10
2.642146089e-10
2.642704517e-10
2.643203174e-10
2.64365342e-10
2.644063538e-10
2.644439687e-10
2.644786638e-10
2.645108156e-10
2.645407329e-10
2.645686688e-10
2.645948376e-10
2.646194194e-10
2.646425686e-10
2.646644159e-10
2.646850746e-10
2.647046443e-10
2.64723211e-10
2.647408567e-10
2.647576484e-10
2.647736588e-10
2.647889704e-10
2.648037119e-10
2.648181236e-10
2.648327672e-10
2.648488092e-10
2.648686798e-10
2.648964821e-10
2.649377699e-10
2.649972553e-10
2.650741271e-10
2.651508226e-10
2.651680199e-10
2.298097157e-05
2.6942859e-06
3.437176072e-07
1.01461913e-06
5.946357614e-06
9.070876077e-06
7.106539993e-06
1.865108413e-06
2.745882917e-07
5.027807403e-08
1.18079717e-08
3.366705778e-09
1.155784839e-09
5.274218798e-10
3.415759984e-10
2.85365748e-10
2.68473582e-10
2.639393873e-10
2.629217358e-10
2.62894188e-10
2.63097013e-10
2.633199426e-10
2.635156741e-10
2.636800839e-10
2.638175747e-10
2.639328588e-10
2.640299256e-10
2.641122837e-10
2.641830106e-10
2.642446441e-10
2.642991395e-10
2.643479348e-10
2.643920763e-10
2.644323304e-10
2.644692784e-10
2.645033713e-10
2.645349726e-10
2.645643786e-10
2.645918368e-10
2.646175555e-10
2.646417098e-10
2.646644496e-10
2.646859025e-10
2.647061822e-10
2.647253874e-10
2.647436101e-10
2.647609272e-10
2.647774238e-10
2.647932001e-10
2.648084267e-10
2.648234188e-10
2.648388614e-10
2.648561248e-10
2.648778291e-10
2.649080071e-10
2.649516764e-10
2.650124454e-10
2.650880127e-10
2.651601378e-10
2.651672308e-10
3.235901093e-05
4.241557746e-06
3.946078446e-07
8.157348154e-07
7.550881125e-06
1.241447643e-05
1.145583976e-05
4.287334411e-06
6.279878414e-07
1.00266013e-07
1.914232395e-08
4.646636517e-09
1.426467465e-09
5.984004323e-10
3.639273034e-10
2.929799008e-10
2.709936675e-10
2.647000763e-10
2.630784923e-10
2.628566908e-10
2.630042967e-10
2.632175306e-10
2.634185675e-10
2.635934083e-10
2.637429846e-10
2.638703738e-10
2.639785503e-10
2.640704502e-10
2.641490033e-10
2.642169075e-10
2.642764085e-10
2.643292413e-10
2.643766923e-10
2.644197062e-10
2.644589891e-10
2.644950814e-10
2.645284097e-10
2.64559318e-10
2.645880889e-10
2.6461496e-10
2.646401292e-10
2.646637669e-10
2.646860177e-10
2.6470701e-10
2.647268545e-10
2.647456527e-10
2.647634937e-10
2.647804778e-10
2.647967296e-10
2.648124718e-10
2.648281054e-10
2.648444398e-10
2.648630285e-10
2.648866187e-10
2.64919092e-10
2.649648885e-10
2.65026584e-10
2.651006476e-10
2.651683199e-10
2.651646203e-10
4.543505484e-05
6.671130995e-06
9.319445654e-07
1.071095954e-06
1.008298685e-05
1.690491586e-05
1.635844488e-05
8.285584395e-06
1.460013008e-06
2.159529172e-07
3.213212364e-08
6.301430004e-09
1.708238581e-09
6.682835688e-10
3.869013231e-10
3.012594642e-10
2.739042119e-10
2.65660742e-10
2.633396925e-10
2.628779179e-10
2.629474675e-10
2.631382382e-10
2.633362281e-10
2.635154287e-10
2.636726705e-10
2.638092187e-10
2.639268477e-10
2.640276009e-10
2.641138786e-10
2.641882157e-10
2.642529507e-10
2.643100232e-10
2.643609352e-10
2.644068134e-10
2.64448501e-10
2.644866382e-10
2.645217231e-10
2.645541519e-10
2.645842468e-10
2.646122758e-10
2.646384623e-10
2.646629978e-10
2.646860456e-10
2.647077478e-10
2.647282272e-10
2.647475962e-10
2.647659596e-10
2.647834364e-10
2.648001829e-10
2.648164817e-10
2.648328276e-10
2.648501534e-10
2.648701613e-10
2.64895652e-10
2.649303049e-10
2.649779631e-10
2.650402408e-10
2.6511261e-10
2.651759289e-10
2.651617448e-10
6.280268745e-05
8.207346874e-06
1.458773482e-06
1.70360503e-06
1.490588556e-05
2.3336802e-05
2.179229972e-05
1.2874721e-05
3.12989782e-06
4.843407602e-07
5.744644732e-08
8.639251088e-09
2.01790765e-09
7.413320249e-10
4.115911221e-10
3.103487439e-10
2.772026687e-10
2.668149161e-10
2.637085142e-10
2.629652339e-10
2.629349533e-10
2.630906633e-10
2.632768022e-10
2.634534493e-10
2.636127759e-10
2.637541746e-10
2.638782355e-10
2.639859934e-10
2.640790456e-10
2.641594356e-10
2.642293198e-10
2.642906668e-10
2.643451042e-10
2.643939043e-10
2.644380375e-10
2.644782444e-10
2.645150984e-10
2.645490515e-10
2.645804689e-10
2.646096516e-10
2.646368495e-10
2.646622761e-10
2.646861131e-10
2.647085164e-10
2.647296223e-10
2.647495559e-10
2.647684398e-10
2.647864169e-10
2.648036817e-10
2.648205834e-10
2.648377124e-10
2.648561187e-10
2.648776175e-10
2.649050006e-10
2.649416972e-10
2.649909493e-10
2.650534896e-10
2.651240073e-10
2.651831323e-10
2.651592749e-10
8.127863779e-05
1.406437129e-05
2.492815538e-06
2.926641181e-06
2.457516562e-05
3.271863916e-05
2.762453307e-05
1.643645464e-05
5.793297878e-06
1.044760699e-06
1.112796744e-07
1.303579239e-08
2.57583183e-09
8.645680116e-10
4.48270504e-10
3.225147579e-10
2.814270608e-10
2.683012034e-10
2.642154686e-10
2.631240019e-10
2.629691248e-10
2.630774827e-10
2.632436086e-10
2.634111477e-10
2.635669181e-10
2.637083945e-10
2.638351371e-10
2.639472616e-10
2.640454485e-10
2.641310002e-10
2.64205619e-10
2.64271084e-10
2.643290092e-10
2.643807372e-10
2.644273318e-10
2.644696217e-10
2.645082525e-10
2.64543733e-10
2.645764725e-10
2.646068066e-10
2.646350125e-10
2.646613256e-10
2.646859457e-10
2.647090439e-10
2.647307713e-10
2.647512682e-10
2.647706772e-10
2.647891696e-10
2.648069866e-10
2.6482455e-10
2.648425442e-10
2.648621287e-10
2.648851995e-10
2.649144936e-10
2.649531446e-10
2.650037972e-10
2.650663792e-10
2.651349697e-10
2.651901171e-10
2.651575262e-10
8.337068076e-05
1.523925489e-05
4.334190216e-06
1.401579127e-05
4.416130144e-05
4.52249183e-05
3.325228847e-05
1.922484454e-05
8.275620526e-06
2.145422469e-06
2.714056007e-07
2.793101443e-08
4.362943865e-09
1.182250476e-09
5.252001984e-10
3.447470839e-10
2.884133908e-10
2.706079913e-10
2.649934423e-10
2.633876475e-10
2.630536484e-10
2.630944918e-10
2.63230937e-10
2.633827133e-10
2.635291559e-10
2.636655354e-10
2.637908107e-10
2.639047605e-10
2.640066814e-10
2.640967152e-10
2.641758268e-10
2.642454166e-10
2.643069587e-10
2.643617888e-10
2.644110232e-10
2.644555607e-10
2.644961138e-10
2.645332484e-10
2.645674202e-10
2.645990015e-10
2.646282984e-10
2.646555699e-10
2.646810347e-10
2.647048827e-10
2.647272819e-10
2.64748392e-10
2.647683801e-10
2.647874541e-10
2.648059159e-10
2.648242751e-10
2.648433199e-10
2.648643321e-10
2.648892982e-10
2.649209052e-10
2.649619919e-10
2.650146087e-10
2.650778597e-10
2.651451531e-10
2.651968797e-10
2.65156344e-10
6.395553353e-05
1.315541362e-05
1.161930094e-05
6.65424963e-05
7.298616181e-05
5.760944793e-05
3.782874194e-05
2.154165956e-05
1.044410082e-05
3.886845052e-06
8.794577818e-07
1.107623854e-07
1.280963933e-08
2.253052423e-09
7.171530799e-10
3.911202198e-10
3.017327531e-10
2.748172973e-10
2.663743393e-10
2.638435386e-10
2.631956927e-10
2.631216416e-10
2.632072686e-10
2.633285697e-10
2.634513707e-10
2.635671347e-10
2.636768071e-10
2.637930618e-10
2.639014928e-10
2.639983664e-10
2.640837154e-10
2.641588121e-10
2.642251705e-10
2.642841857e-10
2.643370407e-10
2.643847061e-10
2.644279659e-10
2.644674514e-10
2.645036732e-10
2.64537048e-10
2.645679197e-10
2.645965782e-10
2.64623269e-10
2.646482074e-10
2.646715862e-10
2.646935948e-10
2.647144389e-10
2.647343887e-10
2.647538496e-10
2.647734913e-10
2.647942867e-10
2.648177907e-10
2.648463263e-10
2.648828637e-10
2.649303893e-10
2.649908236e-10
2.650627078e-10
2.651382313e-10
2.651955496e-10
2.651517301e-10
8.136871363e-05
4.566267222e-05
0.0001692861534
0.0001403190076
0.0001005935963
6.706944726e-05
4.183582411e-05
2.42046811e-05
1.277780687e-05
5.930305083e-06
2.138041937e-06
4.706714565e-07
5.932432517e-08
7.050105566e-09
1.33999071e-09
5.061164751e-10
3.303764102e-10
2.833165353e-10
2.69067419e-10
2.646824743e-10
2.634059469e-10
2.630962974e-10
2.630673124e-10
2.63104154e-10
2.631440857e-10
2.631312633e-10
2.632328033e-10
2.634430708e-10
2.635902045e-10
2.637032541e-10
2.637955761e-10
2.638740211e-10
2.639423732e-10
2.64002855e-10
2.640569088e-10
2.641055825e-10
2.641496937e-10
2.641898984e-10
2.642267288e-10
2.642606201e-10
2.642919327e-10
2.643209697e-10
2.643479896e-10
2.643732191e-10
2.643968641e-10
2.644191303e-10
2.644402465e-10
2.644605175e-10
2.644803975e-10
2.645005923e-10
2.64522106e-10
2.645464776e-10
2.645758868e-10
2.646129656e-10
2.646601592e-10
2.647187289e-10
2.647867639e-10
2.64856661e-10
2.649075736e-10
2.648554071e-10
0.0007148098131
0.0004170034087
0.0002655155011
0.0001735974294
0.0001135681591
7.326267844e-05
4.580692413e-05
2.737961382e-05
1.543029597e-05
8.026389695e-06
3.689547759e-06
1.317701176e-06
2.86582725e-07
3.550784962e-08
4.246412309e-09
8.863484112e-10
4.018881395e-10
3.015436001e-10
2.744436948e-10
2.662635808e-10
2.637273991e-10
2.629368683e-10
2.626472306e-10
2.626652559e-10
2.628566255e-10
2.630275412e-10
2.632556046e-10
2.634522063e-10
2.636067539e-10
2.637276125e-10
2.638249273e-10
2.639063723e-10
2.639767332e-10
2.640387523e-10
2.640940637e-10
2.641437805e-10
2.641887565e-10
2.642296777e-10
2.642671014e-10
2.64301486e-10
2.643332109e-10
2.643625948e-10
2.643899115e-10
2.644154007e-10
2.644392851e-10
2.64461791e-10
2.644831732e-10
2.645037765e-10
2.64524105e-10
2.645449106e-10
2.645672122e-10
2.645925428e-10
2.646229534e-10
2.646608062e-10
2.647080892e-10
2.647655585e-10
2.648308716e-10
2.648965891e-10
2.649423602e-10
2.648826809e-10
0.0005853837991
0.0003965304223
0.0002656416119
0.0001773646794
0.0001178680617
7.732100299e-05
4.95925087e-05
3.080529589e-05
1.833116386e-05
1.029157406e-05
5.321926425e-06
2.424568252e-06
8.548919879e-07
1.81654655e-07
2.171385428e-08
2.613695476e-09
6.234370521e-10
3.429305397e-10
2.848242482e-10
2.691849848e-10
2.644601965e-10
2.629804848e-10
2.625101767e-10
2.625965435e-10
2.628869234e-10
2.631331422e-10
2.633543607e-10
2.635410595e-10
2.636919104e-10
2.638128545e-10
2.639118101e-10
2.639953592e-10
2.640678202e-10
2.641317462e-10
2.641887061e-10
2.642398123e-10
2.642859519e-10
2.64327853e-10
2.643661086e-10
2.644012068e-10
2.6443355e-10
2.644634744e-10
2.644912698e-10
2.645171918e-10
2.645414836e-10
2.645643952e-10
2.645862125e-10
2.646073272e-10
2.646283011e-10
2.646499391e-10
2.64673266e-10
2.646998222e-10
2.647315509e-10
2.647705699e-10
2.648184656e-10
2.648755522e-10
2.649391005e-10
2.650017198e-10
2.650433692e-10
2.649768169e-10
0.0004729460652
0.0003448369531
0.0002448013517
0.0001709167969
0.0001176971643
7.9722198e-05
5.286178883e-05
3.409940477e-05
2.122667429e-05
1.260940942e-05
7.031765605e-06
3.588647851e-06
1.603776286e-06
5.506851768e-07
1.125764318e-07
1.28920438e-08
1.618337936e-09
4.743666302e-10
3.104651538e-10
2.758081126e-10
2.662962105e-10
2.634012264e-10
2.625388963e-10
2.626005771e-10
2.629297176e-10
2.632113447e-10
2.634409593e-10
2.636248882e-10
2.637720366e-10
2.638916505e-10
2.639915721e-10
2.640773443e-10
2.641523808e-10
2.642187325e-10
2.642777811e-10
2.643306233e-10
2.643781968e-10
2.644212965e-10
2.644605752e-10
2.644965642e-10
2.645296954e-10
2.645603278e-10
2.645887683e-10
2.64615289e-10
2.646401528e-10
2.646636357e-10
2.646860595e-10
2.647078626e-10
2.647296598e-10
2.647522904e-10
2.647767748e-10
2.648046291e-10
2.648376606e-10
2.64877697e-10
2.649259258e-10
2.649822131e-10
2.650435636e-10
2.651026606e-10
2.651399757e-10
2.65066402e-10
0.0003901585892
0.000297844703
0.0002210261072
0.0001605628739
0.000114569343
8.020986176e-05
5.493412622e-05
3.665052062e-05
2.36776682e-05
1.468912316e-05
8.648237955e-06
4.749138465e-06
2.368926445e-06
1.027471981e-06
3.395881142e-07
6.644757438e-08
7.415340136e-09
1.050653078e-09
3.929653856e-10
2.935544069e-10
2.713482054e-10
2.650158132e-10
2.630718863e-10
2.627636069e-10
2.629926269e-10
2.63253551e-10
2.634790233e-10
2.636609454e-10
2.638072965e-10
2.639280123e-10
2.640306961e-10
2.641200558e-10
2.641987288e-10
2.642683094e-10
2.643300218e-10
2.643849868e-10
2.644342393e-10
2.644786864e-10
2.645190783e-10
2.64556017e-10
2.645899822e-10
2.646213651e-10
2.646504946e-10
2.646776629e-10
2.647031546e-10
2.64727274e-10
2.647503811e-10
2.647729597e-10
2.64795669e-10
2.648193597e-10
2.648450442e-10
2.64874178e-10
2.649084064e-10
2.649492572e-10
2.649975604e-10
2.65052759e-10
2.651116799e-10
2.651671325e-10
2.652000376e-10
2.651190789e-10
0.0003227360406
0.0002541671401
0.0001949942327
0.0001470202668
0.0001082759567
7.811264908e-05
5.510077928e-05
3.787040251e-05
2.524599337e-05
1.622014458e-05
9.954062365e-06
5.761918024e-06
3.08922945e-06
1.492796066e-06
6.226358787e-07
1.9576158e-07
3.649422561e-08
4.151192428e-09
7.166610717e-10
3.436781096e-10
2.828117602e-10
2.683757863e-10
2.641423516e-10
2.63098121e-10
2.630870046e-10
2.63272165e-10
2.634755123e-10
2.636524547e-10
2.63799848e-10
2.639242705e-10
2.640319299e-10
2.641266046e-10
2.642102701e-10
2.642841369e-10
2.643493009e-10
2.64406931e-10
2.644582022e-10
2.645041861e-10
2.645457792e-10
2.645836942e-10
2.646184866e-10
2.646505972e-10
2.646803889e-10
2.647081817e-10
2.64734287e-10
2.647590416e-10
2.647828449e-10
2.648062265e-10
2.648298817e-10
2.648546607e-10
2.648815629e-10
2.649119702e-10
2.649473658e-10
2.649890024e-10
2.650373877e-10
2.650916144e-10
2.65148384e-10
2.652006728e-10
2.652296127e-10
2.651415196e-10
0.0002661481572
0.000215955711
0.0001712274115
0.0001327989494
0.0001006917609
7.455387547e-05
5.384990199e-05
3.794062641e-05
2.595916145e-05
1.715984329e-05
1.088122198e-05
6.554795808e-06
3.701617772e-06
1.923618051e-06
8.964143662e-07
3.584355825e-07
1.07058501e-07
1.910795568e-08
2.289966883e-09
5.144494829e-10
3.10461925e-10
2.748862732e-10
2.66072371e-10
2.637088434e-10
2.632639724e-10
2.633020303e-10
2.634573544e-10
2.63621068e-10
2.637677864e-10
2.638963154e-10
2.64009916e-10
2.64111001e-10
2.642007623e-10
2.64279949e-10
2.643494493e-10
2.644104271e-10
2.644641921e-10
2.645120099e-10
2.645549669e-10
2.6459393e-10
2.646295666e-10
2.646623931e-10
2.64692824e-10
2.647212174e-10
2.647479195e-10
2.647733035e-10
2.647978105e-10
2.648220134e-10
2.64846637e-10
2.648725228e-10
2.649006557e-10
2.649323397e-10
2.649688908e-10
2.650113021e-10
2.650598029e-10
2.651132277e-10
2.651681947e-10
2.652178933e-10
2.652435382e-10
2.651493594e-10
0.0002207422633
0.0001827975836
0.0001480011538
0.0001172793316
9.097460328e-05
6.900118669e-05
5.104515254e-05
3.67589246e-05
2.569551698e-05
1.738659129e-05
1.131884904e-05
7.034059775e-06
4.13048772e-06
2.26183559e-06
1.135364686e-06
5.114989114e-07
1.988779991e-07
5.740725913e-08
1.005374636e-08
1.363506503e-09
4.129873766e-10
2.932374774e-10
2.7065413e-10
2.650853013e-10
2.636868006e-10
2.634100913e-10
2.634600496e-10
2.635902846e-10
2.637288906e-10
2.638586684e-10
2.639771672e-10
2.640845018e-10
2.641807092e-10
2.64265845e-10
2.643403983e-10
2.644053879e-10
2.644621798e-10
2.645122113e-10
2.645567754e-10
2.64596928e-10
2.64633483e-10
2.6466706e-10
2.64698145e-10
2.647271493e-10
2.647544624e-10
2.647804983e-10
2.648057413e-10
2.648308038e-10
2.648564323e-10
2.648834504e-10
2.64912823e-10
2.649457702e-10
2.649834483e-10
2.650266231e-10
2.650752701e-10
2.65128013e-10
2.651814165e-10
2.652288635e-10
2.652515946e-10
2.651520908e-10
0.0001820719643
0.0001531509081
0.0001260817666
0.0001016533662
8.026284345e-05
6.201478917e-05
4.680717216e-05
3.440595465e-05
2.455317425e-05
1.693847424e-05
1.126186116e-05
7.171228336e-06
4.338849735e-06
2.47009074e-06
1.307648427e-06
6.355107321e-07
2.806449901e-07
1.092957835e-07
3.127294548e-08
5.479386294e-09
8.810183129e-10
3.541939841e-10
2.821200666e-10
2.680167398e-10
2.645620913e-10
2.636688745e-10
2.635169895e-10
2.635797189e-10
2.636968529e-10
2.63821862e-10
2.639422033e-10
2.640542056e-10
2.641561789e-10
2.642471763e-10
2.643270509e-10
2.643964796e-10
2.644567385e-10
2.645093554e-10
2.645558044e-10
2.645973372e-10
2.646349349e-10
2.64669343e-10
2.64701138e-10
2.647307991e-10
2.647587675e-10
2.647855024e-10
2.648115327e-10
2.648375064e-10
2.648641838e-10
2.648923625e-10
2.649229803e-10
2.649571699e-10
2.649959376e-10
2.650398475e-10
2.650886311e-10
2.65140716e-10
2.651926375e-10
2.652379509e-10
2.652579931e-10
2.651538147e-10
0.0001491571577
0.0001270370329
0.0001059856806
8.664503844e-05
6.939485061e-05
5.440517829e-05
4.168954327e-05
3.114978613e-05
2.261375385e-05
1.589089111e-05
1.075829517e-05
6.982094107e-06
4.323596224e-06
2.536069329e-06
1.397959406e-06
7.186330646e-07
3.433690853e-07
1.513358948e-07
5.733574756e-08
1.633488471e-08
2.8665088e-09
5.85455877e-10
3.138965593e-10
2.742648874e-10
2.662212774e-10
2.64172068e-10
2.636640667e-10
2.636070348e-10
2.636825872e-10
2.637938362e-10
2.639112633e-10
2.64025101e-10
2.641311251e-10
2.64227047e-10
2.643118656e-10
2.643857201e-10
2.644496245e-10
2.645050696e-10
2.64553636e-10
2.645967385e-10
2.646355215e-10
2.646708662e-10
2.64703453e-10
2.647338397e-10
2.647625258e-10
2.647900194e-10
2.648168945e-10
2.648438301e-10
2.648715924e-10
2.649009451e-10
2.649327908e-10
2.649681618e-10
2.650079023e-10
2.650523857e-10
2.651011515e-10
2.651524726e-10
2.652029025e-10
2.652461711e-10
2.652637127e-10
2.651549605e-10
0.0001210724859
0.0001041555195
8.782000705e-05
7.258216438e-05
5.878068608e-05
4.660430972e-05
3.612270548e-05
2.731535908e-05
2.009334068e-05
1.432180084e-05
9.85126317e-06
6.508300727e-06
4.105605787e-06
2.467297719e-06
1.405386152e-06
7.559820919e-07
3.843565079e-07
1.867680924e-07
8.600798568e-08
3.368220451e-08
9.660826064e-09
1.732313845e-09
4.514186199e-10
2.946968396e-10
2.704947589e-10
2.653231401e-10
2.640065137e-10
2.6370349e-10
2.636980796e-10
2.637813188e-10
2.638893091e-10
2.640011771e-10
2.641087222e-10
2.642078783e-10
2.642966033e-10
2.64374349e-10
2.64441713e-10
2.645000058e-10
2.645508025e-10
2.645956124e-10
2.646357103e-10
2.646721035e-10
2.647055771e-10
2.647367711e-10
2.647662487e-10
2.647945687e-10
2.648223476e-10
2.648502905e-10
2.648791607e-10
2.649096812e-10
2.649427117e-10
2.64979175e-10
2.650197532e-10
2.650646407e-10
2.651132251e-10
2.651636636e-10
2.652125825e-10
2.652538813e-10
2.652689336e-10
2.65154884e-10
9.699625534e-05
8.411076077e-05
7.150508484e-05
5.959253346e-05
4.866483578e-05
3.890571891e-05
3.040834405e-05
2.319253409e-05
1.722071769e-05
1.240950424e-05
8.644085801e-06
5.797518129e-06
3.728116663e-06
2.286988931e-06
1.33996853e-06
7.495711864e-07
4.01846398e-07
2.091892513e-07
1.084103402e-07
5.44921706e-08
2.192649471e-08
6.056464235e-09
1.09632231e-09
3.703222039e-10
2.821587422e-10
2.678179404e-10
2.646773129e-10
2.639011145e-10
2.637533801e-10
2.637893053e-10
2.638800258e-10
2.639855554e-10
2.640916161e-10
2.641918104e-10
2.642828913e-10
2.643635259e-10
2.644337847e-10
2.644946692e-10
2.645476303e-10
2.645941818e-10
2.646356729e-10
2.646732064e-10
2.647076586e-10
2.647397466e-10
2.647700968e-10
2.647993193e-10
2.648280696e-10
2.648570744e-10
2.64887081e-10
2.649187653e-10
2.649529412e-10
2.649904336e-10
2.650317948e-10
2.650770341e-10
2.65125376e-10
2.651748846e-10
2.652222543e-10
2.652614949e-10
2.652735977e-10
2.651527852e-10
7.630852766e-05
6.658297248e-05
5.695812434e-05
4.77627731e-05
3.924146347e-05
3.15602111e-05
2.481558229e-05
1.904511679e-05
1.423752277e-05
1.03426349e-05
7.279697364e-06
4.947426234e-06
3.236658383e-06
2.032606638e-06
1.223350373e-06
7.10018641e-07
3.999690064e-07
2.217670426e-07
1.241685245e-07
6.873063871e-08
3.332475542e-08
1.31499899e-08
3.330683789e-09
6.604683172e-10
3.15537501e-10
2.730875354e-10
2.658478863e-10
2.642324102e-10
2.638585388e-10
2.638220546e-10
2.638861013e-10
2.63980489e-10
2.640818407e-10
2.64180646e-10
2.642722451e-10
2.643544471e-10
2.64426725e-10
2.644896789e-10
2.645445338e-10
2.645927181e-10
2.646355864e-10
2.646742925e-10
2.647097791e-10
2.647428268e-10
2.647741183e-10
2.648043111e-10
2.64834096e-10
2.648642154e-10
2.648953852e-10
2.649282292e-10
2.649635178e-10
2.650019795e-10
2.650440302e-10
2.650895134e-10
2.65137516e-10
2.651860314e-10
2.652318127e-10
2.652689498e-10
2.652778884e-10
2.651500955e-10
5.864483811e-05
5.141698255e-05
4.419181941e-05
3.722718144e-05
3.072194759e-05
2.481762934e-05
1.960269779e-05
1.511857446e-05
1.136645177e-05
8.314508494e-06
5.905531934e-06
4.063928611e-06
2.704012814e-06
1.737821394e-06
1.078819658e-06
6.497606561e-07
3.839787361e-07
2.253710254e-07
1.337812601e-07
8.162923664e-08
4.822624482e-08
2.342548349e-08
8.695074849e-09
1.962453349e-09
4.67415002e-10
2.912356632e-10
2.688970528e-10
2.649424213e-10
2.640669772e-10
2.638928144e-10
2.639113056e-10
2.639876279e-10
2.640806787e-10
2.641756037e-10
2.642658203e-10
2.643481456e-10
2.644213985e-10
2.644857191e-10
2.64542033e-10
2.645916061e-10
2.646357316e-10
2.646755646e-10
2.647120823e-10
2.647461094e-10
2.647783745e-10
2.64809575e-10
2.648404303e-10
2.648716859e-10
2.649040106e-10
2.649379712e-10
2.649742786e-10
2.650135651e-10
2.650561151e-10
2.651016366e-10
2.651491056e-10
2.651964861e-10
2.652406508e-10
2.652758555e-10
2.652819729e-10
2.651481444e-10
4.384293934e-05
3.858940766e-05
3.329175332e-05
2.814765587e-05
2.331336802e-05
1.890329301e-05
1.499177426e-05
1.161657863e-05
8.783690528e-06
6.472620004e-06
4.642343575e-06
3.237404922e-06
2.193588499e-06
1.444542107e-06
9.26539603e-07
5.811698318e-07
3.605130486e-07
2.238795196e-07
1.412554708e-07
9.247827665e-08
6.063084158e-08
3.733189915e-08
1.737372777e-08
5.782961471e-09
1.177890549e-09
3.681652977e-10
2.785263794e-10
2.666564956e-10
2.644883079e-10
2.640251274e-10
2.639613622e-10
2.64008433e-10
2.640886303e-10
2.641771194e-10
2.64264128e-10
2.643451901e-10
2.644183742e-10
2.64483311e-10
2.645405769e-10
2.64591219e-10
2.646364133e-10
2.646772723e-10
2.647147747e-10
2.647497678e-10
2.647830108e-10
2.648152291e-10
2.648471581e-10
2.64879531e-10
2.649129638e-10
2.649479702e-10
2.649851953e-10
2.650251819e-10
2.650680916e-10
2.65113508e-10
2.651603306e-10
2.652065414e-10
2.652491388e-10
2.652825052e-10
2.652859693e-10
2.651468219e-10
3.181551691e-05
2.810246413e-05
2.432847672e-05
2.064060265e-05
1.715703902e-05
1.396590711e-05
1.112581856e-05
8.667939046e-06
6.599242669e-06
4.906511626e-06
3.56086765e-06
2.522523184e-06
1.74550702e-06
1.181751093e-06
7.852213159e-07
5.144626741e-07
3.349289067e-07
2.192384408e-07
1.455399207e-07
9.904666438e-08
6.912644758e-08
4.609437626e-08
2.513503376e-08
1.125015668e-08
3.408464978e-09
7.120363866e-10
3.151184202e-10
2.715645306e-10
2.654312321e-10
2.642759503e-10
2.640481884e-10
2.640453902e-10
2.641059968e-10
2.641850219e-10
2.642670394e-10
2.643455617e-10
2.644177321e-10
2.644825968e-10
2.645403346e-10
2.64591729e-10
2.646377983e-10
2.646795756e-10
2.647180114e-10
2.647539542e-10
2.647881765e-10
2.64821419e-10
2.648544206e-10
2.648878922e-10
2.649223915e-10
2.649583946e-10
2.649965161e-10
2.650371975e-10
2.650804524e-10
2.651257523e-10
2.651719342e-10
2.652169971e-10
2.652580123e-10
2.652893972e-10
2.652900498e-10
2.651458528e-10
2.241914796e-05
1.987619108e-05
1.727189007e-05
1.47118048e-05
1.228186169e-05
1.004696653e-05
8.050988168e-06
6.317971832e-06
4.854330884e-06
3.651791148e-06
2.690716845e-06
1.943623449e-06
1.378690568e-06
9.628181682e-07
6.64352314e-07
4.549898759e-07
3.108589221e-07
2.13630343e-07
1.48508662e-07
1.051410862e-07
7.681353825e-08
5.5345846e-08
3.6968893e-08
1.922667306e-08
7.941684153e-09
2.10603216e-09
4.865567225e-10
2.891692299e-10
2.679062341e-10
2.647829357e-10
2.641953359e-10
2.641027297e-10
2.641333121e-10
2.641990227e-10
2.642741071e-10
2.643489278e-10
2.644192788e-10
2.644834949e-10
2.645412993e-10
2.645931745e-10
2.646399486e-10
2.646825461e-10
2.64721865e-10
2.647587362e-10
2.64793933e-10
2.648281987e-10
2.648622641e-10
2.648968042e-10
2.649323224e-10
2.649692799e-10
2.650082373e-10
2.650495202e-10
2.65093024e-10
2.651381271e-10
2.651836066e-10
2.652274765e-10
2.652668652e-10
2.652962634e-10
2.6529429e-10
2.65145832e-10
1.539224048e-05
1.370560073e-05
1.196520789e-05
1.02439633e-05
8.601846739e-06
7.084668244e-06
5.723822532e-06
4.536978731e-06
3.529538118e-06
2.696672081e-06
2.025683485e-06
1.498501404e-06
1.094139594e-06
7.908109465e-07
5.676398356e-07
4.060261407e-07
2.903678262e-07
2.084526869e-07
1.508261187e-07
1.10383761e-07
8.234904629e-08
6.220188831e-08
4.436965179e-08
2.610853575e-08
1.307454483e-08
4.857596335e-09
1.147408779e-09
3.580589313e-10
2.750127871e-10
2.658522116e-10
2.64443958e-10
2.641884174e-10
2.641722154e-10
2.642192619e-10
2.642850279e-10
2.643548648e-10
2.644226608e-10
2.644857656e-10
2.645433261e-10
2.645954699e-10
2.646428064e-10
2.646861332e-10
2.647262822e-10
2.647640562e-10
2.648002191e-10
2.648355034e-10
2.648706113e-10
2.649061616e-10
2.649426001e-10
2.649803772e-10
2.650199893e-10
2.650616585e-10
2.651051819e-10
2.651498643e-10
2.651944531e-10
2.652370382e-10
2.65274904e-10
2.653026243e-10
2.652985423e-10
2.651468966e-10
1.036691301e-05
9.280801028e-06
8.151403312e-06
7.027117293e-06
5.948166239e-06
4.945612918e-06
4.041062465e-06
3.247031955e-06
2.567877683e-06
2.001147006e-06
1.53916259e-06
1.170698904e-06
8.826106464e-07
6.612115161e-07
4.934127614e-07
3.675525254e-07
2.736900235e-07
2.040314087e-07
1.526403865e-07
1.148005515e-07
8.715782281e-08
6.730752196e-08
5.162888884e-08
3.63178044e-08
2.013665886e-08
9.295334829e-09
3.023872347e-09
6.747963888e-10
3.046721426e-10
2.690929582e-10
2.649824698e-10
2.643314522e-10
2.642282552e-10
2.642468217e-10
2.642999067e-10
2.643632114e-10
2.644276271e-10
2.644891542e-10
2.64546204e-10
2.645984573e-10
2.646462613e-10
2.64690266e-10
2.647312252e-10
2.64769902e-10
2.648070351e-10
2.648433257e-10
2.648794309e-10
2.64915926e-10
2.649532302e-10
2.649917613e-10
2.650319255e-10
2.650738439e-10
2.651172322e-10
2.651613501e-10
2.652049624e-10
2.652462689e-10
2.652826881e-10
2.653088007e-10
2.653028849e-10
2.651487774e-10
6.924257854e-06
6.241130459e-06
5.525084303e-06
4.807050091e-06
4.113008039e-06
3.463275367e-06
2.872238272e-06
2.348533195e-06
1.895604807e-06
1.512554721e-06
1.195147256e-06
9.368720637e-07
7.299753674e-07
5.663231212e-07
4.380952873e-07
3.382376942e-07
2.606360301e-07
2.005802624e-07
1.543893505e-07
1.190666116e-07
9.237980223e-08
7.283462531e-08
5.791600415e-08
4.36354012e-08
2.846501327e-08
1.482865402e-08
6.179569412e-09
1.741346905e-09
4.41467183e-10
2.814262253e-10
2.664495154e-10
2.646095071e-10
2.64314568e-10
2.642848154e-10
2.64319719e-10
2.643743539e-10
2.644343833e-10
2.644938219e-10
2.645500833e-10
2.646023075e-10
2.646505198e-10
2.646951849e-10
2.647369515e-10
2.647765182e-10
2.648145771e-10
2.648517981e-10
2.648888368e-10
2.649262759e-10
2.649644857e-10
2.650037993e-10
2.650445269e-10
2.650866999e-10
2.651299653e-10
2.651735444e-10
2.652162178e-10
2.652562206e-10
2.65290976e-10
2.653151287e-10
2.653071048e-10
2.65150025e-10
4.655851623e-06
4.231877633e-06
3.783783656e-06
3.330674269e-06
2.888793793e-06
2.471044695e-06
2.086776381e-06
1.741860013e-06
1.439000399e-06
1.178238302e-06
9.575488728e-07
7.734802633e-07
6.217759757e-07
4.97885306e-07
3.973609319e-07
3.161475485e-07
2.506364861e-07
1.979975359e-07
1.559765127e-07
1.227023167e-07
9.666375097e-08
7.669791804e-08
6.166221209e-08
4.935471291e-08
3.615503093e-08
2.092630423e-08
1.03136826e-08
3.904989972e-09
9.98623377e-10
3.380127117e-10
2.715085945e-10
2.652808093e-10
2.644661411e-10
2.643405755e-10
2.643468717e-10
2.6438936e-10
2.644434981e-10
2.645001676e-10
2.645553295e-10
2.646073659e-10
2.646559019e-10
2.647011675e-10
2.647436716e-10
2.647840328e-10
2.64822908e-10
2.648609761e-10
2.648989051e-10
2.649372297e-10
2.64976241e-10
2.650162287e-10
2.650574394e-10
2.650998208e-10
2.651429505e-10
2.651859977e-10
2.6522772e-10
2.652663253e-10
2.652992174e-10
2.653212587e-10
2.653109798e-10
2.651503748e-10
3.208211416e-06
2.944618713e-06
2.66367961e-06
2.376881224e-06
2.0941397e-06
1.823490121e-06
1.570932324e-06
1.340448863e-06
1.134161535e-06
9.526119106e-07
7.950915868e-07
6.600086666e-07
5.452454654e-07
4.484456726e-07
3.672369445e-07
2.99403696e-07
2.428847753e-07
1.959914595e-07
1.575041687e-07
1.261157146e-07
1.009816751e-07
8.130140446e-08
6.656815616e-08
5.507134764e-08
4.34169609e-08
3.06914407e-08
1.631228795e-08
7.235886684e-09
2.359088404e-09
5.844528067e-10
2.926350324e-10
2.672628462e-10
2.647739204e-10
2.644286002e-10
2.643854788e-10
2.644097553e-10
2.644554345e-10
2.645081203e-10
2.645616284e-10
2.646132163e-10
2.64661928e-10
2.64707703e-10
2.647508904e-10
2.647920252e-10
2.64831732e-10
2.648706653e-10
2.6490944e-10
2.649485117e-10
2.649881196e-10
2.650285407e-10
2.650699761e-10
2.651123087e-10
2.651550749e-10
2.651974326e-10
2.652381585e-10
2.652754518e-10
2.653067085e-10
2.653270115e-10
2.653149415e-10
2.651516326e-10
2.30387278e-06
2.136522899e-06
1.956701477e-06
1.771208668e-06
1.586028495e-06
1.406134306e-06
1.235384009e-06
1.076507572e-06
9.31175576e-07
8.00144574e-07
6.834245061e-07
5.804775685e-07
4.904168256e-07
4.121579875e-07
3.44538453e-07
2.864208533e-07
2.366832092e-07
1.943577441e-07
1.587790488e-07
1.290546203e-07
1.046625524e-07
8.506089029e-08
6.995370073e-08
5.830550167e-08
4.794014762e-08
3.609972832e-08
2.148136002e-08
1.101470061e-08
4.561742489e-09
1.345211065e-09
3.907273139e-10
2.751824684e-10
2.656152205e-10
2.64588449e-10
2.64439937e-10
2.644344731e-10
2.644675299e-10
2.645142957e-10
2.645652825e-10
2.646161126e-10
2.646649517e-10
2.64711312e-10
2.64755357e-10
2.647975293e-10
2.64838388e-10
2.648785152e-10
2.649184349e-10
2.649585025e-10
2.64998903e-10
2.650398983e-10
2.6508164e-10
2.651239564e-10
2.651663689e-10
2.652080547e-10
2.652477989e-10
2.652837839e-10
2.653135712e-10
2.653323638e-10
2.653186965e-10
2.651528372e-10
1.742417889e-06
1.631746381e-06
1.511955954e-06
1.387073222e-06
1.260727257e-06
1.136030324e-06
1.015507678e-06
9.010721859e-07
7.940486638e-07
6.952408442e-07
6.050049103e-07
5.233530718e-07
4.500614011e-07
3.847436784e-07
3.269129007e-07
2.760442365e-07
2.315873034e-07
1.929697509e-07
1.597821648e-07
1.316678218e-07
1.080810929e-07
8.876407099e-08
7.346875726e-08
6.201651083e-08
5.27442172e-08
4.248621203e-08
3.059955332e-08
1.672414652e-08
7.790133454e-09
2.860072108e-09
7.777182505e-10
3.131072008e-10
2.686242819e-10
2.649266127e-10
2.644866022e-10
2.644233679e-10
2.644362331e-10
2.644743458e-10
2.645219713e-10
2.645721922e-10
2.646218851e-10
2.646698998e-10
2.647160831e-10
2.647607505e-10
2.648043993e-10
2.648475586e-10
2.648907074e-10
2.649341122e-10
2.649779219e-10
2.650224033e-10
2.650676372e-10
2.651133796e-10
2.651590805e-10
2.652038422e-10
2.652462842e-10
2.652843249e-10
2.65315711e-10
2.653349425e-10
2.653202765e-10
2.651522819e-10
1.389246736e-06
1.311904217e-06
1.227692107e-06
1.139041865e-06
1.048206767e-06
9.571922913e-07
8.677056102e-07
7.811278021e-07
6.985200799e-07
6.206446336e-07
5.479923493e-07
4.808329756e-07
4.192738945e-07
3.632936594e-07
3.127406423e-07
2.674563867e-07
2.272063138e-07
1.916625492e-07
1.605994212e-07
1.339260151e-07
1.111601739e-07
9.220251315e-08
7.697438659e-08
6.548593493e-08
5.636526077e-08
4.680498278e-08
3.563355279e-08
2.152120877e-08
1.132471607e-08
4.963519497e-09
1.658705921e-09
4.776372814e-10
2.815468927e-10
2.657839202e-10
2.644131398e-10
2.642378129e-10
2.642231176e-10
2.642487979e-10
2.642894912e-10
2.643355617e-10
2.643826439e-10
2.64428945e-10
2.64473965e-10
2.645178085e-10
2.645608334e-10
2.646034638e-10
2.646460643e-10
2.646888028e-10
2.647317724e-10
2.647751236e-10
2.648188148e-10
2.648625144e-10
2.649056342e-10
2.649472862e-10
2.649861777e-10
2.650205533e-10
2.650484442e-10
2.650647473e-10
2.650484893e-10
2.648787951e-10
1.159487138e-06
1.102146886e-06
1.039440355e-06
9.728932874e-07
9.039639572e-07
8.340013744e-07
7.642080953e-07
6.956158124e-07
6.290831652e-07
5.652936138e-07
5.04763771e-07
4.478612575e-07
3.948436263e-07
3.458617422e-07
3.009381905e-07
2.601078957e-07
2.233128349e-07
1.903736312e-07
1.611889438e-07
1.357898153e-07
1.137923648e-07
9.519055399e-08
7.999314168e-08
6.790681123e-08
5.856807013e-08
5.066278612e-08
4.125532005e-08
2.992128596e-08
1.653290456e-08
7.923217809e-09
3.115101089e-09
9.363133561e-10
3.38272729e-10
2.699466702e-10
2.649191849e-10
2.644300797e-10
2.643649873e-10
2.643727787e-10
2.644041168e-10
2.644446653e-10
2.644882115e-10
2.645321289e-10
2.645755229e-10
2.646182711e-10
2.646605591e-10
2.64702673e-10
2.647448688e-10
2.647872163e-10
2.648297507e-10
2.648725367e-10
2.649154234e-10
2.649579921e-10
2.649995999e-10
2.650393172e-10
2.650758853e-10
2.65107881e-10
2.651333126e-10
2.651471656e-10
2.651292586e-10
2.649573578e-10
1.0023493e-06
9.575380281e-07
9.083820391e-07
8.558892602e-07
8.010546285e-07
7.448305414e-07
6.881008813e-07
6.316621095e-07
5.762162619e-07
5.223591993e-07
4.705826926e-07
4.212733786e-07
3.747440471e-07
3.312145254e-07
2.907941902e-07
2.536304863e-07
2.197617486e-07
1.890890867e-07
1.616059431e-07
1.373885613e-07
1.161688863e-07
9.800182834e-08
8.29129597e-08
7.07431634e-08
6.156144958e-08
5.409654005e-08
4.541353431e-08
3.47231556e-08
2.102471345e-08
1.124082241e-08
5.097153117e-09
1.850323145e-09
5.611690788e-10
2.903646635e-10
2.665043223e-10
2.647440741e-10
2.645543344e-10
2.645351595e-10
2.645540833e-10
2.645870272e-10
2.646252576e-10
2.646651728e-10
2.647054902e-10
2.647458779e-10
2.647863517e-10
2.648270501e-10
2.64868106e-10
2.649094746e-10
2.649511041e-10
2.649929798e-10
2.650348868e-10
2.650763478e-10
2.651166695e-10
2.651548465e-10
2.651895642e-10
2.652195927e-10
2.652428037e-10
2.652544519e-10
2.652351283e-10
2.650611321e-10
8.885944011e-07
8.521073978e-07
8.119928289e-07
7.689558436e-07
7.237107473e-07
6.76961775e-07
6.293829884e-07
5.816082317e-07
5.34216057e-07
4.877196862e-07
4.425669557e-07
3.991280676e-07
3.577227018e-07
3.185887258e-07
2.818833958e-07
2.478048815e-07
2.164433408e-07
1.877563667e-07
1.617953142e-07
1.385863074e-07
1.181671519e-07
1.005232593e-07
8.551231679e-08
7.315727181e-08
6.348809662e-08
5.546026498e-08
4.825164463e-08
3.880083079e-08
2.654835791e-08
1.511096276e-08
7.500088852e-09
3.107700655e-09
1.035248938e-09
3.707632877e-10
2.721622683e-10
2.65274694e-10
2.647474864e-10
2.646873328e-10
2.646916303e-10
2.6471484e-10
2.647451704e-10
2.647782299e-10
2.648125599e-10
2.648477795e-10
2.648838378e-10
2.649207811e-10
2.649586409e-10
2.649972819e-10
2.650365411e-10
2.650762954e-10
2.651162646e-10
2.651558886e-10
2.651943513e-10
2.652304947e-10
2.652630259e-10
2.652908124e-10
2.653117338e-10
2.653214026e-10
2.653006692e-10
2.651240017e-10
8.017361073e-07
7.711410222e-07
7.374454003e-07
7.011665958e-07
6.628402635e-07
6.230071292e-07
5.821983304e-07
5.409281953e-07
4.996785165e-07
4.588878053e-07
4.189580044e-07
3.802278195e-07
3.430056305e-07
3.075119533e-07
2.739359403e-07
2.424950145e-07
2.13305947e-07
1.863430448e-07
1.616941256e-07
1.395195929e-07
1.199904492e-07
1.028141531e-07
8.801428784e-08
7.564339514e-08
6.570134748e-08
5.806831871e-08
5.164752551e-08
4.351678018e-08
3.31308689e-08
2.004792469e-08
1.080290087e-08
4.994129635e-09
1.900957857e-09
6.123604181e-10
2.981647785e-10
2.669094131e-10
2.649888567e-10
2.64834638e-10
2.648235335e-10
2.648372656e-10
2.648585864e-10
2.648827709e-10
2.649085788e-10
2.649357785e-10
2.649644071e-10
2.649945708e-10
2.650263223e-10
2.650595438e-10
2.650940269e-10
2.651295187e-10
2.651656295e-10
2.652016639e-10
2.65236652e-10
2.652693698e-10
2.652988045e-10
2.653240115e-10
2.653427677e-10
2.653507607e-10
2.653288191e-10
2.65149664e-10
7.324663596e-07
7.062865311e-07
6.774098872e-07
6.462301629e-07
6.131628131e-07
5.786338073e-07
5.430735307e-07
5.069041724e-07
4.705305174e-07
4.343292989e-07
3.986530321e-07
3.638081999e-07
3.300814726e-07
2.976768445e-07
2.66791689e-07
2.376535894e-07
2.103960213e-07
1.850109951e-07
1.616216474e-07
1.404184107e-07
1.216048755e-07
1.048761817e-07
9.028565028e-08
7.784807119e-08
6.760774164e-08
5.958817321e-08
5.272027028e-08
4.618950567e-08
3.693132335e-08
2.413679371e-08
1.412802539e-08
7.192500198e-09
3.08105465e-09
1.092859612e-09
3.983593874e-10
2.744972869e-10
2.655032975e-10
2.649828786e-10
2.649480721e-10
2.64956562e-10
2.649721637e-10
2.649896091e-10
2.650080729e-10
2.65027563e-10
2.65048269e-10
2.650704308e-10
2.650942319e-10
2.651197235e-10
2.651468155e-10
2.651752375e-10
2.652045964e-10
2.652342016e-10
2.652632143e-10
2.652907815e-10
2.653163839e-10
2.653388726e-10
2.653555331e-10
2.653620327e-10
2.653388402e-10
2.651567162e-10
6.753572803e-07
6.526385809e-07
6.275439037e-07
6.003808464e-07
5.714787169e-07
5.411816162e-07
5.098418607e-07
4.778101055e-07
4.454286158e-07
4.130238249e-07
3.808930136e-07
3.49320167e-07
3.185683991e-07
2.888214713e-07
2.602770715e-07
2.331626547e-07
2.076177652e-07
1.836436948e-07
1.614791154e-07
1.41289404e-07
1.231042861e-07
1.068151516e-07
9.248610735e-08
8.016784746e-08
6.993675642e-08
6.192971598e-08
5.538442282e-08
4.979137917e-08
4.216465183e-08
3.20938886e-08
1.940728381e-08
1.050538879e-08
4.915553036e-09
1.925985975e-09
6.576192294e-10
3.096652986e-10
2.674742582e-10
2.65163318e-10
2.650472006e-10
2.650491476e-10
2.650621111e-10
2.650767622e-10
2.650918779e-10
2.651074149e-10
2.651234922e-10
2.651402913e-10
2.6515797e-10
2.651766574e-10
2.651964044e-10
2.652170936e-10
2.652385932e-10
2.652606102e-10
2.652829728e-10
2.653055033e-10
2.653277808e-10
2.653477499e-10
2.653621407e-10
2.653671169e-10
2.653424535e-10
2.651564394e-10
6.269646366e-07
6.070548165e-07
5.850332891e-07
5.611438466e-07
5.356509444e-07
5.088360241e-07
4.809894534e-07
4.524047095e-07
4.233711793e-07
3.941723821e-07
3.650661314e-07
3.363080715e-07
3.081341047e-07
2.807146921e-07
2.542483613e-07
2.289677057e-07
2.050150244e-07
1.824323893e-07
1.613952317e-07
1.420185173e-07
1.244164579e-07
1.085422502e-07
9.447383035e-08
8.227037716e-08
7.199570071e-08
6.375182731e-08
5.747123576e-08
5.225020614e-08
4.534910269e-08
3.601020365e-08
2.323581985e-08
1.348559045e-08
6.858110388e-09
2.961782878e-09
1.084817718e-09
4.088629618e-10
2.756554692e-10
2.655751389e-10
2.651300684e-10
2.651156626e-10
2.651253137e-10
2.651375197e-10
2.651502048e-10
2.651631045e-10
2.651762329e-10
2.651896634e-10
2.652034709e-10
2.652177236e-10
2.652324842e-10
2.652477715e-10
2.65263761e-10
2.652806163e-10
2.652987207e-10
2.653180372e-10
2.65337724e-10
2.653551205e-10
2.65366954e-10
2.653703228e-10
2.653440891e-10
2.651536325e-10
5.859501114e-07
5.683488683e-07
5.488528222e-07
5.276575967e-07
5.049786742e-07
4.810470992e-07
4.561046366e-07
4.30398639e-07
4.041768106e-07
3.7768491e-07
3.511493336e-07
3.247980327e-07
2.98838757e-07
2.734370961e-07
2.487862871e-07
2.251093566e-07
2.025495505e-07
1.8115025e-07
1.610770818e-07
1.424652994e-07
1.254425451e-07
1.099872442e-07
9.61772166e-08
8.407715273e-08
7.373161003e-08
6.519191313e-08
5.859308399e-08
5.300816987e-08
4.786901685e-08
4.042866591e-08
3.044317767e-08
1.797468249e-08
9.493690154e-09
4.364160635e-09
1.717150901e-09
6.214803435e-10
3.09321592e-10
2.673292515e-10
2.65239669e-10
2.651726421e-10
2.651769681e-10
2.651857936e-10
2.651954126e-10
2.652053514e-10
2.652155068e-10
2.652258765e-10
2.652365209e-10
2.652475215e-10
2.652589751e-10
2.652710242e-10
2.652839991e-10
2.652981737e-10
2.653138907e-10
2.653307519e-10
2.653475904e-10
2.653617962e-10
2.653708923e-10
2.653726773e-10
2.653442636e-10
2.651471638e-10
5.504632622e-07
5.347938966e-07
5.174128218e-07
4.98477918e-07
4.781651944e-07
4.56665714e-07
4.341819199e-07
4.109230446e-07
3.871033075e-07
3.629257754e-07
3.386016409e-07
3.143360704e-07
2.90299944e-07
2.666653869e-07
2.436179438e-07
2.213693495e-07
2.000560046e-07
1.797304015e-07
1.60550073e-07
1.426588246e-07
1.261759429e-07
1.111919948e-07
9.769522846e-08
8.577954346e-08
7.551314044e-08
6.697701708e-08
6.032706453e-08
5.487994642e-08
5.028209784e-08
4.364018532e-08
3.434573215e-08
2.167516237e-08
1.232601213e-08
6.184313357e-09
2.675791826e-09
1.012476478e-09
4.072718885e-10
2.765699256e-10
2.655849885e-10
2.652281797e-10
2.652239936e-10
2.652299905e-10
2.652366798e-10
2.652437497e-10
2.652510865e-10
2.652586652e-10
2.652665245e-10
2.652748105e-10
2.652836877e-10
2.652933604e-10
2.653041077e-10
2.653160667e-10
2.653293202e-10
2.653432476e-10
2.653566757e-10
2.653672939e-10
2.653738166e-10
2.653740834e-10
2.653423702e-10
2.651355219e-10
5.195347417e-07
5.054916719e-07
4.898926709e-07
4.728650488e-07
4.545528289e-07
4.35114525e-07
4.147198695e-07
3.935461399e-07
3.717798081e-07
3.495961929e-07
3.271831286e-07
3.047246225e-07
2.823727979e-07
2.602965053e-07
2.386761838e-07
2.177093046e-07
1.975269315e-07
1.781913393e-07
1.598576207e-07
1.426772371e-07
1.267823925e-07
1.12217532e-07
9.90236825e-08
8.728178359e-08
7.705241411e-08
6.839697819e-08
6.135980545e-08
5.567486586e-08
5.08958751e-08
4.568698781e-08
3.77348721e-08
2.661112024e-08
1.57943039e-08
8.415999648e-09
3.927818123e-09
1.588464552e-09
6.053091016e-10
3.107722106e-10
2.673065694e-10
2.652975493e-10
2.652639928e-10
2.652677912e-10
2.652726821e-10
2.652777898e-10
2.652831427e-10
2.652887119e-10
2.652944906e-10
2.653006519e-10
2.653074395e-10
2.653150452e-10
2.653236317e-10
2.653332063e-10
2.653437062e-10
2.653544405e-10
2.653643052e-10
2.653716391e-10
2.653761577e-10
2.653752119e-10
2.65340356e-10
2.651245746e-10
4.924556233e-07
4.797821836e-07
4.656860203e-07
4.50269788e-07
4.336517247e-07
4.159634591e-07
3.973471389e-07
3.779579798e-07
3.579465493e-07
3.374788166e-07
3.167235068e-07
2.958342256e-07
2.749546256e-07
2.542554967e-07
2.339080351e-07
2.141009283e-07
1.949518917e-07
1.765337673e-07
1.589974559e-07
1.425002666e-07
1.271687816e-07
1.130493148e-07
1.00182698e-07
8.865624085e-08
7.853405887e-08
6.986410969e-08
6.269489472e-08
5.718995208e-08
5.261380033e-08
4.852953838e-08
4.200186689e-08
3.269097234e-08
2.03557673e-08
1.149800149e-08
5.760325807e-09
2.503688795e-09
9.656017435e-10
4.045502778e-10
2.770781394e-10
2.655792568e-10
2.652953597e-10
2.652964764e-10
2.653003959e-10
2.653044729e-10
2.653086813e-10
2.653130287e-10
2.65317512e-10
2.653222721e-10
2.653275801e-10
2.653335828e-10
2.65340342e-10
2.653477511e-10
2.653556256e-10
2.653633151e-10
2.653700522e-10
2.653750099e-10
2.653782444e-10
2.653764934e-10
2.653393428e-10
2.651173998e-10
4.687019125e-07
4.571733407e-07
4.443360461e-07
4.302728198e-07
4.150805452e-07
3.988684337e-07
3.817578685e-07
3.638840688e-07
3.453782961e-07
3.263893652e-07
3.070716521e-07
2.87542361e-07
2.679586382e-07
2.484830397e-07
2.29285141e-07
2.105232009e-07
1.923056547e-07
1.747302823e-07
1.579394488e-07
1.420886505e-07
1.273026394e-07
1.13640927e-07
1.01132749e-07
8.986914506e-08
7.992513915e-08
7.136632233e-08
6.428193278e-08
5.880394417e-08
5.437845061e-08
5.068852771e-08
4.485638022e-08
3.621754382e-08
2.393551802e-08
1.43744385e-08
7.695069104e-09
3.597601521e-09
1.464607033e-09
5.769551617e-10
3.091483432e-10
2.673508559e-10
2.653374954e-10
2.653159762e-10
2.653198153e-10
2.653236041e-10
2.653273677e-10
2.653311457e-10
2.653349715e-10
2.653389626e-10
2.653433322e-10
2.653481651e-10
2.653534361e-10
2.653589822e-10
2.653646133e-10
2.653699046e-10
2.653744941e-10
2.653780765e-10
2.653806079e-10
2.65378409e-10
2.65340026e-10
2.651150189e-10
4.478730182e-07
4.372858948e-07
4.254878879e-07
4.125455482e-07
3.985381579e-07
3.835579649e-07
3.677145233e-07
3.511137421e-07
3.338813787e-07
3.161520335e-07
2.980556335e-07
2.797073407e-07
2.612564815e-07
2.428587649e-07
2.2467264e-07
2.068633412e-07
1.895082453e-07
1.727178934e-07
1.566314439e-07
1.414000966e-07
1.271456521e-07
1.139401087e-07
1.017953807e-07
9.079928922e-08
8.102639077e-08
7.253687145e-08
6.540493461e-08
5.970408081e-08
5.503296304e-08
5.107879852e-08
4.718333443e-08
4.058326968e-08
3.114475718e-08
1.898697055e-08
1.0495026e-08
5.150114558e-09
2.212055376e-09
8.66945736e-10
3.892468028e-10
2.770792223e-10
2.656164164e-10
2.653298332e-10
2.653326271e-10
2.653364804e-10
2.653401841e-10
2.653437822e-10
2.653473118e-10
2.653508812e-10
2.653546267e-10
2.653585981e-10
2.653627395e-10
2.653669222e-10
2.65371032e-10
2.653748717e-10
2.653783143e-10
2.653812445e-10
2.653834341e-10
2.653809704e-10
2.653418513e-10
2.651150683e-10
4.295838237e-07
4.19751001e-07
4.087901164e-07
3.967549727e-07
3.837125884e-07
3.697465512e-07
3.549410955e-07
3.394007834e-07
3.232400256e-07
3.065813906e-07
2.895129415e-07
2.721742791e-07
2.547092061e-07
2.372643427e-07
2.199865867e-07
2.030424568e-07
1.864829959e-07
1.704310194e-07
1.550190673e-07
1.403916812e-07
1.266650692e-07
1.139200257e-07
1.02152851e-07
9.144785502e-08
8.187775708e-08
7.349843849e-08
6.637315258e-08
6.056123254e-08
5.614968322e-08
5.25323823e-08
4.930036333e-08
4.35203532e-08
3.475189444e-08
2.238846926e-08
1.311509969e-08
6.873915029e-09
3.172098125e-09
1.299371581e-09
5.363259937e-10
3.066146668e-10
2.676341462e-10
2.653663801e-10
2.653419803e-10
2.653459122e-10
2.653496031e-10
2.653531014e-10
2.653564566e-10
2.653597567e-10
2.65363086e-10
2.653664799e-10
2.653699019e-10
2.653732855e-10
2.653765848e-10
2.653797237e-10
2.653826541e-10
2.653853027e-10
2.653873188e-10
2.653847127e-10
2.65345315e-10
2.651179344e-10
4.133319747e-07
4.040883712e-07
3.937856386e-07
3.824694942e-07
3.702002474e-07
3.570505686e-07
3.430961556e-07
3.284336273e-07
3.131684226e-07
2.973992033e-07
2.812116686e-07
2.647531007e-07
2.481596216e-07
2.315707176e-07
2.151271933e-07
1.989848247e-07
1.83178667e-07
1.678387198e-07
1.530888827e-07
1.390651763e-07
1.258735329e-07
1.135827654e-07
1.022298846e-07
9.184820882e-08
8.251447748e-08
7.429651889e-08
6.72542128e-08
6.146685167e-08
5.711674888e-08
5.359656118e-08
5.062889398e-08
4.552109983e-08
3.768575792e-08
2.663399038e-08
1.603886306e-08
8.770313273e-09
4.271550212e-09
1.8433529e-09
7.491321884e-10
3.666307554e-10
2.756504662e-10
2.656262082e-10
2.653516393e-10
2.653545008e-10
2.653580818e-10
2.653614388e-10
2.653646079e-10
2.653676781e-10
2.653707073e-10
2.653737267e-10
2.653767266e-10
2.653796802e-10
2.65382577e-10
2.653853837e-10
2.653880649e-10
2.653905369e-10
2.653923896e-10
2.653895802e-10
2.653497034e-10
2.651216565e-10
3.983996152e-07
3.896247213e-07
3.798501816e-07
3.691199416e-07
3.574799357e-07
3.449975163e-07
3.317510684e-07
3.178318073e-07
3.033303061e-07
2.883150954e-07
2.729080615e-07
2.572419316e-07
2.41449299e-07
2.256653463e-07
2.100212299e-07
1.946380132e-07
1.795678635e-07
1.649350348e-07
1.508532888e-07
1.374496207e-07
1.248224568e-07
1.130398771e-07
1.020891835e-07
9.204200521e-08
8.296433508e-08
7.492103469e-08
6.796707479e-08
6.217750638e-08
5.769991449e-08
5.390000244e-08
5.063919608e-08
4.733546631e-08
4.123684866e-08
3.217490092e-08
2.00796803e-08
1.1434288e-08
5.846088361e-09
2.650868988e-09
1.091956761e-09
4.789264137e-10
2.991102051e-10
2.674831298e-10
2.653897721e-10
2.653644185e-10
2.6536804e-10
2.653712722e-10
2.65374251e-10
2.653771e-10
2.653798753e-10
2.653825979e-10
2.653852832e-10
2.653879155e-10
2.653904963e-10
2.653930041e-10
2.653954273e-10
2.653976913e-10
2.65399388e-10
2.653964372e-10
2.653563609e-10
2.651288051e-10
3.838867601e-07
3.75523937e-07
3.662137673e-07
3.559896564e-07
3.449041034e-07
3.330216265e-07
3.204194802e-07
3.071761934e-07
2.933600263e-07
2.790488625e-07
2.643832794e-07
2.494822763e-07
2.344717432e-07
2.194802318e-07
2.046393512e-07
1.900195189e-07
1.756974721e-07
1.617859132e-07
1.483885735e-07
1.356229615e-07
1.235795125e-07
1.123174507e-07
1.017951475e-07
9.210247692e-08
8.330302426e-08
7.545973506e-08
6.863147944e-08
6.290425252e-08
5.842594132e-08
5.481518966e-08
5.184500715e-08
4.914152988e-08
4.376047237e-08
3.527716866e-08
2.312194052e-08
1.385016436e-08
7.485694741e-09
3.604902195e-09
1.555558824e-09
6.563871817e-10
3.489637659e-10
2.748169253e-10
2.657077695e-10
2.653778505e-10
2.653804177e-10
2.653838873e-10
2.653867748e-10
2.653893836e-10
2.65391823e-10
2.653941035e-10
2.653963188e-10
2.653985074e-10
2.654007317e-10
2.654029914e-10
2.654053024e-10
2.654075669e-10
2.65409355e-10
2.654064393e-10
2.653660923e-10
2.651386775e-10
3.689205273e-07
3.609765319e-07
3.52127428e-07
3.424135476e-07
3.318869852e-07
3.206126157e-07
3.086576555e-07
2.960833218e-07
2.829474988e-07
2.693754808e-07
2.554809635e-07
2.413798585e-07
2.27191629e-07
2.130422342e-07
1.99008248e-07
1.851738836e-07
1.716222899e-07
1.58452954e-07
1.457584229e-07
1.336470715e-07
1.222017932e-07
1.114635752e-07
1.013816464e-07
9.205658219e-08
8.354770569e-08
7.591508417e-08
6.921446563e-08
6.351987955e-08
5.895000399e-08
5.554967168e-08
5.275611239e-08
5.035617138e-08
4.565459383e-08
3.823622997e-08
2.784287488e-08
1.683866815e-08
9.34299736e-09
4.685911133e-09
2.113618522e-09
8.958104432e-10
4.279527933e-10
2.928682545e-10
2.675395359e-10
2.654346712e-10
2.653949308e-10
2.653994896e-10
2.654029062e-10
2.654055078e-10
2.654076061e-10
2.65409412e-10
2.654112325e-10
2.654132227e-10
2.654154783e-10
2.654179284e-10
2.654205223e-10
2.654230758e-10
2.654251475e-10
2.65422428e-10
2.653820326e-10
2.651546809e-10
3.529296411e-07
3.454625524e-07
3.371398328e-07
3.280027277e-07
3.181045242e-07
3.07500138e-07
2.962382498e-07
2.843798228e-07
2.720045762e-07
2.592365251e-07
2.461776776e-07
2.329374248e-07
2.196265751e-07
2.063519408e-07
1.931874561e-07
1.801842649e-07
1.674373195e-07
1.550336024e-07
1.430561767e-07
1.316057303e-07
1.207577496e-07
1.105340975e-07
1.008927043e-07
9.193210299e-08
8.370901722e-08
7.628191859e-08
6.970637277e-08
6.404996979e-08
5.943073028e-08
5.591770312e-08
5.28159739e-08
5.0075694e-08
4.715015944e-08
4.133244068e-08
3.250277506e-08
2.051527842e-08
1.188042814e-08
6.235118284e-09
2.939332921e-09
1.268549051e-09
5.630961386e-10
3.295205474e-10
2.736074e-10
2.658287061e-10
2.654182621e-10
2.654186128e-10
2.65422949e-10
2.654262466e-10
2.65428725e-10
2.654307605e-10
2.654328201e-10
2.654351587e-10
2.65437859e-10
2.654407787e-10
2.654438255e-10
2.65446759e-10
2.654491238e-10
2.65446488e-10
2.65405351e-10
2.651761514e-10
3.358453001e-07
3.28935695e-07
3.212245301e-07
3.12753249e-07
3.035643749e-07
2.936919643e-07
2.831896364e-07
2.721232546e-07
2.606033624e-07
2.487205359e-07
2.365730257e-07
2.242617953e-07
2.118842873e-07
1.9953077e-07
1.872549345e-07
1.751110064e-07
1.631845116e-07
1.515531108e-07
1.402917744e-07
1.294945768e-07
1.192317167e-07
1.095115448e-07
1.003006239e-07
9.169671938e-08
8.375728209e-08
7.654256814e-08
7.01181354e-08
6.45537874e-08
5.998737043e-08
5.653972772e-08
5.356262373e-08
5.10972098e-08
4.877207226e-08
4.365163806e-08
3.535486185e-08
2.336490308e-08
1.417773753e-08
7.817017264e-09
3.87847641e-09
1.741357605e-09
7.574135197e-10
3.907064852e-10
2.87341754e-10
2.674829144e-10
2.655094064e-10
2.65447522e-10
2.654528938e-10
2.654576186e-10
2.654611964e-10
2.654639855e-10
2.654666238e-10
2.654694706e-10
2.654726468e-10
2.654759963e-10
2.654794208e-10
2.654826547e-10
2.654852515e-10
2.654828072e-10
2.654416389e-10
2.652121056e-10
3.181663853e-07
3.118818459e-07
3.048480156e-07
2.970959025e-07
2.886561224e-07
2.795627626e-07
2.698796731e-07
2.596963973e-07
2.490935593e-07
2.381563337e-07
2.269749388e-07
2.156411602e-07
2.04247694e-07
1.928160368e-07
1.814185604e-07
1.70125426e-07
1.59005574e-07
1.48127059e-07
1.375614133e-07
1.273945317e-07
1.176917607e-07
1.084543409e-07
9.96550568e-08
9.139415628e-08
8.373124192e-08
7.67295036e-08
7.045969357e-08
6.499578116e-08
6.048432786e-08
5.705045957e-08
5.422711546e-08
5.196356547e-08
4.998811757e-08
4.552979846e-08
3.823539419e-08
2.790948378e-08
1.705457692e-08
9.60885694e-09
4.925471568e-09
2.289764146e-09
1.001378793e-09
4.773434086e-10
3.101897914e-10
2.714200877e-10
2.658565455e-10
2.654997765e-10
2.654986618e-10
2.6550459e-10
2.655092536e-10
2.655129481e-10
2.655161982e-10
2.655194569e-10
2.655229306e-10
2.65526519e-10
2.655301525e-10
2.65533576e-10
2.655363515e-10
2.655339737e-10
2.654921507e-10
2.652608345e-10
3.006945446e-07
2.950286936e-07
2.886561011e-07
2.816075672e-07
2.739082854e-07
2.656078699e-07
2.567816733e-07
2.474958454e-07
2.378218433e-07
2.278368263e-07
2.176200269e-07
2.072488602e-07
1.967995002e-07
1.862707252e-07
1.757399157e-07
1.652705516e-07
1.549247342e-07
1.447653458e-07
1.348612003e-07
1.252942738e-07
1.16133008e-07
1.073448156e-07
9.893736667e-08
9.100660359e-08
8.361275577e-08
7.68193966e-08
7.069610313e-08
6.531278372e-08
6.080732807e-08
5.729380624e-08
5.440072504e-08
5.191347508e-08
4.986028654e-08
4.697157096e-08
4.125893344e-08
3.253134402e-08
2.064812242e-08
1.206538372e-08
6.421834467e-09
3.091640015e-09
1.369953903e-09
6.167627648e-10
3.508793376e-10
2.799447751e-10
2.669417753e-10
2.656179457e-10
2.65568202e-10
2.655743477e-10
2.655798273e-10
2.655841027e-10
2.655877036e-10
2.655911024e-10
2.655945143e-10
2.655979538e-10
2.656014426e-10
2.656047843e-10
2.656075697e-10
2.656053151e-10
2.655636326e-10
2.653322192e-10
2.842628322e-07
2.791400744e-07
2.733666563e-07
2.669688765e-07
2.599808981e-07
2.524615666e-07
2.444628261e-07
2.360423517e-07
2.27264293e-07
2.181968915e-07
2.089098195e-07
1.994704521e-07
1.898688967e-07
1.801728115e-07
1.704425337e-07
1.607337238e-07
1.511020429e-07
1.41605854e-07
1.323131974e-07
1.233011531e-07
1.146350206e-07
1.062760001e-07
9.823964242e-08
9.062498277e-08
8.34933684e-08
7.69086747e-08
7.093959807e-08
6.565251917e-08
6.117213764e-08
5.759060903e-08
5.485171561e-08
5.245240818e-08
5.045385197e-08
4.843498403e-08
4.350057056e-08
3.529987989e-08
2.335692024e-08
1.423843619e-08
7.913706435e-09
3.976558799e-09
1.817851237e-09
8.043819987e-10
4.128302457e-10
2.950522257e-10
2.693763332e-10
2.658882404e-10
2.656689714e-10
2.65669962e-10
2.65675487e-10
2.656797859e-10
2.656834106e-10
2.656867494e-10
2.656899107e-10
2.656930037e-10
2.656961509e-10
2.656992578e-10
2.657019398e-10
2.656995925e-10
2.656571924e-10
2.654238166e-10
2.692800059e-07
2.646175429e-07
2.593672456e-07
2.535550013e-07
2.472243603e-07
2.404109675e-07
2.331598012e-07
2.255220506e-07
2.175531892e-07
2.093104938e-07
2.008533953e-07
1.922218796e-07
1.834017261e-07
1.744646025e-07
1.65461174e-07
1.564421926e-07
1.474591605e-07
1.38566766e-07
1.29834183e-07
1.213332352e-07
1.131291709e-07
1.051710222e-07
9.748765405e-08
9.017751237e-08
8.330215827e-08
7.692588722e-08
7.111807182e-08
6.59464716e-08
6.153843628e-08
5.799648658e-08
5.536799434e-08
5.310717924e-08
5.130125819e-08
4.960902103e-08
4.51243629e-08
3.742535132e-08
2.591342581e-08
1.627575869e-08
9.303057906e-09
4.818027249e-09
2.267908943e-09
1.009311216e-09
4.884252503e-10
3.162209448e-10
2.736417621e-10
2.664812539e-10
2.658189568e-10
2.657981754e-10
2.658030243e-10
2.658067186e-10
2.658096961e-10
2.658124326e-10
2.658149485e-10
2.658173445e-10
2.658198173e-10
2.658224181e-10
2.658248403e-10
2.658225009e-10
2.657805421e-10
2.655478894e-10
2.560592992e-07
2.517924663e-07
2.470074096e-07
2.417223116e-07
2.359650552e-07
2.297699728e-07
2.231771536e-07
2.162314542e-07
2.089806821e-07
2.014763437e-07
1.937505679e-07
1.857817834e-07
1.776329361e-07
1.693491843e-07
1.609750455e-07
1.525560843e-07
1.441402607e-07
1.357792519e-07
1.275456952e-07
1.195017106e-07
1.11704118e-07
1.041072455e-07
9.674393591e-08
8.971290468e-08
8.307492657e-08
7.689291462e-08
7.123452911e-08
6.61676008e-08
6.181438905e-08
5.828531437e-08
5.568494789e-08
5.346020813e-08
5.173816235e-08
5.031873607e-08
4.657917394e-08
4.023692694e-08
3.110574915e-08
1.930069436e-08
1.103505206e-08
5.771573509e-09
2.756208335e-09
1.232303254e-09
5.744476606e-10
3.424618113e-10
2.795143455e-10
2.674162871e-10
2.660326209e-10
2.65960093e-10
2.659620997e-10
2.659646717e-10
2.659665876e-10
2.659683264e-10
2.659700041e-10
2.659716895e-10
2.659735687e-10
2.659757964e-10
2.659781048e-10
2.65975764e-10
2.659337163e-10
2.657005533e-10
2.453645806e-07
2.414245792e-07
2.370069121e-07
2.321318172e-07
2.268251784e-07
2.211184198e-07
2.150480724e-07
2.086543923e-07
2.01978131e-07
1.95055866e-07
1.878516982e-07
1.804050825e-07
1.727767507e-07
1.650026085e-07
1.571219186e-07
1.491769531e-07
1.412130426e-07
1.332795812e-07
1.254494454e-07
1.177842778e-07
1.103313427e-07
1.030312939e-07
9.594074866e-08
8.915198153e-08
8.272360651e-08
7.671623856e-08
7.119374837e-08
6.622422193e-08
6.191790117e-08
5.837440571e-08
5.567445273e-08
5.330838646e-08
5.125483721e-08
4.957940217e-08
4.704966666e-08
4.170394817e-08
3.328086911e-08
2.139429994e-08
1.264590731e-08
6.828073525e-09
3.357358371e-09
1.528381938e-09
6.980711081e-10
3.845353305e-10
2.905760863e-10
2.695777816e-10
2.664161828e-10
2.661638573e-10
2.661597955e-10
2.661608505e-10
2.661607418e-10
2.661605735e-10
2.661606086e-10
2.661609393e-10
2.661618287e-10
2.661634248e-10
2.661654454e-10
2.661631674e-10
2.661219442e-10
2.658904115e-10
)
;

boundaryField
{
    inletCH4
    {
        type            fixedValue;
        value           uniform 0;
    }
    wallOutside
    {
        type            zeroGradient;
    }
    wallTube
    {
        type            zeroGradient;
    }
    inletPilot
    {
        type            fixedValue;
        value           uniform 0;
    }
    inletAir
    {
        type            fixedValue;
        value           uniform 0;
    }
    outlet
    {
        type            zeroGradient;
    }
    axis
    {
        type            empty;
    }
    frontAndBack_pos
    {
        type            wedge;
    }
    frontAndBack_neg
    {
        type            wedge;
    }
}


// ************************************************************************* //
