/*--------------------------------*- C++ -*----------------------------------*\
  =========                 |
  \\      /  F ield         | OpenFOAM: The Open Source CFD Toolbox
   \\    /   O peration     | Website:  https://openfoam.org
    \\  /    A nd           | Version:  10
     \\/     M anipulation  |
\*---------------------------------------------------------------------------*/
FoamFile
{
    format      ascii;
    class       volScalarField;
    location    "0.0250188088";
    object      C2H_0;
}
// * * * * * * * * * * * * * * * * * * * * * * * * * * * * * * * * * * * * * //

dimensions      [0 0 0 0 0 0 0];

internalField   nonuniform List<scalar> 
5170
(
0
0
0
0
0
0
0
0
0
0
0
0
0
0
0
0
0
0
0
0
0
0
0
0
0
0
0
0
0
0
0
0
0
0
0
0
0
0
0
0
0
0
0
0
0
0
0
0
0
0
0
0
0
0
0
0
0
0
0
0
0
0
0
0
0
0
0
0
0
0
0
0
0
0
0
0
0
0
0
0
0
0
0
0
0
0
0
0
0
0
0
0
0
0
0
0
0
0
0
0
2.497602057e-19
4.429484154e-21
0
0
0
1.849796747e-19
0
1.735180434e-20
1.629813066e-21
0
4.513267249e-20
0
2.576185367e-19
0
1.372752979e-21
2.044101238e-20
0
2.280105495e-19
0
0
0
9.425310625e-20
9.539533534e-20
1.788585559e-21
0
0
0
0
0
3.900852028e-17
3.353249323e-18
0
0
0
0
0
1.419961512e-14
0
0
0
0
0
0
0
2.972224371e-14
0
6.289177924e-13
4.367778524e-13
7.36782912e-14
4.126242657e-15
5.602399219e-14
6.150011886e-13
4.461394541e-13
2.297834355e-14
1.071337092e-13
1.681424671e-14
4.251921549e-14
2.380290228e-14
4.066080127e-16
6.230396889e-14
2.385197002e-14
3.489144553e-15
7.528273055e-16
3.331557646e-14
2.692936219e-13
1.368383409e-13
1.629104526e-15
3.027948761e-15
1.541423533e-13
4.543047819e-13
3.326298559e-13
1.05014987e-13
9.286293623e-14
2.596332455e-13
2.743402578e-13
3.61940043e-13
2.445351639e-13
2.307346102e-13
3.913348737e-13
2.630028681e-13
2.598507529e-13
3.861788543e-13
3.668545507e-13
2.787166622e-13
3.646394295e-13
2.141701652e-13
2.547511442e-13
2.463360187e-13
2.216070115e-13
2.256330394e-13
9.196861395e-13
4.164107243e-13
2.393061888e-13
3.00443202e-13
1.220880792e-13
6.471137763e-11
2.442425465e-11
3.188380806e-12
6.706981879e-13
5.224610384e-14
0
0
0
0
3.643291765e-13
0
0
1.865351725e-14
4.228023547e-13
1.459256965e-11
0
0
0
6.3583273e-13
1.299201311e-11
0
1.113761643e-14
3.151522742e-13
6.631960396e-12
1.342566923e-10
0
7.141614795e-14
9.112518214e-13
1.389974142e-11
2.011361662e-10
6.598307802e-15
1.391103017e-13
9.779728239e-13
1.538935735e-11
1.647094804e-10
2.219351113e-14
2.066020656e-13
9.563813157e-13
1.222800719e-11
1.004146044e-10
3.008110381e-14
1.533332614e-13
9.840111741e-13
1.09974359e-11
8.447741483e-11
2.349851378e-14
5.177432626e-14
1.411667369e-12
1.502048025e-11
1.161519967e-10
3.257723351e-14
1.476928384e-13
2.13252167e-12
1.987220907e-11
1.379599668e-10
9.149178331e-14
3.935765026e-13
3.058263974e-12
2.405819645e-11
1.472908193e-10
6.411282117e-14
4.134216675e-13
3.377687578e-12
2.224042738e-11
1.164543486e-10
0
4.814587759e-13
3.478614329e-12
2.038100799e-11
1.00349126e-10
1.004997796e-13
6.90968573e-13
4.527625198e-12
2.55764189e-11
1.266918642e-10
2.424933572e-13
1.1073034e-12
6.341873182e-12
3.295384672e-11
1.530146367e-10
4.115094165e-13
1.490509271e-12
7.221491442e-12
3.271401546e-11
1.336509549e-10
6.174159442e-13
1.842171218e-12
7.390587164e-12
2.950312224e-11
1.091973771e-10
9.375494772e-13
2.274072634e-12
7.168529781e-12
1.95006216e-11
5.187168417e-11
1.391284185e-12
3.776325391e-12
1.606931406e-11
5.940207885e-11
2.311621915e-10
2.87796352e-12
6.733302827e-12
2.194928535e-11
7.276927983e-11
2.377713655e-10
3.552888508e-12
6.8690335e-12
1.806008334e-11
4.896390993e-11
1.281588239e-10
3.200335509e-12
5.016880163e-12
1.025611948e-11
2.208720551e-11
4.655342615e-11
1.612398109e-12
2.209155506e-12
3.75630449e-12
6.779660653e-12
1.212346737e-11
4.768784062e-13
6.435723735e-13
9.751430791e-13
1.519199654e-12
2.408129961e-12
1.067625753e-13
1.298872476e-13
1.794674049e-13
2.656792504e-13
3.822554677e-13
1.576031418e-14
1.82804662e-14
2.608883207e-14
3.551285961e-14
4.604908517e-14
2.159548763e-15
2.619438256e-15
3.477000235e-15
4.166581775e-15
5.199881855e-15
2.743666866e-16
3.1085714e-16
3.742614538e-16
4.473100389e-16
5.27715271e-16
2.94767267e-17
3.247286741e-17
3.594169292e-17
3.915146515e-17
3.600594026e-17
2.82724792e-18
3.225349995e-18
3.672597568e-18
4.401464841e-18
4.486486792e-18
6.723070707e-20
7.986500686e-20
1.059973461e-19
2.328276513e-19
3.198077116e-19
0
0
7.526985667e-22
7.346816694e-21
2.014078923e-20
0
0
0
3.876702256e-22
1.353786286e-21
0
0
0
3.006317683e-23
9.694772982e-23
1.074194405e-24
1.352184988e-24
1.546469989e-24
2.792074714e-24
4.662378337e-24
1.114858873e-24
1.168253975e-24
1.268764369e-24
1.445562838e-24
1.654887279e-24
6.481696725e-25
6.534159531e-25
6.629540186e-25
6.730491122e-25
6.740698839e-25
2.801708583e-25
2.789064616e-25
2.734002961e-25
2.752751444e-25
2.800347548e-25
1.163386201e-25
1.164959213e-25
1.166370154e-25
1.170239568e-25
1.177348897e-25
3.919084306e-26
3.956801105e-26
4.023910846e-26
3.898051939e-26
3.409864262e-26
2.131092433e-27
2.054453415e-27
1.835656894e-27
1.366691515e-27
8.478925696e-29
0
0
0
0
0
0
0
1.096111596e-27
1.377399903e-27
1.075542266e-27
5.783976383e-28
6.886416267e-28
7.240678636e-28
7.586651291e-28
7.06064382e-28
0
0
0
0
0
0
0
0
0
0
0
0
0
0
0
0
0
0
0
0
1.137569068e-28
1.029750552e-28
8.255555993e-29
5.796833491e-29
3.656445385e-29
3.86042598e-29
3.829185537e-29
3.141572081e-29
2.537987406e-29
7.852054763e-30
0
0
0
0
0
0
0
0
0
0
0
0
0
0
0
0
0
0
0
0
0
0
0
0
0
0
0
0
0
0
0
0
0
0
0
0
0
0
0
0
0
0
0
0
0
0
0
0
0
0
0
0
0
0
0
0
0
0
0
0
0
0
0
0
0
0
0
0
0
0
0
0
0
0
0
0
0
0
0
0
0
0
0
0
0
0
0
0
0
0
1.658259319e-35
2.233244714e-36
0
0
0
0
0
0
0
0
3.090357766e-12
1.674433676e-10
9.48395851e-11
1.128411907e-09
1.285072867e-09
8.334947372e-10
4.156710572e-10
3.644341887e-10
5.180412535e-10
5.595623223e-10
5.502334433e-10
3.752942377e-10
3.182681221e-10
4.161166135e-10
4.784150398e-10
3.723130719e-10
2.738771586e-10
3.263254298e-10
6.46145223e-10
5.766804885e-10
2.547994902e-10
7.805244253e-11
1.802977713e-11
3.303340123e-12
4.95248362e-13
5.693920942e-14
6.217849531e-15
6.049741196e-16
5.730188943e-18
2.840645707e-18
2.595981847e-19
2.294388011e-20
1.664959864e-21
1.233784153e-22
3.674344008e-24
1.598838533e-24
6.589502637e-25
2.854848003e-25
1.175549206e-25
2.88650026e-26
0
0
8.507096672e-28
3.892900151e-28
0
0
0
0
2.507618156e-29
0
0
0
0
0
0
0
0
0
0
0
0
0
0
0
0
0
0
0
0
0
1.182173939e-11
4.284301954e-11
4.770229112e-12
7.309763088e-12
1.732566259e-13
9.438159486e-10
1.579113321e-08
9.157665529e-10
2.827769743e-11
1.188893409e-12
3.834168193e-10
3.05343861e-09
3.761998597e-09
3.737139871e-10
1.3676784e-11
5.694456578e-09
7.888365914e-08
9.668155214e-07
7.240427579e-08
3.386585795e-09
5.437667851e-09
5.709391314e-08
5.015796255e-07
5.464339887e-08
4.002971478e-09
3.007221663e-09
2.43590032e-08
1.607722265e-07
2.350632196e-08
2.286704096e-09
1.34415561e-09
8.783714696e-09
4.645366544e-08
1.128226728e-08
1.673222108e-09
1.262440027e-09
1.060410614e-08
8.129775936e-08
5.62438443e-07
7.001757298e-08
1.822134629e-09
1.563597817e-08
1.171221506e-07
8.04217932e-07
1.174212915e-07
1.832469261e-09
1.379703442e-08
9.001244884e-08
5.353079669e-07
9.291213382e-08
1.737456058e-09
9.950849915e-09
5.824200435e-08
3.12183639e-07
6.23612159e-08
1.040118896e-09
6.5386689e-09
3.544128081e-08
1.77779611e-07
1.676191008e-07
8.840433429e-10
6.734556574e-09
3.763951066e-08
2.029665571e-07
7.981626881e-07
1.20357426e-09
7.734726457e-09
3.678086857e-08
1.876609778e-07
7.823193828e-07
1.186975543e-09
6.808747698e-09
3.178658099e-08
1.526170049e-07
6.182188867e-07
9.492549391e-10
4.759275199e-09
2.537304186e-08
1.150516535e-07
4.419884982e-07
6.564286569e-10
3.171355386e-09
2.014918498e-08
8.726381268e-08
3.163441222e-07
8.916474354e-10
4.525136625e-09
2.139445777e-08
9.183120735e-08
3.375970522e-07
1.607038178e-09
8.007925246e-09
3.691075545e-08
1.59340129e-07
5.977735771e-07
1.379875242e-09
6.437300934e-09
2.896132929e-08
1.25679118e-07
4.548531761e-07
5.212984192e-10
1.754078703e-09
5.633227039e-09
1.72571697e-08
3.971770484e-08
1.380892671e-10
3.38524469e-10
7.689993899e-10
1.658084882e-09
2.810223227e-09
2.882871887e-11
5.586268444e-11
9.624795767e-11
1.514958415e-10
1.953437892e-10
4.944266723e-12
8.116551747e-12
1.147188725e-11
1.422794777e-11
1.458352613e-11
7.47862482e-13
1.042926541e-12
1.284762101e-12
1.358144129e-12
1.182942912e-12
7.896767714e-14
1.064439812e-13
1.199438783e-13
1.128004746e-13
8.619120282e-14
8.24593428e-15
1.045599667e-14
1.129095159e-14
1.00121395e-14
7.429765997e-15
7.648845454e-16
9.795369927e-16
1.12906523e-15
7.355007414e-16
0
0
6.054045379e-17
8.54373119e-17
5.21391295e-17
0
0
1.375223728e-18
4.601098559e-20
3.191271377e-18
0
1.006369697e-19
1.391603979e-20
0
1.186884558e-19
0
2.357195249e-20
9.741934287e-22
0
4.32722541e-21
0
1.913045963e-21
0
0
2.528316536e-22
5.743023661e-23
1.547306481e-22
1.528588982e-23
0
6.980565623e-24
4.852902793e-24
0
0
0
0
8.439271301e-25
1.515658722e-24
8.295844377e-25
6.175678447e-25
1.301791837e-24
1.555290076e-24
6.45929636e-25
6.542465234e-25
7.355082832e-25
6.343911548e-25
5.885622233e-25
2.957169691e-25
3.043558751e-25
2.827868936e-25
2.344685013e-25
1.894426729e-25
1.180054334e-25
1.030236962e-25
7.29648171e-26
4.268704166e-26
2.568231463e-26
2.080337125e-26
7.078872116e-27
0
0
0
0
0
0
0
5.446633665e-28
0
0
4.775465057e-28
8.655781848e-28
0
1.047107383e-27
1.200532815e-27
8.180248449e-28
0
0
0
0
0
0
0
0
0
0
0
0
0
0
0
0
0
0
0
0
0
1.671305415e-29
0
0
6.315837472e-29
1.074383419e-29
0
2.895341229e-29
0
0
0
0
0
0
0
0
0
0
0
0
0
0
0
0
0
0
0
0
0
0
0
0
0
0
0
0
0
0
0
0
0
0
0
0
0
0
0
0
0
0
0
0
0
0
0
0
0
0
0
0
0
0
0
0
0
0
0
0
0
0
0
0
0
0
0
0
0
0
0
0
0
0
0
0
0
0
0
0
0
0
0
0
0
0
0
0
0
0
0
0
0
0
0
0
0
0
0
0
0
0
0
0
0
0
0
0
0
4.030351238e-16
0
0
0
0
0
0
0
0
0
0
0
0
0
0
0
0
0
0
0
0
0
0
0
0
0
0
0
0
0
0
0
0
0
0
0
0
0
0
0
0
0
0
0
0
0
0
0
0
0
0
0
0
0
0
0
0
0
0
0
3.949372124e-15
0
0
0
0
0
0
0
0
0
0
0
0
0
0
0
0
0
0
0
0
0
0
0
0
0
0
0
0
0
0
0
0
0
0
0
0
0
0
0
0
0
0
0
0
0
0
0
0
0
0
0
0
0
0
0
0
0
0
0
8.72573476e-14
0
0
0
0
0
0
0
0
0
0
0
0
0
0
0
0
0
0
0
0
0
0
0
0
0
0
0
0
0
0
0
0
0
0
0
0
0
0
0
0
0
0
0
0
0
0
0
0
0
0
0
0
0
0
0
0
0
0
0
4.887333204e-11
1.735263585e-13
1.490621193e-14
1.122133702e-16
0
0
0
0
0
0
0
0
0
0
0
0
0
0
0
0
0
0
0
0
0
0
0
0
0
0
0
0
0
0
0
0
0
0
0
0
0
0
0
0
0
0
0
0
0
0
0
0
0
0
0
0
0
0
0
0
1.112207841e-10
8.844330259e-13
6.70690234e-15
2.294971116e-15
0
0
0
0
0
0
0
0
0
0
0
0
0
0
0
0
0
0
0
0
0
0
0
0
0
0
0
0
0
0
0
0
0
0
0
0
0
0
0
0
0
0
0
0
0
0
0
0
0
0
0
0
0
0
0
0
1.137970699e-10
2.158027991e-12
1.323631274e-14
4.065134834e-15
0
0
0
0
0
0
0
0
0
0
0
0
0
0
0
0
0
0
0
0
0
0
0
0
0
0
0
0
0
0
0
0
0
0
0
0
0
0
0
0
0
0
0
0
0
0
0
0
0
0
0
0
0
0
0
0
1.306442882e-10
4.891968091e-12
7.430083667e-14
4.23874266e-16
0
0
0
0
0
0
0
0
0
0
0
0
0
0
0
0
0
0
0
0
0
0
0
0
0
0
0
0
0
0
0
0
0
0
0
0
0
0
0
0
0
0
0
0
0
0
0
0
0
0
0
0
0
0
0
0
5.125818952e-09
2.361254129e-10
6.041392737e-12
6.638944131e-14
0
0
0
0
0
0
0
0
0
0
0
0
0
0
0
0
0
0
0
0
0
0
0
0
0
0
0
0
0
0
0
0
0
0
0
0
0
0
0
0
0
0
0
0
0
0
0
0
0
0
0
0
0
0
0
0
1.054449467e-08
6.289873818e-10
2.458154077e-11
5.604412536e-13
5.900072777e-15
2.260125266e-15
1.695102176e-16
0
0
0
0
0
0
0
0
0
0
0
0
0
0
0
0
0
0
0
0
0
0
0
0
0
0
0
0
0
0
0
0
0
0
0
0
0
0
0
0
0
0
0
0
0
0
0
0
0
0
0
0
0
1.286083623e-08
9.390121748e-10
4.846461188e-11
1.643584631e-12
3.36727542e-14
3.411553774e-16
4.771948482e-16
0
0
0
0
0
0
0
0
0
0
0
0
0
0
0
0
0
0
0
0
0
0
0
0
0
0
0
0
0
0
0
0
0
0
0
0
0
0
0
0
0
0
0
0
0
0
0
0
0
0
0
0
0
1.402673745e-08
9.580202842e-10
6.380436488e-11
2.823597977e-12
8.181234069e-14
1.315692773e-15
5.994881331e-17
0
0
0
0
0
0
0
0
0
0
0
0
0
0
0
0
0
0
0
0
0
0
0
0
0
0
0
0
0
0
0
0
0
0
0
0
0
0
0
0
0
0
0
0
0
0
0
0
0
0
0
0
0
2.557201621e-08
2.501627168e-09
1.947094845e-10
1.130249606e-11
4.495286064e-13
1.064663551e-14
1.139029312e-16
0
0
0
0
0
0
0
0
0
0
0
0
0
0
0
0
0
0
0
0
0
0
0
0
0
0
0
0
0
0
0
0
0
0
0
0
0
0
0
0
0
0
0
0
0
0
0
0
0
0
0
0
0
1.130108457e-07
1.33038785e-08
1.19654571e-09
8.293128667e-11
4.014810884e-12
1.219467015e-13
1.913287273e-15
7.32632225e-16
0
0
0
0
0
0
0
0
0
0
0
0
0
0
0
0
0
0
0
0
0
0
0
0
0
0
0
0
0
0
0
0
0
0
0
0
0
0
0
0
0
0
0
0
0
0
0
0
0
0
0
0
1.282096906e-07
1.922411905e-08
2.346559539e-09
1.97289107e-10
1.192994041e-11
4.65088453e-13
1.01858324e-14
2.097850024e-15
5.038950351e-17
0
0
0
0
0
0
0
0
0
0
0
0
0
0
0
0
0
0
0
0
0
0
0
0
0
0
0
0
0
0
0
0
0
0
0
0
0
0
0
0
0
0
0
0
0
0
0
0
0
0
0
1.132609882e-07
2.249601935e-08
2.890752102e-09
2.858694808e-10
2.032388694e-11
9.307253111e-13
2.61639213e-14
4.726908697e-16
2.385453097e-16
0
0
0
0
0
0
0
0
0
0
0
0
0
0
0
0
0
0
0
0
0
0
0
0
0
0
0
0
0
0
0
0
0
0
0
0
0
0
0
0
0
0
0
0
0
0
0
0
0
0
0
8.941983553e-08
1.285099246e-08
2.326750907e-09
2.730849615e-10
2.204038863e-11
1.096381737e-12
3.594250025e-14
3.371333658e-16
2.537526552e-16
0
0
0
0
0
0
0
0
0
0
0
0
0
0
0
0
0
0
0
0
0
0
0
0
0
0
0
0
0
0
0
0
0
0
0
0
0
0
0
0
0
0
0
0
0
0
0
0
0
0
0
9.518927825e-08
1.649201037e-08
2.950351347e-09
3.417905513e-10
2.680999769e-11
1.367228875e-12
5.087409502e-14
1.967106291e-15
7.37529051e-17
0
0
0
0
0
0
0
0
0
0
0
0
0
0
0
0
0
0
0
0
0
0
0
0
0
0
0
0
0
0
0
0
0
0
0
0
0
0
0
0
0
0
0
0
0
0
0
0
0
0
0
7.715433879e-08
1.4522852e-08
2.255040097e-09
2.779162548e-10
2.063136793e-11
1.114537634e-12
4.954294721e-14
1.811615392e-15
5.429536881e-17
0
0
0
0
0
0
0
0
0
0
0
0
0
0
0
0
0
0
0
0
0
0
0
0
0
0
0
0
0
0
0
0
0
0
0
0
0
0
0
0
0
0
0
0
0
0
0
0
0
0
0
1.241445711e-07
2.69164883e-08
3.447379322e-09
2.791475276e-10
1.674219439e-11
8.277380264e-13
3.53707837e-14
4.062954441e-15
3.309736451e-16
0
0
0
0
0
0
0
0
0
0
0
0
0
0
0
0
0
0
0
0
0
0
0
0
0
0
0
0
0
0
0
0
0
0
0
0
0
0
0
0
0
0
0
0
0
0
0
0
0
0
0
8.93975323e-08
1.153133589e-08
1.11851694e-09
8.592004573e-11
5.479903954e-12
3.057258475e-13
1.505978154e-14
1.320548354e-15
2.163479351e-16
0
0
0
0
0
0
0
0
0
0
0
0
0
0
0
0
0
0
0
0
0
0
0
0
0
0
0
0
0
0
0
0
0
0
0
0
0
0
0
0
0
0
0
0
0
0
0
0
0
0
0
1.058907258e-08
1.605745504e-09
1.819745765e-10
1.676734849e-11
1.328813792e-12
9.253595856e-14
7.014260187e-15
2.666539285e-16
5.500649798e-17
0
0
0
0
0
0
0
0
0
0
0
0
0
0
0
0
0
0
0
0
0
0
0
0
0
0
0
0
0
0
0
0
0
0
0
0
0
0
0
0
0
0
0
0
0
0
0
0
0
0
0
9.355219072e-10
1.740550228e-10
2.435919946e-11
2.814115516e-12
2.765954238e-13
2.299327585e-14
1.937965162e-16
4.886702791e-17
3.969432551e-18
0
0
0
0
0
0
0
0
0
0
0
0
0
0
0
0
0
0
0
0
0
0
0
0
0
0
0
0
0
0
0
0
0
0
0
0
0
0
0
0
0
0
0
0
0
0
0
0
0
0
0
7.817477095e-11
1.786590933e-11
3.081340095e-12
4.315303149e-13
5.003123489e-14
4.884326032e-15
7.416320466e-16
4.822311044e-17
2.496862336e-18
0
0
0
0
0
0
0
0
0
0
0
0
0
0
0
0
0
0
0
0
0
0
0
0
0
0
0
0
0
0
0
0
0
0
0
0
0
0
0
0
0
0
0
0
0
0
0
0
0
0
0
6.712549749e-12
1.830320349e-12
3.727610951e-13
6.026327254e-14
7.929926769e-15
8.464329251e-16
0
9.206446598e-20
3.04482083e-19
0
0
0
0
0
0
0
0
0
0
0
0
0
0
0
0
0
0
0
0
0
0
0
0
0
0
0
0
0
0
0
0
0
0
0
0
0
0
0
0
0
0
0
0
0
0
0
0
0
0
0
5.922647869e-13
1.832655472e-13
3.806144416e-14
6.839026971e-15
9.767045344e-16
1.528285787e-16
1.990509892e-17
1.827834339e-18
1.034372323e-19
0
0
0
0
0
0
0
0
0
0
0
0
0
0
0
0
0
0
0
0
0
0
0
0
0
0
0
0
0
0
0
0
0
0
0
0
0
0
0
0
0
0
0
0
0
0
0
0
0
0
0
4.545389873e-14
1.56660928e-14
4.011341072e-15
1.046665866e-15
1.475289489e-16
0
0
0
0
0
0
0
0
0
0
0
0
0
0
0
0
0
0
0
0
0
0
0
0
0
0
0
0
0
0
0
0
0
0
0
0
0
0
0
0
0
0
0
0
0
0
0
0
0
0
0
0
0
0
0
4.745620255e-15
1.488780802e-15
3.748631691e-16
0
0
0
0
0
0
0
0
0
0
0
0
0
0
0
0
0
0
0
0
0
0
0
0
0
0
0
0
0
0
0
0
0
0
0
0
0
0
0
0
0
0
0
0
0
0
0
0
0
0
0
0
0
0
0
0
0
3.759654375e-16
1.774268804e-16
3.745131554e-17
3.658958031e-19
2.961181465e-21
0
0
0
0
0
0
0
0
0
0
0
0
0
0
0
0
0
0
0
0
0
0
0
0
0
0
0
0
0
0
0
0
0
0
0
0
0
0
0
0
0
0
0
0
0
0
0
0
0
0
0
0
0
0
0
8.585331597e-18
0
8.232387237e-19
9.756680568e-20
7.509877652e-21
0
0
0
0
0
0
0
0
0
0
0
0
0
0
0
0
0
0
0
0
0
0
0
0
0
0
0
0
0
0
0
0
0
0
0
0
0
0
0
0
0
0
0
0
0
0
0
0
0
0
0
0
0
0
0
0
0
0
0
9.277546306e-23
0
0
0
0
0
0
0
0
0
0
0
0
0
0
0
0
0
0
0
0
0
0
0
0
0
0
0
0
0
0
0
0
0
0
0
0
0
0
0
0
0
0
0
0
0
0
0
0
0
0
0
0
0
0
0
0
0
0
0
0
0
0
0
0
0
0
0
0
0
0
0
0
0
0
0
0
0
0
0
0
0
0
0
0
0
0
0
0
0
0
0
0
0
0
0
0
0
0
0
0
0
0
0
0
0
0
0
0
0
0
0
0
0
0
0
0
0
0
0
0
0
0
0
0
0
0
0
0
0
0
0
0
0
0
0
0
0
0
0
0
0
0
0
0
0
0
0
0
0
0
0
0
0
0
0
0
0
0
0
0
0
0
0
0
0
0
0
0
0
0
0
0
0
0
0
0
0
0
0
0
3.814754655e-25
2.894369676e-25
0
0
0
0
0
0
0
0
0
0
0
0
0
0
0
0
0
0
0
0
0
0
0
0
0
0
0
0
0
0
0
0
0
0
0
0
0
0
0
0
0
0
0
0
0
0
0
0
0
0
0
0
0
0
0
1.961804012e-25
3.645610241e-25
8.06256839e-25
9.353541463e-25
4.982640176e-25
3.63603138e-25
0
0
0
0
0
0
0
0
0
0
0
0
0
0
0
0
0
0
0
0
0
0
0
0
0
0
0
0
0
0
0
0
0
0
0
0
0
0
0
0
0
0
0
0
0
0
0
0
0
0
0
0
1.110136033e-24
1.066145567e-24
1.230640137e-24
7.847046841e-25
6.98933693e-25
9.405953672e-25
5.789613243e-25
4.068934165e-25
1.565761306e-25
2.386178782e-27
0
0
0
0
0
0
0
0
0
0
0
0
0
0
0
0
0
0
0
0
0
0
0
0
0
0
0
0
0
0
0
0
0
0
0
0
0
0
0
0
0
0
0
0
0
0
0
0
0
0
1.111524033e-24
7.795256464e-25
5.275589012e-25
3.707032932e-25
2.899990366e-25
2.916726321e-25
2.252367767e-25
2.360152388e-25
1.017496593e-25
4.340660122e-26
0
0
0
0
0
0
0
0
0
0
0
0
0
0
0
0
0
0
0
0
0
0
0
0
0
0
0
0
0
0
0
0
0
0
0
0
0
0
0
0
0
0
0
0
0
0
0
0
0
0
4.864358686e-25
3.386659291e-25
2.265850633e-25
8.099477124e-26
1.762644904e-26
2.446372491e-26
3.004221444e-26
1.130876787e-25
3.763085838e-26
1.21345197e-26
0
0
0
0
0
0
0
0
0
0
0
0
0
0
0
0
0
0
0
0
0
0
0
0
0
0
0
0
0
0
0
0
0
0
0
0
0
0
0
0
0
0
0
0
0
0
0
0
0
0
1.561234333e-25
8.635458447e-26
5.105748917e-26
0
0
0
4.084641363e-27
8.31508878e-26
1.766137631e-26
2.034647205e-26
5.570600023e-27
0
0
0
0
0
0
0
0
0
0
0
0
0
0
0
0
0
0
0
0
0
0
0
0
0
0
0
0
0
0
0
0
0
0
0
0
0
0
0
0
0
0
0
0
0
0
0
0
0
3.587523785e-26
2.126840943e-26
1.400216079e-27
0
0
0
0
1.111226892e-27
3.528124896e-28
1.168302628e-26
0
0
0
0
0
0
0
0
0
0
0
0
0
0
0
0
0
0
0
0
0
0
0
0
0
0
0
0
0
0
0
0
0
0
0
0
0
0
0
0
0
0
0
0
0
0
0
0
0
0
5.617412945e-27
8.231378344e-28
0
0
0
0
0
2.988249567e-28
1.875720295e-28
1.020288085e-26
0
0
0
0
0
0
0
0
0
0
0
0
0
0
0
0
0
0
0
0
0
0
0
0
0
0
0
0
0
0
0
0
0
0
0
0
0
0
0
0
0
0
0
0
0
0
0
0
0
0
0
0
0
1.84963394e-28
0
0
0
2.509567326e-28
4.831227538e-28
1.101955297e-26
1.800053371e-27
0
0
0
0
0
0
0
0
0
0
0
0
0
0
0
0
0
0
0
0
0
0
0
0
0
0
0
0
0
0
0
0
0
0
0
0
0
0
0
0
0
0
0
0
0
0
0
0
0
0
0
0
0
0
0
0
2.622158784e-28
5.97129029e-28
1.119954888e-26
1.939820134e-27
2.274111397e-27
0
0
0
0
0
0
0
0
0
0
0
0
0
0
0
0
0
0
0
0
0
0
0
0
0
0
0
0
0
0
0
0
0
0
0
0
0
0
0
0
0
0
0
0
0
0
0
0
0
0
2.45218267e-28
0
0
0
0
2.41033807e-28
1.326306222e-27
1.17381147e-26
1.54287681e-27
0
0
0
0
0
0
0
0
0
0
0
0
0
0
0
0
0
0
0
0
0
0
0
0
0
0
0
0
0
0
0
0
0
0
0
0
0
0
0
0
0
0
0
0
0
0
0
0
0
0
2.419014815e-28
0
0
0
0
8.174016361e-29
0
1.391120867e-27
1.188764267e-26
2.558604905e-27
3.566410121e-27
8.013275013e-28
0
0
0
0
0
0
0
0
0
0
0
0
0
0
0
0
0
0
0
0
0
0
0
0
0
0
0
0
0
0
0
0
0
0
0
0
0
0
0
0
0
0
0
0
0
0
0
9.021922379e-29
1.380662795e-28
0
0
0
0
1.415265225e-28
0
1.248809727e-27
1.185450816e-26
2.767363542e-27
3.896696344e-27
3.601301245e-27
0
0
0
0
0
0
0
0
0
0
0
0
0
0
0
0
0
0
0
0
0
0
0
0
0
0
0
0
0
0
0
0
0
0
0
0
0
0
0
0
0
0
0
0
0
0
0
0
0
0
0
0
0
0
0
2.120745512e-27
7.902363507e-27
3.183463585e-27
4.636007588e-27
3.027703916e-27
0
0
0
0
0
0
0
0
0
0
0
0
0
0
0
0
0
0
0
0
0
0
0
0
0
0
0
0
0
0
0
0
0
0
0
0
0
0
0
0
0
0
0
0
0
0
0
0
0
0
0
0
1.257358397e-28
0
1.404432265e-28
6.410682565e-27
8.079232812e-27
3.136210681e-27
4.866631737e-27
3.276007901e-27
4.338269071e-28
8.485113996e-27
0
0
0
0
0
0
0
0
0
0
0
0
0
0
0
0
0
0
0
0
0
0
0
0
0
0
0
0
0
0
0
0
0
0
0
0
0
0
0
0
0
0
0
0
0
0
0
0
0
0
0
0
1.06340402e-27
9.68129697e-27
4.60376837e-27
2.422217091e-27
5.048966459e-27
4.270565576e-27
6.391811075e-27
1.242513264e-26
4.178891742e-27
2.817614556e-28
0
0
0
0
0
0
0
0
0
0
0
0
0
0
0
0
0
0
0
0
0
0
0
0
0
0
0
0
0
0
0
0
0
0
0
0
0
0
0
0
0
0
0
0
0
0
0
0
0
0
1.163501578e-27
6.547337828e-27
1.892398535e-27
1.389485126e-27
4.558121141e-27
3.856045931e-27
6.643807541e-27
1.326327852e-26
5.476013159e-27
2.897953278e-27
9.509375076e-28
0
0
0
0
0
0
0
0
0
0
0
0
0
0
0
0
0
0
0
0
0
0
0
0
0
0
0
0
0
0
0
0
0
0
0
0
0
0
0
0
0
0
0
0
0
0
0
0
0
3.753128817e-28
2.944520011e-27
8.306982987e-28
6.279464944e-28
3.523755694e-27
2.159259513e-27
4.77929029e-27
1.13297861e-26
4.068117979e-27
2.313548529e-27
1.139171985e-27
0
0
0
0
0
0
0
0
0
0
0
0
0
0
0
0
0
0
0
0
0
0
0
0
0
0
0
0
0
0
0
0
0
0
0
0
0
0
0
0
0
0
0
0
0
0
0
0
0
8.83406936e-28
2.201118907e-28
6.666744754e-29
1.32177914e-28
1.555474448e-27
2.867996638e-28
2.348081581e-27
8.271353189e-27
1.136847531e-27
1.446096487e-28
0
0
0
0
0
0
0
0
0
0
0
0
0
0
0
0
0
0
0
0
0
0
0
0
0
0
0
0
0
0
0
0
0
0
0
0
0
0
0
0
0
0
0
0
0
0
0
0
0
0
0
0
0
3.327574933e-29
1.289232423e-27
0
9.482666417e-28
6.881348307e-27
3.823063361e-28
2.182550156e-30
5.881417958e-29
0
0
0
0
0
0
0
0
0
0
0
0
0
0
0
0
0
0
0
0
0
0
0
0
0
0
0
0
0
0
0
0
0
0
0
0
0
0
0
0
0
0
0
0
0
0
0
0
2.672541471e-29
0
0
0
0
1.006439349e-28
0
8.138364587e-28
7.088434154e-27
4.993734447e-28
0
1.495088274e-29
2.115165787e-28
2.232847195e-27
1.309288125e-26
0
0
0
0
0
0
0
0
0
0
0
0
0
0
0
0
0
0
0
0
0
0
0
0
0
0
0
0
0
0
0
0
0
0
0
0
0
0
0
0
0
0
0
0
0
0
0
0
0
0
0
0
1.819463198e-28
3.159583168e-27
3.498362193e-29
0
0
3.663465361e-29
5.757897508e-29
8.137565149e-29
0
0
0
0
0
0
0
0
0
0
0
0
0
0
0
0
0
0
0
0
0
0
0
0
0
0
0
0
0
0
0
0
0
0
0
0
0
0
0
0
0
0
0
0
0
0
0
0
0
0
0
0
0
2.455455665e-27
6.83962148e-29
0
0
3.818826175e-29
1.641393171e-29
0
0
0
0
0
0
0
0
0
0
0
0
0
0
0
0
0
0
0
0
0
0
0
0
0
0
0
0
0
0
0
0
0
0
0
0
0
0
0
0
0
0
0
0
0
0
0
0
0
0
0
0
0
0
0
0
0
0
4.156955014e-29
5.359426931e-29
3.566634366e-30
0
0
0
0
0
0
0
0
0
0
0
0
0
0
0
0
0
0
0
0
0
0
0
0
0
0
0
0
0
0
0
0
0
0
0
0
0
0
0
0
0
0
0
0
0
0
0
0
0
0
0
0
0
0
0
0
0
4.22351785e-29
5.256693421e-29
8.223495258e-31
0
0
0
0
0
0
0
0
0
0
0
0
0
0
0
0
0
0
0
0
0
0
0
0
0
0
0
0
0
0
0
0
0
0
0
0
0
0
0
0
0
0
0
0
0
0
0
0
0
0
0
0
0
0
0
0
0
6.306651425e-30
2.906388596e-29
0
0
0
0
0
0
0
0
0
0
0
0
0
0
0
0
0
0
0
0
0
0
0
0
0
0
0
0
0
0
0
0
0
0
0
0
0
0
0
0
0
0
0
0
0
0
0
0
0
0
0
0
0
0
0
0
0
0
1.046917182e-29
3.694805004e-29
0
0
0
0
0
0
0
0
0
0
0
0
0
0
0
0
0
0
0
0
0
0
0
0
0
0
0
0
0
0
0
0
0
0
0
0
0
0
0
0
0
0
0
0
0
0
0
0
0
0
0
0
0
0
0
0
0
0
4.366803188e-30
3.220840915e-29
2.277292781e-29
0
0
0
0
0
0
0
0
0
0
0
0
0
0
0
0
0
0
0
0
0
0
0
0
0
0
0
0
0
0
0
0
0
0
0
0
0
0
0
0
0
0
0
0
0
0
0
0
0
0
0
0
1.016046272e-27
5.984910259e-29
0
0
0
4.268369125e-30
2.689161209e-29
2.36862782e-29
0
0
0
7.379849479e-28
1.545318369e-26
3.364028677e-27
0
0
0
0
0
0
0
0
0
0
0
0
0
0
0
0
0
0
0
0
0
0
0
0
0
0
0
0
0
0
0
0
0
0
0
0
0
0
0
0
0
0
0
0
0
0
2.658476224e-29
0
0
0
0
4.022379069e-30
3.314770658e-29
2.480061482e-29
0
0
0
1.934846356e-27
1.989074745e-26
1.987100491e-26
1.2576557e-26
0
0
0
0
0
0
0
0
0
0
0
0
0
0
0
0
0
0
0
0
0
0
0
0
0
0
0
0
0
0
0
0
0
0
0
0
0
0
0
0
0
0
0
0
0
0
0
0
0
0
5.04414198e-30
2.431799849e-29
2.2570285e-29
0
0
0
1.736455949e-27
1.866657661e-26
2.377261988e-26
2.130485508e-26
0
0
0
0
0
0
0
0
0
0
0
0
0
0
0
0
0
0
0
0
0
0
0
0
0
0
0
0
0
0
0
0
0
0
0
0
0
0
0
0
0
0
0
0
0
0
0
0
0
0
9.335586665e-30
1.993714039e-29
2.569682961e-29
0
0
0
2.457425552e-28
4.452853267e-27
2.276812841e-26
2.207455913e-26
0
0
0
0
0
0
0
0
0
0
0
0
0
0
0
0
0
0
0
0
0
0
0
0
0
0
0
0
0
0
0
0
0
0
0
0
0
0
0
0
0
0
0
0
0
0
0
0
0
0
2.327068769e-29
1.884886199e-29
0
0
0
0
0
2.772576959e-27
2.17643482e-26
2.16086235e-26
0
0
0
0
0
0
0
0
0
0
0
0
0
0
0
0
0
0
0
0
0
0
0
0
0
0
0
0
0
0
0
0
0
0
0
0
0
0
0
0
0
0
0
0
0
0
0
0
0
0
2.650589545e-29
1.688403517e-29
3.669305157e-30
0
0
0
3.196778881e-30
2.49147155e-27
2.136512947e-26
2.132573713e-26
0
0
0
0
0
0
0
0
0
0
0
0
0
0
0
0
0
0
0
0
0
0
0
0
0
0
0
0
0
0
0
0
0
0
0
0
0
0
0
0
0
0
0
0
0
0
0
0
0
0
3.386966332e-29
1.969943158e-29
4.365625243e-30
0
0
0
0
2.174042677e-27
2.073195988e-26
2.094454501e-26
0
0
0
0
0
0
0
0
0
0
0
0
0
0
0
0
0
0
0
0
0
0
0
0
0
0
0
0
0
0
0
0
0
0
0
0
0
0
0
0
0
0
0
0
0
0
0
0
0
0
4.436862281e-29
1.864624291e-29
5.325429702e-30
0
0
0
0
1.857388303e-27
2.008797905e-26
2.053868853e-26
0
0
0
0
0
0
0
0
0
0
0
0
0
0
0
0
0
0
0
0
0
0
0
0
0
0
0
0
0
0
0
0
0
0
0
0
0
0
0
0
0
0
0
0
0
0
0
0
0
2.519704883e-30
5.724103742e-29
2.679043043e-29
4.063507817e-30
0
0
0
0
1.472575303e-27
1.767122889e-26
2.006284085e-26
0
0
0
0
0
0
0
0
0
0
0
0
0
0
0
0
0
0
0
0
0
0
0
0
0
0
0
0
0
0
0
0
0
0
0
0
0
0
0
0
0
0
0
0
0
0
0
0
0
4.764881002e-29
7.451737744e-29
1.57655255e-29
0
0
0
0
0
5.291468508e-28
6.085071506e-27
1.920771984e-26
0
0
0
0
0
0
0
0
0
0
0
0
0
0
0
0
0
0
0
0
0
0
0
0
0
0
0
0
0
0
0
0
)
;

boundaryField
{
    inletCH4
    {
        type            fixedValue;
        value           uniform 0;
    }
    wallOutside
    {
        type            zeroGradient;
    }
    wallTube
    {
        type            zeroGradient;
    }
    inletPilot
    {
        type            fixedValue;
        value           uniform 0;
    }
    inletAir
    {
        type            fixedValue;
        value           uniform 0;
    }
    outlet
    {
        type            zeroGradient;
    }
    axis
    {
        type            empty;
    }
    frontAndBack_pos
    {
        type            wedge;
    }
    frontAndBack_neg
    {
        type            wedge;
    }
}


// ************************************************************************* //
