/*--------------------------------*- C++ -*----------------------------------*\
  =========                 |
  \\      /  F ield         | OpenFOAM: The Open Source CFD Toolbox
   \\    /   O peration     | Website:  https://openfoam.org
    \\  /    A nd           | Version:  10
     \\/     M anipulation  |
\*---------------------------------------------------------------------------*/
FoamFile
{
    format      ascii;
    class       volScalarField;
    location    "0.0250188088";
    object      C3H8_0;
}
// * * * * * * * * * * * * * * * * * * * * * * * * * * * * * * * * * * * * * //

dimensions      [0 0 0 0 0 0 0];

internalField   nonuniform List<scalar> 
5170
(
1.035094615e-13
1.033233024e-13
1.021086105e-13
9.361035498e-14
7.293296274e-15
2.082272561e-13
2.076466639e-13
2.050618477e-13
1.919108375e-13
1.181183145e-13
3.127652128e-13
3.118093011e-13
3.080516525e-13
2.923690167e-13
2.306872821e-13
4.159099942e-13
4.146313099e-13
4.100199095e-13
3.934053752e-13
3.443204811e-13
5.174241828e-13
5.158836591e-13
5.107566853e-13
4.944551958e-13
4.579061139e-13
6.173492573e-13
6.156490559e-13
6.103479446e-13
5.954519758e-13
5.712526389e-13
7.159041393e-13
7.141283189e-13
7.089760769e-13
6.965465431e-13
6.84475912e-13
8.133924906e-13
8.11656618e-13
8.069543048e-13
7.978688478e-13
7.977885662e-13
9.100621216e-13
9.084648439e-13
9.045431646e-13
8.996339293e-13
9.114052679e-13
1.006131067e-12
1.004741844e-12
1.001823708e-12
1.002035199e-12
1.025511659e-12
1.101713759e-12
1.100607022e-12
1.098889878e-12
1.105155667e-12
1.140152501e-12
1.196823954e-12
1.196094831e-12
1.195992038e-12
1.208975196e-12
1.25521943e-12
1.291483889e-12
1.291228552e-12
1.293212945e-12
1.313484681e-12
1.370577733e-12
1.385701977e-12
1.386021008e-12
1.390515496e-12
1.41864354e-12
1.48607196e-12
1.479464082e-12
1.480479195e-12
1.487880837e-12
1.524349615e-12
1.601508908e-12
1.572724388e-12
1.574572795e-12
1.58542129e-12
1.630569694e-12
1.716555147e-12
1.665462364e-12
1.668297242e-12
1.683003336e-12
1.737053142e-12
1.831273187e-12
1.757693824e-12
1.761738793e-12
1.781273714e-12
1.846711959e-12
1.95602187e-12
1.856989978e-12
1.88535651e-12
2.086075271e-12
3.456523584e-12
8.166968156e-12
4.208844574e-12
1.461019523e-11
1.034562549e-10
7.210781085e-10
3.493740617e-09
0
0
1.39773157e-38
1.096662666e-38
6.746182517e-37
3.053112238e-37
0
0
2.289802282e-36
1.299350459e-35
0
0
0
1.596248953e-33
0
0
2.984940926e-31
0
0
0
0
6.806856345e-28
4.074425473e-29
0
0
0
0
0
1.347587269e-24
0
0
5.436054484e-24
3.47481913e-24
4.047787365e-22
0
0
0
0
0
0
0
0
0
0
0
0
0
0
0
0
0
0
0
0
0
0
0
0
0
0
0
0
0
0
0
0
0
0
0
0
0
0
0
0
0
0
0
0
0
0
0
0
0
0
0
0
0
0
0
0
2.294934209e-10
0
0
0
0
5.904985855e-08
2.564178173e-09
4.644802644e-10
4.985844663e-12
1.262576917e-13
8.778314491e-11
6.712777925e-10
1.033502971e-08
1.541614907e-07
2.066559643e-06
4.824813065e-10
3.260781604e-09
3.991514666e-08
4.214159292e-07
3.26024204e-06
1.626263665e-09
9.922812956e-09
1.003551488e-07
8.085773949e-07
4.261490346e-06
4.316898465e-09
2.380909752e-08
2.033701956e-07
1.302871378e-06
5.080185785e-06
1.003867395e-08
5.075692144e-08
3.693937711e-07
1.876718499e-06
5.693105569e-06
2.133838904e-08
9.941521467e-08
6.101407546e-07
2.474036406e-06
6.194746825e-06
4.236363065e-08
1.809190621e-07
9.280363358e-07
3.071044881e-06
6.696760572e-06
7.954677786e-08
3.083142994e-07
1.318384016e-06
3.655061134e-06
7.16144974e-06
1.433490484e-07
4.984955049e-07
1.770061986e-06
4.199904405e-06
7.518222514e-06
2.494348973e-07
7.657407545e-07
2.264563565e-06
4.702352988e-06
7.796337664e-06
4.213658244e-07
1.124014856e-06
2.786213249e-06
5.167914224e-06
8.035328572e-06
7.020715423e-07
1.573908146e-06
3.314799561e-06
5.607161354e-06
8.260969618e-06
1.138782379e-06
2.104657306e-06
3.844746267e-06
6.016781116e-06
8.449979494e-06
1.705111856e-06
2.692323862e-06
4.368473479e-06
6.389203282e-06
8.588220291e-06
2.43265852e-06
3.349650125e-06
4.898686929e-06
6.740959607e-06
8.711377363e-06
3.254228957e-06
4.058093409e-06
5.448735114e-06
7.106959983e-06
8.871810069e-06
4.158354637e-06
4.84187892e-06
6.062237118e-06
7.539169334e-06
9.125693376e-06
5.179761877e-06
5.749042626e-06
6.813271802e-06
8.151919814e-06
9.639021726e-06
6.359897135e-06
6.870122085e-06
7.881526506e-06
9.238706844e-06
1.084229582e-05
7.908891241e-06
8.429780887e-06
9.506654938e-06
1.102983251e-05
1.293319901e-05
9.93034819e-06
1.043285392e-05
1.147175709e-05
1.292235749e-05
1.468300577e-05
1.193893524e-05
1.226612358e-05
1.294044351e-05
1.385781414e-05
1.491514595e-05
1.263758743e-05
1.277555854e-05
1.305313101e-05
1.341054024e-05
1.378285516e-05
1.186850424e-05
1.189213722e-05
1.192865887e-05
1.195158829e-05
1.193138511e-05
1.024317103e-05
1.021802556e-05
1.015319016e-05
1.004102489e-05
9.874127231e-06
8.372560495e-06
8.33543788e-06
8.248981048e-06
8.112455052e-06
7.925764513e-06
6.735830098e-06
6.701694517e-06
6.622772571e-06
6.500743044e-06
6.338151883e-06
5.360253929e-06
5.332287982e-06
5.268206945e-06
5.170091414e-06
5.040769663e-06
4.233491225e-06
4.211832796e-06
4.162444596e-06
4.087145801e-06
3.988320479e-06
3.312451815e-06
3.296222324e-06
3.259271756e-06
3.203003599e-06
3.129246311e-06
2.555821868e-06
2.543979231e-06
2.516986645e-06
2.475849249e-06
2.421904234e-06
1.932867904e-06
1.924454413e-06
1.905206866e-06
1.87580509e-06
1.837200514e-06
1.422925869e-06
1.417127126e-06
1.403782152e-06
1.383325226e-06
1.356418032e-06
1.012712142e-06
1.008860592e-06
9.999218212e-07
9.861569513e-07
9.680158164e-07
6.926853022e-07
6.902384215e-07
6.844980559e-07
6.756088936e-07
6.638679719e-07
4.533355821e-07
4.518597544e-07
4.483487819e-07
4.428750373e-07
4.356280653e-07
2.830558529e-07
2.82215285e-07
2.801805096e-07
2.76982264e-07
2.727365897e-07
1.683047762e-07
1.678552627e-07
1.667424e-07
1.649757239e-07
1.626232861e-07
9.519446119e-08
9.496991331e-08
9.439770344e-08
9.347810057e-08
9.224916351e-08
5.119416362e-08
5.109017708e-08
5.081471695e-08
5.036509919e-08
4.976159481e-08
2.618851714e-08
2.614427109e-08
2.60206626e-08
2.581483223e-08
2.553704714e-08
1.276821363e-08
1.275116456e-08
1.269969228e-08
1.261168781e-08
1.249209469e-08
5.961376563e-09
5.955540952e-09
5.935708634e-09
5.900574578e-09
5.852400322e-09
2.692743647e-09
2.691020591e-09
2.683918441e-09
2.670725811e-09
2.652429097e-09
1.201301366e-09
1.200865517e-09
1.198424225e-09
1.193627004e-09
1.186885921e-09
5.500019108e-10
5.498800536e-10
5.489800618e-10
5.471454638e-10
5.445431007e-10
2.739501363e-10
2.738692804e-10
2.734333822e-10
2.725794832e-10
2.713745342e-10
1.573497316e-10
1.572611222e-10
1.569633899e-10
1.56434833e-10
1.557032056e-10
1.059177815e-10
1.058255491e-10
1.055815511e-10
1.051806545e-10
1.046354323e-10
8.068768282e-11
8.060061657e-11
8.039170685e-11
8.006192463e-11
7.961796453e-11
6.615814203e-11
6.607936733e-11
6.589964096e-11
6.562197733e-11
6.525054991e-11
5.668983977e-11
5.662233586e-11
5.646952504e-11
5.623459263e-11
5.592047724e-11
4.971043018e-11
4.965217633e-11
4.952134124e-11
4.932094386e-11
4.905322801e-11
4.42535419e-11
4.420305723e-11
4.40901953e-11
4.391770875e-11
4.368737463e-11
3.98504244e-11
3.980630212e-11
3.970798402e-11
3.955795708e-11
3.935766252e-11
3.623439713e-11
3.619542762e-11
3.610881898e-11
3.597682844e-11
3.580064733e-11
3.323753733e-11
3.320266512e-11
3.312534983e-11
3.300766325e-11
3.285060797e-11
3.074209746e-11
3.071038745e-11
3.064025033e-11
3.053362243e-11
3.039136578e-11
2.864692193e-11
2.861759381e-11
2.855287652e-11
2.845461298e-11
2.832356488e-11
2.684305107e-11
2.681556533e-11
2.67550328e-11
2.666322527e-11
2.654083499e-11
2.520723169e-11
2.518137499e-11
2.512449739e-11
2.503829175e-11
2.49234027e-11
2.361826808e-11
2.359414677e-11
2.354108973e-11
2.346067783e-11
2.335351712e-11
2.198876918e-11
2.196669357e-11
2.191808222e-11
2.184435935e-11
2.174609141e-11
2.028986979e-11
2.027015012e-11
2.022663659e-11
2.016056313e-11
2.007244856e-11
1.855785725e-11
1.854064288e-11
1.850256227e-11
1.844465144e-11
1.836737416e-11
1.687221171e-11
1.685739035e-11
1.682452986e-11
1.67744906e-11
1.670767789e-11
1.532606722e-11
1.531329378e-11
1.528494186e-11
1.5241737e-11
1.518402578e-11
1.398060764e-11
1.396939504e-11
1.394452108e-11
1.390662915e-11
1.385602041e-11
1.286252571e-11
1.285245256e-11
1.283014886e-11
1.279620976e-11
1.275089904e-11
1.201149519e-11
1.200220881e-11
1.19816875e-11
1.19504981e-11
1.190887927e-11
7.480590108e-06
8.306824164e-06
8.961767197e-06
9.28886255e-06
9.381634429e-06
9.500106416e-06
9.807114753e-06
1.004058953e-05
1.008821094e-05
1.008065454e-05
1.008884209e-05
1.012768681e-05
1.012102251e-05
1.005712333e-05
1.000767041e-05
1.003261347e-05
1.018139635e-05
1.065519474e-05
1.199937599e-05
1.438098301e-05
1.597644614e-05
1.564220063e-05
1.40077617e-05
1.188571739e-05
9.737248066e-06
7.780851996e-06
6.215096516e-06
4.943733665e-06
3.914454298e-06
3.074295564e-06
2.381896066e-06
1.808770513e-06
1.336808393e-06
9.549848715e-07
6.555939926e-07
4.306440319e-07
2.699051252e-07
1.611141853e-07
9.149906471e-08
4.941648945e-08
2.539165123e-08
1.24368937e-08
5.833993802e-09
2.647259338e-09
1.185711142e-09
5.442482888e-10
2.711355453e-10
1.554034067e-10
1.043105263e-10
7.93072723e-11
6.497103514e-11
5.567775986e-11
4.884326016e-11
4.35050783e-11
3.919809032e-11
3.565951399e-11
3.272416545e-11
3.027628334e-11
2.821707217e-11
2.644101858e-11
2.482952136e-11
2.326596648e-11
2.166599089e-11
2.000090067e-11
1.830490826e-11
1.665387669e-11
1.513762638e-11
1.381528352e-11
1.271430092e-11
1.187514045e-11
1.774711024e-05
1.29695139e-06
3.719780414e-08
8.925057422e-10
1.683342497e-11
1.735045424e-05
9.101623638e-06
5.292423472e-07
1.598704062e-08
3.770168239e-10
1.736869587e-05
2.242229569e-05
2.017884123e-06
1.03585892e-07
3.173844709e-09
1.663160848e-05
2.423262038e-05
2.952774419e-06
2.281062183e-07
1.084257537e-08
1.566494138e-05
2.26514913e-05
3.531887372e-06
3.609737286e-07
2.582768321e-08
1.504540483e-05
2.178275003e-05
5.964889028e-06
7.427386372e-07
6.752800108e-08
1.501077378e-05
2.240930413e-05
9.894766968e-06
1.408337116e-06
1.561239959e-07
1.474483031e-05
2.096210291e-05
1.258427649e-05
2.010128879e-06
2.609890458e-07
1.416931498e-05
1.910256358e-05
1.41908952e-05
2.494071366e-06
3.707233558e-07
1.364647571e-05
1.78277045e-05
1.527569612e-05
2.946306515e-06
4.883288747e-07
1.32596251e-05
1.717035141e-05
1.609240387e-05
3.639954203e-06
6.561739832e-07
1.299039549e-05
1.66088544e-05
1.624838455e-05
4.493436351e-06
8.710679069e-07
1.264490321e-05
1.561836892e-05
1.521101343e-05
5.25468617e-06
1.084067906e-06
1.224401269e-05
1.470221816e-05
1.440526642e-05
6.155009718e-06
1.338314574e-06
1.192704723e-05
1.41128423e-05
1.397952755e-05
7.046977858e-06
1.640025432e-06
1.17470772e-05
1.377242896e-05
1.377979956e-05
7.893131415e-06
2.031952384e-06
1.174089602e-05
1.366054061e-05
1.379591478e-05
8.638707968e-06
2.470495299e-06
1.214967974e-05
1.406968144e-05
1.427706485e-05
8.875219713e-06
2.56574721e-06
1.366841234e-05
1.592301299e-05
1.580873396e-05
8.442491097e-06
2.312202467e-06
1.648052452e-05
1.981223481e-05
2.170552703e-05
1.626164471e-05
4.487340394e-06
1.787402916e-05
2.08024e-05
2.333197251e-05
2.497239999e-05
2.46085004e-05
1.672716147e-05
1.800437809e-05
1.849904502e-05
1.786378533e-05
1.591586709e-05
1.43782702e-05
1.451083964e-05
1.403044275e-05
1.289254731e-05
1.120211642e-05
1.186986476e-05
1.151045474e-05
1.078311511e-05
9.731833867e-06
8.460980551e-06
9.587144245e-06
9.120949261e-06
8.433217322e-06
7.578926233e-06
6.628726515e-06
7.610935047e-06
7.186117074e-06
6.623218173e-06
5.96727468e-06
5.265064183e-06
6.068644248e-06
5.724722e-06
5.286631346e-06
4.788532675e-06
4.262472702e-06
4.827551719e-06
4.561516263e-06
4.227853386e-06
3.851719259e-06
3.455574762e-06
3.826137595e-06
3.625044228e-06
3.373610726e-06
3.090273622e-06
2.791115352e-06
3.009269547e-06
2.859953527e-06
2.672308251e-06
2.459877004e-06
2.234363522e-06
2.335567282e-06
2.226854499e-06
2.08861274e-06
1.930821077e-06
1.762081744e-06
1.777014625e-06
1.699737952e-06
1.599683759e-06
1.484212187e-06
1.359669943e-06
1.316064586e-06
1.262768097e-06
1.192067607e-06
1.109372712e-06
1.019350207e-06
9.422455988e-07
9.068647038e-07
8.584564942e-07
8.009487505e-07
7.377277208e-07
6.483719134e-07
6.259557337e-07
5.94086972e-07
5.555504044e-07
5.127426319e-07
4.269637285e-07
4.135104386e-07
3.934649752e-07
3.687347018e-07
3.40957095e-07
2.683020717e-07
2.607011514e-07
2.487072168e-07
2.335729923e-07
2.163707777e-07
1.605973149e-07
1.565780537e-07
1.497716065e-07
1.40963261e-07
1.308230753e-07
9.146561625e-08
8.948997023e-08
8.583453793e-08
8.096781263e-08
7.528821112e-08
4.954354662e-08
4.864918541e-08
4.679460773e-08
4.424522158e-08
4.122599586e-08
2.553304415e-08
2.516539295e-08
2.427760411e-08
2.301223446e-08
2.148972375e-08
1.254331576e-08
1.24092709e-08
1.200829199e-08
1.14129055e-08
1.068421223e-08
5.900453223e-09
5.859001935e-09
5.68767819e-09
5.421431417e-09
5.089628841e-09
2.683732669e-09
2.67393436e-09
2.604094667e-09
2.49018738e-09
2.345602812e-09
1.203669007e-09
1.202413827e-09
1.174650852e-09
1.127325267e-09
1.066253186e-09
5.521879227e-10
5.521831142e-10
5.408899725e-10
5.21199337e-10
4.955323158e-10
2.742073718e-10
2.738378216e-10
2.68738791e-10
2.600677303e-10
2.488020092e-10
1.563297827e-10
1.555722576e-10
1.527818453e-10
1.484268875e-10
1.429005181e-10
1.043827188e-10
1.034746454e-10
1.016185156e-10
9.901046079e-11
9.581763154e-11
7.908365043e-11
7.81892621e-11
7.678625159e-11
7.496553e-11
7.280328555e-11
6.46680748e-11
6.385627688e-11
6.2725221e-11
6.132234897e-11
5.968913538e-11
5.537982543e-11
5.466989689e-11
5.372891944e-11
5.258702059e-11
5.12710097e-11
4.857045894e-11
4.795435479e-11
4.715803877e-11
4.620254213e-11
4.510690015e-11
4.326047145e-11
4.27244037e-11
4.204166123e-11
4.122785364e-11
4.029726609e-11
3.897911728e-11
3.850902037e-11
3.791658937e-11
3.721372532e-11
3.641150651e-11
3.546228864e-11
3.504587696e-11
3.452560983e-11
3.391074316e-11
3.3209996e-11
3.254455264e-11
3.217097643e-11
3.170794967e-11
3.116273311e-11
3.054228413e-11
3.011021687e-11
2.976983548e-11
2.935134401e-11
2.88604717e-11
2.830283349e-11
2.806112455e-11
2.774591621e-11
2.736146109e-11
2.691233918e-11
2.640314214e-11
2.629311165e-11
2.599756511e-11
2.563954803e-11
2.522282268e-11
2.475130506e-11
2.4689498e-11
2.441153357e-11
2.407618042e-11
2.36867348e-11
2.324669301e-11
2.313543934e-11
2.287628381e-11
2.2563644e-11
2.220063415e-11
2.179054928e-11
2.154745832e-11
2.131041343e-11
2.102324324e-11
2.06890609e-11
2.031108244e-11
1.989640173e-11
1.968473543e-11
1.942634149e-11
1.912438764e-11
1.878203963e-11
1.821509799e-11
1.803032229e-11
1.7802668e-11
1.753527708e-11
1.723118867e-11
1.657758456e-11
1.641841589e-11
1.622070528e-11
1.598743136e-11
1.572134708e-11
1.507225154e-11
1.493492981e-11
1.476365985e-11
1.456102558e-11
1.432950111e-11
1.375765475e-11
1.363706209e-11
1.348690711e-11
1.330941206e-11
1.310665795e-11
1.266189029e-11
1.255351138e-11
1.241948547e-11
1.226162292e-11
1.208165044e-11
1.182620556e-11
1.172627016e-11
1.160360197e-11
1.145972249e-11
1.129610858e-11
1.823215355e-12
1.145941229e-15
0
0
0
0
0
0
0
0
0
0
0
0
0
0
0
0
0
0
0
0
0
0
0
0
0
0
0
0
0
0
0
0
0
0
0
0
0
0
0
0
0
0
0
0
0
0
0
0
0
0
0
0
0
0
0
0
0
0
5.466634773e-11
2.216070714e-11
5.585897108e-12
9.318240442e-13
1.176850596e-13
0
0
0
0
0
0
0
0
0
0
0
0
0
0
0
0
0
0
0
0
0
0
0
0
0
0
0
0
0
0
0
0
0
0
0
0
0
0
0
0
0
0
0
0
0
0
0
0
0
0
0
0
0
0
0
5.973142756e-10
4.564257317e-10
9.030688045e-11
1.497979512e-11
3.674323695e-12
1.179099011e-12
3.756868438e-13
6.359269457e-14
0
0
0
0
0
0
0
0
0
0
0
0
0
0
0
0
0
0
0
0
0
0
0
0
0
0
0
0
0
0
0
0
0
0
0
0
0
0
0
0
0
0
0
0
0
0
0
0
0
0
0
0
2.088412672e-09
3.029261953e-09
1.268656394e-09
1.829014464e-10
3.794395449e-11
1.221666608e-11
4.927579465e-12
2.042468673e-12
7.518061795e-13
1.891293995e-13
0
0
0
0
0
0
0
0
0
0
0
0
0
0
0
0
0
0
0
0
0
0
0
0
0
0
0
0
0
0
0
0
0
0
0
0
0
0
0
0
0
0
0
0
0
0
0
0
0
0
2.706392432e-09
6.405209501e-09
7.976980846e-09
1.78661444e-09
2.912574116e-10
7.557213411e-11
2.774143851e-11
1.163570562e-11
4.871053431e-12
1.857617362e-12
5.665941531e-13
8.922442288e-14
0
0
0
0
0
0
0
0
0
0
0
0
0
0
0
0
0
0
0
0
0
0
0
0
0
0
0
0
0
0
0
0
0
0
0
0
0
0
0
0
0
0
0
0
0
0
0
0
3.974545501e-09
6.718971709e-09
1.647575716e-08
9.784883302e-09
1.684071877e-09
3.271058969e-10
9.900792137e-11
3.804565416e-11
1.560072487e-11
6.195978996e-12
2.209449787e-12
6.225957915e-13
8.768288173e-14
0
0
0
0
0
0
0
0
0
0
0
0
0
0
0
0
0
0
0
0
0
0
0
0
0
0
0
0
0
0
0
0
0
0
0
0
0
0
0
0
0
0
0
0
0
0
0
9.763299919e-09
4.72705005e-09
1.94855172e-08
2.483344274e-08
8.441433816e-09
1.336086809e-09
3.037497264e-10
1.006236764e-10
3.893399844e-11
1.528992446e-11
5.657394843e-12
1.831624161e-12
4.420525176e-13
3.322101494e-14
0
0
0
0
0
0
0
0
0
0
0
0
0
0
0
0
0
0
0
0
0
0
0
0
0
0
0
0
0
0
0
0
0
0
0
0
0
0
0
0
0
0
0
0
0
0
1.974361806e-08
2.931846914e-09
1.66237724e-08
3.510757879e-08
2.697175398e-08
5.692582943e-09
9.606331123e-10
2.562833826e-10
8.92160411e-11
3.362191372e-11
1.238224214e-11
4.17799795e-12
1.18321048e-12
2.186253985e-13
2.647213321e-16
0
0
0
0
0
0
0
0
0
0
0
0
0
0
0
0
0
0
0
0
0
0
0
0
0
0
0
0
0
0
0
0
0
0
0
0
0
0
0
0
0
0
0
0
0
3.378238777e-08
2.940629183e-09
1.129704285e-08
3.783764269e-08
4.956059836e-08
2.178170719e-08
3.398727386e-09
6.73042617e-10
1.990556489e-10
6.935542557e-11
2.466051738e-11
8.300574476e-12
2.478300826e-12
5.741881626e-13
5.527999152e-14
0
0
0
0
0
0
0
0
0
0
0
0
0
0
0
0
0
0
0
0
0
0
0
0
0
0
0
0
0
0
0
0
0
0
0
0
0
0
0
0
0
0
0
0
0
5.355934036e-08
4.358039419e-09
6.129837472e-09
3.686092867e-08
6.42332207e-08
5.317227679e-08
1.230504943e-08
1.830524289e-09
4.355565731e-10
1.357071325e-10
4.559208286e-11
1.495295688e-11
4.504165652e-12
1.141490995e-12
1.841459096e-13
0
0
0
0
0
0
0
0
0
0
0
0
0
0
0
0
0
0
0
0
0
0
0
0
0
0
0
0
0
0
0
0
0
0
0
0
0
0
0
0
0
0
0
0
0
8.216731458e-08
8.615488032e-09
3.557146969e-09
3.116549004e-08
7.645584045e-08
9.046743109e-08
3.435766437e-08
5.170821957e-09
9.62013528e-10
2.560926952e-10
7.869413944e-11
2.454183018e-11
7.258165737e-12
1.900345856e-12
3.701354155e-13
1.622579451e-14
0
0
0
0
0
0
0
0
0
0
0
0
0
0
0
0
0
0
0
0
0
0
0
0
0
0
0
0
0
0
0
0
0
0
0
0
0
0
0
0
0
0
0
0
1.361590176e-07
1.327396393e-08
2.958883532e-09
2.258889833e-08
8.765577508e-08
1.291315584e-07
7.904865052e-08
1.438145252e-08
2.288996116e-09
4.916394272e-10
1.313110216e-10
3.765661742e-11
1.065322671e-11
2.790241264e-12
5.950617599e-13
5.776251539e-14
0
0
0
0
0
0
0
0
0
0
0
0
0
0
0
0
0
0
0
0
0
0
0
0
0
0
0
0
0
0
0
0
0
0
0
0
0
0
0
0
0
0
0
0
1.616762453e-07
1.905238994e-08
3.137527017e-09
1.424908774e-08
9.909515732e-08
1.755589447e-07
1.437805082e-07
3.760161769e-08
5.398154697e-09
9.510118679e-10
2.102417453e-10
5.340883935e-11
1.414280553e-11
3.645290579e-12
8.185320832e-13
1.088984089e-13
0
0
0
0
0
0
0
0
0
0
0
0
0
0
0
0
0
0
0
0
0
0
0
0
0
0
0
0
0
0
0
0
0
0
0
0
0
0
0
0
0
0
0
0
2.166940872e-07
2.850580279e-08
3.217276189e-09
1.164449981e-08
1.138644876e-07
2.338493996e-07
2.298453232e-07
8.58778137e-08
1.22178273e-08
1.873043313e-09
3.370525982e-10
7.348538076e-11
1.784023711e-11
4.472107339e-12
1.039079332e-12
1.649374056e-13
2.804759991e-17
0
0
0
0
0
0
0
0
0
0
0
0
0
0
0
0
0
0
0
0
0
0
0
0
0
0
0
0
0
0
0
0
0
0
0
0
0
0
0
0
0
0
0
2.886998234e-07
4.256517246e-08
6.936039564e-09
1.480368134e-08
1.451717948e-07
3.139291003e-07
3.268261151e-07
1.651967886e-07
2.812690435e-08
3.97675986e-09
5.559696649e-10
9.79480641e-11
2.122239628e-11
5.149743066e-12
1.231183907e-12
2.195524862e-13
1.845036873e-15
0
0
0
0
0
0
0
0
0
0
0
0
0
0
0
0
0
0
0
0
0
0
0
0
0
0
0
0
0
0
0
0
0
0
0
0
0
0
0
0
0
0
0
3.879640563e-07
4.520017641e-08
1.045979259e-08
2.442812844e-08
2.237405055e-07
4.408006802e-07
4.370039483e-07
2.555811554e-07
5.949867751e-08
8.746436537e-09
9.695977409e-10
1.303329584e-10
2.439392772e-11
5.7279857e-12
1.407419664e-12
2.730220176e-13
7.020637385e-15
0
0
0
0
0
0
0
0
0
0
0
0
0
0
0
0
0
0
0
0
0
0
0
0
0
0
0
0
0
0
0
0
0
0
0
0
0
0
0
0
0
0
0
5.060269713e-07
8.798671728e-08
1.968943501e-08
4.700056302e-08
4.132949366e-07
6.471722795e-07
5.591116412e-07
3.242583742e-07
1.085581374e-07
1.836704551e-08
1.810088029e-09
1.889331321e-10
3.043769072e-11
6.868028715e-12
1.704649557e-12
3.517693616e-13
1.867474312e-14
0
0
0
0
0
0
0
0
0
0
0
0
0
0
0
0
0
0
0
0
0
0
0
0
0
0
0
0
0
0
0
0
0
0
0
0
0
0
0
0
0
0
0
5.495330289e-07
1.048169734e-07
5.136899762e-08
2.30320774e-07
8.727524954e-07
9.364170459e-07
6.757563014e-07
3.739585545e-07
1.519017081e-07
3.674925517e-08
4.267106186e-09
3.93944288e-10
5.233818567e-11
1.02888036e-11
2.412715842e-12
5.144773029e-13
4.816079439e-14
0
0
0
0
0
0
0
0
0
0
0
0
0
0
0
0
0
0
0
0
0
0
0
0
0
0
0
0
0
0
0
0
0
0
0
0
0
0
0
0
0
0
0
5.033869498e-07
1.353727597e-07
2.367853463e-07
1.415934243e-06
1.592900492e-06
1.21683056e-06
7.592295225e-07
4.090614709e-07
1.874803961e-07
6.573893512e-08
1.387824355e-08
1.591489674e-09
1.617123315e-10
2.244241652e-11
4.254907219e-12
8.679225928e-13
1.146111815e-13
0
0
0
0
0
0
0
0
0
0
0
0
0
0
0
0
0
0
0
0
0
0
0
0
0
0
0
0
0
0
0
0
0
0
0
0
0
0
0
0
0
0
0
1.28175765e-06
1.069221992e-06
4.560777017e-06
3.429250017e-06
2.239913278e-06
1.386678384e-06
8.138469538e-07
4.465253403e-07
2.246182868e-07
9.944879901e-08
3.400275487e-08
6.958999192e-09
7.853515466e-10
7.862428846e-11
1.041525108e-11
1.774101106e-12
2.706153201e-13
2.708009284e-15
0
0
0
0
0
0
0
0
0
0
0
0
0
0
0
0
0
0
0
0
0
0
0
0
0
0
0
0
0
0
0
0
0
0
0
0
0
0
0
0
0
0
2.014855972e-05
1.079994417e-05
6.376193528e-06
3.874222281e-06
2.363391241e-06
1.43745452e-06
8.555950791e-07
4.901395203e-07
2.658172227e-07
1.331506545e-07
5.868216027e-08
1.984677201e-08
3.965316975e-09
4.280230592e-10
4.047687078e-11
4.924450961e-12
6.974013109e-13
5.519050174e-14
0
0
0
0
0
0
0
0
0
0
0
0
0
0
0
0
0
0
0
0
0
0
0
0
0
0
0
0
0
0
0
0
0
0
0
0
0
0
0
0
0
0
1.255754127e-05
8.500762162e-06
5.559347337e-06
3.572357928e-06
2.278085519e-06
1.438348659e-06
8.915177061e-07
5.369046378e-07
3.102324685e-07
1.689523245e-07
8.436693679e-08
3.67484666e-08
1.216154315e-08
2.328201162e-09
2.337878889e-10
2.039427817e-11
2.19087384e-12
2.326109747e-13
0
0
0
0
0
0
0
0
0
0
0
0
0
0
0
0
0
0
0
0
0
0
0
0
0
0
0
0
0
0
0
0
0
0
0
0
0
0
0
0
0
0
8.988930126e-06
6.612584234e-06
4.654649781e-06
3.189961098e-06
2.147871679e-06
1.421724888e-06
9.217726423e-07
5.816410915e-07
3.539386294e-07
2.050246384e-07
1.109345319e-07
5.445410065e-08
2.30529669e-08
7.310823132e-09
1.304922686e-09
1.182931622e-10
9.242682886e-12
8.461706261e-13
3.829057915e-14
0
0
0
0
0
0
0
0
0
0
0
0
0
0
0
0
0
0
0
0
0
0
0
0
0
0
0
0
0
0
0
0
0
0
0
0
0
0
0
0
0
6.947102882e-06
5.342918834e-06
3.956648107e-06
2.85026838e-06
2.0097028e-06
1.387737954e-06
9.3631921e-07
6.145947819e-07
3.898132011e-07
2.366078562e-07
1.355652853e-07
7.185623098e-08
3.41509708e-08
1.380398824e-08
4.102967292e-09
6.652842657e-10
5.287723426e-11
3.682098401e-12
2.47329979e-13
0
0
0
0
0
0
0
0
0
0
0
0
0
0
0
0
0
0
0
0
0
0
0
0
0
0
0
0
0
0
0
0
0
0
0
0
0
0
0
0
0
5.53859551e-06
4.383368874e-06
3.361556084e-06
2.526105275e-06
1.848600729e-06
1.322158379e-06
9.227409826e-07
6.259999561e-07
4.106977349e-07
2.586342295e-07
1.547085885e-07
8.660320748e-08
4.438192952e-08
2.012371201e-08
7.623363504e-09
2.070945658e-09
2.966241255e-10
2.077049386e-11
1.227796358e-12
2.867762541e-14
0
0
0
0
0
0
0
0
0
0
0
0
0
0
0
0
0
0
0
0
0
0
0
0
0
0
0
0
0
0
0
0
0
0
0
0
0
0
0
0
4.474970355e-06
3.644044718e-06
2.891666274e-06
2.238613533e-06
1.690224911e-06
1.243328212e-06
8.900375181e-07
6.197866617e-07
4.177054056e-07
2.708090182e-07
1.674738923e-07
9.763824191e-08
5.278207657e-08
2.582186476e-08
1.10080348e-08
3.839916942e-09
9.297562505e-10
1.13972302e-10
6.859151847e-12
2.958707355e-13
0
0
0
0
0
0
0
0
0
0
0
0
0
0
0
0
0
0
0
0
0
0
0
0
0
0
0
0
0
0
0
0
0
0
0
0
0
0
0
0
3.672721109e-06
3.047749208e-06
2.468055122e-06
1.952228017e-06
1.508521835e-06
1.137213744e-06
8.340429833e-07
5.936677213e-07
4.087024435e-07
2.711446241e-07
1.72086442e-07
1.034672838e-07
5.816007434e-08
3.000580523e-08
1.382994096e-08
5.460228177e-09
1.719852606e-09
3.594633166e-10
3.580773225e-11
1.724912054e-12
1.670355256e-14
0
0
0
0
0
0
0
0
0
0
0
0
0
0
0
0
0
0
0
0
0
0
0
0
0
0
0
0
0
0
0
0
0
0
0
0
0
0
0
3.01027455e-06
2.53354614e-06
2.083829479e-06
1.675701582e-06
1.317112006e-06
1.010848761e-06
7.559217337e-07
5.488316858e-07
3.854179956e-07
2.604292225e-07
1.686074483e-07
1.037416525e-07
6.00039379e-08
3.214844064e-08
1.563050969e-08
6.691481452e-09
2.404709219e-09
6.664067433e-10
1.154951997e-10
8.806256654e-12
2.683317611e-13
0
0
0
0
0
0
0
0
0
0
0
0
0
0
0
0
0
0
0
0
0
0
0
0
0
0
0
0
0
0
0
0
0
0
0
0
0
0
0
2.453004944e-06
2.087186363e-06
1.73730136e-06
1.41474544e-06
1.126569738e-06
8.762280239e-07
6.643955397e-07
4.896972501e-07
3.493459994e-07
2.400829584e-07
1.579827444e-07
9.884732208e-08
5.836131397e-08
3.212229532e-08
1.621521337e-08
7.337425321e-09
2.876070419e-09
9.259439045e-10
2.244884491e-10
3.178519478e-11
1.809796053e-12
5.462877187e-15
0
0
0
0
0
0
0
0
0
0
0
0
0
0
0
0
0
0
0
0
0
0
0
0
0
0
0
0
0
0
0
0
0
0
0
0
0
0
1.977753934e-06
1.697154145e-06
1.425499986e-06
1.17177844e-06
9.420415579e-07
7.397882352e-07
5.664300941e-07
4.217501224e-07
3.042658205e-07
2.116205715e-07
1.411163332e-07
8.959892531e-08
5.366927905e-08
3.01129259e-08
1.561580248e-08
7.350647181e-09
3.06105838e-09
1.082288615e-09
3.045208825e-10
6.170842102e-11
6.630744915e-12
2.001839073e-13
0
0
0
0
0
0
0
0
0
0
0
0
0
0
0
0
0
0
0
0
0
0
0
0
0
0
0
0
0
0
0
0
0
0
0
0
0
0
1.568625069e-06
1.354822468e-06
1.145558068e-06
9.479567555e-07
7.671142965e-07
6.062804034e-07
4.67120347e-07
3.499874266e-07
2.541887871e-07
1.781929492e-07
1.19891371e-07
7.693225104e-08
4.671525083e-08
2.655555361e-08
1.403345585e-08
6.794159846e-09
2.953469323e-09
1.118616518e-09
3.485649802e-10
8.040475485e-11
1.255653915e-11
8.376982266e-13
0
0
0
0
0
0
0
0
0
0
0
0
0
0
0
0
0
0
0
0
0
0
0
0
0
0
0
0
0
0
0
0
0
0
0
0
0
0
1.215765162e-06
1.055052422e-06
8.962049648e-07
7.448534999e-07
6.052012745e-07
4.800971427e-07
3.711719821e-07
2.790070628e-07
2.033066899e-07
1.430765156e-07
9.678171513e-08
6.253716576e-08
3.832967003e-08
2.20863683e-08
1.183203652e-08
5.848449958e-09
2.624460395e-09
1.043942805e-09
3.515670865e-10
9.242027851e-11
1.834270223e-11
2.124763787e-12
4.487551491e-14
0
0
0
0
0
0
0
0
0
0
0
0
0
0
0
0
0
0
0
0
0
0
0
0
0
0
0
0
0
0
0
0
0
0
0
0
0
9.145248955e-07
7.962663992e-07
6.783773006e-07
5.652407014e-07
4.602251069e-07
3.657004146e-07
2.831042581e-07
2.130424392e-07
1.554085618e-07
1.095163226e-07
7.424218007e-08
4.816100146e-08
2.970022859e-08
1.72794133e-08
9.389775637e-09
4.71729298e-09
2.170593731e-09
8.977398162e-10
3.231423844e-10
9.244990278e-11
1.688529672e-11
2.255173166e-12
9.859773037e-14
0
0
0
0
0
0
0
0
0
0
0
0
0
0
0
0
0
0
0
0
0
0
0
0
0
0
0
0
0
0
0
0
0
0
0
0
0
6.635532149e-07
5.790531842e-07
4.941861035e-07
4.122763336e-07
3.359266555e-07
2.670073355e-07
2.066854571e-07
1.554867987e-07
1.133831163e-07
7.989133086e-08
5.418550504e-08
3.521184092e-08
2.179696484e-08
1.276322056e-08
7.012121325e-09
3.575409379e-09
1.678837555e-09
7.162172761e-10
2.702064006e-10
8.284866041e-11
1.657796895e-11
8.053705237e-14
0
0
0
0
0
0
0
0
0
0
0
0
0
0
0
0
0
0
0
0
0
0
0
0
0
0
0
0
0
0
0
0
0
0
0
0
0
0
4.62139946e-07
4.039369287e-07
3.450831247e-07
2.880120132e-07
2.346515748e-07
1.864035968e-07
1.441550664e-07
1.083174813e-07
7.888874363e-08
5.552830956e-08
3.764267463e-08
2.447406866e-08
1.518603521e-08
8.938121166e-09
4.953715225e-09
2.562019571e-09
1.224240293e-09
5.365854722e-10
2.114194882e-10
7.1310248e-11
1.579830017e-11
2.068118026e-13
4.121792975e-17
0
0
0
0
0
0
0
0
0
0
0
0
0
0
0
0
0
0
0
0
0
0
0
0
0
0
0
0
0
0
0
0
0
0
0
0
0
3.078692967e-07
2.694413161e-07
2.303303572e-07
1.92243966e-07
1.565459628e-07
1.242349069e-07
9.594670668e-08
7.197991242e-08
5.233864831e-08
3.678788751e-08
2.491627974e-08
1.620068831e-08
1.00678154e-08
5.948359418e-09
3.320506842e-09
1.738546218e-09
8.456924724e-10
3.798147594e-10
1.553979633e-10
5.563960526e-11
1.361411031e-11
2.300674493e-13
0
0
0
0
0
0
0
0
0
0
0
0
0
0
0
0
0
0
0
0
0
0
0
0
0
0
0
0
0
0
0
0
0
0
0
0
0
0
1.957169554e-07
1.714904166e-07
1.466733449e-07
1.22408617e-07
9.961480627e-08
7.896743422e-08
6.089813771e-08
4.561042678e-08
3.310897497e-08
2.323769622e-08
1.572409245e-08
1.022384414e-08
6.362919087e-09
3.77364849e-09
2.121412575e-09
1.123502575e-09
5.564851793e-10
2.560646711e-10
1.087118942e-10
4.152873346e-11
1.297513039e-11
4.593896878e-13
0
0
0
0
0
0
0
0
0
0
0
0
0
0
0
0
0
0
0
0
0
0
0
0
0
0
0
0
0
0
0
0
0
0
0
0
0
0
1.185471811e-07
1.039995423e-07
8.899902656e-08
7.427305999e-08
6.040925212e-08
4.784122093e-08
3.684660761e-08
2.755661881e-08
1.997510466e-08
1.400349413e-08
9.470312826e-09
6.160267886e-09
3.841404978e-09
2.28776508e-09
1.295690062e-09
6.946674959e-10
3.507734997e-10
1.659288532e-10
7.328462962e-11
2.983241426e-11
1.061443791e-11
2.493956366e-12
0
0
0
0
0
0
0
0
0
0
0
0
0
0
0
0
0
0
0
0
0
0
0
0
0
0
0
0
0
0
0
0
0
0
0
0
0
0
6.835254374e-08
6.004560942e-08
5.142187121e-08
4.292079366e-08
3.489884851e-08
2.761986929e-08
2.125315674e-08
1.587897067e-08
1.150018745e-08
8.058149096e-09
5.450763532e-09
3.550511102e-09
2.220989583e-09
1.330313487e-09
7.606733035e-10
4.140076018e-10
2.137939741e-10
1.045061694e-10
4.837114056e-11
2.102886386e-11
8.252997996e-12
2.658571321e-12
0
0
0
0
0
0
0
0
0
0
0
0
0
0
0
0
0
0
0
0
0
0
0
0
0
0
0
0
0
0
0
0
0
0
0
0
0
0
3.750525972e-08
3.299916241e-08
2.828816208e-08
2.362385088e-08
1.92111299e-08
1.520211526e-08
1.169470489e-08
8.735586724e-09
6.327019258e-09
4.436151877e-09
3.005622917e-09
1.963995569e-09
1.235274737e-09
7.464317039e-10
4.32682778e-10
2.403886057e-10
1.280057245e-10
6.535656467e-11
3.212741024e-11
1.509422425e-11
6.528087838e-12
2.419376985e-12
6.727648587e-13
0
0
0
0
0
0
0
0
0
0
0
0
0
0
0
0
0
0
0
0
0
0
0
0
0
0
0
0
0
0
0
0
0
0
0
0
0
1.959522051e-08
1.72739649e-08
1.482912135e-08
1.239712393e-08
1.008952371e-08
7.989455293e-09
6.150650332e-09
4.598991954e-09
3.336235865e-09
2.345144294e-09
1.595351747e-09
1.049042836e-09
6.66140587e-10
4.083046209e-10
2.416983232e-10
1.384147319e-10
7.693133973e-11
4.161752559e-11
2.210601506e-11
1.135668953e-11
5.49870139e-12
2.263298788e-12
7.721611651e-13
0
0
0
0
0
0
0
0
0
0
0
0
0
0
0
0
0
0
0
0
0
0
0
0
0
0
0
0
0
0
0
0
0
0
0
0
0
9.768132242e-09
8.631876851e-09
7.425694476e-09
6.219659118e-09
5.071314505e-09
4.023755878e-09
3.105006375e-09
2.32878134e-09
1.696386493e-09
1.19938791e-09
8.226756159e-10
5.473439146e-10
3.53398522e-10
2.2175675e-10
1.356345741e-10
8.12061728e-11
4.78606999e-11
2.784194749e-11
1.613199407e-11
9.104721117e-12
4.852855941e-12
2.209247653e-12
8.292781814e-13
5.489371925e-14
0
0
0
0
0
0
0
0
0
0
0
0
0
0
0
0
0
0
0
0
0
0
0
0
0
0
0
0
0
0
0
0
0
0
0
0
4.667979847e-09
4.138267047e-09
3.571249456e-09
3.001021698e-09
2.455745814e-09
1.956640812e-09
1.517629344e-09
1.145708082e-09
8.417706374e-10
6.019893585e-10
4.193208814e-10
2.848443514e-10
1.891336644e-10
1.231884463e-10
7.910570285e-11
5.035800047e-11
3.197199527e-11
2.025441721e-11
1.270259237e-11
7.946414865e-12
4.588279513e-12
2.320847499e-12
8.183567952e-13
1.722229845e-13
0
0
0
0
0
0
0
0
0
0
0
0
0
0
0
0
0
0
0
0
0
0
0
0
0
0
0
0
0
0
0
0
0
0
0
0
2.159831878e-09
1.92340777e-09
1.668085665e-09
1.409625893e-09
1.161135731e-09
9.325638426e-10
7.305191979e-10
5.584188583e-10
4.16877029e-10
3.043125609e-10
2.176683771e-10
1.529751784e-10
1.060396665e-10
7.284320115e-11
4.98431034e-11
3.411186764e-11
2.338517613e-11
1.599320211e-11
1.076618668e-11
7.173419697e-12
4.421468161e-12
2.408753276e-12
9.577098457e-13
2.773087499e-13
0
0
0
0
0
0
0
0
0
0
0
0
0
0
0
0
0
0
0
0
0
0
0
0
0
0
0
0
0
0
0
0
0
0
0
0
9.869675561e-10
8.848066328e-10
7.734671327e-10
6.598920568e-10
5.499070622e-10
4.479754884e-10
3.571178107e-10
2.789634347e-10
2.139102233e-10
1.613898607e-10
1.201876435e-10
8.864124334e-11
6.500005972e-11
4.756757422e-11
3.483396228e-11
2.554352804e-11
1.871067052e-11
1.359377124e-11
9.651224459e-12
6.775881063e-12
4.41820761e-12
2.603210109e-12
1.266479641e-12
3.710063265e-13
2.90808157e-14
0
0
0
0
0
0
0
0
0
0
0
0
0
0
0
0
0
0
0
0
0
0
0
0
0
0
0
0
0
0
0
0
0
0
0
4.619405652e-10
4.182340706e-10
3.701740835e-10
3.20702378e-10
2.723068393e-10
2.269259464e-10
1.859084729e-10
1.500254851e-10
1.195293193e-10
9.427117759e-11
7.382235427e-11
5.753682211e-11
4.473742452e-11
3.47500698e-11
2.696176285e-11
2.088282248e-11
1.607811595e-11
1.22228869e-11
9.065435389e-12
6.626827107e-12
4.55992059e-12
2.7782714e-12
1.410762101e-12
4.077309515e-13
5.052930179e-14
0
0
0
0
0
0
0
0
0
0
0
0
0
0
0
0
0
0
0
0
0
0
0
0
0
0
0
0
0
0
0
0
0
0
0
2.340284474e-10
2.147370198e-10
1.933692911e-10
1.711336177e-10
1.490714185e-10
1.280149817e-10
1.08568757e-10
9.110271497e-11
7.578010517e-11
6.260928555e-11
5.146732109e-11
4.213011889e-11
3.436693575e-11
2.792968822e-11
2.258542422e-11
1.816032888e-11
1.446370688e-11
1.135728026e-11
8.731787606e-12
6.4964298e-12
4.611374218e-12
2.93629428e-12
1.61347306e-12
6.235155591e-13
2.697915982e-13
5.53904527e-15
0
0
0
0
0
0
0
0
0
0
0
0
0
0
0
0
0
0
0
0
0
0
0
0
0
0
0
0
0
0
0
0
0
0
1.357047949e-10
1.263707769e-10
1.159873379e-10
1.050524287e-10
9.400729187e-11
8.321809255e-11
7.296690113e-11
6.344143824e-11
5.475051563e-11
4.696260557e-11
4.004552775e-11
3.394753523e-11
2.861017629e-11
2.395071731e-11
1.988986702e-11
1.63790222e-11
1.332592212e-11
1.066431484e-11
8.333800352e-12
6.273320679e-12
4.600828126e-12
3.060142796e-12
1.807485816e-12
8.445613219e-13
1.922336352e-13
2.597723149e-15
0
0
0
0
0
0
0
0
0
0
0
0
0
0
0
0
0
0
0
0
0
0
0
0
0
0
0
0
0
0
0
0
0
0
9.172096806e-11
8.648051253e-11
8.064713074e-11
7.443788095e-11
6.805157555e-11
6.166366749e-11
5.54146738e-11
4.941235841e-11
4.373396688e-11
3.845199645e-11
3.356894225e-11
2.909261817e-11
2.502629307e-11
2.134872072e-11
1.803903609e-11
1.509817901e-11
1.247481349e-11
1.013396011e-11
8.037595963e-12
6.140369106e-12
4.655131534e-12
3.280077116e-12
2.002748999e-12
9.960553675e-13
2.640514606e-13
1.187650731e-13
0
0
0
0
0
0
0
0
0
0
0
0
0
0
0
0
0
0
0
0
0
0
0
0
0
0
0
0
0
0
0
0
0
0
7.006606973e-11
6.66165407e-11
6.278443938e-11
5.867497462e-11
5.438927494e-11
5.002091786e-11
4.56508905e-11
4.13496495e-11
3.717577051e-11
3.318214616e-11
2.939262636e-11
2.583044637e-11
2.251855874e-11
1.945651164e-11
1.664545167e-11
1.410604377e-11
1.180585631e-11
9.726552048e-12
7.854739924e-12
6.177881469e-12
4.762161023e-12
3.458874733e-12
2.225528121e-12
1.245971629e-12
5.323092446e-13
2.35325079e-13
6.210139036e-15
0
0
0
0
0
0
0
0
0
0
0
0
0
0
0
0
0
0
0
0
0
0
0
0
0
0
0
0
0
0
0
0
0
5.764133657e-11
5.508976395e-11
5.226150933e-11
4.921503222e-11
4.600976758e-11
4.270128776e-11
3.93431498e-11
3.598575049e-11
3.267869963e-11
2.94573582e-11
2.634995673e-11
2.338299865e-11
2.058286554e-11
1.795716851e-11
1.551524712e-11
1.328598018e-11
1.124724574e-11
9.393631942e-12
7.718697115e-12
6.208708607e-12
4.850606675e-12
3.595657882e-12
2.395426316e-12
1.410393078e-12
6.449452039e-13
1.231526186e-13
0
0
0
0
0
0
0
0
0
0
0
0
0
0
0
0
0
0
0
0
0
0
0
0
0
0
0
0
0
0
0
0
0
0
4.962883429e-11
4.759364094e-11
4.533927851e-11
4.290397493e-11
4.032692884e-11
3.764780393e-11
3.490568147e-11
3.213846547e-11
2.938423576e-11
2.667212807e-11
2.402994201e-11
2.148161162e-11
1.905190915e-11
1.675117037e-11
1.459109744e-11
1.260203231e-11
1.076684376e-11
9.084291098e-12
7.550843871e-12
6.157323e-12
4.88917365e-12
3.722062168e-12
2.625462326e-12
1.577205204e-12
7.50539283e-13
1.451745262e-13
7.628878212e-14
0
0
0
0
0
0
0
0
0
0
0
0
0
0
0
0
0
0
0
0
0
0
0
0
0
0
0
0
0
0
0
0
0
4.374269568e-11
4.205633716e-11
4.018828084e-11
3.816545272e-11
3.601659733e-11
3.377144913e-11
3.14601531e-11
2.911287281e-11
2.675989024e-11
2.442535781e-11
2.213403514e-11
1.990755078e-11
1.77663096e-11
1.572313047e-11
1.378978523e-11
1.199638263e-11
1.032853103e-11
8.787267822e-12
7.370993196e-12
6.072123809e-12
4.871136672e-12
3.790931613e-12
2.760859343e-12
1.757344567e-12
9.712639474e-13
4.246571318e-13
2.048134119e-13
2.179986833e-14
0
0
0
0
0
0
0
0
0
0
0
0
0
0
0
0
0
0
0
0
0
0
0
0
0
0
0
0
0
0
0
0
3.913980387e-11
3.771058627e-11
3.612633027e-11
3.440743308e-11
3.257593397e-11
3.065507865e-11
2.866878185e-11
2.664115902e-11
2.459578533e-11
2.255502219e-11
2.053987821e-11
1.856936796e-11
1.666157105e-11
1.482935845e-11
1.308561664e-11
1.145398199e-11
9.927740562e-12
8.508274128e-12
7.195794441e-12
5.986816298e-12
4.873430691e-12
3.841843503e-12
2.858069278e-12
1.88300183e-12
1.092851061e-12
4.990024167e-13
1.274044427e-13
6.232776247e-14
0
0
0
0
0
0
0
0
0
0
0
0
0
0
0
0
0
0
0
0
0
0
0
0
0
0
0
0
0
0
0
0
3.541425315e-11
3.418347896e-11
3.281813107e-11
3.133399874e-11
2.974839843e-11
2.8079823e-11
2.634761372e-11
2.457151056e-11
2.277116012e-11
2.096572193e-11
1.917359198e-11
1.741219198e-11
1.569638468e-11
1.40395564e-11
1.245392308e-11
1.096215086e-11
9.559208039e-12
8.248071416e-12
7.030382452e-12
5.904638245e-12
4.864006984e-12
3.893967465e-12
2.966675565e-12
2.049048478e-12
1.210627671e-12
5.414544242e-13
4.724876014e-14
4.285139022e-14
0
0
0
0
0
0
0
0
0
0
0
0
0
0
0
0
0
0
0
0
0
0
0
0
0
0
0
0
0
0
0
0
3.233920228e-11
3.126484374e-11
3.00720895e-11
2.877336043e-11
2.738244549e-11
2.591434204e-11
2.438494771e-11
2.281075782e-11
2.120848333e-11
1.959475991e-11
1.798583082e-11
1.639697673e-11
1.484254689e-11
1.333575948e-11
1.188880106e-11
1.051318878e-11
9.214997595e-12
7.997932235e-12
6.863942581e-12
5.812421377e-12
4.837816854e-12
3.928812375e-12
3.066948294e-12
2.227552419e-12
1.389393237e-12
7.406715349e-13
3.062983427e-13
1.524641382e-13
0
0
0
0
0
0
0
0
0
0
0
0
0
0
0
0
0
0
0
0
0
0
0
0
0
0
0
0
0
0
0
0
2.977161288e-11
2.882117615e-11
2.776537637e-11
2.661407502e-11
2.537846261e-11
2.407087919e-11
2.270463219e-11
2.129369842e-11
1.985249898e-11
1.839559125e-11
1.693720282e-11
1.54918133e-11
1.40721207e-11
1.269069181e-11
1.13589239e-11
1.008741495e-11
8.882861193e-12
7.749809448e-12
6.690819641e-12
5.705979723e-12
4.790565723e-12
3.934267847e-12
3.119006435e-12
2.31820604e-12
1.498970917e-12
8.471259441e-13
3.768951573e-13
1.23913249e-13
5.853078613e-14
0
0
0
0
0
0
0
0
0
0
0
0
0
0
0
0
0
0
0
0
0
0
0
0
0
0
0
0
0
0
0
2.761068246e-11
2.67577051e-11
2.580994484e-11
2.477540034e-11
2.366330033e-11
2.248400838e-11
2.124883506e-11
1.996987568e-11
1.865978132e-11
1.733151794e-11
1.599785921e-11
1.467166633e-11
1.336529558e-11
1.209040838e-11
1.085772458e-11
9.677582568e-12
8.556301533e-12
7.49885629e-12
6.508128451e-12
5.584717271e-12
4.724585861e-12
3.91822178e-12
3.147440334e-12
2.38344166e-12
1.585654481e-12
9.207188343e-13
3.937526452e-13
1.933993866e-14
3.484590468e-14
0
0
0
0
0
0
0
0
0
0
0
0
0
0
0
0
0
0
0
0
0
0
0
0
0
0
0
0
0
0
0
2.577176832e-11
2.499461859e-11
2.413135741e-11
2.318862921e-11
2.217425224e-11
2.10971287e-11
1.996711943e-11
1.879490932e-11
1.759180942e-11
1.636942401e-11
1.513947085e-11
1.391388497e-11
1.270420641e-11
1.152140002e-11
1.037563305e-11
9.276770388e-12
8.230655984e-12
7.242451497e-12
6.315195935e-12
5.449926936e-12
4.643457496e-12
3.887863087e-12
3.169209327e-12
2.464286879e-12
1.745361548e-12
1.063319951e-12
5.396178464e-13
1.974921949e-13
1.143184671e-13
0
0
0
0
0
0
0
0
0
0
0
0
0
0
0
0
0
0
0
0
0
0
0
0
0
0
0
0
0
0
0
2.416735992e-11
2.344960245e-11
2.265286967e-11
2.178290436e-11
2.084654242e-11
1.985168071e-11
1.880716909e-11
1.772268677e-11
1.660847197e-11
1.547509348e-11
1.433358764e-11
1.319502753e-11
1.207021624e-11
1.096946641e-11
9.902349338e-12
8.877791222e-12
7.901490818e-12
6.978381595e-12
6.111373117e-12
5.301581401e-12
4.546197667e-12
3.838180547e-12
3.165642e-12
2.511328598e-12
1.851172287e-12
1.162095682e-12
6.327364937e-13
2.780533151e-13
1.578435368e-13
6.917205486e-14
0
0
0
0
0
0
0
0
0
0
0
0
0
0
0
0
0
0
0
0
0
0
0
0
0
0
0
0
0
0
2.270224726e-11
2.203379592e-11
2.129233866e-11
2.04830632e-11
1.961221119e-11
1.868702755e-11
1.771567879e-11
1.67070335e-11
1.567051711e-11
1.461600071e-11
1.35538313e-11
1.249411737e-11
1.144652026e-11
1.042076662e-11
9.429812398e-12
8.477249453e-12
7.568577989e-12
6.708728313e-12
5.900453058e-12
5.14474251e-12
4.438809748e-12
3.775728199e-12
3.143422576e-12
2.524357219e-12
1.89191283e-12
1.213159141e-12
6.749686337e-13
2.898678578e-13
9.136586682e-14
5.54616874e-14
0
0
0
0
0
0
0
0
0
0
0
0
0
0
0
0
0
0
0
0
0
0
0
0
0
0
0
0
0
0
2.128328652e-11
2.066064188e-11
1.99702045e-11
1.921687414e-11
1.840653152e-11
1.754600203e-11
1.664287888e-11
1.570543152e-11
1.474245331e-11
1.37634227e-11
1.277792942e-11
1.179550406e-11
1.082539769e-11
9.876526918e-12
8.957361853e-12
8.074186794e-12
7.23209452e-12
6.43502456e-12
5.685156659e-12
4.983218317e-12
4.326407634e-12
3.707855431e-12
3.11564161e-12
2.531978171e-12
1.928697069e-12
1.269523738e-12
7.324761813e-13
3.176231856e-13
2.338042233e-14
4.956498538e-14
0
0
0
0
0
0
0
0
0
0
0
0
0
0
0
0
0
0
0
0
0
0
0
0
0
0
0
0
0
0
1.984319676e-11
1.926836084e-11
1.863065195e-11
1.793478612e-11
1.718638681e-11
1.63918441e-11
1.555825838e-11
1.469339419e-11
1.380557401e-11
1.290362703e-11
1.199638288e-11
1.10925989e-11
1.020072369e-11
9.328681459e-12
8.483812226e-12
7.671577911e-12
6.896709821e-12
6.162534596e-12
5.470844258e-12
4.822239349e-12
4.214097014e-12
3.639991254e-12
3.089197415e-12
2.545381566e-12
1.981541279e-12
1.359949618e-12
8.366804472e-13
4.364846063e-13
1.91369759e-13
1.483841632e-13
7.656255868e-14
0
0
0
0
0
0
0
0
0
0
0
0
0
0
0
0
0
0
0
0
0
0
0
0
0
0
0
0
0
1.835758197e-11
1.783503939e-11
1.725460113e-11
1.662078508e-11
1.593882861e-11
1.521465866e-11
1.445492273e-11
1.366684892e-11
1.285825394e-11
1.203708234e-11
1.121135169e-11
1.038894192e-11
9.577379354e-12
8.783613492e-12
8.014026606e-12
7.273306504e-12
6.565546476e-12
5.893560976e-12
5.2588398e-12
4.661935069e-12
4.100495544e-12
3.568694166e-12
3.057323101e-12
2.552759952e-12
2.033390161e-12
1.472501949e-12
9.217019097e-13
5.035874485e-13
2.378257242e-13
1.760820663e-13
9.315715931e-14
0
0
0
0
0
0
0
0
0
0
0
0
0
0
0
0
0
0
0
0
0
0
0
0
0
0
0
0
0
1.685335671e-11
1.638696123e-11
1.586784482e-11
1.530016512e-11
1.468871996e-11
1.403893884e-11
1.335692853e-11
1.264934669e-11
1.192311263e-11
1.118531777e-11
1.044306175e-11
9.703274805e-12
8.972603304e-12
8.257003985e-12
7.56168404e-12
6.890978889e-12
6.248290531e-12
5.636006958e-12
5.055558017e-12
4.50734465e-12
3.989249267e-12
3.495957948e-12
3.019324581e-12
2.54795926e-12
2.065956378e-12
1.549855476e-12
9.771688041e-13
5.361311001e-13
2.366065333e-13
1.074232151e-13
7.139569052e-14
0
0
0
0
0
0
0
0
0
0
0
0
0
0
0
0
0
0
0
0
0
0
0
0
0
0
0
0
0
1.53900048e-11
1.497980738e-11
1.452222598e-11
1.402098892e-11
1.348035537e-11
1.290521923e-11
1.230104541e-11
1.167361386e-11
1.102896962e-11
1.037329334e-11
9.712748527e-12
9.053329938e-12
8.400715929e-12
7.759874475e-12
7.13527697e-12
6.53070213e-12
5.94909812e-12
5.392589665e-12
4.862590077e-12
4.359560221e-12
3.88175168e-12
3.424173017e-12
2.979715484e-12
2.537737698e-12
2.082832733e-12
1.590506336e-12
1.030931625e-12
5.933163939e-13
2.837217477e-13
1.251519909e-13
1.130114622e-13
5.321059762e-14
0
0
0
0
0
0
0
0
0
0
0
0
0
0
0
0
0
0
0
0
0
0
0
0
0
0
0
0
1.404078107e-11
1.368263989e-11
1.32825057e-11
1.2843578e-11
1.236956319e-11
1.186472653e-11
1.133368077e-11
1.078136245e-11
1.021293483e-11
9.633664814e-12
9.048797698e-12
8.463456668e-12
7.882254752e-12
7.309564717e-12
6.749226907e-12
6.204490067e-12
5.677966176e-12
5.171639615e-12
4.687040737e-12
4.224769923e-12
3.783490746e-12
3.358831119e-12
2.94463549e-12
2.53117878e-12
2.103533316e-12
1.636636773e-12
1.098731554e-12
6.746724639e-13
3.674511796e-13
2.048287906e-13
1.746825303e-13
9.904572597e-14
0
0
0
0
0
0
0
0
0
0
0
0
0
0
0
0
0
0
0
0
0
0
0
0
0
0
0
0
1.285380167e-11
1.254012568e-11
1.218954614e-11
1.180474956e-11
1.138890441e-11
1.094551895e-11
1.047846766e-11
9.991908143e-12
9.490190948e-12
8.977759994e-12
8.459045494e-12
7.938363604e-12
7.419576905e-12
6.906374555e-12
6.402104852e-12
5.909633908e-12
5.43130931e-12
4.968981122e-12
4.524346843e-12
4.098046892e-12
3.689090713e-12
3.293510239e-12
2.905861403e-12
2.516989286e-12
2.112116092e-12
1.665228673e-12
1.141666916e-12
7.192700581e-13
4.012194855e-13
2.142141494e-13
1.79412245e-13
1.005420615e-13
0
0
0
0
0
0
0
0
0
0
0
0
0
0
0
0
0
0
0
0
0
0
0
0
0
0
0
0
1.185747829e-11
1.157980982e-11
1.126974739e-11
1.092948551e-11
1.056161042e-11
1.016906003e-11
9.755077265e-12
9.323147871e-12
8.876924805e-12
8.420143889e-12
7.956556403e-12
7.489631059e-12
7.022774841e-12
6.559191348e-12
6.101775751e-12
5.65307151e-12
5.21522473e-12
4.790001945e-12
4.379275364e-12
3.983621628e-12
3.602147924e-12
3.231395473e-12
2.866493285e-12
2.498909967e-12
2.114540577e-12
1.68754476e-12
1.180610617e-12
7.490976216e-13
4.102087838e-13
1.936867286e-13
1.595676468e-13
9.015364979e-14
0
0
0
0
0
0
0
0
0
0
0
0
0
0
0
0
0
0
0
0
0
0
0
0
0
0
0
0
1.109267621e-11
1.084118125e-11
1.056066161e-11
1.025299361e-11
9.920385959e-12
9.56535549e-12
9.190686653e-12
8.799376857e-12
8.394570722e-12
7.979499199e-12
7.557123317e-12
7.130668429e-12
6.703064348e-12
6.277128376e-12
5.855445906e-12
5.440329453e-12
5.033764645e-12
4.637439275e-12
4.253266559e-12
3.881840452e-12
3.522311229e-12
3.171423959e-12
2.824900532e-12
2.474810259e-12
2.108170706e-12
1.701725781e-12
1.229557629e-12
7.767530583e-13
4.26757697e-13
1.961313968e-13
1.336421878e-13
1.081978386e-13
4.867587561e-14
0
0
0
0
0
0
0
0
0
0
0
0
0
0
0
0
0
0
0
0
0
0
0
0
0
0
0
)
;

boundaryField
{
    inletCH4
    {
        type            fixedValue;
        value           uniform 0;
    }
    wallOutside
    {
        type            zeroGradient;
    }
    wallTube
    {
        type            zeroGradient;
    }
    inletPilot
    {
        type            fixedValue;
        value           uniform 0;
    }
    inletAir
    {
        type            fixedValue;
        value           uniform 0;
    }
    outlet
    {
        type            zeroGradient;
    }
    axis
    {
        type            empty;
    }
    frontAndBack_pos
    {
        type            wedge;
    }
    frontAndBack_neg
    {
        type            wedge;
    }
}


// ************************************************************************* //
