/*--------------------------------*- C++ -*----------------------------------*\
  =========                 |
  \\      /  F ield         | OpenFOAM: The Open Source CFD Toolbox
   \\    /   O peration     | Website:  https://openfoam.org
    \\  /    A nd           | Version:  10
     \\/     M anipulation  |
\*---------------------------------------------------------------------------*/
FoamFile
{
    format      ascii;
    class       volScalarField;
    location    "0.0250188088";
    object      CH3CHO;
}
// * * * * * * * * * * * * * * * * * * * * * * * * * * * * * * * * * * * * * //

dimensions      [0 0 0 0 0 0 0];

internalField   nonuniform List<scalar> 
5170
(
0
0
0
0
0
0
0
0
0
0
0
0
0
0
0
0
0
0
0
0
0
0
0
0
0
0
0
0
0
0
0
0
0
0
0
0
0
0
0
0
0
0
0
0
0
0
0
0
0
0
0
0
0
0
0
0
0
0
0
0
0
0
0
0
0
0
0
0
0
0
0
0
0
0
0
0
0
0
0
0
0
0
0
0
0
0
0
0
0
0
0
0
0
2.791714836e-13
1.462257606e-12
4.846038909e-13
3.186548471e-12
2.632633822e-11
1.875934082e-10
9.135560328e-10
9.072955101e-24
0
1.78921728e-25
1.757057429e-25
1.914448994e-25
5.231081608e-24
0
0
0
4.048139426e-25
5.37361467e-25
4.094768444e-26
1.199168152e-24
0
0
4.026370732e-25
2.86031604e-26
0
0
0
0
0
1.281075869e-22
0
0
0
0
1.552131277e-19
1.450023216e-17
1.164864049e-16
0
0
0
3.956950707e-19
0
0
0
0
0
1.390757873e-17
1.085346371e-15
2.120837206e-16
2.039163795e-19
0
0
0
0
0
0
0
0
0
0
0
0
0
0
0
0
0
0
0
0
0
0
0
0
0
0
0
0
0
0
0
0
0
0
0
0
0
0
0
0
0
0
0
0
0
0
0
6.872109604e-11
0
0
0
0
1.459780482e-08
7.497647973e-10
1.462929544e-10
9.445439575e-12
2.9228238e-13
2.213329899e-11
1.740588157e-10
2.691667288e-09
4.018427169e-08
5.407265173e-07
1.282219386e-10
8.760480831e-10
1.082825941e-08
1.158764623e-07
9.203795286e-07
4.442060392e-10
2.738324109e-09
2.800578101e-08
2.292463492e-07
1.242785529e-06
1.195838802e-09
6.648935378e-09
5.725259397e-08
3.703021872e-07
1.457535405e-06
2.791208721e-09
1.415094608e-08
1.030118935e-07
5.218277521e-07
1.554707238e-06
5.909020816e-09
2.742888055e-08
1.668726886e-07
6.645201296e-07
1.600521295e-06
1.160133588e-08
4.904672601e-08
2.470332972e-07
7.92853678e-07
1.644751095e-06
2.140419605e-08
8.16519571e-08
3.404067838e-07
9.091583056e-07
1.694659083e-06
3.772223212e-08
1.285475671e-07
4.435442736e-07
1.013629384e-06
1.739063644e-06
6.401676542e-08
1.920933305e-07
5.514957013e-07
1.105157383e-06
1.764462063e-06
1.053517386e-07
2.743498702e-07
6.602068649e-07
1.184085192e-06
1.776894796e-06
1.704247484e-07
3.739910722e-07
7.657084798e-07
1.255459202e-06
1.791629609e-06
2.696052161e-07
4.887688752e-07
8.70430626e-07
1.327902558e-06
1.824447085e-06
3.956464324e-07
6.147600568e-07
9.780025228e-07
1.40738089e-06
1.876271593e-06
5.558729647e-07
7.575907457e-07
1.095155407e-06
1.498553258e-06
1.945116974e-06
7.387673759e-07
9.168364889e-07
1.226897958e-06
1.606226553e-06
2.032148956e-06
9.45702818e-07
1.101396718e-06
1.384608771e-06
1.740904434e-06
2.147770641e-06
1.194835686e-06
1.331364275e-06
1.592875578e-06
1.935786089e-06
2.338643912e-06
1.526640148e-06
1.661773425e-06
1.936857703e-06
2.320574292e-06
2.794088162e-06
2.074349656e-06
2.242597316e-06
2.602844352e-06
3.141164283e-06
3.863386536e-06
2.975779386e-06
3.180376839e-06
3.618453056e-06
4.265137166e-06
5.109887828e-06
4.1223788e-06
4.28988804e-06
4.646227482e-06
5.15794738e-06
5.79487514e-06
4.831940295e-06
4.924874367e-06
5.120291918e-06
5.392654912e-06
5.714848477e-06
4.819442216e-06
4.854260895e-06
4.924250723e-06
5.015189938e-06
5.111240786e-06
4.293341164e-06
4.296793895e-06
4.29966428e-06
4.295884188e-06
4.27921173e-06
3.556538008e-06
3.547562247e-06
3.525250952e-06
3.487794483e-06
3.433550252e-06
2.875891759e-06
2.86460647e-06
2.837818614e-06
2.795482938e-06
2.737902163e-06
2.29521511e-06
2.284812442e-06
2.260667485e-06
2.223307317e-06
2.173577132e-06
1.818911383e-06
1.810362365e-06
1.790738132e-06
1.760652532e-06
1.720959172e-06
1.429784038e-06
1.423151695e-06
1.408000422e-06
1.384859795e-06
1.354437697e-06
1.10974018e-06
1.104789871e-06
1.093490126e-06
1.076242778e-06
1.053587454e-06
8.45473928e-07
8.418988198e-07
8.337171291e-07
8.212104522e-07
8.047723192e-07
6.282230406e-07
6.257246944e-07
6.199779091e-07
6.111669916e-07
5.995702979e-07
4.524597443e-07
4.507774799e-07
4.468781363e-07
4.40874924e-07
4.329595977e-07
3.143275851e-07
3.132422562e-07
3.107015729e-07
3.067698353e-07
3.01575177e-07
2.100900323e-07
2.094228208e-07
2.078410557e-07
2.05378012e-07
2.021163968e-07
1.351593389e-07
1.347693681e-07
1.338307399e-07
1.323585008e-07
1.304039852e-07
8.405976427e-08
8.384295492e-08
8.33115718e-08
8.247117436e-08
8.135233852e-08
5.10436229e-08
5.09280875e-08
5.063926812e-08
5.017840526e-08
4.956295031e-08
3.081706426e-08
3.075696027e-08
3.060382814e-08
3.035741649e-08
3.002729486e-08
1.903293944e-08
1.900116568e-08
1.891937372e-08
1.878709253e-08
1.860938341e-08
1.245953718e-08
1.244137273e-08
1.239500639e-08
1.232019366e-08
1.221956117e-08
8.899893707e-09
8.887984609e-09
8.8584753e-09
8.81140518e-09
8.74814176e-09
6.977513787e-09
6.968450483e-09
6.946915213e-09
6.913132484e-09
6.867844891e-09
5.895460147e-09
5.887858708e-09
5.870379495e-09
5.843348671e-09
5.807211062e-09
5.225270574e-09
5.218592227e-09
5.203537679e-09
5.18046519e-09
5.149669825e-09
4.752502568e-09
4.74654856e-09
4.733264121e-09
4.713001291e-09
4.685984535e-09
4.37814226e-09
4.372819042e-09
4.360997796e-09
4.343005061e-09
4.319023543e-09
4.05756825e-09
4.052806151e-09
4.042252471e-09
4.026201796e-09
4.004806933e-09
3.772377062e-09
3.768117285e-09
3.758685091e-09
3.744345553e-09
3.725229947e-09
3.514552033e-09
3.51073666e-09
3.502302783e-09
3.489488152e-09
3.472405327e-09
3.283078688e-09
3.279663346e-09
3.27210827e-09
3.260624326e-09
3.245309608e-09
3.073839605e-09
3.070768918e-09
3.063978962e-09
3.053658783e-09
3.039893566e-09
2.884392683e-09
2.88162344e-09
2.875503021e-09
2.866200638e-09
2.85379077e-09
2.712131643e-09
2.709626541e-09
2.704091806e-09
2.695681103e-09
2.684459007e-09
2.554490197e-09
2.552219409e-09
2.547203871e-09
2.539582233e-09
2.529412084e-09
2.409383741e-09
2.407322135e-09
2.402769675e-09
2.395852069e-09
2.386619111e-09
2.275379797e-09
2.273503869e-09
2.269362107e-09
2.263068422e-09
2.254666632e-09
2.15159641e-09
2.149882824e-09
2.146100327e-09
2.14035263e-09
2.132678406e-09
2.037329533e-09
2.035755014e-09
2.032280681e-09
2.027001938e-09
2.019953608e-09
1.93166936e-09
1.930214874e-09
1.927006992e-09
1.922134501e-09
1.915628652e-09
1.833275886e-09
1.831926414e-09
1.828951267e-09
1.824432903e-09
1.818399904e-09
1.740375002e-09
1.739119954e-09
1.736353588e-09
1.732152724e-09
1.726543898e-09
1.651070502e-09
1.649910266e-09
1.647352733e-09
1.643468905e-09
1.638283384e-09
1.56456168e-09
1.563496585e-09
1.561147811e-09
1.557580022e-09
1.552815753e-09
1.480917529e-09
1.479945669e-09
1.477801193e-09
1.47454211e-09
1.470187045e-09
1.401514306e-09
1.400629103e-09
1.398675521e-09
1.395706655e-09
1.391741686e-09
1.328061356e-09
1.327254809e-09
1.325474901e-09
1.322769841e-09
1.319156398e-09
1.262808719e-09
1.262066083e-09
1.260428572e-09
1.257941174e-09
1.254619121e-09
1.210332425e-09
1.209635592e-09
1.208100435e-09
1.205769721e-09
1.202657454e-09
1.87698423e-06
2.46575989e-06
2.71833197e-06
2.649735737e-06
2.45432115e-06
2.327680473e-06
2.289721273e-06
2.281932705e-06
2.268285276e-06
2.222626949e-06
2.174505339e-06
2.149665925e-06
2.164607698e-06
2.205338697e-06
2.263320324e-06
2.338161001e-06
2.442414359e-06
2.634962936e-06
3.152166973e-06
4.465128993e-06
5.790089867e-06
6.27804833e-06
5.945642825e-06
5.173024189e-06
4.261943377e-06
3.390803765e-06
2.694289997e-06
2.136294576e-06
1.691303232e-06
1.331766231e-06
1.036769544e-06
7.926483541e-07
5.910994357e-07
4.272550078e-07
2.978965009e-07
1.998568625e-07
1.290853691e-07
8.062033069e-08
4.917327093e-08
2.982429722e-08
1.850148619e-08
1.215714776e-08
8.706479008e-09
6.835740178e-09
5.780047274e-09
5.125682825e-09
4.664544216e-09
4.299826244e-09
3.987607352e-09
3.709831198e-09
3.458617136e-09
3.232937245e-09
3.028758135e-09
2.843737982e-09
2.675356901e-09
2.52115439e-09
2.379115813e-09
2.24783327e-09
2.126431088e-09
2.01421087e-09
1.910322227e-09
1.813474829e-09
1.721961107e-09
1.634049467e-09
1.548928448e-09
1.466638658e-09
1.38851163e-09
1.316210347e-09
1.251906754e-09
1.200111652e-09
4.323920367e-06
3.485802305e-07
1.107654077e-08
5.360965451e-10
8.396940134e-11
5.681338814e-06
1.519979577e-05
8.740664398e-07
2.639705991e-08
9.002266147e-09
5.499826898e-06
1.306541175e-05
1.223247841e-06
6.736407989e-08
6.68379148e-08
4.671176855e-06
7.102643589e-06
1.129585347e-06
9.499386058e-08
6.225040076e-08
3.879013256e-06
4.85259753e-06
5.592023783e-06
5.74029726e-07
4.616932901e-08
3.48260917e-06
4.788219249e-06
9.556313912e-06
1.200504339e-06
1.186525655e-07
3.332145903e-06
4.874472983e-06
1.069679737e-05
1.571943786e-06
1.829813904e-07
3.225840203e-06
4.633199415e-06
7.907690811e-06
1.427031581e-06
1.921557776e-07
3.10401014e-06
4.258955226e-06
6.291739353e-06
2.170549706e-06
3.303769497e-07
2.925242602e-06
3.75181016e-06
4.758995739e-06
3.74791255e-06
5.945266177e-07
2.77572989e-06
3.481299593e-06
4.413122545e-06
5.294077262e-06
9.4346082e-07
2.692670406e-06
3.408626923e-06
4.403740683e-06
6.300363804e-06
1.234153287e-06
2.686798638e-06
3.476197426e-06
4.578814389e-06
7.071233389e-06
1.597336635e-06
2.713541023e-06
3.514270061e-06
4.538996816e-06
6.6461044e-06
1.516089007e-06
2.754407745e-06
3.534391774e-06
4.4949184e-06
6.318828442e-06
2.705644302e-06
2.809063883e-06
3.554822309e-06
4.441579118e-06
5.938987155e-06
3.35473485e-06
2.894111984e-06
3.612647662e-06
4.463383734e-06
5.801573661e-06
4.100834614e-06
3.084293363e-06
3.822643059e-06
4.727147975e-06
6.294487188e-06
4.545844349e-06
3.677049084e-06
4.588307204e-06
5.780492565e-06
8.28606808e-06
4.16029583e-06
5.370044852e-06
7.271213028e-06
1.015138424e-05
1.560290279e-05
5.042313224e-06
6.818051695e-06
8.833535943e-06
1.142651439e-05
1.530475573e-05
2.162568507e-05
7.009051528e-06
8.202582384e-06
9.324776511e-06
1.019929835e-05
1.057573579e-05
6.307389719e-06
6.762373015e-06
6.999320082e-06
6.922196743e-06
6.475781266e-06
5.289163192e-06
5.339671766e-06
5.218014385e-06
4.909556525e-06
4.430527769e-06
4.261749572e-06
4.158251273e-06
3.942184931e-06
3.625309187e-06
3.231754197e-06
3.348863822e-06
3.210014042e-06
3.001190908e-06
2.738189226e-06
2.440320963e-06
2.646409338e-06
2.519222292e-06
2.34625028e-06
2.141008767e-06
1.917291058e-06
2.093521093e-06
1.989092703e-06
1.853265662e-06
1.696362817e-06
1.528059662e-06
1.65663596e-06
1.574942606e-06
1.470697999e-06
1.351563046e-06
1.224397787e-06
1.305228706e-06
1.243188093e-06
1.164359423e-06
1.074402915e-06
9.782764839e-07
1.01736635e-06
9.714590799e-07
9.127593307e-07
8.454605168e-07
7.732028458e-07
7.790833656e-07
7.460189815e-07
7.03121326e-07
6.534995101e-07
5.998465418e-07
5.820768467e-07
5.589889048e-07
5.283785883e-07
4.925433759e-07
4.534718097e-07
4.216012411e-07
4.06068499e-07
3.848793108e-07
3.597130853e-07
3.32021021e-07
2.946054202e-07
2.846073084e-07
2.704751651e-07
2.53408988e-07
2.344435325e-07
1.981093484e-07
1.919855045e-07
1.829507073e-07
1.718344193e-07
1.593499889e-07
1.282614889e-07
1.247015024e-07
1.191778822e-07
1.122411479e-07
1.043633794e-07
8.029210638e-08
7.832487421e-08
7.509217386e-08
7.09429455e-08
6.61757803e-08
4.90749157e-08
4.803223771e-08
4.62106347e-08
4.382126269e-08
4.10442664e-08
2.981018715e-08
2.926804588e-08
2.826694688e-08
2.692863557e-08
2.535682698e-08
1.850373016e-08
1.821419344e-08
1.766406111e-08
1.692034227e-08
1.603991747e-08
1.215142348e-08
1.198132916e-08
1.16665191e-08
1.124235904e-08
1.073899247e-08
8.688831166e-09
8.572499215e-09
8.375656352e-09
8.11640818e-09
7.810298574e-09
6.809629016e-09
6.717969518e-09
6.57959953e-09
6.4037568e-09
6.198457713e-09
5.749994995e-09
5.671298325e-09
5.563063375e-09
5.430185002e-09
5.277058003e-09
5.095051813e-09
5.025030946e-09
4.934191012e-09
4.825339164e-09
4.70112885e-09
4.635331989e-09
4.572555814e-09
4.493582269e-09
4.40007608e-09
4.293789203e-09
4.272900524e-09
4.216481908e-09
4.146395115e-09
4.063987856e-09
3.970559099e-09
3.963175131e-09
3.912542546e-09
3.850009436e-09
3.776671549e-09
3.693630928e-09
3.687826578e-09
3.642455796e-09
3.586578556e-09
3.521117235e-09
3.446940181e-09
3.438834075e-09
3.398170112e-09
3.34814097e-09
3.289518313e-09
3.223048898e-09
3.21512819e-09
3.178595044e-09
3.133685395e-09
3.081060842e-09
3.021366841e-09
3.012673593e-09
2.979760523e-09
2.939344583e-09
2.891990287e-09
2.838249127e-09
2.829165989e-09
2.79942568e-09
2.762945819e-09
2.720208241e-09
2.671686093e-09
2.662120483e-09
2.635169094e-09
2.602146218e-09
2.563463859e-09
2.519529123e-09
2.509113953e-09
2.484643327e-09
2.45468377e-09
2.419588844e-09
2.379708447e-09
2.368153207e-09
2.345899973e-09
2.318665865e-09
2.28675647e-09
2.250474803e-09
2.237831714e-09
2.217549461e-09
2.192734144e-09
2.163650515e-09
2.130560973e-09
2.11726892e-09
2.098713876e-09
2.076022869e-09
2.049425207e-09
2.019153212e-09
2.005766413e-09
1.988700653e-09
1.967852978e-09
1.943426871e-09
1.915623593e-09
1.902496662e-09
1.886720384e-09
1.86747665e-09
1.844939979e-09
1.819285864e-09
1.806192972e-09
1.791546958e-09
1.77370113e-09
1.752810039e-09
1.729029921e-09
1.715177913e-09
1.701559779e-09
1.684983899e-09
1.665598524e-09
1.643545382e-09
1.627785955e-09
1.615197382e-09
1.599867216e-09
1.581927359e-09
1.56151109e-09
1.543192259e-09
1.5316322e-09
1.517530338e-09
1.50100987e-09
1.482191931e-09
1.461418334e-09
1.450863142e-09
1.437959483e-09
1.422819641e-09
1.405569803e-09
1.383767165e-09
1.374158371e-09
1.362400378e-09
1.34860778e-09
1.332884273e-09
1.311877855e-09
1.303110254e-09
1.292393478e-09
1.27982191e-09
1.265488861e-09
1.247898943e-09
1.239828047e-09
1.229983741e-09
1.218446527e-09
1.205297345e-09
1.196327791e-09
1.188750391e-09
1.179537904e-09
1.168757664e-09
1.156479264e-09
5.310053792e-12
0
0
0
0
0
0
0
0
0
0
0
0
0
0
0
0
0
0
0
0
0
0
0
0
0
0
0
0
0
0
0
0
0
0
0
0
0
0
0
0
0
0
0
0
0
0
0
0
0
0
0
0
0
0
0
0
0
0
0
5.070625863e-10
8.508647718e-12
0
0
0
0
0
0
0
0
0
0
0
0
0
0
0
0
0
0
0
0
0
0
0
0
0
0
0
0
0
0
0
0
0
0
0
0
0
0
0
0
0
0
0
0
0
0
0
0
0
0
0
0
0
0
0
0
0
0
5.144271695e-09
0
1.120364636e-10
1.155577088e-11
0
0
0
0
0
0
0
0
0
0
0
0
0
0
0
0
0
0
0
0
0
0
0
0
0
0
0
0
0
0
0
0
0
0
0
0
0
0
0
0
0
0
0
0
0
0
0
0
0
0
0
0
0
0
0
0
1.540125273e-08
3.479770237e-09
1.563256377e-09
2.193874695e-10
3.233524198e-11
2.743756415e-12
0
0
0
0
0
0
0
0
0
0
0
0
0
0
0
0
0
0
0
0
0
0
0
0
0
0
0
0
0
0
0
0
0
0
0
0
0
0
0
0
0
0
0
0
0
0
0
0
0
0
0
0
0
0
5.584502994e-08
1.380425411e-08
9.108261724e-09
2.204099356e-09
3.367605672e-10
7.094555451e-11
1.66070863e-11
1.823171236e-12
0
0
0
0
0
0
0
0
0
0
0
0
0
0
0
0
0
0
0
0
0
0
0
0
0
0
0
0
0
0
0
0
0
0
0
0
0
0
0
0
0
0
0
0
0
0
0
0
0
0
0
0
1.052738155e-07
3.475394769e-08
2.080866869e-08
1.214637507e-08
2.007816183e-09
3.572472265e-10
9.08911251e-11
2.473093217e-11
4.431998e-12
0
0
0
0
0
0
0
0
0
0
0
0
0
0
0
0
0
0
0
0
0
0
0
0
0
0
0
0
0
0
0
0
0
0
0
0
0
0
0
0
0
0
0
0
0
0
0
0
0
0
0
5.417626597e-08
5.69997478e-08
3.427496523e-08
3.1504627e-08
1.053253112e-08
1.561071758e-09
3.188852929e-10
8.867679246e-11
2.453914594e-11
4.12678553e-12
0
0
0
0
0
0
0
0
0
0
0
0
0
0
0
0
0
0
0
0
0
0
0
0
0
0
0
0
0
0
0
0
0
0
0
0
0
0
0
0
0
0
0
0
0
0
0
0
0
0
2.205319706e-08
6.935430507e-08
5.242284331e-08
5.092754504e-08
3.486404511e-08
6.985949204e-09
1.077611154e-09
2.550839153e-10
7.377616843e-11
1.913637278e-11
2.30754061e-12
0
0
0
0
0
0
0
0
0
0
0
0
0
0
0
0
0
0
0
0
0
0
0
0
0
0
0
0
0
0
0
0
0
0
0
0
0
0
0
0
0
0
0
0
0
0
0
0
0
3.448799141e-08
4.801954619e-08
7.894620188e-08
7.184926452e-08
7.068556662e-08
2.792659364e-08
3.969539846e-09
7.060154121e-10
1.833639382e-10
5.161637274e-11
1.132535318e-11
3.124407789e-13
0
0
0
0
0
0
0
0
0
0
0
0
0
0
0
0
0
0
0
0
0
0
0
0
0
0
0
0
0
0
0
0
0
0
0
0
0
0
0
0
0
0
0
0
0
0
0
0
6.52002336e-08
2.491268807e-08
1.006317413e-07
9.834311898e-08
1.047590978e-07
7.360093559e-08
1.51988218e-08
1.988538024e-09
4.192358981e-10
1.121146792e-10
2.828891336e-11
4.214331264e-12
0
0
0
0
0
0
0
0
0
0
0
0
0
0
0
0
0
0
0
0
0
0
0
0
0
0
0
0
0
0
0
0
0
0
0
0
0
0
0
0
0
0
0
0
0
0
0
0
1.147029492e-07
1.330159678e-08
7.810036355e-08
1.454519821e-07
1.466030515e-07
1.313285433e-07
4.351084874e-08
5.729169102e-09
9.365020395e-10
2.183149344e-10
5.454254648e-11
1.05298724e-11
2.016978992e-13
0
0
0
0
0
0
0
0
0
0
0
0
0
0
0
0
0
0
0
0
0
0
0
0
0
0
0
0
0
0
0
0
0
0
0
0
0
0
0
0
0
0
0
0
0
0
0
1.816175282e-07
2.367961848e-08
4.958517328e-08
2.574373677e-07
2.274535254e-07
2.081261509e-07
1.022899828e-07
1.602775873e-08
2.214124329e-09
4.174702957e-10
9.395676927e-11
1.898803476e-11
1.589552159e-12
0
0
0
0
0
0
0
0
0
0
0
0
0
0
0
0
0
0
0
0
0
0
0
0
0
0
0
0
0
0
0
0
0
0
0
0
0
0
0
0
0
0
0
0
0
0
0
2.374829689e-07
3.144429131e-08
3.704378945e-08
3.036914877e-07
3.234328582e-07
3.120661146e-07
1.900342657e-07
4.195179523e-08
5.103559905e-09
7.844866161e-10
1.478796444e-10
2.789760843e-11
3.022321544e-12
0
0
0
0
0
0
0
0
0
0
0
0
0
0
0
0
0
0
0
0
0
0
0
0
0
0
0
0
0
0
0
0
0
0
0
0
0
0
0
0
0
0
0
0
0
0
0
2.52108422e-07
3.72127969e-08
3.390132381e-08
2.26124402e-07
4.703514755e-07
4.340841088e-07
3.020045686e-07
9.334795235e-08
1.107316996e-08
1.470498867e-09
2.280440601e-10
3.817350372e-11
4.369247955e-12
0
0
0
0
0
0
0
0
0
0
0
0
0
0
0
0
0
0
0
0
0
0
0
0
0
0
0
0
0
0
0
0
0
0
0
0
0
0
0
0
0
0
0
0
0
0
0
4.669576055e-07
6.991709413e-08
3.206559085e-08
1.893622366e-07
8.584996878e-07
6.274322541e-07
4.266441731e-07
1.713641311e-07
2.429438313e-08
2.968837297e-09
3.589839841e-10
4.927439485e-11
5.236827413e-12
0
0
0
0
0
0
0
0
0
0
0
0
0
0
0
0
0
0
0
0
0
0
0
0
0
0
0
0
0
0
0
0
0
0
0
0
0
0
0
0
0
0
0
0
0
0
0
6.409731018e-07
9.454441513e-08
4.062800077e-08
2.138048788e-07
1.417975733e-06
8.837134711e-07
5.528627235e-07
2.483417145e-07
4.786944931e-08
6.050040246e-09
5.881887285e-10
6.258992393e-11
5.626990242e-12
0
0
0
0
0
0
0
0
0
0
0
0
0
0
0
0
0
0
0
0
0
0
0
0
0
0
0
0
0
0
0
0
0
0
0
0
0
0
0
0
0
0
0
0
0
0
0
8.559460419e-07
1.557747708e-07
7.035883762e-08
3.224101559e-07
1.728624935e-06
1.133434142e-06
6.539964857e-07
2.907974744e-07
7.930856794e-08
1.151665412e-08
1.010038812e-09
8.682391225e-11
7.007744224e-12
0
0
0
0
0
0
0
0
0
0
0
0
0
0
0
0
0
0
0
0
0
0
0
0
0
0
0
0
0
0
0
0
0
0
0
0
0
0
0
0
0
0
0
0
0
0
0
9.854308567e-07
2.625356805e-07
5.676073138e-07
3.773012787e-06
2.58655679e-06
1.376406082e-06
6.900412011e-07
2.979465114e-07
9.911490428e-08
2.063823563e-08
2.180436098e-09
1.803055372e-10
1.570386302e-11
4.169705891e-14
0
0
0
0
0
0
0
0
0
0
0
0
0
0
0
0
0
0
0
0
0
0
0
0
0
0
0
0
0
0
0
0
0
0
0
0
0
0
0
0
0
0
0
0
0
0
9.287062543e-07
3.005339183e-07
7.182191002e-07
4.682919606e-06
2.659894198e-06
1.369557576e-06
6.512946e-07
2.850576446e-07
1.109444613e-07
3.438152546e-08
6.763494415e-09
7.420804911e-10
6.49140519e-11
3.502380514e-12
0
0
0
0
0
0
0
0
0
0
0
0
0
0
0
0
0
0
0
0
0
0
0
0
0
0
0
0
0
0
0
0
0
0
0
0
0
0
0
0
0
0
0
0
0
0
2.034784496e-06
2.48535378e-06
1.083076978e-05
5.277724875e-06
2.536465174e-06
1.225052624e-06
5.889807368e-07
2.761761524e-07
1.233665215e-07
5.019454203e-08
1.626026446e-08
3.236226972e-09
3.52298706e-10
2.723617432e-11
6.258648461e-14
0
0
0
0
0
0
0
0
0
0
0
0
0
0
0
0
0
0
0
0
0
0
0
0
0
0
0
0
0
0
0
0
0
0
0
0
0
0
0
0
0
0
0
0
0
2.413634328e-05
1.339633803e-05
7.256004491e-06
3.808614313e-06
1.972254116e-06
1.025850114e-06
5.336416244e-07
2.744269139e-07
1.374245017e-07
6.51882619e-08
2.765641854e-08
9.143768313e-09
1.799864828e-09
1.844262697e-10
1.103666354e-11
0
0
0
0
0
0
0
0
0
0
0
0
0
0
0
0
0
0
0
0
0
0
0
0
0
0
0
0
0
0
0
0
0
0
0
0
0
0
0
0
0
0
0
0
0
9.745916085e-06
6.909961466e-06
4.392335564e-06
2.618063357e-06
1.516969668e-06
8.696216005e-07
4.948887745e-07
2.78390351e-07
1.530612253e-07
8.063273554e-08
3.939971676e-08
1.682196076e-08
5.494223676e-09
1.032356104e-09
9.43670892e-11
3.011682043e-12
0
0
0
0
0
0
0
0
0
0
0
0
0
0
0
0
0
0
0
0
0
0
0
0
0
0
0
0
0
0
0
0
0
0
0
0
0
0
0
0
0
0
0
0
5.569766712e-06
4.210720054e-06
2.922238069e-06
1.919667062e-06
1.222665173e-06
7.645051377e-07
4.712148244e-07
2.856005387e-07
1.688259178e-07
9.595884556e-08
5.132973691e-08
2.498099803e-08
1.039009576e-08
3.24610613e-09
5.543179088e-10
4.087155257e-11
9.202987239e-15
0
0
0
0
0
0
0
0
0
0
0
0
0
0
0
0
0
0
0
0
0
0
0
0
0
0
0
0
0
0
0
0
0
0
0
0
0
0
0
0
0
0
0
3.755936887e-06
2.924528143e-06
2.146508453e-06
1.509991926e-06
1.032249156e-06
6.905041031e-07
4.529800971e-07
2.908275922e-07
1.816178455e-07
1.091989669e-07
6.227860283e-08
3.294255557e-08
1.558016994e-08
6.127851999e-09
1.770054259e-09
2.580748741e-10
1.23103219e-11
0
0
0
0
0
0
0
0
0
0
0
0
0
0
0
0
0
0
0
0
0
0
0
0
0
0
0
0
0
0
0
0
0
0
0
0
0
0
0
0
0
0
0
2.7409786e-06
2.177275251e-06
1.657453485e-06
1.231326756e-06
8.874280454e-07
6.24886617e-07
4.302068366e-07
2.888500544e-07
1.882562711e-07
1.182053131e-07
7.072714925e-08
3.970163956e-08
2.040150394e-08
9.203128169e-09
3.33178686e-09
8.812780958e-10
1.12181113e-10
2.579691532e-12
0
0
0
0
0
0
0
0
0
0
0
0
0
0
0
0
0
0
0
0
0
0
0
0
0
0
0
0
0
0
0
0
0
0
0
0
0
0
0
0
0
0
2.090362833e-06
1.706907073e-06
1.352286316e-06
1.041626441e-06
7.811167214e-07
5.706315053e-07
4.061647126e-07
2.817913311e-07
1.896522785e-07
1.230919564e-07
7.639547024e-08
4.479616716e-08
2.439119468e-08
1.197801451e-08
4.979818456e-09
1.587932478e-09
3.640351867e-10
3.453935338e-11
0
0
0
0
0
0
0
0
0
0
0
0
0
0
0
0
0
0
0
0
0
0
0
0
0
0
0
0
0
0
0
0
0
0
0
0
0
0
0
0
0
0
1.660289994e-06
1.381392278e-06
1.119079775e-06
8.841537618e-07
6.819241948e-07
5.131413279e-07
3.759487777e-07
2.676657396e-07
1.84630487e-07
1.229610884e-07
7.85056043e-08
4.75880216e-08
2.701322178e-08
1.406645726e-08
6.456261865e-09
2.352303898e-09
5.534665141e-10
9.132541058e-11
2.969422099e-12
0
0
0
0
0
0
0
0
0
0
0
0
0
0
0
0
0
0
0
0
0
0
0
0
0
0
0
0
0
0
0
0
0
0
0
0
0
0
0
0
0
1.33613566e-06
1.127643401e-06
9.290903192e-07
7.479443392e-07
5.884124979e-07
4.521007133e-07
3.386793028e-07
2.465724172e-07
1.738696179e-07
1.181689823e-07
7.711374736e-08
4.793584439e-08
2.807851062e-08
1.526235923e-08
7.49634993e-09
3.14268822e-09
9.159234412e-10
7.331956626e-11
4.26467689e-12
0
0
0
0
0
0
0
0
0
0
0
0
0
0
0
0
0
0
0
0
0
0
0
0
0
0
0
0
0
0
0
0
0
0
0
0
0
0
0
0
0
1.079406863e-06
9.210574801e-07
7.685817718e-07
6.273647404e-07
5.00807736e-07
3.90631343e-07
2.97232994e-07
2.200535629e-07
1.578850565e-07
1.093079225e-07
7.262309762e-08
4.600658839e-08
2.7589955e-08
1.547372942e-08
7.975222027e-09
3.6335036e-09
1.290524718e-09
2.49103715e-10
4.369333482e-11
1.541522195e-12
0
0
0
0
0
0
0
0
0
0
0
0
0
0
0
0
0
0
0
0
0
0
0
0
0
0
0
0
0
0
0
0
0
0
0
0
0
0
0
0
8.682774951e-07
7.472496497e-07
6.294900322e-07
5.190578896e-07
4.187310055e-07
3.301389076e-07
2.539737912e-07
1.901942462e-07
1.381932397e-07
9.697534404e-08
6.541044426e-08
4.2141979e-08
2.572359945e-08
1.478376111e-08
7.890290003e-09
3.817375248e-09
1.565613862e-09
3.960264376e-10
0
0
0
0
0
0
0
0
0
0
0
0
0
0
0
0
0
0
0
0
0
0
0
0
0
0
0
0
0
0
0
0
0
0
0
0
0
0
0
0
0
0
6.900523971e-07
5.977612084e-07
5.070773582e-07
4.211405724e-07
3.422231994e-07
2.717913721e-07
2.106208881e-07
1.589122383e-07
1.164070708e-07
8.24792788e-08
5.625000488e-08
3.672961132e-08
2.28185805e-08
1.336776708e-08
7.341780209e-09
3.730869376e-09
1.688444156e-09
6.023137802e-10
5.17687271e-11
0
0
0
0
0
0
0
0
0
0
0
0
0
0
0
0
0
0
0
0
0
0
0
0
0
0
0
0
0
0
0
0
0
0
0
0
0
0
0
0
0
5.376917131e-07
4.680598566e-07
3.990161075e-07
3.33013397e-07
2.718982453e-07
2.169391069e-07
1.688799554e-07
1.280117366e-07
9.424484175e-08
6.718313389e-08
4.619694419e-08
3.049537272e-08
1.922744381e-08
1.150868522e-08
6.486561059e-09
3.427496363e-09
1.653127127e-09
6.618600517e-10
1.047440146e-10
0
0
0
0
0
0
0
0
0
0
0
0
0
0
0
0
0
0
0
0
0
0
0
0
0
0
0
0
0
0
0
0
0
0
0
0
0
0
0
0
0
4.078886209e-07
3.563392246e-07
3.04806558e-07
2.551924711e-07
2.089709729e-07
1.671924865e-07
1.305082496e-07
9.92126159e-08
7.329198653e-08
5.247761875e-08
3.631303589e-08
2.419906629e-08
1.547116348e-08
9.453070414e-09
5.490944235e-09
3.013275001e-09
1.555172869e-09
7.175191146e-10
2.48796799e-10
0
0
0
0
0
0
0
0
0
0
0
0
0
0
0
0
0
0
0
0
0
0
0
0
0
0
0
0
0
0
0
0
0
0
0
0
0
0
0
0
0
2.994820601e-07
2.623396472e-07
2.249380604e-07
1.887223882e-07
1.548332189e-07
1.24100647e-07
9.705388836e-08
7.394649337e-08
5.479241105e-08
3.940472603e-08
2.744592525e-08
1.847402934e-08
1.199215887e-08
7.492005191e-09
4.498290394e-09
2.584336735e-09
1.421203914e-09
7.212513927e-10
2.92294831e-10
0
0
0
0
0
0
0
0
0
0
0
0
0
0
0
0
0
0
0
0
0
0
0
0
0
0
0
0
0
0
0
0
0
0
0
0
0
0
0
0
0
2.119969728e-07
1.861353135e-07
1.599173875e-07
1.344068526e-07
1.104514219e-07
8.86774713e-08
6.949021958e-08
5.30867119e-08
3.948794603e-08
2.856221034e-08
2.006608341e-08
1.368126757e-08
9.050861657e-09
5.81172479e-09
3.626615475e-09
2.197239856e-09
1.287093819e-09
7.227164603e-10
3.62345769e-10
1.328298543e-10
0
0
0
0
0
0
0
0
0
0
0
0
0
0
0
0
0
0
0
0
0
0
0
0
0
0
0
0
0
0
0
0
0
0
0
0
0
0
0
0
1.444637923e-07
1.271496968e-07
1.094813963e-07
9.221126619e-08
7.59433342e-08
6.112732361e-08
4.805526659e-08
3.687248738e-08
2.759829669e-08
2.014055648e-08
1.433095935e-08
9.949194251e-09
6.748960047e-09
4.484331407e-09
2.927294909e-09
1.879367544e-09
1.180456916e-09
7.243351939e-10
4.110042371e-10
1.836134586e-10
0
0
0
0
0
0
0
0
0
0
0
0
0
0
0
0
0
0
0
0
0
0
0
0
0
0
0
0
0
0
0
0
0
0
0
0
0
0
0
0
9.48969289e-08
8.377898036e-08
7.235780366e-08
6.114050779e-08
5.053924978e-08
4.086124029e-08
3.230721384e-08
2.497791233e-08
1.888919036e-08
1.397949109e-08
1.013788679e-08
7.218931376e-09
5.061944274e-09
3.508719625e-09
2.410573971e-09
1.643134715e-09
1.103914424e-09
7.296957617e-10
4.563058996e-10
2.514061523e-10
1.012205414e-10
0
0
0
0
0
0
0
0
0
0
0
0
0
0
0
0
0
0
0
0
0
0
0
0
0
0
0
0
0
0
0
0
0
0
0
0
0
0
0
6.040149602e-08
5.355208466e-08
4.646652331e-08
3.947095903e-08
3.28327032e-08
2.675192046e-08
2.136002336e-08
1.672367641e-08
1.285571221e-08
9.717287585e-09
7.239582045e-09
5.331700863e-09
3.894452044e-09
2.831685168e-09
2.051954599e-09
1.481900432e-09
1.059072088e-09
7.428242679e-10
4.985912476e-10
3.082949084e-10
1.59469382e-10
4.587361251e-11
0
0
0
0
0
0
0
0
0
0
0
0
0
0
0
0
0
0
0
0
0
0
0
0
0
0
0
0
0
0
0
0
0
0
0
0
0
0
3.765331345e-08
3.359079835e-08
2.935558926e-08
2.514870632e-08
2.11351905e-08
1.743909872e-08
1.414307229e-08
1.128977751e-08
8.887389664e-09
6.915422594e-09
5.334029279e-09
4.089903859e-09
3.1255462e-09
2.384598083e-09
1.815490269e-09
1.37633024e-09
1.030036026e-09
7.530456378e-10
5.326857081e-10
3.510000606e-10
2.018411607e-10
8.65311293e-11
0
0
0
0
0
0
0
0
0
0
0
0
0
0
0
0
0
0
0
0
0
0
0
0
0
0
0
0
0
0
0
0
0
0
0
0
0
0
2.342249897e-08
2.108154126e-08
1.862091838e-08
1.61582101e-08
1.379072268e-08
1.15920633e-08
9.61213699e-09
7.877428535e-09
6.394432204e-09
5.153247785e-09
4.133096662e-09
3.304997223e-09
2.637915474e-09
2.101258415e-09
1.667765466e-09
1.313644375e-09
1.020006912e-09
7.701898113e-10
5.674885353e-10
3.932141299e-10
2.468000512e-10
1.321053669e-10
4.910882182e-11
0
0
0
0
0
0
0
0
0
0
0
0
0
0
0
0
0
0
0
0
0
0
0
0
0
0
0
0
0
0
0
0
0
0
0
0
0
1.494860675e-08
1.361587444e-08
1.220238923e-08
1.077409526e-08
9.385771112e-09
8.079709101e-09
6.885157116e-09
5.818466807e-09
4.885074245e-09
4.081313969e-09
3.39792835e-09
2.820541194e-09
2.333931972e-09
1.922883404e-09
1.574043077e-09
1.275164603e-09
1.017156743e-09
7.921664976e-10
5.996997939e-10
4.302334698e-10
2.86105681e-10
1.647361934e-10
7.138748751e-11
0
0
0
0
0
0
0
0
0
0
0
0
0
0
0
0
0
0
0
0
0
0
0
0
0
0
0
0
0
0
0
0
0
0
0
0
0
1.01118832e-08
9.340726356e-09
8.51507365e-09
7.670585434e-09
6.837154714e-09
6.038694253e-09
5.292051372e-09
4.607592819e-09
3.989905571e-09
3.438727494e-09
2.951263246e-09
2.521326734e-09
2.142557463e-09
1.808304826e-09
1.512868376e-09
1.250397144e-09
1.017019246e-09
8.083353381e-10
6.261745616e-10
4.633873768e-10
3.223908602e-10
2.013421142e-10
1.037348882e-10
1.305758496e-11
0
0
0
0
0
0
0
0
0
0
0
0
0
0
0
0
0
0
0
0
0
0
0
0
0
0
0
0
0
0
0
0
0
0
0
0
7.428267322e-09
6.956910848e-09
6.447740739e-09
5.919424535e-09
5.388226645e-09
4.867664327e-09
4.367615974e-09
3.895642719e-09
3.45499335e-09
3.047082522e-09
2.672493749e-09
2.329304816e-09
2.015820568e-09
1.729857664e-09
1.46970132e-09
1.232887081e-09
1.018401935e-09
8.238344242e-10
6.46941894e-10
4.948418842e-10
3.550186739e-10
2.344354597e-10
1.316941683e-10
5.22486692e-11
0
0
0
0
0
0
0
0
0
0
0
0
0
0
0
0
0
0
0
0
0
0
0
0
0
0
0
0
0
0
0
0
0
0
0
0
5.94267601e-09
5.627411288e-09
5.284197474e-09
4.923078208e-09
4.553312997e-09
4.182565159e-09
3.817114967e-09
3.46190185e-09
3.120244955e-09
2.79426612e-09
2.486052618e-09
2.195676949e-09
1.923660656e-09
1.670001724e-09
1.434715494e-09
1.217240423e-09
1.01715589e-09
8.337323224e-10
6.658591173e-10
5.172727944e-10
3.804427102e-10
2.598291132e-10
1.537197925e-10
6.792481883e-11
0
0
0
0
0
0
0
0
0
0
0
0
0
0
0
0
0
0
0
0
0
0
0
0
0
0
0
0
0
0
0
0
0
0
0
0
5.086991498e-09
4.853273028e-09
4.597547388e-09
4.325533266e-09
4.042722632e-09
3.753892316e-09
3.463280882e-09
3.17462885e-09
2.890870093e-09
2.614459851e-09
2.347891102e-09
2.092183274e-09
1.848787362e-09
1.618642583e-09
1.402493567e-09
1.200639619e-09
1.013186418e-09
8.398999212e-10
6.799682038e-10
5.376503547e-10
4.058325664e-10
2.887882747e-10
1.869132061e-10
1.010069186e-10
3.569894443e-11
0
0
0
0
0
0
0
0
0
0
0
0
0
0
0
0
0
0
0
0
0
0
0
0
0
0
0
0
0
0
0
0
0
0
0
4.547266459e-09
4.358574763e-09
4.151483039e-09
3.929660347e-09
3.696566115e-09
3.455519754e-09
3.209727574e-09
2.962172562e-09
2.715404425e-09
2.472063714e-09
2.234392521e-09
2.003883576e-09
1.78229569e-09
1.57087056e-09
1.370628619e-09
1.182740165e-09
1.007155e-09
8.439530991e-10
6.926183286e-10
5.565677696e-10
4.305180699e-10
3.136552932e-10
2.106623721e-10
1.205203082e-10
5.048656722e-11
0
0
0
0
0
0
0
0
0
0
0
0
0
0
0
0
0
0
0
0
0
0
0
0
0
0
0
0
0
0
0
0
0
0
0
4.162358259e-09
4.00141525e-09
3.824535715e-09
3.634142115e-09
3.432750866e-09
3.222915998e-09
3.007262322e-09
2.788212884e-09
2.568026591e-09
2.349330811e-09
2.134005326e-09
1.92368818e-09
1.720220067e-09
1.524913078e-09
1.338909536e-09
1.163557896e-09
9.989538384e-10
8.454486953e-10
7.029777389e-10
5.710997024e-10
4.500616901e-10
3.372249574e-10
2.371971572e-10
1.501432864e-10
8.4795275e-11
2.835284946e-11
0
0
0
0
0
0
0
0
0
0
0
0
0
0
0
0
0
0
0
0
0
0
0
0
0
0
0
0
0
0
0
0
0
0
3.855100673e-09
3.713863037e-09
3.558339116e-09
3.390385291e-09
3.211998466e-09
3.025283216e-09
2.832441247e-09
2.63550966e-09
2.436546461e-09
2.238035099e-09
2.041464919e-09
1.848519835e-09
1.660974417e-09
1.480081614e-09
1.306981297e-09
1.143016256e-09
9.882891395e-10
8.43117208e-10
7.074147998e-10
5.809478347e-10
4.660243537e-10
3.577688626e-10
2.605029198e-10
1.743197109e-10
9.98765928e-11
4.021442784e-11
0
0
0
0
0
0
0
0
0
0
0
0
0
0
0
0
0
0
0
0
0
0
0
0
0
0
0
0
0
0
0
0
0
0
3.591018233e-09
3.465348322e-09
3.326705082e-09
3.176622624e-09
3.016773292e-09
2.8489812e-09
2.67503843e-09
2.4967531e-09
2.315986406e-09
2.134883271e-09
1.954829312e-09
1.77739801e-09
1.604248549e-09
1.43654778e-09
1.275388542e-09
1.122092351e-09
9.767759072e-10
8.397743675e-10
7.110361183e-10
5.903789987e-10
4.820209959e-10
3.800511368e-10
2.839902998e-10
1.986826705e-10
1.245168473e-10
7.02059969e-11
2.217615971e-11
0
0
0
0
0
0
0
0
0
0
0
0
0
0
0
0
0
0
0
0
0
0
0
0
0
0
0
0
0
0
0
0
0
3.355184846e-09
3.242662846e-09
3.11833878e-09
2.983503367e-09
2.839579543e-09
2.688101182e-09
2.530612292e-09
2.368733584e-09
2.204116802e-09
2.038494644e-09
1.873299239e-09
1.709961287e-09
1.549969029e-09
1.394439684e-09
1.244396209e-09
1.101137475e-09
9.648130754e-10
8.358172131e-10
7.145544083e-10
6.012195285e-10
4.969018928e-10
3.987137416e-10
3.05411367e-10
2.220119119e-10
1.485806205e-10
8.923772252e-11
3.403990291e-11
0
0
0
0
0
0
0
0
0
0
0
0
0
0
0
0
0
0
0
0
0
0
0
0
0
0
0
0
0
0
0
0
0
3.140756334e-09
3.039736565e-09
2.927966682e-09
2.806528525e-09
2.67665125e-09
2.539597388e-09
2.396729794e-09
2.2494851e-09
2.099393204e-09
1.947830385e-09
1.796166457e-09
1.645716429e-09
1.497822103e-09
1.353551092e-09
1.213866716e-09
1.080046674e-09
9.523184492e-10
8.312078521e-10
7.170363553e-10
6.097355291e-10
5.090414467e-10
4.137985796e-10
3.225443769e-10
2.394839405e-10
1.641309408e-10
9.68450296e-11
4.012294968e-11
0
0
0
0
0
0
0
0
0
0
0
0
0
0
0
0
0
0
0
0
0
0
0
0
0
0
0
0
0
0
0
0
0
2.947405355e-09
2.85650819e-09
2.755787648e-09
2.646168479e-09
2.528670069e-09
2.404404209e-09
2.274557174e-09
2.140379697e-09
2.00318352e-09
1.86419311e-09
1.724685859e-09
1.585844504e-09
1.448891794e-09
1.314824109e-09
1.184543111e-09
1.059266629e-09
9.392328858e-10
8.249721873e-10
7.167903943e-10
6.147045202e-10
5.184577048e-10
4.275003164e-10
3.408969035e-10
2.578865338e-10
1.831563474e-10
1.166576157e-10
6.739229301e-11
2.267352598e-11
0
0
0
0
0
0
0
0
0
0
0
0
0
0
0
0
0
0
0
0
0
0
0
0
0
0
0
0
0
0
0
0
2.771609125e-09
2.689621111e-09
2.598652135e-09
2.499466753e-09
2.392933703e-09
2.28000959e-09
2.161723809e-09
2.039176713e-09
1.91350501e-09
1.785843026e-09
1.657304184e-09
1.528963087e-09
1.401934654e-09
1.277153503e-09
1.155459903e-09
1.038012057e-09
9.250541705e-10
8.171149211e-10
7.145082443e-10
6.172899343e-10
5.251651663e-10
4.383255531e-10
3.552906542e-10
2.751339532e-10
2.029813981e-10
1.391285179e-10
8.562787321e-11
3.443150136e-11
0
0
0
0
0
0
0
0
0
0
0
0
0
0
0
0
0
0
0
0
0
0
0
0
0
0
0
0
0
0
0
0
2.611474747e-09
2.537321444e-09
2.454929719e-09
2.364945445e-09
2.268108273e-09
2.165239828e-09
2.057241003e-09
1.945070283e-09
1.829694982e-09
1.712175368e-09
1.593501474e-09
1.474658744e-09
1.356661433e-09
1.240381639e-09
1.126616127e-09
1.016394744e-09
9.100455755e-10
8.080855337e-10
7.108347565e-10
6.18446996e-10
5.308286844e-10
4.475748855e-10
3.67841369e-10
2.904323613e-10
2.20136517e-10
1.569627654e-10
1.012294372e-10
5.283009375e-11
3.620746345e-12
0
0
0
0
0
0
0
0
0
0
0
0
0
0
0
0
0
0
0
0
0
0
0
0
0
0
0
0
0
0
0
2.464973575e-09
2.397715137e-09
2.322882954e-09
2.241020215e-09
2.152754547e-09
2.05880045e-09
1.95994571e-09
1.85700481e-09
1.750899686e-09
1.642521587e-09
1.532766631e-09
1.422572813e-09
1.312838363e-09
1.204378637e-09
1.097939738e-09
9.945017084e-10
8.944055905e-10
7.981653478e-10
7.061105655e-10
6.184310431e-10
5.350661055e-10
4.556819546e-10
3.795186229e-10
3.05466792e-10
2.354768063e-10
1.715998234e-10
1.137363793e-10
6.904562045e-11
2.371340304e-11
0
0
0
0
0
0
0
0
0
0
0
0
0
0
0
0
0
0
0
0
0
0
0
0
0
0
0
0
0
0
0
2.330149662e-09
2.268986561e-09
2.200845628e-09
2.126182677e-09
2.045540529e-09
1.959539079e-09
1.868858332e-09
1.774228346e-09
1.676454263e-09
1.576335173e-09
1.474693948e-09
1.372405053e-09
1.270281691e-09
1.169090181e-09
1.069558784e-09
9.723623653e-10
8.781052405e-10
7.872491071e-10
7.001173891e-10
6.16911278e-10
5.37597713e-10
4.619200783e-10
3.89361712e-10
3.190366854e-10
2.500679998e-10
1.873333979e-10
1.309084462e-10
8.189218602e-11
3.227873531e-11
0
0
0
0
0
0
0
0
0
0
0
0
0
0
0
0
0
0
0
0
0
0
0
0
0
0
0
0
0
0
0
2.205352182e-09
2.149601875e-09
2.087409157e-09
2.019164083e-09
1.945336324e-09
1.866465563e-09
1.783112077e-09
1.695976379e-09
1.605744074e-09
1.513126158e-09
1.418891038e-09
1.323836392e-09
1.22869919e-09
1.13419187e-09
1.040993563e-09
9.497086828e-10
8.6095698e-10
7.751848295e-10
6.927113483e-10
6.137451982e-10
5.382719308e-10
4.660554063e-10
3.966154727e-10
3.290454981e-10
2.622234877e-10
2.011494058e-10
1.459581477e-10
9.757067398e-11
5.492495125e-11
1.560141185e-11
0
0
0
0
0
0
0
0
0
0
0
0
0
0
0
0
0
0
0
0
0
0
0
0
0
0
0
0
0
0
2.08937568e-09
2.038438868e-09
1.981548379e-09
1.919038439e-09
1.851311276e-09
1.778804171e-09
1.70207735e-09
1.621699463e-09
1.538279111e-09
1.45247081e-09
1.365001106e-09
1.276564471e-09
1.187838732e-09
1.099485224e-09
1.012134528e-09
9.263816836e-10
8.428006696e-10
7.618230338e-10
6.837658203e-10
6.088484944e-10
5.370777996e-10
4.682367461e-10
4.018636776e-10
3.37018293e-10
2.723929969e-10
2.124631984e-10
1.570599823e-10
1.06471345e-10
6.548043489e-11
2.324728664e-11
0
0
0
0
0
0
0
0
0
0
0
0
0
0
0
0
0
0
0
0
0
0
0
0
0
0
0
0
0
0
1.981453328e-09
1.934792233e-09
1.882624988e-09
1.825232253e-09
1.762938082e-09
1.696155698e-09
1.625360198e-09
1.551050067e-09
1.473778355e-09
1.394156677e-09
1.312839295e-09
1.230446408e-09
1.147602418e-09
1.064922097e-09
9.829928302e-10
9.023904552e-10
8.23651738e-10
7.471923157e-10
6.733275184e-10
6.022908243e-10
5.341265783e-10
4.68686414e-10
4.054567508e-10
3.438446805e-10
2.828805967e-10
2.236136776e-10
1.691349918e-10
1.194597378e-10
7.57816766e-11
2.968567126e-11
0
0
0
0
0
0
0
0
0
0
0
0
0
0
0
0
0
0
0
0
0
0
0
0
0
0
0
0
0
0
1.880984714e-09
1.83808467e-09
1.790077758e-09
1.737178864e-09
1.67971981e-09
1.618044659e-09
1.552553234e-09
1.483687275e-09
1.411968393e-09
1.337967621e-09
1.262251856e-09
1.185388844e-09
1.107954626e-09
1.030519898e-09
9.536375359e-10
8.7786651e-10
8.037000868e-10
7.315332559e-10
6.616734724e-10
5.943557745e-10
5.29637798e-10
4.673968757e-10
4.072766439e-10
3.488039399e-10
2.911158781e-10
2.333463462e-10
1.80554169e-10
1.328970946e-10
9.176700936e-11
5.146727769e-11
1.420683106e-11
0
0
0
0
0
0
0
0
0
0
0
0
0
0
0
0
0
0
0
0
0
0
0
0
0
0
0
0
0
1.787314891e-09
1.747693521e-09
1.703332299e-09
1.654442575e-09
1.601277292e-09
1.544141159e-09
1.483382665e-09
1.419431623e-09
1.352764473e-09
1.283893921e-09
1.213313446e-09
1.141545698e-09
1.069116917e-09
9.965608835e-10
9.244641378e-10
8.532940769e-10
7.834969867e-10
7.154541617e-10
6.494619194e-10
5.85748981e-10
5.2437328e-10
4.652241306e-10
4.080157311e-10
3.522193514e-10
2.969150099e-10
2.409764641e-10
1.894263126e-10
1.42277605e-10
1.00063599e-10
6.098518428e-11
2.088804204e-11
0
0
0
0
0
0
0
0
0
0
0
0
0
0
0
0
0
0
0
0
0
0
0
0
0
0
0
0
0
1.699399779e-09
1.662695321e-09
1.621592632e-09
1.576265943e-09
1.526937953e-09
1.473873593e-09
1.417417886e-09
1.357960172e-09
1.295942778e-09
1.231795156e-09
1.165979411e-09
1.098976474e-09
1.031275469e-09
9.633667398e-10
8.957923668e-10
8.289993288e-10
7.633953394e-10
6.993305347e-10
6.370808105e-10
5.768625957e-10
5.1872879e-10
4.62577971e-10
4.081642636e-10
3.549119264e-10
3.018591612e-10
2.477737487e-10
1.97381845e-10
1.502359238e-10
1.059104969e-10
6.79170095e-11
2.592929811e-11
0
0
0
0
0
0
0
0
0
0
0
0
0
0
0
0
0
0
0
0
0
0
0
0
0
0
0
0
0
1.616069442e-09
1.582024078e-09
1.543887273e-09
1.501810722e-09
1.45599777e-09
1.406709397e-09
1.354263111e-09
1.299016467e-09
1.241350998e-09
1.181652827e-09
1.12034774e-09
1.057876539e-09
9.946877556e-10
9.312295271e-10
8.679865853e-10
8.053879859e-10
7.438049806e-10
6.835590648e-10
6.249040091e-10
5.680439778e-10
5.130333296e-10
4.597955462e-10
4.08118506e-10
3.57480824e-10
3.069808539e-10
2.553724026e-10
2.06896204e-10
1.619016386e-10
1.210063826e-10
8.49856469e-11
4.788497344e-11
1.270274385e-11
0
0
0
0
0
0
0
0
0
0
0
0
0
0
0
0
0
0
0
0
0
0
0
0
0
0
0
0
1.536066724e-09
1.504524889e-09
1.469175957e-09
1.430164712e-09
1.387689062e-09
1.342001764e-09
1.293386489e-09
1.242156558e-09
1.188634615e-09
1.133185283e-09
1.076194016e-09
1.018060172e-09
9.59188266e-10
8.999890338e-10
8.409070669e-10
7.823282687e-10
7.245902357e-10
6.679857542e-10
6.127480078e-10
5.590706665e-10
5.07011404e-10
4.565214929e-10
4.074296697e-10
3.593078416e-10
3.114329764e-10
2.629195133e-10
2.149279831e-10
1.707381166e-10
1.304495641e-10
9.50765068e-11
5.765376396e-11
1.917260301e-11
0
0
0
0
0
0
0
0
0
0
0
0
0
0
0
0
0
0
0
0
0
0
0
0
0
0
0
0
1.458729173e-09
1.429619162e-09
1.39699335e-09
1.360989265e-09
1.321792519e-09
1.279628476e-09
1.23473771e-09
1.187384113e-09
1.137868973e-09
1.086519034e-09
1.033679397e-09
9.797078074e-10
9.249681166e-10
8.698592253e-10
8.147653256e-10
7.600220406e-10
7.059359024e-10
6.527750806e-10
6.007591645e-10
5.500681097e-10
5.007619121e-10
4.528107965e-10
4.060737106e-10
3.601963567e-10
3.146264483e-10
2.685207356e-10
2.210258987e-10
1.771422414e-10
1.366431413e-10
9.977444055e-11
6.304147969e-11
2.3137242e-11
0
0
0
0
0
0
0
0
0
0
0
0
0
0
0
0
0
0
0
0
0
0
0
0
0
0
0
0
1.384050913e-09
1.357346807e-09
1.327412363e-09
1.294368781e-09
1.258380687e-09
1.219631187e-09
1.178324961e-09
1.134704491e-09
1.089039056e-09
1.041619285e-09
9.92752314e-10
9.427546212e-10
8.919558221e-10
8.407193738e-10
7.893859505e-10
7.382574924e-10
6.876117863e-10
6.37695139e-10
5.887146943e-10
5.40841441e-10
4.941378183e-10
4.48611578e-10
4.041301089e-10
3.603779573e-10
3.168403771e-10
2.726743628e-10
2.268651347e-10
1.845298029e-10
1.454909904e-10
1.100961316e-10
7.681712427e-11
4.000919053e-11
2.256164792e-12
0
0
0
0
0
0
0
0
0
0
0
0
0
0
0
0
0
0
0
0
0
0
0
0
0
0
0
1.313262468e-09
1.288906579e-09
1.26158115e-09
1.231390154e-09
1.198466644e-09
1.162962075e-09
1.125062983e-09
1.084982643e-09
1.042957089e-09
9.992417728e-10
9.541053473e-10
9.078316835e-10
8.607285109e-10
8.13124479e-10
7.653093302e-10
7.175577332e-10
6.701244173e-10
6.232368484e-10
5.771033349e-10
5.318828426e-10
4.876496896e-10
4.444355224e-10
4.021347586e-10
3.604669457e-10
3.189463116e-10
2.767338644e-10
2.327819588e-10
1.920970002e-10
1.544084235e-10
1.202132837e-10
8.824917973e-11
5.31576542e-11
1.620022157e-11
0
0
0
0
0
0
0
0
0
0
0
0
0
0
0
0
0
0
0
0
0
0
0
0
0
0
0
1.247597676e-09
1.225370903e-09
1.200412029e-09
1.172804513e-09
1.142653664e-09
1.110097089e-09
1.075296627e-09
1.038437349e-09
9.997254129e-10
9.593849261e-10
9.176554057e-10
8.747765884e-10
8.310457869e-10
7.867539459e-10
7.421602573e-10
6.975138179e-10
6.530479921e-10
6.089728821e-10
5.654946072e-10
5.227610983e-10
4.808470788e-10
4.398011828e-10
3.995268962e-10
3.597590534e-10
3.200181296e-10
2.794388837e-10
2.368865189e-10
1.971505122e-10
1.599134728e-10
1.255351404e-10
9.371611128e-11
5.825947322e-11
2.011686469e-11
0
0
0
0
0
0
0
0
0
0
0
0
0
0
0
0
0
0
0
0
0
0
0
0
0
0
0
1.188884337e-09
1.168491261e-09
1.145574107e-09
1.120203503e-09
1.092471919e-09
1.062494951e-09
1.030410932e-09
9.963796467e-10
9.605802725e-10
9.232093131e-10
8.844672067e-10
8.44596488e-10
8.038701818e-10
7.625262802e-10
7.208011426e-10
6.78923511e-10
6.371093099e-10
5.955548889e-10
5.544631257e-10
5.13971361e-10
4.741537517e-10
4.350644889e-10
3.966150344e-10
3.585526291e-10
3.204148826e-10
2.813370935e-10
2.400809296e-10
2.008379268e-10
1.636061025e-10
1.287037519e-10
9.713129962e-11
6.161779974e-11
2.264677313e-11
0
0
0
0
0
0
0
0
0
0
0
0
0
0
0
0
0
0
0
0
0
0
0
0
0
0
0
1.141156664e-09
1.122123759e-09
1.100740579e-09
1.077064557e-09
1.051174386e-09
1.023170241e-09
9.931732148e-10
9.613239029e-10
9.277780092e-10
8.927118005e-10
8.563345853e-10
8.188505988e-10
7.805030387e-10
7.415076869e-10
7.020808183e-10
6.624356168e-10
6.227742706e-10
5.832813989e-10
5.441543599e-10
5.055201044e-10
4.6745045e-10
4.300074033e-10
3.931053884e-10
3.565126441e-10
3.198077834e-10
2.822222611e-10
2.42815371e-10
2.039549109e-10
1.675163572e-10
1.336966862e-10
1.03505845e-10
7.211959932e-11
3.73513759e-11
2.000399965e-12
0
0
0
0
0
0
0
0
0
0
0
0
0
0
0
0
0
0
0
0
0
0
0
0
0
0
)
;

boundaryField
{
    inletCH4
    {
        type            fixedValue;
        value           uniform 0;
    }
    wallOutside
    {
        type            zeroGradient;
    }
    wallTube
    {
        type            zeroGradient;
    }
    inletPilot
    {
        type            fixedValue;
        value           uniform 0;
    }
    inletAir
    {
        type            fixedValue;
        value           uniform 0;
    }
    outlet
    {
        type            zeroGradient;
    }
    axis
    {
        type            empty;
    }
    frontAndBack_pos
    {
        type            wedge;
    }
    frontAndBack_neg
    {
        type            wedge;
    }
}


// ************************************************************************* //
