/*--------------------------------*- C++ -*----------------------------------*\
  =========                 |
  \\      /  F ield         | OpenFOAM: The Open Source CFD Toolbox
   \\    /   O peration     | Website:  https://openfoam.org
    \\  /    A nd           | Version:  10
     \\/     M anipulation  |
\*---------------------------------------------------------------------------*/
FoamFile
{
    format      ascii;
    class       volScalarField;
    location    "0.0250188088";
    object      CH3OH;
}
// * * * * * * * * * * * * * * * * * * * * * * * * * * * * * * * * * * * * * //

dimensions      [0 0 0 0 0 0 0];

internalField   nonuniform List<scalar> 
5170
(
1.383882147e-11
1.381680466e-11
1.36666883e-11
1.259521557e-11
9.207821843e-13
2.702900056e-11
2.696050626e-11
2.664172998e-11
2.500812095e-11
1.568793642e-11
4.008787593e-11
3.997359627e-11
3.950973717e-11
3.755891725e-11
2.986817937e-11
5.297046198e-11
5.281658908e-11
5.224723822e-11
5.017889005e-11
4.40651704e-11
6.564494609e-11
6.545929631e-11
6.482688632e-11
6.27987927e-11
5.824989099e-11
7.810750074e-11
7.790362527e-11
7.725173015e-11
7.540022065e-11
7.239510858e-11
9.037666268e-11
9.016497774e-11
8.953463633e-11
8.799353398e-11
8.650416677e-11
1.024884083e-10
1.022828584e-10
1.017105531e-10
1.005905638e-10
1.00595928e-10
1.144742695e-10
1.142875316e-10
1.138141392e-10
1.13215508e-10
1.146945797e-10
1.263658572e-10
1.262062389e-10
1.258599771e-10
1.25895787e-10
1.288261962e-10
1.381828061e-10
1.380585085e-10
1.378613016e-10
1.386479135e-10
1.430030249e-10
1.499310676e-10
1.498535251e-10
1.49853754e-10
1.514730627e-10
1.572167432e-10
1.616144175e-10
1.615959325e-10
1.618537173e-10
1.643723186e-10
1.714535882e-10
1.732362714e-10
1.732892274e-10
1.73857749e-10
1.773429249e-10
1.856968543e-10
1.847956672e-10
1.849345776e-10
1.858623646e-10
1.903735265e-10
1.999241143e-10
1.962878338e-10
1.965292034e-10
1.978813731e-10
2.034604092e-10
2.140946276e-10
2.07710199e-10
2.080726809e-10
2.098987014e-10
2.16572908e-10
2.282154458e-10
2.190623484e-10
2.19568226e-10
2.219485945e-10
2.297344104e-10
2.422824364e-10
2.303781624e-10
2.311531492e-10
2.349357611e-10
2.494252104e-10
2.823081684e-10
2.514992176e-10
2.979007344e-10
6.894633186e-10
3.386288576e-09
1.52108744e-08
4.912812804e-19
1.822643201e-20
3.148160865e-21
3.091312694e-21
2.529846176e-21
2.491526858e-19
0
1.985256405e-21
0
1.833100884e-20
4.294845708e-20
0
1.045981818e-19
1.072364291e-21
3.372205659e-21
7.005842454e-20
1.27119285e-19
0
0
0
0
4.357107039e-18
0
6.15195342e-18
3.231357006e-16
0
5.716059929e-17
3.109946851e-16
1.578294065e-16
0
0
1.762387139e-14
0
0
1.458680536e-12
0
1.486924689e-12
4.087720015e-14
3.210615027e-12
1.22697133e-10
0
3.649591467e-12
3.636928116e-12
0
0
7.238041156e-13
4.401811715e-11
0
0
0
0
1.256343426e-11
0
0
5.611703066e-14
0
0
1.170844774e-12
1.907047882e-13
1.053040442e-11
2.849818109e-13
0
0
0
8.660756813e-11
2.199126335e-11
0
0
2.647197478e-11
1.892470139e-10
1.229612095e-10
1.775250367e-11
9.458540247e-12
7.923837741e-11
9.557180681e-11
1.515682609e-10
8.760313326e-11
7.660139956e-11
1.595533618e-10
9.803198896e-11
9.879487254e-11
1.718385672e-10
1.577447559e-10
1.131927688e-10
1.9769396e-10
8.773398749e-11
1.127163067e-10
1.053240326e-10
8.990056368e-11
1.221109843e-10
1.138006502e-09
2.838800913e-10
1.306851896e-10
1.761043602e-10
3.00396635e-11
1.120771013e-07
1.182346119e-08
2.177466902e-09
4.203728869e-10
1.627664202e-11
6.384013956e-10
3.275633226e-09
4.702529778e-08
6.987583902e-07
8.821834354e-06
2.369732251e-09
1.451639404e-08
1.741006154e-07
1.818865186e-06
1.257051881e-05
7.154505081e-09
4.187008011e-08
4.135912473e-07
3.216223153e-06
1.505458239e-05
1.784701553e-08
9.551333913e-08
7.926128784e-07
4.83970593e-06
1.706080228e-05
3.990265236e-08
1.971750765e-07
1.405613815e-06
6.642858465e-06
1.868795566e-05
8.191005176e-08
3.72114301e-07
2.21526421e-06
8.507642335e-06
2.022154611e-05
1.577655465e-07
6.569981081e-07
3.271536815e-06
1.039552238e-05
2.18597885e-05
2.889437238e-07
1.095169801e-06
4.564988665e-06
1.230414536e-05
2.352709649e-05
5.106671504e-07
1.744978044e-06
6.076923589e-06
1.418709304e-05
2.502943093e-05
8.7627376e-07
2.656858661e-06
7.769059232e-06
1.603775095e-05
2.637883139e-05
1.468948154e-06
3.891497404e-06
9.611834335e-06
1.785543436e-05
2.761141081e-05
2.439981422e-06
5.4683879e-06
1.154904731e-05
1.964912651e-05
2.87720971e-05
3.98212552e-06
7.379360842e-06
1.35749825e-05
2.141191204e-05
2.985915142e-05
6.022101817e-06
9.560152013e-06
1.567375966e-05
2.312997085e-05
3.085513997e-05
8.71118341e-06
1.208651871e-05
1.789648868e-05
2.484044105e-05
3.18214037e-05
1.186739811e-05
1.492157617e-05
2.028708037e-05
2.663689555e-05
3.289797006e-05
1.548431209e-05
1.816869879e-05
2.298339728e-05
2.865382908e-05
3.41993976e-05
1.971408841e-05
2.19844539e-05
2.617119051e-05
3.117429318e-05
3.616443553e-05
2.459468355e-05
2.655795008e-05
3.029726646e-05
3.491171364e-05
3.964322377e-05
3.086810564e-05
3.27388545e-05
3.642044884e-05
4.119140387e-05
4.649645703e-05
3.980317616e-05
4.167030851e-05
4.544684051e-05
5.054539235e-05
5.65285879e-05
5.11873832e-05
5.265519588e-05
5.57084082e-05
5.994316732e-05
6.500596828e-05
5.894790613e-05
5.979094374e-05
6.155334999e-05
6.398507502e-05
6.682636124e-05
5.912092446e-05
5.942843591e-05
6.004142106e-05
6.081932758e-05
6.160571348e-05
5.309808358e-05
5.309510143e-05
5.303818535e-05
5.28685914e-05
5.252619557e-05
4.446436298e-05
4.434442116e-05
4.405313459e-05
4.35740625e-05
4.289343765e-05
3.671503507e-05
3.65859834e-05
3.628014053e-05
3.579873778e-05
3.514903138e-05
3.055952419e-05
3.045132506e-05
3.019973689e-05
2.981123971e-05
2.9296104e-05
2.613952442e-05
2.605764094e-05
2.586969698e-05
2.558217621e-05
2.520386922e-05
2.327144084e-05
2.321166931e-05
2.307611834e-05
2.287001947e-05
2.259950117e-05
2.168787718e-05
2.164354291e-05
2.154445731e-05
2.1394629e-05
2.119782533e-05
2.110397154e-05
2.106868007e-05
2.099117714e-05
2.087468617e-05
2.072129334e-05
2.122620952e-05
2.119492439e-05
2.112733982e-05
2.102631622e-05
2.08929311e-05
2.176023872e-05
2.172964612e-05
2.166421208e-05
2.156671708e-05
2.143775386e-05
2.243419483e-05
2.240264739e-05
2.233533831e-05
2.223509152e-05
2.210236237e-05
2.303064234e-05
2.299779943e-05
2.292757033e-05
2.282282497e-05
2.268406911e-05
2.340951533e-05
2.337585599e-05
2.330357168e-05
2.319551843e-05
2.305232067e-05
2.351039498e-05
2.347673756e-05
2.340411648e-05
2.3295297e-05
2.315101809e-05
2.333629907e-05
2.330346625e-05
2.323231062e-05
2.312544321e-05
2.298367878e-05
2.292960787e-05
2.289824254e-05
2.283000803e-05
2.272732133e-05
2.259102663e-05
2.234926127e-05
2.231977392e-05
2.225542512e-05
2.215842169e-05
2.202959683e-05
2.165419359e-05
2.1626783e-05
2.156681989e-05
2.147630318e-05
2.135602659e-05
2.089403428e-05
2.086874123e-05
2.081330752e-05
2.072953643e-05
2.061816515e-05
2.010591286e-05
2.008267634e-05
2.003168197e-05
1.995455419e-05
1.98519663e-05
1.931533824e-05
1.929404418e-05
1.924726742e-05
1.917647183e-05
1.908226578e-05
1.853870312e-05
1.851921313e-05
1.847636868e-05
1.84114906e-05
1.832512485e-05
1.778603832e-05
1.776820771e-05
1.77289913e-05
1.766958225e-05
1.759046882e-05
1.706333448e-05
1.704702208e-05
1.701113124e-05
1.69567416e-05
1.688428867e-05
1.637397203e-05
1.635904427e-05
1.632619145e-05
1.62763917e-05
1.621003278e-05
1.571960774e-05
1.570594115e-05
1.567585759e-05
1.563024512e-05
1.556944871e-05
1.510031163e-05
1.508778374e-05
1.506021298e-05
1.501840667e-05
1.496267124e-05
1.451817427e-05
1.450669114e-05
1.448141115e-05
1.444306958e-05
1.439193939e-05
1.397039587e-05
1.395985347e-05
1.393664423e-05
1.390143872e-05
1.385447969e-05
1.345466411e-05
1.344497223e-05
1.342363546e-05
1.33912664e-05
1.334808124e-05
1.296820342e-05
1.29592814e-05
1.293963942e-05
1.290983809e-05
1.287007009e-05
1.250834618e-05
1.250012211e-05
1.248201622e-05
1.245454207e-05
1.241787202e-05
1.2073018e-05
1.206542567e-05
1.204871028e-05
1.202334307e-05
1.198947806e-05
1.166090763e-05
1.165388259e-05
1.163841605e-05
1.161494176e-05
1.158359786e-05
1.127125991e-05
1.126473729e-05
1.125037791e-05
1.122858289e-05
1.11994766e-05
1.090320909e-05
1.089712488e-05
1.088373275e-05
1.086340624e-05
1.083625838e-05
1.055504629e-05
1.054934456e-05
1.053679722e-05
1.051775454e-05
1.049232005e-05
1.022363574e-05
1.021827395e-05
1.020647705e-05
1.018857473e-05
1.016466286e-05
9.904724118e-06
9.899678246e-06
9.888577398e-06
9.871731806e-06
9.849231003e-06
9.593632484e-06
9.588896982e-06
9.578477598e-06
9.562664636e-06
9.541541826e-06
9.287299706e-06
9.282880375e-06
9.273153142e-06
9.258386964e-06
9.238659725e-06
8.984867177e-06
8.980768515e-06
8.97174208e-06
8.958034505e-06
8.939716913e-06
8.689628593e-06
8.685846513e-06
8.677513002e-06
8.664853155e-06
8.647932385e-06
8.406330288e-06
8.402841024e-06
8.395150122e-06
8.383463389e-06
8.36783974e-06
8.144020969e-06
8.140787994e-06
8.133662743e-06
8.122835405e-06
8.108358961e-06
7.925844536e-06
7.922804329e-06
7.916105614e-06
7.905927531e-06
7.892318468e-06
2.129675078e-05
2.430543931e-05
2.632935866e-05
2.751476959e-05
2.814736252e-05
2.895050437e-05
3.010379025e-05
3.127430925e-05
3.212310784e-05
3.286657726e-05
3.349071858e-05
3.410752228e-05
3.471822185e-05
3.521381556e-05
3.573126484e-05
3.643108726e-05
3.739028013e-05
3.904878677e-05
4.248847848e-05
5.001365325e-05
6.078966136e-05
6.86666093e-05
6.882541103e-05
6.208481691e-05
5.221984455e-05
4.236541146e-05
3.466202814e-05
2.891300597e-05
2.492137086e-05
2.239440518e-05
2.104440153e-05
2.059711037e-05
2.078102836e-05
2.132725399e-05
2.198804781e-05
2.256511855e-05
2.293061508e-05
2.302952228e-05
2.286529752e-05
2.247800286e-05
2.19233452e-05
2.125722071e-05
2.052692862e-05
1.97680795e-05
1.900532105e-05
1.825463027e-05
1.752591431e-05
1.682517366e-05
1.615588444e-05
1.551982711e-05
1.491716029e-05
1.435017278e-05
1.381610072e-05
1.331276841e-05
1.283753593e-05
1.238785937e-05
1.196174992e-05
1.155792279e-05
1.117562203e-05
1.081399571e-05
1.047144925e-05
1.014503154e-05
9.830753388e-06
9.524199875e-06
9.222472883e-06
8.924699381e-06
8.634069209e-06
8.355041853e-06
8.09649551e-06
7.881156027e-06
3.320091142e-05
2.502628245e-06
7.480203876e-08
9.003450725e-09
2.809382507e-09
4.077451382e-05
4.562660105e-05
2.631230544e-06
8.175061609e-08
7.609428761e-08
4.117191433e-05
5.422446537e-05
5.001327775e-06
2.754845421e-07
2.887273926e-07
4.157005252e-05
4.975731524e-05
8.575974273e-06
6.803458745e-07
2.29544464e-07
4.111274571e-05
4.700317614e-05
2.126374341e-05
2.136289098e-06
2.183941169e-07
4.112849287e-05
4.77267052e-05
3.253869634e-05
4.085681843e-06
4.175632825e-07
4.164298619e-05
4.818066167e-05
4.012795744e-05
5.836204142e-06
6.79746509e-07
4.212195906e-05
4.884471756e-05
4.306247085e-05
7.559905195e-06
1.000885241e-06
4.196725479e-05
4.827158736e-05
4.308992731e-05
1.377386978e-05
2.030983417e-06
4.190012384e-05
4.787387135e-05
4.425691426e-05
1.928875649e-05
3.159756146e-06
4.159211962e-05
4.745741434e-05
4.460931437e-05
2.312705331e-05
4.177751045e-06
4.144103724e-05
4.674457711e-05
4.368053839e-05
2.633225629e-05
5.219759962e-06
4.14263596e-05
4.613250448e-05
4.383449322e-05
3.00983523e-05
8.382349464e-06
4.11941745e-05
4.568747288e-05
4.414728723e-05
3.256492897e-05
1.204967481e-05
4.114287182e-05
4.553150717e-05
4.449971336e-05
3.434152178e-05
1.499662616e-05
4.132098953e-05
4.557205146e-05
4.483066642e-05
3.564324403e-05
1.75444998e-05
4.18229596e-05
4.582546294e-05
4.52223714e-05
3.675738968e-05
1.960859949e-05
4.304421245e-05
4.667959182e-05
4.587552284e-05
3.725843945e-05
1.989682255e-05
4.631665275e-05
4.968420711e-05
4.785236277e-05
3.733997691e-05
1.728764916e-05
5.475931815e-05
6.065519702e-05
6.204434363e-05
5.180605324e-05
1.642829721e-05
6.679156248e-05
7.667069769e-05
8.671825891e-05
9.612057274e-05
0.0001040018527
7.398358811e-05
8.234859023e-05
9.001783485e-05
9.567782327e-05
9.725605341e-05
7.190500108e-05
7.567245842e-05
7.73905454e-05
7.603455137e-05
7.087374301e-05
6.305247779e-05
6.314075435e-05
6.135441351e-05
5.752311718e-05
5.185856799e-05
5.206044778e-05
5.064016834e-05
4.796525297e-05
4.420366589e-05
3.966842091e-05
4.183527337e-05
4.018509247e-05
3.777489353e-05
3.480674769e-05
3.151486507e-05
3.413256195e-05
3.274014746e-05
3.086980164e-05
2.868226335e-05
2.633567019e-05
2.847815589e-05
2.741902554e-05
2.605184451e-05
2.449034421e-05
2.283698744e-05
2.458634569e-05
2.381225281e-05
2.283803189e-05
2.173775605e-05
2.057595389e-05
2.213565174e-05
2.157048713e-05
2.087574894e-05
2.009612181e-05
1.926998676e-05
2.083309625e-05
2.04029891e-05
1.988985208e-05
1.931749083e-05
1.870647008e-05
2.04079203e-05
2.005157001e-05
1.964163864e-05
1.918792608e-05
1.869934981e-05
2.059581548e-05
2.026805237e-05
1.990322221e-05
1.950256721e-05
1.906802482e-05
2.113618974e-05
2.08087893e-05
2.045097998e-05
2.005965718e-05
1.963330303e-05
2.178875152e-05
2.144892399e-05
2.107837547e-05
2.067269918e-05
2.022943366e-05
2.236039029e-05
2.200716964e-05
2.161881263e-05
2.119152999e-05
2.072346628e-05
2.272570356e-05
2.236521795e-05
2.19636271e-05
2.15187037e-05
2.102993729e-05
2.282985836e-05
2.247089712e-05
2.206521696e-05
2.161237054e-05
2.111332103e-05
2.267515745e-05
2.23260679e-05
2.192610993e-05
2.147640884e-05
2.09791845e-05
2.230005259e-05
2.196716603e-05
2.158114842e-05
2.114428823e-05
2.065969404e-05
2.175876545e-05
2.144600288e-05
2.107965446e-05
2.066273411e-05
2.019885079e-05
2.110610024e-05
2.081527111e-05
2.0471855e-05
2.007921576e-05
1.964115601e-05
2.038868832e-05
2.012005173e-05
1.980085756e-05
1.943454278e-05
1.90248697e-05
1.964182396e-05
1.939468969e-05
1.909964756e-05
1.876003153e-05
1.837941957e-05
1.889005136e-05
1.866320946e-05
1.839141862e-05
1.807780851e-05
1.77256998e-05
1.814935684e-05
1.794137002e-05
1.769149106e-05
1.740259606e-05
1.70777139e-05
1.742971326e-05
1.723909849e-05
1.700960933e-05
1.674384839e-05
1.644454759e-05
1.673719405e-05
1.656249437e-05
1.635181894e-05
1.61075121e-05
1.583202035e-05
1.607535365e-05
1.59151994e-05
1.572182146e-05
1.549731366e-05
1.524385888e-05
1.544604262e-05
1.529915792e-05
1.512163682e-05
1.491533819e-05
1.468219347e-05
1.48494716e-05
1.471465796e-05
1.455162139e-05
1.436200094e-05
1.414750219e-05
1.42880215e-05
1.416419113e-05
1.401436044e-05
1.383997404e-05
1.364253598e-05
1.375894874e-05
1.364507168e-05
1.350723555e-05
1.334670836e-05
1.316481202e-05
1.326014193e-05
1.315528304e-05
1.302832406e-05
1.288037715e-05
1.271260361e-05
1.278901752e-05
1.269233945e-05
1.257524758e-05
1.243871849e-05
1.228377325e-05
1.234307638e-05
1.225382881e-05
1.214569617e-05
1.201953736e-05
1.187625091e-05
1.192035482e-05
1.183784482e-05
1.173783701e-05
1.162108768e-05
1.148838858e-05
1.151956835e-05
1.144311817e-05
1.135042958e-05
1.124216808e-05
1.111903096e-05
1.113995265e-05
1.106888168e-05
1.098271308e-05
1.088203123e-05
1.076745239e-05
1.078066037e-05
1.071429903e-05
1.063386761e-05
1.053988099e-05
1.043288269e-05
1.04401478e-05
1.037791192e-05
1.030252652e-05
1.021444504e-05
1.011415052e-05
1.011554916e-05
1.005699507e-05
9.986109346e-06
9.903298415e-06
9.808998164e-06
9.802989691e-06
9.747873452e-06
9.681164238e-06
9.603237218e-06
9.514493425e-06
9.498162485e-06
9.446425982e-06
9.383771817e-06
9.310552069e-06
9.227143044e-06
9.198221252e-06
9.149924185e-06
9.091350608e-06
9.022837795e-06
8.944740445e-06
8.902267183e-06
8.857447143e-06
8.802976834e-06
8.739178992e-06
8.666392186e-06
8.613418261e-06
8.57202872e-06
8.521622994e-06
8.462507933e-06
8.394992971e-06
8.336003498e-06
8.297775314e-06
8.251161031e-06
8.196437921e-06
8.133885136e-06
8.078830067e-06
8.043377849e-06
8.000147118e-06
7.949379694e-06
7.891319181e-06
7.864496315e-06
7.831120773e-06
7.790461836e-06
7.742728709e-06
7.688134688e-06
1.125467473e-08
8.175387881e-08
2.260634142e-08
1.10607953e-08
8.798752995e-09
8.161384802e-09
7.94698382e-09
7.876377954e-09
7.855956617e-09
7.850616501e-09
7.847956045e-09
7.843972787e-09
7.839013678e-09
7.834446375e-09
7.832066553e-09
7.834729645e-09
7.831332631e-09
7.821934486e-09
7.817389253e-09
7.814797041e-09
7.812721586e-09
7.810778052e-09
7.808902457e-09
7.807127052e-09
7.805473647e-09
7.803948817e-09
7.802549634e-09
7.801267822e-09
7.800075001e-09
7.798959037e-09
7.797924385e-09
7.796970947e-09
7.796084856e-09
7.795260419e-09
7.794487909e-09
7.793779702e-09
7.793142584e-09
7.792552921e-09
7.79200607e-09
7.791503788e-09
7.791039624e-09
7.790601962e-09
7.790188069e-09
7.789782415e-09
7.789410784e-09
7.789107026e-09
7.788854997e-09
7.788638702e-09
7.788435248e-09
7.788264946e-09
7.788110491e-09
7.787986193e-09
7.787866553e-09
7.78773558e-09
7.787196846e-09
7.783301724e-09
7.75889541e-09
7.646337436e-09
7.255298873e-09
6.741228974e-09
1.45291153e-07
3.756011371e-07
7.787190352e-08
3.041994354e-08
2.254490338e-08
2.052529296e-08
1.98410946e-08
1.957285481e-08
1.946378381e-08
1.941610963e-08
1.939127107e-08
1.937232851e-08
1.935487559e-08
1.933844258e-08
1.932629011e-08
1.93245593e-08
1.931380941e-08
1.92922472e-08
1.928114475e-08
1.927442712e-08
1.926890688e-08
1.926345454e-08
1.925822776e-08
1.925345113e-08
1.924912506e-08
1.92452414e-08
1.924171736e-08
1.923845333e-08
1.923543209e-08
1.923278917e-08
1.923056344e-08
1.922865186e-08
1.922687652e-08
1.92252113e-08
1.922371644e-08
1.922249999e-08
1.922161442e-08
1.922066163e-08
1.921968997e-08
1.921894216e-08
1.921843649e-08
1.921796422e-08
1.921750759e-08
1.921712327e-08
1.921670327e-08
1.921639741e-08
1.921620498e-08
1.921618198e-08
1.921601966e-08
1.921610575e-08
1.92161231e-08
1.92163314e-08
1.921641449e-08
1.921652673e-08
1.921571984e-08
1.921029272e-08
1.918416359e-08
1.909779818e-08
1.893540505e-08
1.884051256e-08
3.83470414e-07
4.951798189e-07
1.187776889e-07
4.742298001e-08
3.528116634e-08
3.219643961e-08
3.112688368e-08
3.067190521e-08
3.045704369e-08
3.03487174e-08
3.028915499e-08
3.024974109e-08
3.021754137e-08
3.018766649e-08
3.016167689e-08
3.014656766e-08
3.01273682e-08
3.010178086e-08
3.008812287e-08
3.007903422e-08
3.007054657e-08
3.006151611e-08
3.005242183e-08
3.004392682e-08
3.003625826e-08
3.002933632e-08
3.00231422e-08
3.001768251e-08
3.001285578e-08
3.00085696e-08
3.000483185e-08
3.000163413e-08
2.999889516e-08
2.999670205e-08
2.999481353e-08
2.999329488e-08
2.999228046e-08
2.999126922e-08
2.999028236e-08
2.99895416e-08
2.998912718e-08
2.998878844e-08
2.998862744e-08
2.998878188e-08
2.998902128e-08
2.998935028e-08
2.998974592e-08
2.9990388e-08
2.999083842e-08
2.999170202e-08
2.999247474e-08
2.99935614e-08
2.999442238e-08
2.999562306e-08
2.999600911e-08
2.999533661e-08
2.999223263e-08
3.000532406e-08
3.013915307e-08
3.035903727e-08
6.596507061e-07
6.153626686e-07
1.875796373e-07
6.077134881e-08
4.380616127e-08
4.020229365e-08
3.899566075e-08
3.845852023e-08
3.81853318e-08
3.803860107e-08
3.79569664e-08
3.790742284e-08
3.787199339e-08
3.784146716e-08
3.781380858e-08
3.779366867e-08
3.777781078e-08
3.776595902e-08
3.776261226e-08
3.776051377e-08
3.775626032e-08
3.774980715e-08
3.774238248e-08
3.773506825e-08
3.772841323e-08
3.77225244e-08
3.771733356e-08
3.771284604e-08
3.770898922e-08
3.770569674e-08
3.770293585e-08
3.770069019e-08
3.769892016e-08
3.769769599e-08
3.769681469e-08
3.76963184e-08
3.769629532e-08
3.769630373e-08
3.769636081e-08
3.769660268e-08
3.769707137e-08
3.769764753e-08
3.769840049e-08
3.769941522e-08
3.770057995e-08
3.770185112e-08
3.770314568e-08
3.77046243e-08
3.770596185e-08
3.770766042e-08
3.7709319e-08
3.771127509e-08
3.771294719e-08
3.771520478e-08
3.771745843e-08
3.772297384e-08
3.774113953e-08
3.781709149e-08
3.805597012e-08
3.833115848e-08
8.862685231e-07
9.751446622e-07
4.908044807e-07
1.14542612e-07
5.343276395e-08
4.534528829e-08
4.345663323e-08
4.275143547e-08
4.241566033e-08
4.224121564e-08
4.214914553e-08
4.210045476e-08
4.207350243e-08
4.205590816e-08
4.20422312e-08
4.203284903e-08
4.203494367e-08
4.204922764e-08
4.206575223e-08
4.207819165e-08
4.208459432e-08
4.208628315e-08
4.208545538e-08
4.208373844e-08
4.208198579e-08
4.208049139e-08
4.207930127e-08
4.207844463e-08
4.207789836e-08
4.207764185e-08
4.207766587e-08
4.207794426e-08
4.207847552e-08
4.207930933e-08
4.208033013e-08
4.208156074e-08
4.208302604e-08
4.20844901e-08
4.208595255e-08
4.208749641e-08
4.208913702e-08
4.209080105e-08
4.209254409e-08
4.209440314e-08
4.209633428e-08
4.209832868e-08
4.21003329e-08
4.210239632e-08
4.210437308e-08
4.210655251e-08
4.210871951e-08
4.211107295e-08
4.211325817e-08
4.211599678e-08
4.211943049e-08
4.212775929e-08
4.215219197e-08
4.223095947e-08
4.242324133e-08
4.261532101e-08
5.076389245e-07
1.450494137e-06
1.05168618e-06
3.714661817e-07
8.824228007e-08
5.194920621e-08
4.643904335e-08
4.497947395e-08
4.441667573e-08
4.416054301e-08
4.403905048e-08
4.398287436e-08
4.395847291e-08
4.394859636e-08
4.394517707e-08
4.394635827e-08
4.396613288e-08
4.400393583e-08
4.403970676e-08
4.40672809e-08
4.408534088e-08
4.409609195e-08
4.410253246e-08
4.410688578e-08
4.411036926e-08
4.411345134e-08
4.411634717e-08
4.411915557e-08
4.412190123e-08
4.412460619e-08
4.41272949e-08
4.412996267e-08
4.413262472e-08
4.413531467e-08
4.413799284e-08
4.414067507e-08
4.414336922e-08
4.414599465e-08
4.414855818e-08
4.415109929e-08
4.415362555e-08
4.415609471e-08
4.415854194e-08
4.416097347e-08
4.416336885e-08
4.416575366e-08
4.416812094e-08
4.417047917e-08
4.417275605e-08
4.417507363e-08
4.417734743e-08
4.417970432e-08
4.418199322e-08
4.418471831e-08
4.418840227e-08
4.419638907e-08
4.421689043e-08
4.427186872e-08
4.43838497e-08
4.448485291e-08
2.392181037e-07
1.498474937e-06
1.743709052e-06
1.049834659e-06
2.803634818e-07
7.542804041e-08
5.115046256e-08
4.681694028e-08
4.55304601e-08
4.502360444e-08
4.480355454e-08
4.470791986e-08
4.466906275e-08
4.465595697e-08
4.465476495e-08
4.466089499e-08
4.469110173e-08
4.47432323e-08
4.479214474e-08
4.483140787e-08
4.485929429e-08
4.487789254e-08
4.489052261e-08
4.489984636e-08
4.490742619e-08
4.491400504e-08
4.491994181e-08
4.492540289e-08
4.493048657e-08
4.493526445e-08
4.49397795e-08
4.49440647e-08
4.494815413e-08
4.495207519e-08
4.495583388e-08
4.495945031e-08
4.496293653e-08
4.496628216e-08
4.496949925e-08
4.497260807e-08
4.497561826e-08
4.497851745e-08
4.4981327e-08
4.498404934e-08
4.498667784e-08
4.498923075e-08
4.499171235e-08
4.499413906e-08
4.499648559e-08
4.499878845e-08
4.50010228e-08
4.500326741e-08
4.500549915e-08
4.500808356e-08
4.501162246e-08
4.501839908e-08
4.503327562e-08
4.506623355e-08
4.512286902e-08
4.516907225e-08
1.476274902e-07
8.390896841e-07
2.32198604e-06
1.928808393e-06
9.181756942e-07
1.852846872e-07
6.501675347e-08
4.999348833e-08
4.669688192e-08
4.560249926e-08
4.516258321e-08
4.497659661e-08
4.490022212e-08
4.487267037e-08
4.486761879e-08
4.487483964e-08
4.491016332e-08
4.496944509e-08
4.502573795e-08
4.507263705e-08
4.510779913e-08
4.513264343e-08
4.515025392e-08
4.516346085e-08
4.51741023e-08
4.51831734e-08
4.519118714e-08
4.519841257e-08
4.520501363e-08
4.521110277e-08
4.521675651e-08
4.522203586e-08
4.522699012e-08
4.523165724e-08
4.523606589e-08
4.524024261e-08
4.524420894e-08
4.524797878e-08
4.525156893e-08
4.525499631e-08
4.525827405e-08
4.526140584e-08
4.526440631e-08
4.526728421e-08
4.527004408e-08
4.527269553e-08
4.527524074e-08
4.5277694e-08
4.528005518e-08
4.528234e-08
4.528455057e-08
4.528674012e-08
4.528895686e-08
4.529150698e-08
4.529498648e-08
4.530100231e-08
4.531230517e-08
4.533295015e-08
4.536286595e-08
4.538425913e-08
2.250299181e-07
4.390621828e-07
2.80147327e-06
2.945211818e-06
2.058781434e-06
6.761978163e-07
1.197150556e-07
5.825344241e-08
4.891337917e-08
4.641269749e-08
4.550605523e-08
4.513754644e-08
4.498545896e-08
4.492666329e-08
4.49099536e-08
4.491433781e-08
4.495125145e-08
4.501396351e-08
4.507436442e-08
4.512606941e-08
4.516643562e-08
4.51962284e-08
4.521802665e-08
4.523454064e-08
4.524774191e-08
4.525881535e-08
4.526842626e-08
4.527695708e-08
4.528464626e-08
4.529165362e-08
4.529809061e-08
4.530404405e-08
4.530957863e-08
4.531474672e-08
4.531959026e-08
4.532414398e-08
4.532843724e-08
4.533249336e-08
4.533633405e-08
4.533997784e-08
4.534344124e-08
4.534673572e-08
4.53498752e-08
4.535287059e-08
4.535573128e-08
4.535846691e-08
4.536108284e-08
4.53635888e-08
4.536599074e-08
4.53683008e-08
4.5370535e-08
4.537274475e-08
4.537502479e-08
4.537767409e-08
4.538130442e-08
4.538717568e-08
4.53970158e-08
4.541251167e-08
4.543196451e-08
4.544361845e-08
3.953470076e-07
2.713980733e-07
2.312314142e-06
3.842086666e-06
3.22726024e-06
1.70409165e-06
3.339954694e-07
8.193001315e-08
5.372404863e-08
4.7900209e-08
4.605773011e-08
4.535159725e-08
4.506372188e-08
4.494824388e-08
4.490847043e-08
4.490463864e-08
4.493989936e-08
4.500375039e-08
4.506649948e-08
4.512143056e-08
4.516566009e-08
4.519948392e-08
4.522498169e-08
4.524458496e-08
4.526023608e-08
4.527321765e-08
4.528431898e-08
4.529403167e-08
4.530267656e-08
4.531047173e-08
4.531756975e-08
4.532408387e-08
4.53300986e-08
4.533568067e-08
4.534088308e-08
4.534574942e-08
4.535031556e-08
4.535461155e-08
4.535866324e-08
4.536249266e-08
4.536611931e-08
4.536955911e-08
4.537282729e-08
4.537593661e-08
4.537889822e-08
4.538172252e-08
4.538441789e-08
4.5386994e-08
4.538945967e-08
4.539182771e-08
4.539412162e-08
4.539640201e-08
4.539880021e-08
4.540164352e-08
4.540557384e-08
4.541168165e-08
4.542122907e-08
4.543496681e-08
4.545064002e-08
4.545831773e-08
5.63534879e-07
9.646925664e-08
1.205102672e-06
4.965827678e-06
4.666001922e-06
3.118851731e-06
9.07774695e-07
1.495622433e-07
6.369670716e-08
5.038359199e-08
4.687963194e-08
4.565614923e-08
4.517453135e-08
4.49790191e-08
4.490505841e-08
4.488720667e-08
4.49174613e-08
4.498046407e-08
4.504424669e-08
4.510132708e-08
4.514848963e-08
4.518565931e-08
4.521448871e-08
4.523708121e-08
4.525523094e-08
4.527021477e-08
4.528288896e-08
4.529383467e-08
4.530345711e-08
4.531204173e-08
4.531979095e-08
4.532685079e-08
4.53333293e-08
4.533930921e-08
4.534485555e-08
4.53500209e-08
4.53548484e-08
4.535937404e-08
4.536362833e-08
4.536763719e-08
4.537142318e-08
4.537500538e-08
4.537840075e-08
4.538162408e-08
4.538468804e-08
4.538760456e-08
4.539038365e-08
4.539303597e-08
4.539557315e-08
4.539801186e-08
4.540038357e-08
4.540276395e-08
4.540531806e-08
4.540841253e-08
4.54127147e-08
4.541921552e-08
4.542891451e-08
4.544209552e-08
4.545619791e-08
4.546171055e-08
7.485618637e-07
1.501018463e-07
7.195177973e-07
5.823944974e-06
6.518673706e-06
4.845979907e-06
1.980174401e-06
3.281030198e-07
8.761955212e-08
5.511064545e-08
4.824779941e-08
4.614758795e-08
4.536487709e-08
4.504744688e-08
4.491977665e-08
4.487798545e-08
4.489797345e-08
4.495726474e-08
4.502039237e-08
4.507844907e-08
4.512763464e-08
4.516746756e-08
4.519920517e-08
4.522462161e-08
4.524529416e-08
4.526240194e-08
4.52767925e-08
4.528909436e-08
4.529978394e-08
4.530921716e-08
4.5317654e-08
4.532528194e-08
4.533223791e-08
4.53386242e-08
4.534451987e-08
4.534998761e-08
4.535507861e-08
4.535983508e-08
4.536429268e-08
4.536848143e-08
4.537242716e-08
4.537615179e-08
4.537967442e-08
4.538301177e-08
4.538617841e-08
4.538918798e-08
4.5392052e-08
4.53947827e-08
4.539739434e-08
4.539990879e-08
4.54023679e-08
4.540486672e-08
4.540760425e-08
4.541098402e-08
4.541568152e-08
4.542260445e-08
4.543255311e-08
4.544549336e-08
4.545864757e-08
4.54624733e-08
1.239746522e-06
2.098431747e-07
5.137166252e-07
4.642950514e-06
8.401808619e-06
6.846433397e-06
3.45790619e-06
7.660389125e-07
1.414919934e-07
6.431325863e-08
5.049047697e-08
4.689077933e-08
4.565549982e-08
4.516453454e-08
4.496054205e-08
4.48835131e-08
4.488730994e-08
4.493948705e-08
4.499976568e-08
4.505729012e-08
4.510733507e-08
4.51489275e-08
4.518292844e-08
4.52107854e-08
4.523382744e-08
4.525306982e-08
4.526927384e-08
4.528305176e-08
4.529491445e-08
4.530527597e-08
4.531445496e-08
4.532268687e-08
4.533014368e-08
4.533695197e-08
4.534320772e-08
4.534898564e-08
4.535434579e-08
4.535933727e-08
4.536400105e-08
4.536837164e-08
4.537247824e-08
4.537634581e-08
4.537999576e-08
4.538344704e-08
4.538671621e-08
4.538981853e-08
4.539276722e-08
4.53955765e-08
4.539826382e-08
4.5400858e-08
4.540341348e-08
4.540604618e-08
4.540898781e-08
4.541267174e-08
4.541776362e-08
4.542508515e-08
4.543525885e-08
4.544799427e-08
4.546035318e-08
4.546253459e-08
1.942093888e-06
3.233639447e-07
4.376632841e-07
2.911031002e-06
1.124587408e-05
9.348509608e-06
5.263532003e-06
1.574052018e-06
2.502657914e-07
8.150827194e-08
5.393090363e-08
4.787004401e-08
4.601713775e-08
4.531492419e-08
4.502191983e-08
4.490342687e-08
4.488732832e-08
4.492979942e-08
4.498522078e-08
4.504053794e-08
4.509003871e-08
4.513220611e-08
4.516752824e-08
4.519713577e-08
4.522210914e-08
4.524326844e-08
4.526122953e-08
4.527651885e-08
4.528962418e-08
4.530098315e-08
4.531095905e-08
4.53198336e-08
4.532781685e-08
4.533506377e-08
4.53416904e-08
4.534778574e-08
4.535342001e-08
4.535864991e-08
4.536352212e-08
4.536807579e-08
4.537234378e-08
4.537635426e-08
4.538013134e-08
4.538369623e-08
4.538706743e-08
4.53902618e-08
4.539329455e-08
4.539618244e-08
4.539894709e-08
4.540162595e-08
4.540428783e-08
4.540706984e-08
4.541023298e-08
4.541423052e-08
4.541970481e-08
4.542738568e-08
4.543772919e-08
4.545023032e-08
4.546182551e-08
4.546230172e-08
2.641442964e-06
4.494969461e-07
3.467413676e-07
2.318489048e-06
1.570913645e-05
1.26319812e-05
7.122519203e-06
2.717996245e-06
4.899570598e-07
1.214504172e-07
6.068771089e-08
4.951209784e-08
4.658493642e-08
4.555266793e-08
4.512746551e-08
4.494865664e-08
4.490379309e-08
4.49318363e-08
4.497947769e-08
4.503051075e-08
4.507779101e-08
4.51191364e-08
4.515459592e-08
4.518498839e-08
4.521116273e-08
4.523374502e-08
4.525317972e-08
4.526985565e-08
4.528417605e-08
4.529655044e-08
4.530735427e-08
4.531690005e-08
4.532543124e-08
4.533313136e-08
4.534013821e-08
4.53465567e-08
4.535246847e-08
4.535793857e-08
4.536301999e-08
4.536775675e-08
4.537218572e-08
4.537633843e-08
4.538024183e-08
4.538391938e-08
4.538739152e-08
4.539067686e-08
4.53937931e-08
4.539676024e-08
4.539960518e-08
4.540237532e-08
4.540515505e-08
4.540810225e-08
4.541150205e-08
4.541581634e-08
4.54216546e-08
4.542965152e-08
4.544010731e-08
4.545233946e-08
4.546318945e-08
4.546201264e-08
3.374747086e-06
5.733706623e-07
4.287348131e-07
2.639880057e-06
2.143245042e-05
1.594423637e-05
8.587956983e-06
3.777371021e-06
9.459539669e-07
2.167669875e-07
7.572908113e-08
5.256113376e-08
4.751171044e-08
4.592180133e-08
4.529316479e-08
4.502603708e-08
4.494025988e-08
4.49477159e-08
4.498409328e-08
4.502852268e-08
4.507191092e-08
4.511102895e-08
4.514538219e-08
4.517547648e-08
4.520194785e-08
4.522524966e-08
4.524566262e-08
4.526341904e-08
4.527879404e-08
4.52921167e-08
4.530373059e-08
4.531395036e-08
4.532303792e-08
4.533119913e-08
4.533859177e-08
4.534533659e-08
4.535152723e-08
4.535723765e-08
4.536252762e-08
4.536744642e-08
4.537203507e-08
4.53763286e-08
4.53803568e-08
4.538414539e-08
4.538771692e-08
4.539109209e-08
4.53942915e-08
4.53973391e-08
4.540026828e-08
4.54031374e-08
4.540604682e-08
4.540917399e-08
4.541282238e-08
4.541745268e-08
4.542363332e-08
4.543190271e-08
4.544241706e-08
4.545435041e-08
4.546448018e-08
4.546177152e-08
4.09738534e-06
7.988106076e-07
6.379705079e-07
3.624392644e-06
2.713465278e-05
1.762337582e-05
9.150085932e-06
4.281575352e-06
1.578740242e-06
4.164365315e-07
1.105553269e-07
5.853158083e-08
4.899093525e-08
4.644035453e-08
4.551572631e-08
4.513243312e-08
4.499541048e-08
4.497675686e-08
4.499856515e-08
4.503440827e-08
4.507244788e-08
4.510812491e-08
4.514028547e-08
4.516908785e-08
4.519496384e-08
4.521822313e-08
4.52390146e-08
4.525742834e-08
4.527359387e-08
4.528772077e-08
4.530007762e-08
4.531094634e-08
4.532058471e-08
4.53292087e-08
4.533699045e-08
4.534406449e-08
4.535053592e-08
4.535648773e-08
4.536198671e-08
4.536708758e-08
4.537183571e-08
4.537626958e-08
4.538042188e-08
4.538432076e-08
4.538799111e-08
4.539145615e-08
4.539473972e-08
4.539787058e-08
4.540088989e-08
4.540386806e-08
4.540692129e-08
4.541024511e-08
4.54141562e-08
4.541910644e-08
4.542561627e-08
4.543412768e-08
4.544466371e-08
4.545628306e-08
4.546572698e-08
4.546162315e-08
4.363267287e-06
1.260738838e-06
3.019623053e-06
1.977508163e-05
3.049590085e-05
1.731706064e-05
8.896207501e-06
4.475108228e-06
2.130719825e-06
8.051792197e-07
2.18384851e-07
7.798960011e-08
5.303864259e-08
4.760450388e-08
4.595578317e-08
4.532813427e-08
4.509182813e-08
4.502652155e-08
4.502459934e-08
4.504758259e-08
4.507812234e-08
4.510906247e-08
4.513803324e-08
4.516463423e-08
4.518905014e-08
4.521148598e-08
4.523203595e-08
4.525071453e-08
4.526745269e-08
4.528228101e-08
4.529534791e-08
4.530687174e-08
4.531708607e-08
4.532620475e-08
4.533440782e-08
4.534184072e-08
4.534861916e-08
4.53548352e-08
4.536056298e-08
4.53658631e-08
4.537078561e-08
4.537537275e-08
4.537966031e-08
4.53836794e-08
4.538745768e-08
4.539102152e-08
4.539439887e-08
4.539762469e-08
4.540075023e-08
4.540386052e-08
4.540708949e-08
4.541065289e-08
4.54148823e-08
4.542022172e-08
4.542714415e-08
4.543599522e-08
4.544666053e-08
4.545807314e-08
4.54669264e-08
4.546154456e-08
3.884292507e-06
1.848780892e-06
6.618330923e-06
4.643985102e-05
2.882309356e-05
1.547354667e-05
8.330686515e-06
4.625451475e-06
2.612477414e-06
1.383101504e-06
5.430965952e-07
1.634563142e-07
6.927042612e-08
5.117609963e-08
4.702156837e-08
4.573868357e-08
4.527523899e-08
4.511337899e-08
4.50662e-08
4.50666991e-08
4.508521024e-08
4.510889617e-08
4.513279102e-08
4.515538817e-08
4.517649011e-08
4.519625214e-08
4.521508517e-08
4.523406237e-08
4.525172358e-08
4.52675771e-08
4.528159824e-08
4.52939666e-08
4.530491825e-08
4.531467728e-08
4.532343461e-08
4.533134678e-08
4.533854028e-08
4.534511704e-08
4.535115956e-08
4.535673528e-08
4.536190002e-08
4.536670073e-08
4.537117736e-08
4.537536488e-08
4.537929486e-08
4.538299837e-08
4.538650962e-08
4.538987365e-08
4.539315806e-08
4.539647258e-08
4.539998062e-08
4.540393901e-08
4.540872798e-08
4.541482939e-08
4.54227318e-08
4.543275366e-08
4.54446906e-08
4.545728631e-08
4.546689017e-08
4.546093178e-08
6.958789196e-06
1.246872339e-05
6.662835937e-05
4.538918419e-05
2.512737313e-05
1.393237768e-05
8.105843238e-06
4.982371604e-06
3.181869653e-06
2.022644517e-06
1.124930914e-06
4.555117685e-07
1.437195877e-07
6.555598557e-08
5.027395591e-08
4.673018427e-08
4.565978375e-08
4.527698306e-08
4.513445109e-08
4.508994726e-08
4.508520582e-08
4.509480578e-08
4.510807387e-08
4.512104221e-08
4.513272519e-08
4.514010898e-08
4.515830434e-08
4.518645681e-08
4.520870821e-08
4.522685958e-08
4.524202637e-08
4.525499668e-08
4.526631607e-08
4.527634377e-08
4.528531971e-08
4.529341644e-08
4.530076707e-08
4.530747798e-08
4.531363543e-08
4.531931003e-08
4.532456035e-08
4.532943556e-08
4.533397773e-08
4.533822371e-08
4.534220744e-08
4.534596268e-08
4.5349528e-08
4.535295439e-08
4.535631844e-08
4.535973696e-08
4.536338113e-08
4.53675072e-08
4.537247736e-08
4.537872232e-08
4.538665078e-08
4.53964739e-08
4.540791207e-08
4.54197073e-08
4.542833818e-08
4.542105244e-08
0.0001118333156
9.417967981e-05
6.246391308e-05
3.650346395e-05
2.125656772e-05
1.284695874e-05
8.197830215e-06
5.516894981e-06
3.850072357e-06
2.698745024e-06
1.810538773e-06
1.028167749e-06
4.212392314e-07
1.345507165e-07
6.340928812e-08
4.966468727e-08
4.653560168e-08
4.559411607e-08
4.524963211e-08
4.511776065e-08
4.507007935e-08
4.505469782e-08
4.504915392e-08
4.506210137e-08
4.508914597e-08
4.511534165e-08
4.514731272e-08
4.51765903e-08
4.520101677e-08
4.522080915e-08
4.523695667e-08
4.525048397e-08
4.526214959e-08
4.527242623e-08
4.528159866e-08
4.528985516e-08
4.529733609e-08
4.530415309e-08
4.531039685e-08
4.531614178e-08
4.532144957e-08
4.532637203e-08
4.533095368e-08
4.533523372e-08
4.533924878e-08
4.534303611e-08
4.534663866e-08
4.535011417e-08
4.535354714e-08
4.535706186e-08
4.536083295e-08
4.536511486e-08
4.537024856e-08
4.537662145e-08
4.538456864e-08
4.539422046e-08
4.540522347e-08
4.541633618e-08
4.542410113e-08
4.541560248e-08
9.069209106e-05
6.760203089e-05
4.47073201e-05
2.856316664e-05
1.837601061e-05
1.222058391e-05
8.500706012e-06
6.169013295e-06
4.602143516e-06
3.447322841e-06
2.516486771e-06
1.717835477e-06
9.758238108e-07
3.936905197e-07
1.232933169e-07
6.021227891e-08
4.873022939e-08
4.619402111e-08
4.544119967e-08
4.516784648e-08
4.506289329e-08
4.502524655e-08
4.501650335e-08
4.504205302e-08
4.50833447e-08
4.512080346e-08
4.515547977e-08
4.518570084e-08
4.521074028e-08
4.523104477e-08
4.524764496e-08
4.526158049e-08
4.527361141e-08
4.528420687e-08
4.529364974e-08
4.530213093e-08
4.530979733e-08
4.531676805e-08
4.532314011e-08
4.53289932e-08
4.533439308e-08
4.533939472e-08
4.534404551e-08
4.534838745e-08
4.535246062e-08
4.535630652e-08
4.53599734e-08
4.5363527e-08
4.536706113e-08
4.537070966e-08
4.537464948e-08
4.53791369e-08
4.538449653e-08
4.539108083e-08
4.539916217e-08
4.540880346e-08
4.541957902e-08
4.543024454e-08
4.543735409e-08
4.542776151e-08
6.090826301e-05
4.651050015e-05
3.33835858e-05
2.342086165e-05
1.653374915e-05
1.196477399e-05
8.944821271e-06
6.889344634e-06
5.405560331e-06
4.248664241e-06
3.277520514e-06
2.42055918e-06
1.650844791e-06
9.262901024e-07
3.657205178e-07
1.131491767e-07
5.779391257e-08
4.806080194e-08
4.593828669e-08
4.531392112e-08
4.509267326e-08
4.501544049e-08
4.499961879e-08
4.503435014e-08
4.50855968e-08
4.513040051e-08
4.516822697e-08
4.519927723e-08
4.522436468e-08
4.524470375e-08
4.526154183e-08
4.527587051e-08
4.528834256e-08
4.529935225e-08
4.530915153e-08
4.531792814e-08
4.532583752e-08
4.533301025e-08
4.533955355e-08
4.534555472e-08
4.535108478e-08
4.535620273e-08
4.536095905e-08
4.536539862e-08
4.536956504e-08
4.537350434e-08
4.537727086e-08
4.538093828e-08
4.538460918e-08
4.538842425e-08
4.539256015e-08
4.539726985e-08
4.540285669e-08
4.540962915e-08
4.5417795e-08
4.54273451e-08
4.543779926e-08
4.544791448e-08
4.545430091e-08
4.54435676e-08
4.415231183e-05
3.504488551e-05
2.683184176e-05
2.027705343e-05
1.541811989e-05
1.193305523e-05
9.442958773e-06
7.620773191e-06
6.219933269e-06
5.072199922e-06
4.073427405e-06
3.168073564e-06
2.335607606e-06
1.579354627e-06
8.722738922e-07
3.381853919e-07
1.047902377e-07
5.605050842e-08
4.765089335e-08
4.580304824e-08
4.526037436e-08
4.507585075e-08
4.502143942e-08
4.504176016e-08
4.5090711e-08
4.513651913e-08
4.517526612e-08
4.520664556e-08
4.523184764e-08
4.525243284e-08
4.526973646e-08
4.528466489e-08
4.52977521e-08
4.530931316e-08
4.531957005e-08
4.532871279e-08
4.533691267e-08
4.5344319e-08
4.535105541e-08
4.535722123e-08
4.536289572e-08
4.536814347e-08
4.537301882e-08
4.537757021e-08
4.538184493e-08
4.538589388e-08
4.538977777e-08
4.539357782e-08
4.539740376e-08
4.540139888e-08
4.540573787e-08
4.541066333e-08
4.541645152e-08
4.542336118e-08
4.543153929e-08
4.544090601e-08
4.545094548e-08
4.546042976e-08
4.546603537e-08
4.545409585e-08
3.416598119e-05
2.805421705e-05
2.256859377e-05
1.816383081e-05
1.465665928e-05
1.197276807e-05
9.922628143e-06
8.319844056e-06
7.012739348e-06
5.889043648e-06
4.875287061e-06
3.931374852e-06
3.043656767e-06
2.21826572e-06
1.472909202e-06
7.894574887e-07
2.963532934e-07
9.36410704e-08
5.385865397e-08
4.712698102e-08
4.563918533e-08
4.520696778e-08
4.506932204e-08
4.505855584e-08
4.509582651e-08
4.513753376e-08
4.517501786e-08
4.52062055e-08
4.523172187e-08
4.525294099e-08
4.527107182e-08
4.528689074e-08
4.530082175e-08
4.531311198e-08
4.532395912e-08
4.533356006e-08
4.5342109e-08
4.53497825e-08
4.535672865e-08
4.536306541e-08
4.536888498e-08
4.537426044e-08
4.537925204e-08
4.538391293e-08
4.538829505e-08
4.539245478e-08
4.53964594e-08
4.540039743e-08
4.540438448e-08
4.540856397e-08
4.541310765e-08
4.541824483e-08
4.542422381e-08
4.543125671e-08
4.543943573e-08
4.544862147e-08
4.545827395e-08
4.546718944e-08
4.547207896e-08
4.545897523e-08
2.772672264e-05
2.367917981e-05
2.001943407e-05
1.687365074e-05
1.426209395e-05
1.213606579e-05
1.041012376e-05
8.98885208e-06
7.769078489e-06
6.674692607e-06
5.654402185e-06
4.680982504e-06
3.748130283e-06
2.866358972e-06
2.059990065e-06
1.329076263e-06
6.827511085e-07
2.43490568e-07
8.054551505e-08
5.135658848e-08
4.653374606e-08
4.546313777e-08
4.515743672e-08
4.508953789e-08
4.510433252e-08
4.513692239e-08
4.517089885e-08
4.520107442e-08
4.522675788e-08
4.524872204e-08
4.526786242e-08
4.528476474e-08
4.529972726e-08
4.531291952e-08
4.53245041e-08
4.533467685e-08
4.534365405e-08
4.535164429e-08
4.53588273e-08
4.536534696e-08
4.537131427e-08
4.537681516e-08
4.53819187e-08
4.538668466e-08
4.539117086e-08
4.539543987e-08
4.539956592e-08
4.540364448e-08
4.540779589e-08
4.541216256e-08
4.541691275e-08
4.542226211e-08
4.542843112e-08
4.543558874e-08
4.544377959e-08
4.545281923e-08
4.5462151e-08
4.547060179e-08
4.547489384e-08
4.546077458e-08
2.368501982e-05
2.086908294e-05
1.827172081e-05
1.597829748e-05
1.400856365e-05
1.233256722e-05
1.089399157e-05
9.634023843e-06
8.494773859e-06
7.431389028e-06
6.409481962e-06
5.413252996e-06
4.443652815e-06
3.515048851e-06
2.650645427e-06
1.876762803e-06
1.18469989e-06
5.828617463e-07
1.979887506e-07
7.098620021e-08
4.970009033e-08
4.615623884e-08
4.535915147e-08
4.515837252e-08
4.51266216e-08
4.514095417e-08
4.5167601e-08
4.519506516e-08
4.522013383e-08
4.524248541e-08
4.52624924e-08
4.528045961e-08
4.529651357e-08
4.531071233e-08
4.532315297e-08
4.533400738e-08
4.534350099e-08
4.535187083e-08
4.535933099e-08
4.536605679e-08
4.537218379e-08
4.537781538e-08
4.538303282e-08
4.538790489e-08
4.539249683e-08
4.53968781e-08
4.540113017e-08
4.540535494e-08
4.54096763e-08
4.541423437e-08
4.541919312e-08
4.542475408e-08
4.543111117e-08
4.543839546e-08
4.544660894e-08
4.545553027e-08
4.546459093e-08
4.547264603e-08
4.547641473e-08
4.546138913e-08
2.097711308e-05
1.899163985e-05
1.712689565e-05
1.543381893e-05
1.392479292e-05
1.258358232e-05
1.137588743e-05
1.025943136e-05
9.197486511e-06
8.159981007e-06
7.134780567e-06
6.116616231e-06
5.113086268e-06
4.142165154e-06
3.228269001e-06
2.397332103e-06
1.672038829e-06
1.03356954e-06
4.834310216e-07
1.561653656e-07
6.290738796e-08
4.827553328e-08
4.582606565e-08
4.529709247e-08
4.517368985e-08
4.515544085e-08
4.516908497e-08
4.519119955e-08
4.521426232e-08
4.523620469e-08
4.525661128e-08
4.527538501e-08
4.52924158e-08
4.530760461e-08
4.532094431e-08
4.533255008e-08
4.534263236e-08
4.535144306e-08
4.535922617e-08
4.536618953e-08
4.537249663e-08
4.537827208e-08
4.538361245e-08
4.538859796e-08
4.539330265e-08
4.539780372e-08
4.540219002e-08
4.540656924e-08
4.541106766e-08
4.541582176e-08
4.542099014e-08
4.542675977e-08
4.543329924e-08
4.544070594e-08
4.544894203e-08
4.545775278e-08
4.546656166e-08
4.547424923e-08
4.547753689e-08
4.546168588e-08
1.926365186e-05
1.78464232e-05
1.648617435e-05
1.521179328e-05
1.40292962e-05
1.292744055e-05
1.18843973e-05
1.087386716e-05
9.87023462e-06
8.856731288e-06
7.825673441e-06
6.782352477e-06
5.744674367e-06
4.733669036e-06
3.774978912e-06
2.894927503e-06
2.116720291e-06
1.430754942e-06
8.26790124e-07
3.652631033e-07
1.164406413e-07
5.618007298e-08
4.71182591e-08
4.559508854e-08
4.526625345e-08
4.518769571e-08
4.51789879e-08
4.519180376e-08
4.521087468e-08
4.523126544e-08
4.525135535e-08
4.527047344e-08
4.528819336e-08
4.530421354e-08
4.53183875e-08
4.533074094e-08
4.534144051e-08
4.535073168e-08
4.535887586e-08
4.536610798e-08
4.537261879e-08
4.53785556e-08
4.538403243e-08
4.538914274e-08
4.539397055e-08
4.539860137e-08
4.540313151e-08
4.540767367e-08
4.541235521e-08
4.541730771e-08
4.542268293e-08
4.542865156e-08
4.543535587e-08
4.544286135e-08
4.545109729e-08
4.545978237e-08
4.546833939e-08
4.547567533e-08
4.547851123e-08
4.546185281e-08
1.832704053e-05
1.729047283e-05
1.626774475e-05
1.527345369e-05
1.43088323e-05
1.336512177e-05
1.242779135e-05
1.148075049e-05
1.05095801e-05
9.50438679e-06
8.465460154e-06
7.401821971e-06
6.330623387e-06
5.284011025e-06
4.288182043e-06
3.368768327e-06
2.547363738e-06
1.838326952e-06
1.215138479e-06
6.746154953e-07
2.805327174e-07
9.190280731e-08
5.227116994e-08
4.648574388e-08
4.548295513e-08
4.525644255e-08
4.520290574e-08
4.519908906e-08
4.521125673e-08
4.522865186e-08
4.524755144e-08
4.526641901e-08
4.52844096e-08
4.53009773e-08
4.531581064e-08
4.532882117e-08
4.534010575e-08
4.534987942e-08
4.535840255e-08
4.536592574e-08
4.537266144e-08
4.5378778e-08
4.5384407e-08
4.538965573e-08
4.5394619e-08
4.539939097e-08
4.540407498e-08
4.540878792e-08
4.541365688e-08
4.541880728e-08
4.542438282e-08
4.54305368e-08
4.543738509e-08
4.544496319e-08
4.54531734e-08
4.546171385e-08
4.54700151e-08
4.547700998e-08
4.547939568e-08
4.546184494e-08
1.799806656e-05
1.720119462e-05
1.638867356e-05
1.556585242e-05
1.473075122e-05
1.387624323e-05
1.299277088e-05
1.20712205e-05
1.110543932e-05
1.009365611e-05
9.039620632e-06
7.956442375e-06
6.863957319e-06
5.785927186e-06
4.759739826e-06
3.809667106e-06
2.955584321e-06
2.210702671e-06
1.580034634e-06
1.027966386e-06
5.449859813e-07
2.111923986e-07
7.395577562e-08
4.944129994e-08
4.600496431e-08
4.538746959e-08
4.524556178e-08
4.521435532e-08
4.521609484e-08
4.522896292e-08
4.524577026e-08
4.526374493e-08
4.528151814e-08
4.529826631e-08
4.531349801e-08
4.532699647e-08
4.533877012e-08
4.534898214e-08
4.535787198e-08
4.536569093e-08
4.53726637e-08
4.537897463e-08
4.53847706e-08
4.539017188e-08
4.539528397e-08
4.540020964e-08
4.540505866e-08
4.540995129e-08
4.541501247e-08
4.542036033e-08
4.542613021e-08
4.543245896e-08
4.543944012e-08
4.544707963e-08
4.545525214e-08
4.546363901e-08
4.547167879e-08
4.547832104e-08
4.548019038e-08
4.546157048e-08
1.812276746e-05
1.745809323e-05
1.675778506e-05
1.602155012e-05
1.524572273e-05
1.442473797e-05
1.355292671e-05
1.262641646e-05
1.164477967e-05
1.061234094e-05
9.538260755e-06
8.436451472e-06
7.327462158e-06
6.235390552e-06
5.186401578e-06
4.214510244e-06
3.337824636e-06
2.568655547e-06
1.912843802e-06
1.331115334e-06
8.106610503e-07
4.049619786e-07
1.475910916e-07
6.073497899e-08
4.749810802e-08
4.566016231e-08
4.531834154e-08
4.52399445e-08
4.522616103e-08
4.52326229e-08
4.524637812e-08
4.526280738e-08
4.527985582e-08
4.529638269e-08
4.531170457e-08
4.532546866e-08
4.533758389e-08
4.5348146e-08
4.535735648e-08
4.536545215e-08
4.537265858e-08
4.537916866e-08
4.538514037e-08
4.539070473e-08
4.539597675e-08
4.540106714e-08
4.540609133e-08
4.541117188e-08
4.541642937e-08
4.542197356e-08
4.542793133e-08
4.54344237e-08
4.544152176e-08
4.544920424e-08
4.545732209e-08
4.546554386e-08
4.547331632e-08
4.547960101e-08
4.548092398e-08
4.546120798e-08
1.854755444e-05
1.79356091e-05
1.727479347e-05
1.656198874e-05
1.57932809e-05
1.496496967e-05
1.407473657e-05
1.31228681e-05
1.211319814e-05
1.1053763e-05
9.956989454e-06
8.839038219e-06
7.719261898e-06
6.620467629e-06
5.565360137e-06
4.579143424e-06
3.685848931e-06
2.895438647e-06
2.211539645e-06
1.630515605e-06
1.111499743e-06
6.503242051e-07
3.028654287e-07
1.060845356e-07
5.360377265e-08
4.648522951e-08
4.547900195e-08
4.528618063e-08
4.524381554e-08
4.524033609e-08
4.524966943e-08
4.526381463e-08
4.527962527e-08
4.529552865e-08
4.531062305e-08
4.532440981e-08
4.533669089e-08
4.534748484e-08
4.535694263e-08
4.536527369e-08
4.537269329e-08
4.537939459e-08
4.538554134e-08
4.539127201e-08
4.539670931e-08
4.540197054e-08
4.54071756e-08
4.541244743e-08
4.541789984e-08
4.542363313e-08
4.542976391e-08
4.543639726e-08
4.544358271e-08
4.545127596e-08
4.545930882e-08
4.546734344e-08
4.547484341e-08
4.548079406e-08
4.548161986e-08
4.546092311e-08
1.911820178e-05
1.850564976e-05
1.783581583e-05
1.710499854e-05
1.631024374e-05
1.545002255e-05
1.452497134e-05
1.353859369e-05
1.249772097e-05
1.14127712e-05
1.029760321e-05
9.169031716e-06
8.045550042e-06
6.947055672e-06
5.894483301e-06
4.906365046e-06
4.005888695e-06
3.205484131e-06
2.509891117e-06
1.920449754e-06
1.398277291e-06
9.334270931e-07
5.201446798e-07
2.239829053e-07
7.969806638e-08
4.971463423e-08
4.593775249e-08
4.538333444e-08
4.527466585e-08
4.525337304e-08
4.525599701e-08
4.526688302e-08
4.528088948e-08
4.529577553e-08
4.531033928e-08
4.532391439e-08
4.533618488e-08
4.534708405e-08
4.535670377e-08
4.536521642e-08
4.53728176e-08
4.537969321e-08
4.538600722e-08
4.539190196e-08
4.539750522e-08
4.540293896e-08
4.540832553e-08
4.541378596e-08
4.541942607e-08
4.542533727e-08
4.543162531e-08
4.543837997e-08
4.544563027e-08
4.545331076e-08
4.546123942e-08
4.546907912e-08
4.547631238e-08
4.548194281e-08
4.548229622e-08
4.546071307e-08
1.969204261e-05
1.905005616e-05
1.834578041e-05
1.757647824e-05
1.67409401e-05
1.583992412e-05
1.487656339e-05
1.385671978e-05
1.278918685e-05
1.16856062e-05
1.056019013e-05
9.429220593e-06
8.310288116e-06
7.220969914e-06
6.178486489e-06
5.199015475e-06
4.297937126e-06
3.491708033e-06
2.783598274e-06
2.172501309e-06
1.651198161e-06
1.176748797e-06
7.374183208e-07
3.927774012e-07
1.595652479e-07
6.396815571e-08
4.765739289e-08
4.564704577e-08
4.533636618e-08
4.527507247e-08
4.526602741e-08
4.52721308e-08
4.528363954e-08
4.529708851e-08
4.531083418e-08
4.53239827e-08
4.533608205e-08
4.53469695e-08
4.535666964e-08
4.536531015e-08
4.537305986e-08
4.538009123e-08
4.538656345e-08
4.539261905e-08
4.539838812e-08
4.540399507e-08
4.54095627e-08
4.541520852e-08
4.542102982e-08
4.542711067e-08
4.543354997e-08
4.54404217e-08
4.544773131e-08
4.545539401e-08
4.546321644e-08
4.547086265e-08
4.547782746e-08
4.548311927e-08
4.548297938e-08
4.546055e-08
2.015543531e-05
1.947594028e-05
1.87314261e-05
1.792101064e-05
1.704557491e-05
1.610804179e-05
1.511356777e-05
1.406967135e-05
1.298625673e-05
1.187533043e-05
1.075073261e-05
9.62757526e-06
8.521501961e-06
7.44800207e-06
6.42183217e-06
5.456758144e-06
4.563879049e-06
3.757573987e-06
3.043910242e-06
2.423409865e-06
1.895705839e-06
1.424145472e-06
9.939582142e-07
5.994740915e-07
3.002721544e-07
1.154069438e-07
5.490040989e-08
4.648109012e-08
4.547269782e-08
4.531121586e-08
4.528068186e-08
4.527967047e-08
4.528784067e-08
4.529939766e-08
4.531203273e-08
4.532456044e-08
4.533635073e-08
4.53471277e-08
4.535683892e-08
4.53655607e-08
4.537342954e-08
4.538059954e-08
4.538722106e-08
4.539343373e-08
4.539936762e-08
4.54051475e-08
4.541089453e-08
4.54167207e-08
4.542271461e-08
4.542895598e-08
4.543553511e-08
4.54425078e-08
4.544985961e-08
4.545748953e-08
4.546519396e-08
4.547263895e-08
4.547932986e-08
4.548428377e-08
4.548368054e-08
4.546050337e-08
2.043647679e-05
1.9726114e-05
1.894952127e-05
1.810791e-05
1.720421862e-05
1.624321173e-05
1.5231554e-05
1.41777934e-05
1.309228252e-05
1.198684291e-05
1.087449833e-05
9.768976293e-06
8.684160818e-06
7.633625135e-06
6.62977749e-06
5.683729082e-06
4.805232724e-06
4.003851593e-06
3.288846642e-06
2.660456978e-06
2.116131915e-06
1.648144397e-06
1.21349135e-06
7.991935836e-07
4.614334601e-07
2.141534206e-07
8.230680478e-08
4.970995901e-08
4.584986168e-08
4.538044715e-08
4.530270157e-08
4.529003048e-08
4.529357331e-08
4.530267535e-08
4.531387348e-08
4.532557715e-08
4.533693307e-08
4.5347519e-08
4.535718749e-08
4.53659542e-08
4.537391813e-08
4.538121162e-08
4.538797373e-08
4.539433921e-08
4.54004363e-08
4.540638775e-08
4.541231012e-08
4.541830711e-08
4.542445817e-08
4.543083922e-08
4.543753047e-08
4.544457066e-08
4.545192861e-08
4.545949062e-08
4.546704766e-08
4.547427638e-08
4.548070627e-08
4.548536632e-08
4.548437715e-08
4.546058556e-08
2.050688546e-05
1.978029565e-05
1.89873132e-05
1.813106596e-05
1.721620277e-05
1.624889193e-05
1.5236803e-05
1.418901306e-05
1.311588307e-05
1.202871838e-05
1.093953625e-05
9.860633996e-06
8.804175174e-06
7.781800121e-06
6.804184594e-06
5.880896778e-06
5.02034811e-06
4.22878234e-06
3.51556791e-06
2.882472119e-06
2.327427432e-06
1.845986926e-06
1.424433169e-06
1.02530691e-06
6.468694187e-07
3.520270864e-07
1.514537947e-07
6.318057372e-08
4.726298184e-08
4.555795436e-08
4.534102944e-08
4.530460797e-08
4.530113098e-08
4.530698014e-08
4.531635032e-08
4.532700332e-08
4.533779057e-08
4.534810605e-08
4.535768535e-08
4.536646932e-08
4.537451191e-08
4.538191991e-08
4.538881871e-08
4.539533601e-08
4.540159572e-08
4.540771586e-08
4.541380649e-08
4.54199643e-08
4.54262632e-08
4.54327729e-08
4.543955943e-08
4.544664483e-08
4.545398385e-08
4.546145441e-08
4.546884872e-08
4.547585939e-08
4.548203752e-08
4.548641414e-08
4.548508139e-08
4.546077027e-08
2.037421656e-05
1.964829618e-05
1.885661559e-05
1.800378886e-05
1.709569061e-05
1.613939194e-05
1.514311376e-05
1.411606159e-05
1.306828257e-05
1.201040463e-05
1.09534029e-05
9.908275709e-06
8.885741494e-06
7.895973892e-06
6.948344489e-06
6.050955733e-06
5.210775426e-06
4.4337149e-06
3.726146481e-06
3.09329677e-06
2.534362608e-06
2.04691637e-06
1.625526793e-06
1.22835477e-06
8.468304749e-07
5.084629525e-07
2.578871987e-07
1.058475635e-07
5.351557906e-08
4.619197461e-08
4.543103182e-08
4.532806428e-08
4.531140306e-08
4.531258648e-08
4.531957924e-08
4.532889482e-08
4.533895435e-08
4.534891271e-08
4.53583547e-08
4.536713102e-08
4.537524082e-08
4.538275898e-08
4.538979277e-08
4.539645909e-08
4.540287471e-08
4.540915293e-08
4.541540203e-08
4.542171795e-08
4.542816732e-08
4.543480716e-08
4.544168815e-08
4.544881702e-08
4.545613645e-08
4.546351698e-08
4.547075193e-08
4.547754054e-08
4.548343664e-08
4.548747883e-08
4.5485764e-08
4.546089082e-08
2.006916798e-05
1.935917843e-05
1.85847417e-05
1.7751405e-05
1.686575669e-05
1.593531332e-05
1.496844692e-05
1.397419601e-05
1.296213582e-05
1.194214936e-05
1.092424498e-05
9.918296692e-06
8.933815522e-06
7.97975335e-06
7.064304499e-06
6.194699214e-06
5.377264102e-06
4.61728267e-06
3.918582391e-06
3.287840281e-06
2.725377164e-06
2.228775172e-06
1.793188653e-06
1.409942486e-06
1.038245885e-06
6.753368626e-07
3.868040061e-07
1.843636625e-07
7.696369308e-08
4.886239351e-08
4.570079034e-08
4.537346309e-08
4.532634794e-08
4.532005815e-08
4.532383255e-08
4.533140356e-08
4.534051262e-08
4.534999924e-08
4.535924801e-08
4.536798776e-08
4.537614919e-08
4.538376712e-08
4.539092531e-08
4.539772735e-08
4.540428359e-08
4.541070658e-08
4.541710505e-08
4.542356852e-08
4.543015197e-08
4.543690412e-08
4.54438649e-08
4.54510273e-08
4.545832238e-08
4.546561214e-08
4.547268615e-08
4.547924073e-08
4.548482681e-08
4.548851163e-08
4.548639442e-08
4.546091242e-08
1.963256267e-05
1.895020061e-05
1.820524512e-05
1.74036843e-05
1.655235857e-05
1.565885691e-05
1.473139837e-05
1.377865608e-05
1.280963934e-05
1.183348444e-05
1.085932666e-05
9.89608422e-06
8.952300431e-06
8.036002982e-06
7.154576509e-06
6.314630354e-06
5.521735264e-06
4.780586211e-06
4.095173177e-06
3.470008148e-06
2.908641681e-06
2.410212297e-06
1.972715608e-06
1.592397524e-06
1.229061147e-06
8.771032633e-07
5.409716319e-07
2.90043396e-07
1.292859412e-07
5.987772489e-08
4.676500899e-08
4.54911377e-08
4.535161557e-08
4.533049859e-08
4.53295282e-08
4.533472106e-08
4.534253089e-08
4.53513558e-08
4.536031712e-08
4.536897479e-08
4.537716291e-08
4.538486591e-08
4.539214016e-08
4.539907455e-08
4.540577266e-08
4.541234238e-08
4.541888442e-08
4.542547638e-08
4.543216394e-08
4.5438992e-08
4.544599285e-08
4.545314885e-08
4.546038379e-08
4.546755713e-08
4.547446084e-08
4.54807908e-08
4.548609707e-08
4.548948003e-08
4.548703392e-08
4.546104121e-08
1.910542319e-05
1.845837424e-05
1.775100728e-05
1.698935135e-05
1.618015907e-05
1.533081574e-05
1.444916944e-05
1.354340388e-05
1.262191585e-05
1.16931301e-05
1.076541226e-05
9.846883416e-06
8.945304296e-06
8.067961544e-06
7.221568118e-06
6.412139764e-06
5.6449253e-06
4.924407494e-06
4.254210531e-06
3.636999552e-06
3.077769809e-06
2.576712048e-06
2.132787323e-06
1.742322963e-06
1.389570438e-06
1.041354883e-06
6.927282077e-07
4.101473016e-07
2.088653703e-07
9.159413757e-08
5.138133881e-08
4.590944088e-08
4.540680811e-08
4.534585073e-08
4.533667225e-08
4.533849442e-08
4.534449827e-08
4.535237826e-08
4.536091251e-08
4.536943489e-08
4.537764127e-08
4.538544316e-08
4.539286315e-08
4.539997349e-08
4.540686666e-08
4.541363902e-08
4.542037705e-08
4.542714262e-08
4.543397127e-08
4.544090388e-08
4.544796431e-08
4.545512512e-08
4.546230611e-08
4.546936839e-08
4.547610599e-08
4.548221261e-08
4.54872632e-08
4.549038103e-08
4.548763865e-08
4.546116758e-08
1.852296164e-05
1.791535647e-05
1.725001091e-05
1.653271165e-05
1.576989825e-05
1.496855465e-05
1.413603523e-05
1.32799747e-05
1.240813637e-05
1.1528278e-05
1.064808153e-05
9.77498249e-06
8.916081476e-06
8.078057008e-06
7.267095752e-06
6.488794959e-06
5.748127929e-06
5.04922345e-06
4.395545282e-06
3.790066816e-06
3.235997743e-06
2.736183969e-06
2.290572609e-06
1.897628665e-06
1.552053626e-06
1.214115204e-06
8.798256807e-07
5.551542875e-07
3.094150847e-07
1.485788192e-07
6.841468148e-08
4.778920235e-08
4.557604009e-08
4.536905252e-08
4.534030527e-08
4.533653747e-08
4.533990104e-08
4.534645529e-08
4.535441925e-08
4.536280644e-08
4.537112043e-08
4.537916653e-08
4.538691398e-08
4.539441179e-08
4.540174126e-08
4.540898956e-08
4.541623487e-08
4.542352505e-08
4.543088858e-08
4.543836542e-08
4.544596831e-08
4.54536575e-08
4.546134096e-08
4.546886758e-08
4.547600701e-08
4.548241268e-08
4.548768435e-08
4.549084041e-08
4.548789714e-08
4.546100879e-08
1.791232424e-05
1.734559872e-05
1.672388561e-05
1.605257809e-05
1.533767494e-05
1.458563196e-05
1.380325373e-05
1.299758683e-05
1.217577232e-05
1.134494306e-05
1.051215558e-05
9.684239233e-06
8.867726483e-06
8.068787003e-06
7.293173093e-06
6.546099545e-06
5.832250755e-06
5.155691265e-06
4.519851483e-06
3.927483358e-06
3.380775125e-06
2.883693839e-06
2.43766982e-06
2.042271292e-06
1.695278072e-06
1.362180397e-06
1.031068779e-06
6.955610298e-07
4.213963053e-07
2.238212146e-07
1.04602234e-07
5.542580512e-08
4.622320018e-08
4.540290528e-08
4.532157578e-08
4.530972982e-08
4.531007907e-08
4.531486122e-08
4.532173285e-08
4.532944994e-08
4.533734786e-08
4.534513049e-08
4.535270955e-08
4.536009851e-08
4.536735442e-08
4.53745457e-08
4.538173166e-08
4.538894416e-08
4.539620095e-08
4.540352343e-08
4.541090521e-08
4.541829153e-08
4.542558308e-08
4.543262955e-08
4.543921356e-08
4.544503664e-08
4.544974572e-08
4.545242137e-08
4.544918952e-08
4.542192014e-08
1.729289848e-05
1.676665799e-05
1.618827855e-05
1.556267917e-05
1.489533343e-05
1.419213579e-05
1.345930915e-05
1.270330576e-05
1.193066112e-05
1.114792069e-05
1.036156031e-05
9.577869821e-06
8.802878029e-06
8.04230419e-06
7.301514609e-06
6.585400062e-06
5.898413829e-06
5.244494459e-06
4.626906778e-06
4.048411358e-06
3.511379978e-06
3.018929276e-06
2.574288136e-06
2.175600458e-06
1.820376978e-06
1.503080568e-06
1.185831341e-06
8.668803596e-07
5.546930245e-07
3.169581859e-07
1.596248524e-07
7.566403104e-08
4.905281877e-08
4.564203546e-08
4.536112165e-08
4.532900302e-08
4.532466071e-08
4.532709256e-08
4.533251424e-08
4.533931123e-08
4.534660188e-08
4.535396885e-08
4.536125988e-08
4.536845089e-08
4.5375571e-08
4.538266592e-08
4.538977677e-08
4.539691914e-08
4.540409972e-08
4.541132672e-08
4.541857611e-08
4.542577891e-08
4.54328262e-08
4.543956159e-08
4.544577177e-08
4.545120397e-08
4.545551129e-08
4.545778579e-08
4.545425484e-08
4.542656903e-08
1.667777902e-05
1.61905247e-05
1.565399691e-05
1.507261726e-05
1.445130437e-05
1.379538842e-05
1.311051992e-05
1.240256264e-05
1.167747538e-05
1.094125412e-05
1.019982896e-05
9.458994451e-06
8.724316824e-06
8.001109023e-06
7.294386593e-06
6.608758215e-06
5.948463343e-06
5.317312697e-06
4.71864367e-06
4.155252807e-06
3.629460671e-06
3.144132157e-06
2.702549029e-06
2.304582705e-06
1.94961417e-06
1.635178314e-06
1.323627138e-06
1.007591837e-06
6.847090015e-07
4.209908923e-07
2.29730871e-07
1.127396513e-07
5.934077832e-08
4.670160377e-08
4.54701291e-08
4.536682305e-08
4.535347094e-08
4.535287001e-08
4.535647209e-08
4.536203122e-08
4.53684221e-08
4.537510189e-08
4.538186013e-08
4.538863949e-08
4.539544209e-08
4.54022899e-08
4.5409204e-08
4.541618065e-08
4.542321171e-08
4.543029214e-08
4.543738599e-08
4.544441347e-08
4.545125563e-08
4.545774338e-08
4.546365298e-08
4.546876323e-08
4.547270919e-08
4.547461671e-08
4.547082026e-08
4.544271917e-08
1.607559376e-05
1.562524064e-05
1.512845173e-05
1.458913741e-05
1.401168593e-05
1.340088037e-05
1.276181866e-05
1.20997952e-05
1.142022627e-05
1.07285859e-05
1.00302959e-05
9.330689178e-06
8.634911192e-06
7.947905212e-06
7.274362524e-06
6.618624899e-06
5.984726237e-06
5.376332151e-06
4.796691285e-06
4.248512643e-06
3.735128402e-06
3.259028112e-06
2.820625348e-06
2.422304199e-06
2.06292709e-06
1.738303752e-06
1.442460749e-06
1.137316538e-06
8.218629971e-07
5.325489305e-07
3.098353236e-07
1.611241563e-07
8.019177583e-08
5.067005184e-08
4.579503113e-08
4.541774657e-08
4.538361715e-08
4.537924656e-08
4.538083898e-08
4.538485388e-08
4.53899384e-08
4.539547215e-08
4.540122419e-08
4.540712985e-08
4.541318111e-08
4.541938626e-08
4.542575073e-08
4.543225586e-08
4.543887588e-08
4.544558755e-08
4.545234254e-08
4.545904673e-08
4.546556155e-08
4.547169364e-08
4.547722174e-08
4.548194524e-08
4.548549897e-08
4.548706252e-08
4.548300158e-08
4.545442504e-08
1.549197948e-05
1.507619659e-05
1.46167313e-05
1.411702145e-05
1.358095483e-05
1.301279598e-05
1.241711346e-05
1.179867173e-05
1.116237746e-05
1.051321496e-05
9.856130681e-06
9.196029336e-06
8.5376622e-06
7.885629227e-06
7.244304254e-06
6.61777133e-06
6.009856303e-06
5.424069256e-06
4.86353976e-06
4.332064002e-06
3.832564664e-06
3.365820519e-06
2.933355031e-06
2.537409442e-06
2.178722033e-06
1.855877138e-06
1.566146165e-06
1.271448995e-06
9.675184235e-07
6.577108598e-07
4.064094273e-07
2.248653158e-07
1.140772442e-07
6.151794004e-08
4.711012352e-08
4.552454034e-08
4.541468644e-08
4.540405523e-08
4.540386651e-08
4.540641946e-08
4.54100404e-08
4.541411515e-08
4.541845694e-08
4.542302885e-08
4.542783848e-08
4.543290453e-08
4.543823673e-08
4.54438188e-08
4.544961837e-08
4.545559284e-08
4.546167624e-08
4.546775377e-08
4.54736636e-08
4.547920314e-08
4.548419447e-08
4.54884689e-08
4.549164336e-08
4.549290992e-08
4.548861591e-08
4.545957163e-08
1.49306449e-05
1.454702861e-05
1.412238841e-05
1.365972714e-05
1.316246741e-05
1.263439561e-05
1.207957475e-05
1.150228367e-05
1.090695126e-05
1.029809668e-05
9.680244928e-06
9.057885202e-06
8.435402649e-06
7.817075422e-06
7.206993154e-06
6.609011863e-06
6.026783501e-06
5.463710713e-06
4.922894918e-06
4.408139038e-06
3.921897512e-06
3.465158203e-06
3.039521634e-06
2.645910478e-06
2.286356033e-06
1.959333401e-06
1.660224447e-06
1.382899897e-06
1.089395421e-06
7.780636112e-07
5.091558926e-07
3.001492997e-07
1.59659788e-07
8.248820589e-08
5.200702369e-08
4.594401164e-08
4.545870809e-08
4.542682666e-08
4.542481535e-08
4.542657127e-08
4.54292461e-08
4.543222146e-08
4.543537198e-08
4.54386954e-08
4.544222061e-08
4.544598523e-08
4.545001815e-08
4.545432749e-08
4.545889929e-08
4.54636913e-08
4.546863916e-08
4.547363309e-08
4.547853691e-08
4.548320974e-08
4.548754968e-08
4.549135621e-08
4.549416572e-08
4.549516671e-08
4.549063213e-08
4.546106483e-08
1.439375107e-05
1.403992809e-05
1.364763396e-05
1.321947202e-05
1.275843683e-05
1.226786339e-05
1.175135829e-05
1.121274874e-05
1.065601811e-05
1.008524973e-05
9.504576485e-06
8.918100671e-06
8.329864739e-06
7.743839879e-06
7.163841826e-06
6.593489274e-06
6.036225709e-06
5.495262654e-06
4.974466001e-06
4.477012773e-06
4.004264247e-06
3.558188111e-06
3.140411503e-06
2.752179655e-06
2.395102816e-06
2.069944938e-06
1.774330155e-06
1.506316586e-06
1.227071805e-06
9.345834404e-07
6.360786252e-07
3.948745091e-07
2.210303597e-07
1.147811035e-07
6.35361678e-08
4.770342756e-08
4.557692885e-08
4.544826471e-08
4.544122379e-08
4.544227206e-08
4.544447781e-08
4.544693586e-08
4.544948218e-08
4.545210858e-08
4.545483419e-08
4.545768863e-08
4.546069746e-08
4.546388007e-08
4.546724278e-08
4.547076681e-08
4.547442851e-08
4.547818132e-08
4.548199227e-08
4.548582392e-08
4.548959275e-08
4.549296454e-08
4.549538506e-08
4.549611858e-08
4.549130928e-08
4.546110976e-08
1.388185035e-05
1.355551906e-05
1.319314803e-05
1.279697534e-05
1.236960702e-05
1.191396117e-05
1.143322877e-05
1.093081814e-05
1.041030636e-05
9.875371052e-06
9.329774761e-06
8.777271344e-06
8.221593596e-06
7.666436248e-06
7.115382867e-06
6.571879895e-06
6.039282931e-06
5.520814928e-06
5.019566823e-06
4.538095617e-06
4.07871836e-06
3.64341492e-06
3.233901759e-06
2.851475776e-06
2.497102727e-06
2.172857676e-06
1.878377937e-06
1.612734546e-06
1.340074728e-06
1.052947517e-06
7.484645494e-07
4.884772093e-07
2.885929152e-07
1.551360892e-07
8.220322791e-08
5.253937694e-08
4.602150064e-08
4.548027109e-08
4.545400367e-08
4.545369165e-08
4.545539312e-08
4.545742171e-08
4.545953321e-08
4.546168943e-08
4.546389176e-08
4.546615249e-08
4.546848494e-08
4.547090169e-08
4.547341286e-08
4.547602256e-08
4.547875593e-08
4.54816382e-08
4.548472e-08
4.548798985e-08
4.549130399e-08
4.549423289e-08
4.549621889e-08
4.549667288e-08
4.549156797e-08
4.546064169e-08
1.339776939e-05
1.309667841e-05
1.276183026e-05
1.23951384e-05
1.199885072e-05
1.157551624e-05
1.112794392e-05
1.065915997e-05
1.017235848e-05
9.670857233e-06
9.158069323e-06
8.637428225e-06
8.112376898e-06
7.586343553e-06
7.062680109e-06
6.544632679e-06
6.035371241e-06
5.53792324e-06
5.055118818e-06
4.589548017e-06
4.143546136e-06
3.719139107e-06
3.31799593e-06
2.941451995e-06
2.590435915e-06
2.265927713e-06
1.968437231e-06
1.69480242e-06
1.440860183e-06
1.170804674e-06
8.85637535e-07
5.959222592e-07
3.662568225e-07
2.046089783e-07
1.081311067e-07
6.244282316e-08
4.776761738e-08
4.558564348e-08
4.546711262e-08
4.546325364e-08
4.546424993e-08
4.546573189e-08
4.546733358e-08
4.546899184e-08
4.547069126e-08
4.547243153e-08
4.547422243e-08
4.547607825e-08
4.547801563e-08
4.548005873e-08
4.548225776e-08
4.548465731e-08
4.548730539e-08
4.549014207e-08
4.54929716e-08
4.549536559e-08
4.549688929e-08
4.549706708e-08
4.549156657e-08
4.545963091e-08
1.293909648e-05
1.266107368e-05
1.235142768e-05
1.201177803e-05
1.16440556e-05
1.125047498e-05
1.083350017e-05
1.03958124e-05
9.940258741e-06
9.469841906e-06
8.987641865e-06
8.496798029e-06
8.000492238e-06
7.501898843e-06
7.004149409e-06
6.510296029e-06
6.023332348e-06
5.546131755e-06
5.081400231e-06
4.631657314e-06
4.199203752e-06
3.786047345e-06
3.393942437e-06
3.024334927e-06
2.678273278e-06
2.356547825e-06
2.060652776e-06
1.789155042e-06
1.541104672e-06
1.279075702e-06
9.98882053e-07
7.021088905e-07
4.536953374e-07
2.670504224e-07
1.450940009e-07
7.941215823e-08
5.252648064e-08
4.608359663e-08
4.549254864e-08
4.547194724e-08
4.54721667e-08
4.547319046e-08
4.547431449e-08
4.547550071e-08
4.547673364e-08
4.547800909e-08
4.547933324e-08
4.548072972e-08
4.548222629e-08
4.548385687e-08
4.548566529e-08
4.548767721e-08
4.548990445e-08
4.549225031e-08
4.54945108e-08
4.549630855e-08
4.549739869e-08
4.549730973e-08
4.549123357e-08
4.545790493e-08
1.25042203e-05
1.2247218e-05
1.196057324e-05
1.164564903e-05
1.130409646e-05
1.093783272e-05
1.054901895e-05
1.014002535e-05
9.713388817e-06
9.271816937e-06
8.818102884e-06
8.35512307e-06
7.885811179e-06
7.41311319e-06
6.939956831e-06
6.469216448e-06
6.003726133e-06
5.546220695e-06
5.09929349e-06
4.665372631e-06
4.246694391e-06
3.84524436e-06
3.462758106e-06
3.100624781e-06
2.759862643e-06
2.441176853e-06
2.1450371e-06
1.871329108e-06
1.617895519e-06
1.373046384e-06
1.107093485e-06
8.21745424e-07
5.5216426e-07
3.40145739e-07
1.919320974e-07
1.037167566e-07
6.186731499e-08
4.78695403e-08
4.559456681e-08
4.548052018e-08
4.547885173e-08
4.547954796e-08
4.548036399e-08
4.548121914e-08
4.548211622e-08
4.548305198e-08
4.548402576e-08
4.548506503e-08
4.548620945e-08
4.548749221e-08
4.548893979e-08
4.54905563e-08
4.549232718e-08
4.549414061e-08
4.549580705e-08
4.549705741e-08
4.549780924e-08
4.549750588e-08
4.549088342e-08
4.545627018e-08
1.209114946e-05
1.185328564e-05
1.15876157e-05
1.129528001e-05
1.097768458e-05
1.063649028e-05
1.027358931e-05
9.891068472e-06
9.491216405e-06
9.076452786e-06
8.649316263e-06
8.212451393e-06
7.768566098e-06
7.320395009e-06
6.87067938e-06
6.422125962e-06
5.977419146e-06
5.539156745e-06
5.109817437e-06
4.69173181e-06
4.287062148e-06
3.897755555e-06
3.525509755e-06
3.171775473e-06
2.837684232e-06
2.524029512e-06
2.231319275e-06
1.960305699e-06
1.709546813e-06
1.477225407e-06
1.22523049e-06
9.524117402e-07
6.652706159e-07
4.281388891e-07
2.519479309e-07
1.379887305e-07
7.720590916e-08
5.237660338e-08
4.611794398e-08
4.54999049e-08
4.548390893e-08
4.548440169e-08
4.548505787e-08
4.548573598e-08
4.548643697e-08
4.548716345e-08
4.548791576e-08
4.548871739e-08
4.548961148e-08
4.549062357e-08
4.549176319e-08
4.549301476e-08
4.549434453e-08
4.549564835e-08
4.549679341e-08
4.549764239e-08
4.549817505e-08
4.54977259e-08
4.549069842e-08
4.545516971e-08
1.169796246e-05
1.147753053e-05
1.12309957e-05
1.095930575e-05
1.066365865e-05
1.034548876e-05
1.000644849e-05
9.648388783e-06
9.273349233e-06
8.883512268e-06
8.48119156e-06
8.068817742e-06
7.648886312e-06
7.223939113e-06
6.796540999e-06
6.36924119e-06
5.944575564e-06
5.525005908e-06
5.112897671e-06
4.710482341e-06
4.31984269e-06
3.942871325e-06
3.581238205e-06
3.236412238e-06
2.909572532e-06
2.601623208e-06
2.313296603e-06
2.045187493e-06
1.797441509e-06
1.570020349e-06
1.326056599e-06
1.059478282e-06
7.691922417e-07
5.164831837e-07
3.174636374e-07
1.794151295e-07
9.834081936e-08
6.050811406e-08
4.779119985e-08
4.56027558e-08
4.548846161e-08
4.548771773e-08
4.548836394e-08
4.548898973e-08
4.548961257e-08
4.549024003e-08
4.549087786e-08
4.549154571e-08
4.549227792e-08
4.549308972e-08
4.549397686e-08
4.54949142e-08
4.549586797e-08
4.54967694e-08
4.549755262e-08
4.549816452e-08
4.549857568e-08
4.549804242e-08
4.549078266e-08
4.545471585e-08
1.132313112e-05
1.111856698e-05
1.088947852e-05
1.063665068e-05
1.036109866e-05
1.006405956e-05
9.746964599e-06
9.411470425e-06
9.059390154e-06
8.692691303e-06
8.313488295e-06
7.924006451e-06
7.526553065e-06
7.123491936e-06
6.717222768e-06
6.310135946e-06
5.904634183e-06
5.503050051e-06
5.107632614e-06
4.720510668e-06
4.343680914e-06
3.978967643e-06
3.62798843e-06
3.292177123e-06
2.972738457e-06
2.670546827e-06
2.386232316e-06
2.120046204e-06
1.871418101e-06
1.638687394e-06
1.417309578e-06
1.171314071e-06
9.028487259e-07
6.232039552e-07
3.963962202e-07
2.315047452e-07
1.275109475e-07
7.340010813e-08
5.17880778e-08
4.614041614e-08
4.550646149e-08
4.548992309e-08
4.549056294e-08
4.549119619e-08
4.549180577e-08
4.549239986e-08
4.549298485e-08
4.549357842e-08
4.549420327e-08
4.54948683e-08
4.549556453e-08
4.549627137e-08
4.549696794e-08
4.549762146e-08
4.549820682e-08
4.549870286e-08
4.549905301e-08
4.549846676e-08
4.549105567e-08
4.545462887e-08
1.096555765e-05
1.077536982e-05
1.056211822e-05
1.03264461e-05
1.006920831e-05
9.791456532e-06
9.49446491e-06
9.179681632e-06
8.848727916e-06
8.503386242e-06
8.145591686e-06
7.777383284e-06
7.400893488e-06
7.018325171e-06
6.631925364e-06
6.243949571e-06
5.856663994e-06
5.47228043e-06
5.092939025e-06
4.720674501e-06
4.357402489e-06
4.004882105e-06
3.664683658e-06
3.33822003e-06
3.026711689e-06
2.731072638e-06
2.452070106e-06
2.190221823e-06
1.945570362e-06
1.71771149e-06
1.505026826e-06
1.268757042e-06
1.006251893e-06
7.206413252e-07
4.772861624e-07
2.903913557e-07
1.640813118e-07
9.175254359e-08
5.871945769e-08
4.76795271e-08
4.562258847e-08
4.549304142e-08
4.549216445e-08
4.549281488e-08
4.549341958e-08
4.549399478e-08
4.549454801e-08
4.549509395e-08
4.549564697e-08
4.549621326e-08
4.549678672e-08
4.549735619e-08
4.549791252e-08
4.549844265e-08
4.549893656e-08
4.549938024e-08
4.549969799e-08
4.549908119e-08
4.549159506e-08
4.54549599e-08
1.062454764e-05
1.044728602e-05
1.024830794e-05
1.002813304e-05
9.787470057e-06
9.527234523e-06
9.248533821e-06
8.952650056e-06
8.641040583e-06
8.31532744e-06
7.977277467e-06
7.628767754e-06
7.27177774e-06
6.908364842e-06
6.540637362e-06
6.170724576e-06
5.800768137e-06
5.432866727e-06
5.069056239e-06
4.711275585e-06
4.361353415e-06
4.020972701e-06
3.691634472e-06
3.374705305e-06
3.071367057e-06
2.782593732e-06
2.509101565e-06
2.251423726e-06
2.010135599e-06
1.78473618e-06
1.576073948e-06
1.348803549e-06
1.096877746e-06
8.210123552e-07
5.598400946e-07
3.522522707e-07
2.048606935e-07
1.143474419e-07
6.851549838e-08
5.072507965e-08
4.606941946e-08
4.550977592e-08
4.549367356e-08
4.549429144e-08
4.549487688e-08
4.549542686e-08
4.549594763e-08
4.549645374e-08
4.549695509e-08
4.549745673e-08
4.549795673e-08
4.549845021e-08
4.54989341e-08
4.54994027e-08
4.54998493e-08
4.55002586e-08
4.550054512e-08
4.549988729e-08
4.549229689e-08
4.54554913e-08
1.029936268e-05
1.013361432e-05
9.947387308e-06
9.741090813e-06
9.51533819e-06
9.270912997e-06
9.008782523e-06
8.730089414e-06
8.436156636e-06
8.128466971e-06
7.80863674e-06
7.47840462e-06
7.139614857e-06
6.794193739e-06
6.444123746e-06
6.091416492e-06
5.738091334e-06
5.38613244e-06
5.037466332e-06
4.693926929e-06
4.357245074e-06
4.029013208e-06
3.710660167e-06
3.403473694e-06
3.108579887e-06
2.826924069e-06
2.559157396e-06
2.305763462e-06
2.067148969e-06
1.841694496e-06
1.628341275e-06
1.423158746e-06
1.189988154e-06
9.303827956e-07
6.537214488e-07
4.250967561e-07
2.550845593e-07
1.441412113e-07
8.297174851e-08
5.606702097e-08
4.731463982e-08
4.561972956e-08
4.549703209e-08
4.549597582e-08
4.549657339e-08
4.549710134e-08
4.549758903e-08
4.54980564e-08
4.549851267e-08
4.549896106e-08
4.54994035e-08
4.549983747e-08
4.550026248e-08
4.550067639e-08
4.550107745e-08
4.55014526e-08
4.55017148e-08
4.550103157e-08
4.549338544e-08
4.545657569e-08
9.988952339e-06
9.833448426e-06
9.658613804e-06
9.464788369e-06
9.252481077e-06
9.022375818e-06
8.775329469e-06
8.512381201e-06
8.234735047e-06
7.943749209e-06
7.640911696e-06
7.327839122e-06
7.006252441e-06
6.677953908e-06
6.344801854e-06
6.008688421e-06
5.671505952e-06
5.335116035e-06
5.001324907e-06
4.671850134e-06
4.348312396e-06
4.03220305e-06
3.724868608e-06
3.427522609e-06
3.141250345e-06
2.866999992e-06
2.605516233e-06
2.35743643e-06
2.1234293e-06
1.902713433e-06
1.694381652e-06
1.497665385e-06
1.273720213e-06
1.020105354e-06
7.403085765e-07
4.987057285e-07
3.102176463e-07
1.798717525e-07
1.022872451e-07
6.424578962e-08
4.984548676e-08
4.602960426e-08
4.551776454e-08
4.549799889e-08
4.549867202e-08
4.549924292e-08
4.549971782e-08
4.550014269e-08
4.550053758e-08
4.550090684e-08
4.550126657e-08
4.550162617e-08
4.550199517e-08
4.550237348e-08
4.550276061e-08
4.550313871e-08
4.550341525e-08
4.550273116e-08
4.549501765e-08
4.545820399e-08
9.691262284e-06
9.544984417e-06
9.380449731e-06
9.197937584e-06
8.997888625e-06
8.780907088e-06
8.547774046e-06
8.299433595e-06
8.036991028e-06
7.761688199e-06
7.474905488e-06
7.178143303e-06
6.873002254e-06
6.561160963e-06
6.244358607e-06
5.924349417e-06
5.602889834e-06
5.281708016e-06
4.962478599e-06
4.646791781e-06
4.336147802e-06
4.031929267e-06
3.735397978e-06
3.44769367e-06
3.169859191e-06
2.902829989e-06
2.64736915e-06
2.404139836e-06
2.1739002e-06
1.956693749e-06
1.751498152e-06
1.559453007e-06
1.344809262e-06
1.103257642e-06
8.379208915e-07
5.766323347e-07
3.685182429e-07
2.191372976e-07
1.250983309e-07
7.507611914e-08
5.376271034e-08
4.700840126e-08
4.562785716e-08
4.550305748e-08
4.550106338e-08
4.550184033e-08
4.550241516e-08
4.550284867e-08
4.550319546e-08
4.55034958e-08
4.550379908e-08
4.550413257e-08
4.550451001e-08
4.550492076e-08
4.550535411e-08
4.55057795e-08
4.550610137e-08
4.550544521e-08
4.549770223e-08
4.5460844e-08
9.403677294e-06
9.265957242e-06
9.110995215e-06
8.93902983e-06
8.750452691e-06
8.54581431e-06
8.325824793e-06
8.091348133e-06
7.843392953e-06
7.58310197e-06
7.311749088e-06
7.030719142e-06
6.741489221e-06
6.445607039e-06
6.144671067e-06
5.840300757e-06
5.534109722e-06
5.227684392e-06
4.922561488e-06
4.620201452e-06
4.321987206e-06
4.029201279e-06
3.743026909e-06
3.464546077e-06
3.194766408e-06
2.934607874e-06
2.684834603e-06
2.446107209e-06
2.219123413e-06
2.003957705e-06
1.798592493e-06
1.601557451e-06
1.409433486e-06
1.186476745e-06
9.348756495e-07
6.635514301e-07
4.376745729e-07
2.678906903e-07
1.549412964e-07
9.038694424e-08
5.999431321e-08
4.888629936e-08
4.59725512e-08
4.552977814e-08
4.550447478e-08
4.550511191e-08
4.550585567e-08
4.550641226e-08
4.550682879e-08
4.550717019e-08
4.550751342e-08
4.550790311e-08
4.550835235e-08
4.550883983e-08
4.550934759e-08
4.550983583e-08
4.551020545e-08
4.550955708e-08
4.55016746e-08
4.546456156e-08
9.122959059e-06
8.993426765e-06
8.847619928e-06
8.685751216e-06
8.508176179e-06
8.315397409e-06
8.108059615e-06
7.886947978e-06
7.652978836e-06
7.407201056e-06
7.150779351e-06
6.884979263e-06
6.611149069e-06
6.330701038e-06
6.045092578e-06
5.755800408e-06
5.464295118e-06
5.172024109e-06
4.880394138e-06
4.590749541e-06
4.304375019e-06
4.022476208e-06
3.74618464e-06
3.476558549e-06
3.214611569e-06
2.961300991e-06
2.717508071e-06
2.484000219e-06
2.261680348e-06
2.050998968e-06
1.850377416e-06
1.659123806e-06
1.476463723e-06
1.26347711e-06
1.01827021e-06
7.449953296e-07
5.075776816e-07
3.207854893e-07
1.897866225e-07
1.098359703e-07
6.880676008e-08
5.192584811e-08
4.671929732e-08
4.563124038e-08
4.551351743e-08
4.551002086e-08
4.551099654e-08
4.551178858e-08
4.551238481e-08
4.551285009e-08
4.551328819e-08
4.551376128e-08
4.551428906e-08
4.551484816e-08
4.551541941e-08
4.551595879e-08
4.551636851e-08
4.551575032e-08
4.550784377e-08
4.547059963e-08
8.847141394e-06
8.725712081e-06
8.588949371e-06
8.437041786e-06
8.270308149e-06
8.089198329e-06
7.894289335e-06
7.686285103e-06
7.466016672e-06
7.234431219e-06
6.992580632e-06
6.741607748e-06
6.482730223e-06
6.217223655e-06
5.946407951e-06
5.671618787e-06
5.394194701e-06
5.115459763e-06
4.83670882e-06
4.559193083e-06
4.284123095e-06
4.012653038e-06
3.745887476e-06
3.484881064e-06
3.230664993e-06
2.984234259e-06
2.746537329e-06
2.518392645e-06
2.300807203e-06
2.09437908e-06
1.898093915e-06
1.711692555e-06
1.535079958e-06
1.331706591e-06
1.098196131e-06
8.387101019e-07
5.822884599e-07
3.766833244e-07
2.275757232e-07
1.320962651e-07
7.974422826e-08
5.6171144e-08
4.793853588e-08
4.586400946e-08
4.554094856e-08
4.551833365e-08
4.551886671e-08
4.551985552e-08
4.552063332e-08
4.552124814e-08
4.552178844e-08
4.552233113e-08
4.552290928e-08
4.552350835e-08
4.552411441e-08
4.552468506e-08
4.552512347e-08
4.552451038e-08
4.551647969e-08
4.547897758e-08
8.575360968e-06
8.461992672e-06
8.33420127e-06
8.192145913e-06
8.036102797e-06
7.866463124e-06
7.683734362e-06
7.488543881e-06
7.281631439e-06
7.063841578e-06
6.836113705e-06
6.599469623e-06
6.355001237e-06
6.103856918e-06
5.847228651e-06
5.586329301e-06
5.322382286e-06
5.056607668e-06
4.790210086e-06
4.524367919e-06
4.260236481e-06
3.998930931e-06
3.741538039e-06
3.489107168e-06
3.242673135e-06
3.003234568e-06
2.771735951e-06
2.548971905e-06
2.335889273e-06
2.13295278e-06
1.93905447e-06
1.75337402e-06
1.574814294e-06
1.392231813e-06
1.177435459e-06
9.321899237e-07
6.656343403e-07
4.426748781e-07
2.740244805e-07
1.606590189e-07
9.464664378e-08
6.249233433e-08
4.99862651e-08
4.634166027e-08
4.561494774e-08
4.553372796e-08
4.553071957e-08
4.553177727e-08
4.553268522e-08
4.553339706e-08
4.553399758e-08
4.553456575e-08
4.553513695e-08
4.553571381e-08
4.553629792e-08
4.553685649e-08
4.553729853e-08
4.553670624e-08
4.552868118e-08
4.549106531e-08
8.310478135e-06
8.205104924e-06
8.086193214e-06
7.953865761e-06
7.808347023e-06
7.649965434e-06
7.479158524e-06
7.296469828e-06
7.102544906e-06
6.898125442e-06
6.684040827e-06
6.461198853e-06
6.230571916e-06
5.993199186e-06
5.750157129e-06
5.502553222e-06
5.251514641e-06
4.998177089e-06
4.74367247e-06
4.489123878e-06
4.235644472e-06
3.984321183e-06
3.736223985e-06
3.492390732e-06
3.253846539e-06
3.021581984e-06
2.796533935e-06
2.579491349e-06
2.371374533e-06
2.172693797e-06
1.983042691e-06
1.801154833e-06
1.626074411e-06
1.455686506e-06
1.251603266e-06
1.012401276e-06
7.430731069e-07
5.086038496e-07
3.23553458e-07
1.931428948e-07
1.128246804e-07
7.087116893e-08
5.301536361e-08
4.715283773e-08
4.576687031e-08
4.556203954e-08
4.554760982e-08
4.554816146e-08
4.554907287e-08
4.55497918e-08
4.555039694e-08
4.555095433e-08
4.555148387e-08
4.55520026e-08
4.555252939e-08
4.555304859e-08
4.555347327e-08
4.555286127e-08
4.55447038e-08
4.55068088e-08
8.05551661e-06
7.957692569e-06
7.847173969e-06
7.724039673e-06
7.588459973e-06
7.440702183e-06
7.281131072e-06
7.11020872e-06
6.928492086e-06
6.736628476e-06
6.535350168e-06
6.325458784e-06
6.107834056e-06
5.883417163e-06
5.653190448e-06
5.418172958e-06
5.179410162e-06
4.937964146e-06
4.694900552e-06
4.451289359e-06
4.208195778e-06
3.966667704e-06
3.727742051e-06
3.492426698e-06
3.26171926e-06
3.036587473e-06
2.817952753e-06
2.606607151e-06
2.403496638e-06
2.209242555e-06
2.023846944e-06
1.846075576e-06
1.675333966e-06
1.510457091e-06
1.312969452e-06
1.079775022e-06
8.129905009e-07
5.689700235e-07
3.697738231e-07
2.245824191e-07
1.314372636e-07
8.013401179e-08
5.672404416e-08
4.828206968e-08
4.602375064e-08
4.561351655e-08
4.557138148e-08
4.557006663e-08
4.557085367e-08
4.557147083e-08
4.557197274e-08
4.557243209e-08
4.557285562e-08
4.557326117e-08
4.557367957e-08
4.557411879e-08
4.557450503e-08
4.557389973e-08
4.55658047e-08
4.552791982e-08
7.818532556e-06
7.727604409e-06
7.624772316e-06
7.510071852e-06
7.383620593e-06
7.245623144e-06
7.096373862e-06
6.936257616e-06
6.765748541e-06
6.585407585e-06
6.395870509e-06
6.197853859e-06
5.992154672e-06
5.779621468e-06
5.561155017e-06
5.337698954e-06
5.110230649e-06
4.879752499e-06
4.647277322e-06
4.413831263e-06
4.180436817e-06
3.948100684e-06
3.71781681e-06
3.490546312e-06
3.267234563e-06
3.048788943e-06
2.836066231e-06
2.629798084e-06
2.430841726e-06
2.239751667e-06
2.056661984e-06
1.880483182e-06
1.711412903e-06
1.550154912e-06
1.361673896e-06
1.142332617e-06
8.946715104e-07
6.311688688e-07
4.151600424e-07
2.552270432e-07
1.499505403e-07
8.977187995e-08
6.085945824e-08
4.967022088e-08
4.637377216e-08
4.568943898e-08
4.560336157e-08
4.559776588e-08
4.559811967e-08
4.559854293e-08
4.559886959e-08
4.559916403e-08
4.559944476e-08
4.559972726e-08
4.560004299e-08
4.560041681e-08
4.56007808e-08
4.560016986e-08
4.559204678e-08
4.555407954e-08
7.61967635e-06
7.534110981e-06
7.437285691e-06
7.329199474e-06
7.20992733e-06
7.079625312e-06
6.938533676e-06
6.786978282e-06
6.625369659e-06
6.454201816e-06
6.274047457e-06
6.085557488e-06
5.889457677e-06
5.686524293e-06
5.477596488e-06
5.263570469e-06
5.04537724e-06
4.823972435e-06
4.600325916e-06
4.375423326e-06
4.150243096e-06
3.925746268e-06
3.702881223e-06
3.482555536e-06
3.265655563e-06
3.053023116e-06
2.845441891e-06
2.643592785e-06
2.448217524e-06
2.259765814e-06
2.078201139e-06
1.902247951e-06
1.731455836e-06
1.56518627e-06
1.392636283e-06
1.186033782e-06
9.466758372e-07
6.820136371e-07
4.580829116e-07
2.870981497e-07
1.707253523e-07
1.014697667e-07
6.638609607e-08
5.177489613e-08
4.699476886e-08
4.58374761e-08
4.564890171e-08
4.563205773e-08
4.563188057e-08
4.563203768e-08
4.563203169e-08
4.563201592e-08
4.56320299e-08
4.563209199e-08
4.563224677e-08
4.563252007e-08
4.563284222e-08
4.563225025e-08
4.562426002e-08
4.558643266e-08
)
;

boundaryField
{
    inletCH4
    {
        type            fixedValue;
        value           uniform 0;
    }
    wallOutside
    {
        type            zeroGradient;
    }
    wallTube
    {
        type            zeroGradient;
    }
    inletPilot
    {
        type            fixedValue;
        value           uniform 0;
    }
    inletAir
    {
        type            fixedValue;
        value           uniform 0;
    }
    outlet
    {
        type            zeroGradient;
    }
    axis
    {
        type            empty;
    }
    frontAndBack_pos
    {
        type            wedge;
    }
    frontAndBack_neg
    {
        type            wedge;
    }
}


// ************************************************************************* //
