/*--------------------------------*- C++ -*----------------------------------*\
  =========                 |
  \\      /  F ield         | OpenFOAM: The Open Source CFD Toolbox
   \\    /   O peration     | Website:  https://openfoam.org
    \\  /    A nd           | Version:  10
     \\/     M anipulation  |
\*---------------------------------------------------------------------------*/
FoamFile
{
    format      ascii;
    class       volScalarField;
    location    "0.0250188088";
    object      ddt0(rho,OH);
}
// * * * * * * * * * * * * * * * * * * * * * * * * * * * * * * * * * * * * * //

dimensions      [1 -3 -1 0 0 0 0];

internalField   nonuniform List<scalar> 
5170
(
4.510915762e-06
4.698519395e-06
4.780553034e-06
8.024534414e-07
-2.823956228e-08
4.718989467e-06
4.719486253e-06
3.820131998e-06
-2.901663945e-06
-4.740100997e-06
3.317864358e-06
2.424060027e-06
4.7152905e-07
-3.638194785e-06
-2.865486106e-06
-3.128052399e-06
-1.967361724e-06
8.198842625e-07
5.937932518e-06
-2.732353205e-06
1.857240686e-06
5.61160333e-07
-2.280229372e-06
-2.437480027e-06
2.733006834e-07
-1.715611195e-06
-3.835729443e-07
2.304891321e-06
1.946083005e-06
-3.333441712e-06
-1.460136112e-07
-1.464464674e-06
-3.928577181e-06
-2.496437845e-07
4.033232813e-06
1.167100754e-06
2.428158689e-06
3.073160631e-06
-4.128393244e-07
-3.43963536e-06
-3.258130314e-06
-2.320317644e-06
-4.918871727e-07
1.782007518e-06
2.736403717e-06
9.797578841e-07
-1.4634731e-07
-1.770820921e-06
-2.970443109e-06
-2.245128131e-06
2.067990452e-06
1.143081338e-06
2.1738313e-08
-1.287973202e-07
1.99589298e-06
1.74402746e-06
2.450963748e-06
1.611975622e-06
2.231036163e-06
2.466775844e-07
1.046372733e-06
1.745619887e-06
2.289815035e-06
1.25539978e-06
-2.099712232e-06
1.296353218e-06
1.902162901e-06
2.070972965e-06
6.512931114e-07
-1.81325912e-06
2.126253923e-06
1.295068142e-06
1.126406096e-06
1.111130192e-06
-2.221657925e-06
-4.156386564e-07
-8.783861234e-07
-7.384644506e-07
1.866429794e-06
-1.557694625e-07
-1.388914355e-06
-7.960829754e-07
-1.147695216e-06
-1.526752382e-06
2.121763455e-06
2.134027064e-06
1.625290183e-06
2.190610776e-06
8.484162917e-07
-2.244232049e-06
-1.558290032e-06
-1.154595197e-06
-1.912103154e-06
-1.115001919e-06
2.205492626e-06
4.153684237e-07
2.391377697e-06
1.57125453e-06
-3.592628146e-06
-3.836957817e-06
-3.48759826e-05
-9.112707343e-05
-5.420623505e-05
-0.0005220192227
-0.0006787367444
-0.005360618375
-0.000341463011
-0.0001938860953
-0.002289133042
0.003036857532
-0.001119810982
0.0001502332632
0.0001278513483
-0.0002481754422
-0.001086493788
-0.001220318172
-0.0001045211245
0.0001332103598
-0.0002654586955
-0.0006999297679
-0.00213303706
0.0002284688619
0.001560433327
-0.001989752857
-0.0001223047842
0.001453367823
0.001155973273
0.000844293126
-0.0006168021411
-0.001618905711
-0.0003606332208
0.0004460611257
0.001454363419
-0.001340805684
-0.002439018702
-0.003074752149
-0.0006111068952
0.0003202810125
-0.0007506174079
-0.001685967344
-0.002208796975
-0.001714762615
-0.00108319193
-0.003341334117
-0.00198750344
-0.002033523026
-0.004722757902
-0.004081626026
-0.002067935962
0.0003528559201
0.0009346942483
-0.002591597064
-0.002561013418
-0.001620865301
-0.0001777454647
0.0002077449741
0.004117075349
-0.001535287939
-0.0001361114958
-0.000719112595
-0.0005927629759
5.854502274e-05
8.906078279e-05
-4.075230357e-05
-0.0008887844208
-0.0008643874834
-4.838937038e-05
-4.075885537e-05
-0.000815258018
-0.0009143122257
-0.000723667587
-0.0009793426364
-0.0005720388298
-0.0008717440771
-0.0008470022114
-0.0006110762098
-0.001085579049
-0.0007252252276
-0.0007827815111
-0.00100236437
-0.0006498919002
-0.001096607876
-0.0009491796315
-0.0005927839132
-0.0006551300136
-0.0009037115261
-0.0008365750779
-0.0007384422928
-0.0008131712222
-0.001150020573
-0.0004098090711
-0.0007409778718
-0.0009859804962
-0.0008568881588
0.001491577369
-0.003632547449
0.0006212521341
0.0005128822823
-0.001521023264
0.0005035119217
1.253544636e-06
-4.107630614e-06
-3.835578083e-06
1.749841046e-06
-5.619207512e-05
-1.628388289e-06
-3.288552409e-06
-3.182867437e-06
3.657225271e-06
7.852261619e-05
-1.081481732e-06
-2.492246489e-06
0.0001266778905
4.569955074e-06
1.633289876e-05
1.11626111e-06
-3.071760166e-06
6.835616231e-05
4.022027323e-06
1.777621079e-05
-1.027790158e-06
1.691094313e-05
-0.001343529411
2.118900283e-05
-2.216617277e-05
1.468948799e-06
-2.547411346e-06
0.0001702610965
4.234457082e-06
2.698232191e-05
-1.097348634e-06
-3.612954377e-06
1.353331215e-07
1.086663473e-06
1.873114536e-05
4.917208494e-07
-2.097123627e-05
2.967749256e-06
2.946130436e-07
5.609784898e-06
7.669177924e-07
-6.949685013e-06
1.861134107e-06
1.048681905e-06
4.700565014e-06
-3.98337267e-06
1.05762574e-05
5.45245688e-07
4.484345269e-07
8.236426183e-07
-3.407144912e-06
1.354165348e-06
-6.001607459e-07
-3.859966461e-06
1.517642333e-05
-5.678162491e-07
6.060157191e-08
-5.536760477e-07
-4.621687845e-06
-3.408885388e-05
-3.163509026e-07
5.010991343e-09
5.342854123e-07
2.59270901e-06
-1.648007995e-06
-1.010628652e-07
4.243243546e-08
6.703212454e-07
2.847090251e-06
8.768408728e-06
-3.489894313e-08
2.202563797e-07
1.503895701e-06
6.826492049e-06
2.756412675e-05
2.143433333e-08
1.735984063e-07
1.145642373e-06
4.944118098e-06
1.213257317e-05
-4.811659461e-07
-2.02329534e-06
-2.490650776e-07
-7.82513885e-06
-0.0001082073373
-1.299511385e-06
-5.740973903e-06
-3.467460792e-05
-3.509975464e-05
-8.212363769e-05
1.068728499e-06
1.89736574e-05
-1.418972304e-05
6.046558305e-05
0.0001819840299
-3.944071829e-07
4.395007852e-07
4.279782466e-06
5.388967029e-05
0.000296726884
-2.627971237e-06
-9.109639312e-07
1.054320305e-05
6.391716565e-05
0.000256820733
-3.919180474e-06
-2.803783499e-06
3.351532587e-06
2.786667433e-05
0.0001060469951
-1.179270248e-06
-7.829214333e-07
1.05128123e-06
7.448705534e-06
2.62499261e-05
4.767558164e-06
4.341243622e-06
4.130071546e-07
5.442382314e-06
9.633236528e-06
3.486847331e-06
3.681295933e-06
4.927672959e-06
4.023622249e-06
5.976563759e-06
2.708314548e-06
2.364049624e-06
2.519825958e-06
3.418951626e-06
3.456481591e-06
1.599613627e-06
1.621428298e-06
1.652592111e-06
1.76116011e-06
1.757879821e-06
8.830812773e-07
8.913688242e-07
8.978025928e-07
9.03150962e-07
9.196667001e-07
4.635589227e-07
4.623012602e-07
4.701924602e-07
4.525625763e-07
4.189763708e-07
2.397525959e-07
2.3440122e-07
2.005149721e-07
1.921747754e-07
1.841166351e-07
1.024929659e-07
1.035318876e-07
1.016955605e-07
7.433130365e-08
4.603300598e-08
3.922408295e-08
3.919594366e-08
3.905394529e-08
3.803318488e-08
3.634886749e-08
1.258621433e-08
1.23809585e-08
1.581341175e-08
1.514003663e-08
1.404963039e-08
1.340022493e-09
1.173589438e-09
8.09138682e-10
2.548390819e-10
-4.696772167e-10
-5.626694511e-09
-5.663954054e-09
-5.982160388e-09
-6.807858344e-09
-7.295770015e-09
-1.058528849e-08
-1.078957094e-08
-1.116706407e-08
-1.172259768e-08
-1.20146888e-08
-1.0760764e-08
-1.091124293e-08
-1.128824258e-08
-1.148790972e-08
-1.205987238e-08
-7.532500582e-09
-7.817952245e-09
-5.584103301e-09
-5.921688801e-09
-6.404912675e-09
1.223831154e-09
1.119949988e-09
8.78394702e-10
6.255641014e-10
9.956193142e-10
9.300753109e-09
9.140298274e-09
1.254833116e-08
8.912143313e-09
7.615885256e-09
1.559212431e-09
1.615544649e-09
1.94569327e-09
2.929037254e-09
5.696757493e-09
9.200478499e-09
9.300985713e-09
9.339655819e-09
9.964083903e-09
1.948491392e-08
9.461704598e-09
-3.045175061e-10
2.009069687e-10
1.405093095e-09
2.583529515e-09
6.873592522e-09
7.100503264e-09
7.3873404e-09
7.390315186e-09
6.451183043e-09
-1.058654755e-09
-8.961762788e-10
-4.749461296e-10
2.595129088e-09
3.510305265e-09
-2.068229061e-09
-2.231337489e-09
-2.484989881e-09
-2.996773985e-09
-4.148387149e-09
-1.831982963e-09
-2.151355597e-09
-1.943447343e-09
-3.406794284e-09
-5.432216741e-09
-8.597287455e-10
-8.280396908e-10
-7.864491015e-10
-6.607596926e-10
-5.684909256e-10
9.64623406e-10
8.975622799e-10
8.080202466e-10
8.759405664e-10
1.306690264e-09
3.022699316e-09
2.527332697e-09
2.421681763e-09
2.369635523e-09
3.24847306e-09
-1.731515105e-08
-1.668252781e-08
1.819376831e-08
-6.827344952e-09
1.402638433e-09
-1.350457814e-08
-1.345333836e-08
-1.354919017e-08
-1.308020531e-08
-1.267398e-08
-1.580277042e-08
-1.571984075e-08
-1.543820924e-08
-1.499081268e-08
-1.405563528e-08
-1.758306183e-08
-1.749136364e-08
-1.720239473e-08
-1.676678245e-08
-1.587942085e-08
-1.641260005e-08
-1.618989485e-08
-1.571301237e-08
-1.506784004e-08
-1.449752785e-08
-1.534688045e-08
-1.575017042e-08
-1.2014103e-08
-1.303445656e-08
-1.197067772e-08
-2.522023051e-08
-2.488853754e-08
-2.416697704e-08
-2.317065418e-08
-2.191014448e-08
-3.017296941e-08
-2.97701576e-08
-2.888534872e-08
-2.770953577e-08
-2.622003245e-08
-4.622517422e-08
-4.568762896e-08
-4.443408556e-08
-4.247130282e-08
-3.955354343e-08
-1.753890218e-07
-1.756508314e-07
-1.740949823e-07
-1.690230247e-07
-1.563933188e-07
-6.418484321e-08
-6.022378329e-08
-6.447968586e-08
-6.302975974e-08
-6.445759647e-08
-3.028196019e-08
-3.04690663e-08
-3.113171249e-08
-3.343017805e-08
-3.917649352e-08
-4.890861138e-08
-4.870730708e-08
-3.850811019e-08
9.724047797e-09
1.271141913e-07
-7.076875194e-08
-6.404119745e-08
-2.151632067e-08
-4.677613642e-08
-4.285432764e-09
6.584314463e-08
6.655193315e-08
6.64561586e-08
6.051457015e-08
2.408841305e-08
-1.141811313e-07
-7.281238347e-08
3.073075338e-09
5.427536962e-08
-5.454716914e-08
1.32487226e-08
2.673324944e-08
2.783770263e-08
5.790043692e-08
2.039837533e-08
-3.054460011e-07
-3.059843068e-07
-3.042561102e-07
-2.978065168e-07
-2.799594455e-07
-2.739680673e-07
-2.802024871e-07
-2.855647617e-07
-2.810081074e-07
-2.355146368e-07
-1.525250954e-07
-1.569903064e-07
-1.578893367e-07
-1.476387923e-07
-9.153543443e-08
0.0008284733935
-0.0003177982289
-9.330062731e-05
-7.102607229e-06
4.913509649e-05
-0.0001033989866
0.0001201079463
1.450090181e-05
2.143723072e-05
3.437414386e-06
0.0001890880268
-0.0001039238684
-6.848441382e-05
1.987660076e-05
-2.661842945e-05
9.270649352e-06
-6.455236998e-05
-0.0003351978754
-0.0001606344555
0.000979354053
0.0006625985207
0.0002552866359
6.085524354e-05
1.633222021e-05
8.13472944e-06
3.535049874e-06
1.884930093e-06
9.260935715e-07
3.75715612e-07
1.782667626e-07
7.535591247e-08
3.529211337e-08
1.327094838e-08
-1.145795688e-09
-8.604053513e-09
-1.155228782e-08
-1.333930428e-08
-6.679119245e-09
1.678770604e-09
3.040708857e-09
1.222059329e-08
2.294463334e-08
6.662917435e-09
4.162341381e-09
4.206542803e-09
-6.0825812e-09
2.967859505e-09
-5.922587803e-10
1.002334231e-09
2.562136258e-09
-1.168650614e-08
-1.068375501e-08
-1.199907526e-08
-1.390765988e-08
-1.341146723e-08
-1.098555468e-08
-1.92664346e-08
-2.337310404e-08
-3.516074447e-08
-1.360378731e-07
-6.91101778e-08
-4.143576893e-08
-2.144311222e-07
-2.397689632e-09
-9.110156483e-08
8.407214213e-08
-1.337314278e-07
-2.49304859e-07
-2.03821164e-07
-4.288271936e-08
0.009966148348
0.01435256336
-0.006293369166
0.00249565347
-0.00161862094
0.0008168316567
0.0004497814799
-0.01724977557
0.007154164918
0.0005542019856
0.0001904295814
0.001990790106
-0.02252987222
0.02025641807
0.0006907899937
0.0001099164299
0.0006313422733
0.007882754314
0.003947848884
-0.003646751197
-9.7119972e-05
-0.0003529126296
-0.0010876679
-0.008289714358
-0.001770305585
0.0002282354789
0.0009311800364
-0.0006709523471
-0.01230517375
0.00349384237
6.16129029e-05
-5.363931115e-05
-0.001317627877
-0.009852647044
0.005910672921
7.010069309e-05
0.0002747006036
0.003079443771
0.001576671734
-0.002090865641
4.37858076e-05
5.25403037e-05
-0.00108863023
-0.02088974007
-0.001772043952
1.194025781e-05
0.0001584599046
0.0006590436388
-0.01028050109
-0.006534537862
-0.0002163161773
9.57919122e-05
-0.0001279259538
0.01329305872
-0.02884303303
0.0001467943066
-8.438163902e-05
0.000294613783
0.004835743699
0.04523336707
9.482056484e-05
-0.007015002705
-0.0002956198956
-0.001790548398
0.001305650055
0.0001210089461
0.001951251406
0.0002262085623
-2.451665753e-05
-0.0007121831783
-9.62675192e-06
0.002296301403
-5.605625009e-05
-0.0002806086271
0.0230036244
-4.942073503e-05
0.002080364964
-0.0003605158958
-0.001161082283
-0.02163940188
-2.628266085e-05
0.0002474850582
-0.001344612328
-0.006824439183
-0.02497484553
-0.0002484677093
-0.0007877745301
-0.00352672068
-0.01478110371
-0.05952068031
-0.000360670533
-0.001335990677
-0.004614736822
-0.01522521546
-0.06129600472
0.002901775739
0.01855919445
0.1126897311
0.6570033864
3.6328998
0.001587174729
0.006302662219
0.0237973578
0.09156556209
0.3209565804
0.0006051607676
0.001936727662
0.005169033578
0.01296061822
0.03000037503
0.0001481698404
0.0004450582049
0.001047340249
0.002054991576
0.003355166539
3.225697474e-05
8.161407347e-05
0.0001709776556
0.0002962232027
0.0004061942602
9.646261035e-06
1.678034447e-05
2.725037369e-05
4.042224605e-05
4.969497472e-05
4.13591567e-06
4.888196247e-06
5.693112689e-06
6.469220111e-06
6.854843585e-06
2.020228946e-06
2.092615913e-06
2.076971336e-06
2.110235022e-06
1.956101857e-06
9.777905933e-07
9.958321578e-07
9.936665871e-07
8.250515635e-07
5.807405128e-07
3.662047463e-07
3.86720781e-07
3.389615068e-07
4.00595898e-07
2.707098178e-07
1.647871423e-07
2.841406069e-07
1.191263528e-07
1.588696912e-07
1.139739371e-07
8.51528902e-08
8.105016826e-08
6.684248554e-08
7.559116228e-08
5.774728304e-08
3.519904018e-08
3.733890339e-08
1.193360958e-08
1.963060714e-08
2.472629272e-08
1.138196731e-08
1.062863313e-08
8.742371968e-09
3.433016132e-09
-2.750031013e-09
-2.335037371e-09
-2.755140462e-09
-4.35119367e-09
-7.217332744e-09
-1.146903407e-08
-1.195565893e-08
-1.363687969e-08
-1.348844425e-08
-1.50487994e-08
-1.83915438e-08
-1.165685417e-08
-1.873362187e-08
-1.359680925e-08
-2.160591495e-08
-2.8554126e-08
-1.407543296e-08
-2.357708599e-08
-2.488238621e-08
-2.522132699e-08
-1.669262158e-08
-6.806681271e-09
-8.569871005e-09
-2.584519662e-08
-2.239525814e-08
-1.006766662e-08
-5.934342497e-10
-1.150106711e-08
-1.600623122e-08
-6.678556011e-09
4.907382499e-09
2.444791937e-09
-1.977193944e-09
7.910998068e-09
2.476278207e-08
3.660790248e-08
1.540089297e-08
1.662269514e-08
2.897647309e-08
1.639902864e-08
2.902184725e-08
2.353103808e-08
1.099899371e-08
1.867680075e-08
2.439996645e-08
1.790624802e-08
1.0441954e-08
1.440400833e-08
1.513573189e-08
8.136696569e-09
1.079894965e-08
-1.21521645e-09
-8.919992976e-10
1.737216243e-09
6.912931528e-10
7.686233385e-10
-7.741206896e-10
-4.15114608e-09
-2.823224806e-09
1.208817208e-09
-5.031937532e-09
2.529561403e-08
-3.181145733e-09
-1.652322448e-09
1.421194981e-09
-8.466578376e-10
1.769662096e-08
5.789803632e-09
-4.550854464e-09
-4.548709333e-10
-6.184234508e-10
-9.053999818e-10
-1.386839945e-09
-1.931301676e-11
5.826670673e-10
1.036819563e-09
1.286047065e-09
1.739109156e-09
4.092655811e-10
-1.663870924e-08
-9.56038063e-10
-6.913587694e-10
3.767373006e-08
5.561019579e-09
-8.301156855e-09
-4.18556458e-09
-9.231550836e-09
-9.489242643e-09
-1.257733242e-08
-9.865429354e-09
-9.148332883e-09
-1.236023292e-08
-1.153916856e-08
-1.050858608e-08
-9.73183521e-09
-9.27726765e-09
-1.359397209e-08
-1.264327269e-08
-1.176483127e-08
-1.101391082e-08
-5.526997333e-09
-1.546974048e-08
-9.661323073e-09
-8.41224811e-09
-7.927759608e-09
-6.922414311e-10
-7.081420066e-09
-6.790541738e-09
-5.405495618e-09
2.758561993e-09
-1.177478311e-08
-3.880703267e-09
-1.516236808e-08
-1.442684096e-08
-1.188968517e-08
-1.008730226e-08
-1.928579887e-08
-1.654090117e-08
-1.400814076e-08
-1.177652477e-08
-1.003252423e-08
-2.307586221e-08
-1.96284704e-08
-1.608419879e-08
-1.291544935e-08
-1.743180899e-08
-3.226448131e-08
-2.419621754e-08
-2.340704307e-08
-1.180743024e-07
-1.19362684e-07
-1.561510164e-07
-1.552754248e-07
-5.576898405e-08
-5.908481136e-08
-6.407402651e-08
-7.681318892e-08
-7.981493866e-08
-9.463339364e-08
-1.156360856e-07
-1.431241179e-07
-4.403100332e-08
-6.046757013e-08
-9.237051383e-08
-9.226934533e-08
2.287453487e-07
-4.280396602e-07
3.744726724e-07
-5.378610169e-10
-1.002211807e-08
-1.963760899e-09
3.073593575e-08
6.474065826e-08
8.084668821e-08
9.264335013e-08
1.073658994e-07
-1.675739217e-07
-1.383822197e-07
-1.02603562e-07
1.855009531e-08
7.830992618e-08
-1.558372023e-07
5.787626264e-08
-8.389056436e-08
-9.586119557e-08
-4.390445337e-08
-1.817479403e-07
-1.82540059e-07
-1.425556966e-07
-1.700141092e-07
-2.018209923e-07
-2.844795036e-07
-2.397112014e-07
-2.446432383e-07
-2.42533632e-07
-2.394909643e-07
-3.050474041e-07
-3.055903414e-07
-2.529236068e-07
-1.923011846e-07
-1.273963241e-07
-1.766375759e-07
-4.333382629e-07
-1.711586679e-07
-2.433554906e-07
-9.563096856e-08
-5.514927048e-06
9.31622428e-06
8.786252262e-07
7.52575299e-06
7.587216811e-06
-7.708660438e-06
-7.658299121e-06
-7.721811854e-06
7.585056206e-06
7.531920781e-06
7.52627581e-06
7.526266717e-06
7.526234932e-06
7.536221683e-06
4.82913192e-06
2.133093878e-06
9.364198699e-07
4.081623638e-07
1.764982708e-07
7.566387864e-08
3.213774611e-08
1.351741426e-08
5.627611799e-09
2.318091617e-09
9.44397717e-10
3.804114138e-10
1.514586648e-10
5.958717916e-11
2.315856791e-11
8.889072734e-12
3.368794753e-12
1.260240888e-12
4.652431875e-13
1.694488214e-13
6.087114334e-14
2.156148393e-14
7.528663149e-15
2.590628769e-15
8.782444533e-16
2.932388613e-16
9.640347004e-17
3.119771448e-17
9.935643936e-18
3.113038186e-18
9.593577306e-19
2.907192567e-19
8.660858424e-20
2.535970641e-20
7.296753881e-21
2.062659147e-21
5.727314922e-22
1.561768166e-22
4.1815908e-23
1.099104656e-23
2.835095732e-24
7.167127857e-25
1.761452248e-25
4.02401937e-26
6.310626263e-27
3.769592103e-28
7.100923262e-05
6.446137391e-05
4.38419037e-06
7.548551225e-06
-7.759361141e-06
7.607275608e-06
7.576072597e-06
7.57735807e-06
7.594180602e-06
-7.825332341e-06
7.590892527e-06
7.525237676e-06
7.525240921e-06
7.525177367e-06
7.534268307e-06
7.543391365e-06
4.836024747e-06
2.15453382e-06
9.490547344e-07
4.133606774e-07
1.780110586e-07
7.578745543e-08
3.189469656e-08
1.326606034e-08
5.452504155e-09
2.2141467e-09
8.881706728e-10
3.51873438e-10
1.376554964e-10
5.316561829e-11
2.026784196e-11
7.624794649e-12
2.830042064e-12
1.03608943e-12
3.740523222e-13
1.331329091e-13
4.670251919e-14
1.614277884e-14
5.496404575e-15
1.842968757e-15
6.083570184e-16
1.976555738e-16
6.31953651e-17
1.987607905e-17
6.147837562e-18
1.86971998e-18
5.589715975e-19
1.642345338e-19
4.741440504e-20
1.344744177e-20
3.746005007e-21
1.024743346e-21
2.75232648e-22
7.256640503e-23
1.877404457e-23
4.757714145e-24
1.17036688e-24
2.631873776e-25
4.084268902e-26
2.573721543e-27
6.138877436e-05
1.354181521e-05
-4.038664457e-06
7.527418084e-06
7.566944417e-06
7.571320083e-06
-7.742804789e-06
-7.703185439e-06
-7.764624206e-06
7.70972888e-06
-7.832881544e-06
7.596426027e-06
7.525264879e-06
7.525262236e-06
7.525221909e-06
7.526115761e-06
7.538524499e-06
6.736281791e-06
3.043083016e-06
1.354192209e-06
5.9406777e-07
2.570485854e-07
1.097438709e-07
4.62416914e-08
1.923232808e-08
7.895807406e-09
3.199806809e-09
1.279939745e-09
5.053052975e-10
1.968626753e-10
7.567515334e-11
2.869781234e-11
1.073411158e-11
3.959256758e-12
1.439769649e-12
5.160595605e-13
1.822741106e-13
6.342428857e-14
2.173580676e-14
7.334434284e-15
2.436155006e-15
7.962853682e-16
2.560871519e-16
8.101674725e-17
2.520339625e-17
7.707704567e-18
2.316882334e-18
6.843931534e-19
1.986264586e-19
5.662579416e-20
1.585464285e-20
4.358978549e-21
1.176579938e-21
3.117256426e-22
8.102273616e-23
2.060413879e-23
5.05866579e-24
1.111125113e-24
1.661502646e-25
1.015124359e-26
-0.0001672509309
-5.194279637e-06
3.161973538e-06
6.846772511e-06
7.525444707e-06
7.524659011e-06
7.571521292e-06
7.645913268e-06
-7.718140595e-06
-7.779369751e-06
7.724947036e-06
-7.8447009e-06
7.60231648e-06
7.525305728e-06
7.525293865e-06
7.526228086e-06
7.526224866e-06
7.528547874e-06
7.590135097e-06
3.533761051e-06
1.580069798e-06
6.956059755e-07
3.016988989e-07
1.28977948e-07
5.436752794e-08
2.260208521e-08
9.268388693e-09
3.7491768e-09
1.496049521e-09
5.88863712e-10
2.286148249e-10
8.75308543e-11
3.304594891e-11
1.229977938e-11
4.512431312e-12
1.631406743e-12
5.810988173e-13
2.038761603e-13
7.043690779e-14
2.395729873e-14
8.019967483e-15
2.641653688e-15
8.558901958e-16
2.727466839e-16
8.547245576e-17
2.632956824e-17
7.970545049e-18
2.370808578e-18
6.927854439e-19
1.988414572e-19
5.604559403e-20
1.551061065e-20
4.21397126e-21
1.123611336e-21
2.937898454e-22
7.502878274e-23
1.833811287e-23
3.92518965e-24
5.626242193e-25
3.31917704e-26
7.831751152e-05
2.302216731e-05
7.83255181e-06
-3.885296929e-06
-7.719272503e-06
7.59503395e-06
-7.730072904e-06
-7.694648919e-06
-7.751218096e-06
7.74562781e-06
-7.870277489e-06
7.741173943e-06
-7.856610796e-06
7.602367584e-06
7.525426273e-06
7.526470703e-06
7.526394072e-06
7.525188503e-06
7.525164318e-06
7.540782964e-06
3.631066319e-06
1.630045238e-06
7.195237119e-07
3.125765612e-07
1.337244152e-07
5.636501947e-08
2.341509954e-08
9.588802546e-09
3.87141554e-09
1.541113455e-09
6.048589801e-10
2.340459061e-10
8.92748511e-11
3.356420165e-11
1.243561812e-11
4.53958632e-12
1.632406589e-12
5.780988517e-13
2.015724631e-13
6.918421921e-14
2.336823916e-14
7.765637638e-15
2.538191182e-15
8.157460176e-16
2.577711716e-16
8.007487306e-17
2.444515117e-17
7.331329675e-18
2.159710268e-18
6.2485671e-19
1.775264292e-19
4.951804735e-20
1.355810131e-20
3.642605215e-21
9.588508104e-22
2.458495349e-22
5.975200881e-23
1.246940457e-23
1.715005306e-24
9.800595817e-26
0.002177396195
0.0002021798648
2.216032608e-05
4.816161324e-06
-5.889263204e-06
-7.688166501e-06
-7.655881772e-06
-7.744804478e-06
7.640575297e-06
7.634721989e-06
-7.847298066e-06
7.719478869e-06
-7.835531828e-06
7.616437385e-06
7.525498544e-06
7.52672886e-06
7.526566079e-06
7.525258152e-06
7.525174455e-06
7.526208966e-06
7.437637876e-06
3.422610353e-06
1.543243065e-06
6.830983749e-07
2.972063831e-07
1.272176511e-07
5.360795043e-08
2.224853951e-08
9.09703016e-09
3.665293585e-09
1.455369713e-09
5.695140306e-10
2.196270186e-10
8.346003146e-11
3.124823655e-11
1.152535911e-11
4.186790858e-12
1.497657709e-12
5.274101152e-13
1.828039782e-13
6.234783554e-14
2.091946018e-14
6.903370157e-15
2.239882768e-15
7.143963995e-16
2.239515779e-16
6.899521104e-17
2.088459471e-17
6.209113277e-18
1.812720896e-18
5.196204602e-19
1.462325899e-19
4.039198233e-20
1.094427813e-20
2.902552989e-21
7.46868158e-22
1.803170143e-22
3.673677062e-23
4.863941247e-24
2.704250891e-25
0.002324474449
0.0003975548819
6.771686339e-05
9.768856495e-06
5.164767674e-08
-7.690154073e-06
7.579281074e-06
7.567245755e-06
7.628495584e-06
-7.882491637e-06
7.762114261e-06
-7.887076458e-06
7.758606743e-06
-7.873453422e-06
7.60877882e-06
7.526993403e-06
7.526786127e-06
7.525350438e-06
7.525247099e-06
7.525156894e-06
7.530162287e-06
6.549473356e-06
3.032246775e-06
1.372857014e-06
6.092309057e-07
2.654166717e-07
1.136465593e-07
4.786530683e-08
1.984160444e-08
8.09846013e-09
3.255482358e-09
1.289092142e-09
5.028483136e-10
1.932283456e-10
7.314011437e-11
2.726719315e-11
1.001053959e-11
3.618479192e-12
1.287526245e-12
4.508702158e-13
1.553508536e-13
5.265508333e-14
1.755193893e-14
5.752571857e-15
1.85327115e-15
5.867534667e-16
1.825327824e-16
5.57896839e-17
1.675031421e-17
4.938877786e-18
1.429706383e-18
4.062515923e-19
1.132847335e-19
3.097322091e-20
8.278017769e-21
2.137007152e-21
5.122723588e-22
1.020465706e-22
1.30541078e-23
7.090564877e-25
-0.000808023315
0.0001226584754
6.037201699e-05
1.429286006e-05
-1.761236275e-05
-7.725000733e-06
7.585380332e-06
-7.716816043e-06
-7.781602406e-06
7.647724544e-06
7.642360568e-06
-7.860027117e-06
7.734301295e-06
-7.85120552e-06
7.623809197e-06
7.52720618e-06
7.527030414e-06
7.525468225e-06
7.525346521e-06
7.525239427e-06
7.525135307e-06
7.535679188e-06
5.530585906e-06
2.571133256e-06
1.167375611e-06
5.189042106e-07
2.262131632e-07
9.684046063e-08
4.074841979e-08
1.686465576e-08
6.868633982e-09
2.753817901e-09
1.087083389e-09
4.22570717e-10
1.617538255e-10
6.096894642e-11
2.26265676e-11
8.266527291e-12
2.972670973e-12
1.051974423e-12
3.662747611e-13
1.254457461e-13
4.225240984e-14
1.399241665e-14
4.554917254e-15
1.45719533e-15
4.580410445e-16
1.414352114e-16
4.28970078e-17
1.277814511e-17
3.737624341e-18
1.073159403e-18
3.023014021e-19
8.343918118e-20
2.246931189e-20
5.815664859e-21
1.383871809e-21
2.699201068e-22
3.346053875e-23
1.780916901e-24
-0.001430726544
0.0006259585337
0.0002956144534
5.078887567e-05
4.112989204e-06
-0.0001505148795
7.86362855e-06
-7.673108266e-06
-7.656983583e-06
-7.697072587e-06
-7.808369502e-06
7.78374588e-06
-7.899906419e-06
7.772188711e-06
-7.885770857e-06
7.626472229e-06
7.527252358e-06
7.525579254e-06
7.525453027e-06
7.525336512e-06
7.525229929e-06
7.525115114e-06
7.541306234e-06
4.551353277e-06
2.118325241e-06
9.623307222e-07
4.277348914e-07
1.863417876e-07
7.967065695e-08
3.346285548e-08
1.381721306e-08
5.611803658e-09
2.24270326e-09
8.821337873e-10
3.415462337e-10
1.301780166e-10
4.884144427e-11
1.803710744e-11
6.555692022e-12
2.344632922e-12
8.250053032e-13
2.855466604e-13
9.719483248e-14
3.252821426e-14
1.070123494e-14
3.459959282e-15
1.099217591e-15
3.430665528e-16
1.051645777e-16
3.165858789e-17
9.358233965e-18
2.715494287e-18
7.729793196e-19
2.154558222e-19
5.845393824e-20
1.516027812e-20
3.580571601e-21
6.847684825e-22
8.25001235e-23
4.315098953e-24
0.001905526118
0.001703940246
0.0006696545775
0.0001468289137
2.231509669e-05
2.489837919e-06
-4.074363926e-06
-7.692265048e-06
7.590049237e-06
7.567794567e-06
7.680695621e-06
-7.796420527e-06
-7.774087672e-06
7.749153121e-06
-7.761442028e-06
-7.695108023e-06
7.527027915e-06
7.525680262e-06
7.525554418e-06
7.525432896e-06
7.525317244e-06
7.525211857e-06
7.525413183e-06
7.596511679e-06
3.693052579e-06
1.715088691e-06
7.774370763e-07
3.447505536e-07
1.498086361e-07
6.38713943e-08
2.674392865e-08
1.100535708e-08
4.453219823e-09
1.772557593e-09
6.942134671e-10
2.675571324e-10
1.014839248e-10
3.788180646e-11
1.391514098e-11
5.029439427e-12
1.788394443e-12
6.255243341e-13
2.151689818e-13
7.277507198e-14
2.41971654e-14
7.907451758e-15
2.539293453e-15
8.011392589e-16
2.482784991e-16
7.556431223e-17
2.258146973e-17
6.62349892e-18
1.905373412e-18
5.36232909e-19
1.465047757e-19
3.805219968e-20
8.919025493e-21
1.674371633e-21
1.965106284e-22
1.012426521e-23
-0.000299690698
0.01983728025
0.0002761899285
0.000273762677
5.528731123e-05
8.749130998e-06
-0.000114178596
-7.74791695e-06
7.598602944e-06
-7.735348616e-06
-7.791939981e-06
7.669414963e-06
7.693093253e-06
-7.922912675e-06
7.793087179e-06
-7.763014738e-06
7.537106501e-06
7.525715606e-06
7.525653924e-06
7.525529701e-06
7.525407871e-06
7.52529344e-06
7.525188908e-06
7.530410705e-06
6.254116673e-06
2.968596865e-06
1.371917263e-06
6.19029917e-07
2.732932183e-07
1.182405102e-07
5.01920846e-08
2.092286285e-08
8.570683344e-09
3.45172097e-09
1.36721959e-09
5.327562969e-10
2.042532981e-10
7.705244597e-11
2.86007896e-11
1.044521971e-11
3.752839732e-12
1.326311715e-12
4.610030595e-13
1.575640125e-13
5.294484963e-14
1.748721298e-14
5.67629364e-15
1.810396312e-15
5.672360262e-16
1.745618972e-16
5.274966721e-17
1.564397899e-17
4.548053478e-18
1.291895075e-18
3.552304495e-19
9.234476756e-20
2.147706803e-20
3.960837921e-21
4.534670349e-22
2.304164803e-23
-0.01473330764
-0.005184394365
-0.001233999002
0.0007258660582
0.0001568993277
2.446438446e-05
2.077276502e-06
-4.981927523e-06
7.580014333e-06
-7.695307047e-06
-7.659176032e-06
-7.700232661e-06
-7.82125139e-06
7.812194536e-06
-7.920751138e-06
7.679690845e-06
-7.79661715e-06
7.631014106e-06
7.52564045e-06
7.525628311e-06
7.525502525e-06
7.525380415e-06
7.525267577e-06
7.525153463e-06
7.538355072e-06
5.001582155e-06
2.358284433e-06
1.083135714e-06
4.858725664e-07
2.133007979e-07
9.177887831e-08
3.874852718e-08
1.606539893e-08
6.545215876e-09
2.621530859e-09
1.032594745e-09
4.000798358e-10
1.524976895e-10
5.718794667e-11
2.109928468e-11
7.6582218e-12
2.734275512e-12
9.601833927e-13
3.315868958e-13
1.125897785e-13
3.758221054e-14
1.233016429e-14
3.975376823e-15
1.259294717e-15
3.918557249e-16
1.19737731e-16
3.590356156e-17
1.05475999e-17
3.023047745e-18
8.361157406e-19
2.174229658e-19
5.017292603e-20
9.097551564e-21
1.017594508e-21
5.107233034e-23
-0.003802469059
-0.003077941369
-0.0007881447585
0.003021615389
0.0006318519055
7.917606751e-05
7.028023464e-06
-2.039657297e-05
-7.930964394e-06
-7.714298375e-06
7.627495923e-06
7.573055574e-06
7.698766571e-06
-7.822539598e-06
-7.782377124e-06
7.654359835e-06
-7.663078834e-06
-7.796700171e-06
7.620581578e-06
7.525679791e-06
7.525602084e-06
7.525473962e-06
7.525351764e-06
7.525240846e-06
7.525128167e-06
7.545792205e-06
3.926976296e-06
1.839873668e-06
8.399891644e-07
3.746284801e-07
1.635314179e-07
6.996752309e-08
2.937317826e-08
1.210914936e-08
4.905093423e-09
1.953201193e-09
7.648090259e-10
2.945508009e-10
1.115900582e-10
4.158858651e-11
1.524773198e-11
5.499161869e-12
1.950782024e-12
6.80596859e-13
2.334956024e-13
7.876025594e-14
2.611575903e-14
8.511151329e-15
2.725712848e-15
8.575911934e-16
2.649644419e-16
8.031771283e-17
2.383761545e-17
6.890874724e-18
1.915919529e-18
4.98071736e-19
1.140232734e-19
2.034155653e-20
2.225979766e-21
1.105109474e-22
-0.0008418944235
-0.002065895991
-0.02095059272
0.007236830812
0.001732804564
0.0002108199764
2.14362288e-05
1.777186957e-05
-7.096181362e-06
7.594446985e-06
7.604671856e-06
-7.778143946e-06
-7.812833529e-06
7.699452294e-06
7.706556462e-06
-7.828199577e-06
7.690878011e-06
-7.87720053e-06
7.637012035e-06
7.525708455e-06
7.525703049e-06
7.525569874e-06
7.525440278e-06
7.525320182e-06
7.525212964e-06
7.530333623e-06
6.268220289e-06
3.006401099e-06
1.401516602e-06
6.367975386e-07
2.826544591e-07
1.227845741e-07
5.227128328e-08
2.183078175e-08
8.951785798e-09
3.606191192e-09
1.427857679e-09
5.558566609e-10
2.128052657e-10
8.013203762e-11
2.968012082e-11
1.08135024e-11
3.875189068e-12
1.365881654e-12
4.734583693e-13
1.613778637e-13
5.407994693e-14
1.781503472e-14
5.767786803e-15
1.834800569e-15
5.731365412e-16
1.75602636e-16
5.263738956e-17
1.533988599e-17
4.284892866e-18
1.112950507e-18
2.526892126e-19
4.435394071e-20
4.748070657e-21
2.331803084e-22
0.001444481185
-0.004055039897
0.004036727986
0.01623209388
0.004598530879
0.0005601745166
5.781101491e-05
-1.673316353e-06
2.050869426e-06
-7.729311031e-06
7.643582732e-06
-7.730483218e-06
-7.660595543e-06
-7.705564111e-06
-7.832828389e-06
7.709577663e-06
3.769576436e-06
7.714449935e-06
-7.905502266e-06
7.622950562e-06
7.52576303e-06
7.525660651e-06
7.525527148e-06
7.525400511e-06
7.525284947e-06
7.525168911e-06
7.539808654e-06
4.686242457e-06
2.238731295e-06
1.039974222e-06
4.709211515e-07
2.082955201e-07
9.014543321e-08
3.822186536e-08
1.589398369e-08
6.487195689e-09
2.600502206e-09
1.024336376e-09
3.966154004e-10
1.509907683e-10
5.652752871e-11
2.08133491e-11
7.537264514e-12
2.684548833e-12
9.403575315e-13
3.239236794e-13
1.097162678e-13
3.65353161e-14
1.195841955e-14
3.846161053e-15
1.214617224e-15
3.760969682e-16
1.138284653e-16
3.342696568e-17
9.375399521e-18
2.431938662e-18
5.475756285e-19
9.461612322e-20
9.917180385e-21
4.822298547e-22
-0.04860028765
0.007220450694
0.03001972302
0.05111524837
0.01283870057
0.001581048294
0.0001722472507
1.460113967e-05
1.493008421e-05
-7.624105167e-06
-7.691710919e-06
-7.729568673e-06
7.662765741e-06
7.571200953e-06
7.708179338e-06
-7.831790766e-06
-7.818499323e-06
7.766257094e-06
-7.876225412e-06
7.636385528e-06
7.525782311e-06
7.525739777e-06
7.525605509e-06
7.525475941e-06
7.52535531e-06
7.525246553e-06
7.52825058e-06
6.957087273e-06
3.413400164e-06
1.625675177e-06
7.532251546e-07
3.402318378e-07
1.501001376e-07
6.477475987e-08
2.737718388e-08
1.134399672e-08
4.611992739e-09
1.840927155e-09
7.218236292e-10
2.781267836e-10
1.053414892e-10
3.922761064e-11
1.436413244e-11
5.172431245e-12
1.831671799e-12
6.378636012e-13
2.184258828e-13
7.353844115e-14
2.433724773e-14
7.914781025e-15
2.52699024e-15
7.906953507e-16
2.415622168e-16
7.144962223e-17
2.011100325e-17
5.207506255e-18
1.162661134e-18
1.978401891e-19
2.031846599e-20
9.790819678e-22
-0.1117080924
-0.02180505363
0.0845392747
0.1284820074
0.02398627422
0.003020032987
0.0003470692627
3.949244575e-05
4.495921864e-06
6.401582648e-06
-7.699605692e-06
-7.652968001e-06
-7.785859427e-06
7.723133948e-06
-7.922809266e-06
7.699643944e-06
7.71186919e-06
-7.937817845e-06
7.797233135e-06
-7.904099905e-06
7.61975361e-06
7.525778348e-06
7.525669908e-06
7.525541489e-06
7.525419502e-06
7.525307271e-06
7.525198621e-06
7.537495581e-06
4.996179389e-06
2.441015295e-06
1.158806325e-06
5.354878295e-07
2.413003456e-07
1.062002961e-07
4.571343573e-08
1.92667589e-08
7.958539354e-09
3.224482379e-09
1.282240444e-09
5.007139554e-10
1.920889635e-10
7.241839313e-11
2.68370572e-11
9.777662378e-12
3.502643807e-12
1.233778043e-12
4.273088679e-13
1.455029451e-13
4.870362131e-14
1.601905743e-14
5.171340972e-15
1.635104736e-15
5.04130377e-16
1.501298644e-16
4.238548373e-17
1.09500667e-17
2.423089468e-18
4.058304248e-19
4.079918693e-20
1.947335021e-21
-0.2585269795
-0.01448593137
0.1916874921
0.1820863172
0.02449278254
0.002547792923
0.0002524675907
3.268358683e-05
3.39227665e-05
-2.482038319e-06
6.036556141e-06
-7.711771843e-06
7.6057219e-06
7.625894497e-06
-7.73535555e-06
-7.702246113e-06
-7.825728957e-06
7.693685769e-06
7.655556855e-06
-7.870225738e-06
7.62874252e-06
7.52576807e-06
7.525720542e-06
7.525595563e-06
7.525475082e-06
7.525362111e-06
7.525258612e-06
7.527787901e-06
7.134003276e-06
3.566438512e-06
1.73230607e-06
8.185383949e-07
3.768023385e-07
1.692313777e-07
7.425402731e-08
3.1866917e-08
1.338999955e-08
5.513378635e-09
2.226238993e-09
8.820888306e-10
3.431345297e-10
1.311030161e-10
4.921586979e-11
1.81575168e-11
6.584890818e-12
2.347597066e-12
8.228109853e-13
2.835148046e-13
9.602679871e-14
3.195394862e-14
1.043245267e-14
3.333468587e-15
1.037102195e-15
3.10870253e-16
8.800196691e-17
2.267619031e-17
4.97291384e-18
8.198706332e-19
8.06881486e-20
3.815338186e-21
-0.233090199
0.1966136811
0.3888043973
0.08686524911
0.01253028579
0.001356462839
0.0001274510165
2.015104011e-05
2.238716197e-06
7.201581302e-05
-4.761578121e-06
-2.200195863e-06
-7.707146706e-06
-7.703292376e-06
-7.653239632e-06
-7.653642134e-06
-7.661483853e-06
-7.711139473e-06
-7.832045833e-06
7.80023549e-06
-7.907035017e-06
7.620319196e-06
7.525691871e-06
7.525638438e-06
7.525521328e-06
7.525410641e-06
7.52543255e-06
7.525323301e-06
7.53693281e-06
5.187414094e-06
2.565955348e-06
1.235415424e-06
5.79503659e-07
2.651396884e-07
1.184588897e-07
5.173668903e-08
2.210975077e-08
9.253189857e-09
3.795289344e-09
1.526603698e-09
6.025316901e-10
2.334610081e-10
8.883927378e-11
3.321193431e-11
1.220068928e-11
4.405083881e-12
1.56337616e-12
5.454143894e-13
1.870185545e-13
6.298555475e-14
2.080218474e-14
6.717805177e-15
2.108802277e-15
6.36071767e-16
1.804767683e-16
4.636983249e-17
1.007672937e-17
1.635823739e-18
1.577171701e-19
7.393599822e-21
0.7152914681
1.891637891
0.4602765035
0.05165152134
0.004464785677
0.0003575883143
3.085848524e-05
5.534610087e-06
-4.326246144e-07
1.442192746e-05
2.83280147e-06
-7.49380887e-06
8.127494778e-07
7.658201563e-06
-7.688076253e-06
-7.657383811e-06
7.583292669e-06
7.575489581e-06
7.706711043e-06
-7.922853644e-06
7.789222302e-06
-7.896259616e-06
7.612662197e-06
7.525764382e-06
7.525705381e-06
7.527045283e-06
7.527204897e-06
7.526052636e-06
7.526293297e-06
7.58522783e-06
3.871998533e-06
1.887284903e-06
8.971861245e-07
4.162965987e-07
1.887036297e-07
8.36355398e-08
3.627294961e-08
1.540535531e-08
6.411234451e-09
2.616063441e-09
1.047177512e-09
4.113966336e-10
1.586889215e-10
6.012059795e-11
2.237770848e-11
8.18524611e-12
2.942692217e-12
1.039853235e-12
3.611084122e-13
1.231254932e-13
4.114328039e-14
1.342868135e-14
4.252490125e-15
1.290192671e-15
3.667099218e-16
9.387723162e-17
2.01970533e-17
3.224044647e-18
3.038205063e-19
1.410033336e-20
0.1284854844
0.2939407367
0.06327682114
0.007959555235
0.0008087875264
7.529915367e-05
1.146033784e-05
1.664812937e-06
-7.630644831e-07
-1.963619062e-07
-1.209002126e-06
-2.037470707e-07
-1.01290912e-06
7.536370106e-06
7.571633476e-06
7.57604459e-06
-7.82939667e-06
7.603396828e-06
7.525701473e-06
7.70375794e-06
-7.912991898e-06
7.777348721e-06
-7.782262272e-06
7.527539729e-06
7.526417682e-06
7.526292724e-06
7.525387863e-06
7.525286755e-06
7.52519495e-06
7.531819533e-06
6.130254389e-06
3.002166113e-06
1.436054965e-06
6.713343446e-07
3.06939465e-07
1.373484627e-07
6.019111229e-08
2.584786596e-08
1.088225742e-08
4.493783315e-09
1.820891943e-09
7.2427056e-10
2.828860808e-10
1.085310032e-10
4.091214161e-11
1.515683996e-11
5.519339383e-12
1.975532253e-12
6.948338319e-13
2.398588106e-13
8.108952459e-14
2.674453112e-14
8.540701081e-15
2.605123129e-15
7.412827534e-16
1.889454651e-16
4.021249316e-17
6.305411565e-18
5.799638176e-19
2.662889748e-20
0.01814499313
0.02442831891
0.006161368593
0.0009922163344
0.0001267480252
1.494394257e-05
-9.846604902e-07
3.360950749e-07
2.760802307e-07
-1.366947801e-06
-4.92328978e-07
2.618567817e-06
-3.416514801e-06
-7.746903001e-06
-1.167299584e-06
-7.703831792e-06
7.570156462e-06
7.525856475e-06
7.526159051e-06
7.525817584e-06
7.699163892e-06
-7.89451496e-06
7.650401519e-06
7.534736839e-06
7.525597067e-06
7.525520219e-06
7.525414656e-06
7.5253167e-06
7.525225736e-06
7.525123176e-06
7.53965211e-06
5.076772881e-06
2.429748054e-06
1.137432551e-06
5.212936697e-07
2.340996138e-07
1.030814101e-07
4.452996957e-08
1.88797131e-08
7.858762402e-09
3.212588954e-09
1.290082471e-09
5.090421314e-10
1.97408419e-10
7.525651926e-11
2.820709011e-11
1.039524552e-11
3.766339839e-12
1.340969101e-12
4.684305315e-13
1.601347811e-13
5.333725009e-14
1.716406124e-14
5.25870698e-15
1.496635368e-15
3.795645497e-16
7.98810178e-17
1.230565074e-17
1.105335315e-18
5.017690934e-20
0.0026536082
0.002108424913
0.000632609583
0.0001252554083
2.025107432e-05
3.109049628e-06
1.141804349e-06
3.165350921e-07
9.116193047e-08
-1.710270365e-08
-1.489169373e-06
-3.763860902e-07
-1.786132201e-06
-8.782885128e-06
-7.706235348e-06
-2.019353614e-06
7.62361074e-06
-7.795358688e-06
7.584684465e-06
7.526750627e-06
7.534332086e-06
7.656766663e-06
-7.738347544e-06
-7.803300327e-06
7.602292765e-06
7.525507694e-06
7.525448212e-06
7.525348115e-06
7.525254441e-06
7.525168074e-06
7.52505789e-06
7.544250674e-06
4.369621226e-06
2.043845178e-06
9.357888557e-07
4.199786873e-07
1.84956443e-07
7.999216771e-08
3.399363125e-08
1.419986608e-08
5.832245916e-09
2.355886449e-09
9.36085026e-10
3.65916563e-10
1.4073511e-10
5.325941289e-11
1.983036263e-11
7.262327823e-12
2.614049941e-12
9.229250106e-13
3.18658842e-13
1.070561664e-13
3.467080616e-14
1.065581269e-14
3.028793062e-15
7.629136237e-16
1.584425837e-16
2.391821254e-17
2.091902973e-18
9.377489861e-20
0.0003524971549
0.0002166264779
7.207512272e-05
1.757617383e-05
4.272574347e-06
1.830996619e-06
4.781567074e-07
1.636027799e-07
3.935400041e-07
-3.246743159e-08
-2.601332761e-08
-1.566529161e-06
-5.234885113e-07
8.092574569e-06
-1.347954644e-06
7.496569451e-06
7.613303106e-06
-7.671644363e-06
-7.80408296e-06
7.705210916e-06
-7.764045357e-06
-7.816532488e-06
7.655343132e-06
-9.727424267e-07
-7.832473606e-06
7.599187698e-06
7.525441348e-06
7.525381195e-06
7.525284264e-06
7.525194306e-06
7.525110576e-06
7.524918153e-06
7.54507062e-06
3.854845177e-06
1.765699518e-06
7.918971311e-07
3.483615636e-07
1.505167957e-07
6.39366916e-08
2.671937203e-08
1.099067201e-08
4.451227146e-09
1.775359871e-09
6.974363507e-10
2.698735941e-10
1.02856826e-10
3.860354775e-11
1.426017648e-11
5.179008907e-12
1.844670372e-12
6.421174735e-13
2.171909906e-13
7.065481363e-14
2.174210333e-14
6.160270614e-15
1.537955401e-15
3.144381181e-16
4.636489708e-17
3.931250626e-18
1.736821666e-19
4.413924252e-05
2.524128936e-05
8.53416328e-06
3.069971664e-06
1.234342326e-06
6.140332531e-07
2.401840524e-07
1.315206327e-07
3.804762692e-08
3.590346798e-07
1.608642451e-07
4.95485796e-08
-1.569397236e-06
-2.887838709e-08
-2.477712345e-05
8.967524581e-06
-1.095994482e-06
-7.741042525e-06
7.582085556e-06
7.636524673e-06
-7.711034651e-06
-7.652940844e-06
-7.692297729e-06
7.557060549e-06
7.671658438e-06
-7.863222658e-06
7.596127495e-06
7.525376822e-06
7.525316221e-06
7.525222342e-06
7.525136012e-06
7.525055391e-06
7.526261572e-06
7.444314019e-06
3.429187329e-06
1.542913374e-06
6.797623106e-07
2.93847652e-07
1.248301629e-07
5.217359141e-08
2.147159615e-08
8.705799474e-09
3.479025943e-09
1.370639146e-09
5.324199105e-10
2.039030468e-10
7.69654091e-11
2.861362457e-11
1.046190538e-11
3.75102581e-12
1.313535466e-12
4.463492459e-13
1.455502432e-13
4.475210754e-14
1.261609917e-14
3.117590218e-15
6.269491101e-16
9.028164325e-17
7.422477786e-18
3.225417069e-19
6.128189217e-06
3.822583844e-06
2.033031124e-06
1.088863884e-06
5.057125833e-07
2.182193795e-07
1.077465957e-07
3.209993196e-08
-1.248589093e-08
-3.609208801e-08
3.165835172e-07
2.957588385e-07
-6.905825859e-07
-1.326935363e-06
-2.094751931e-05
-0.0001715747686
-1.688559161e-07
-6.46885328e-06
-7.688417635e-06
-7.773149854e-06
7.70326672e-06
-7.706532963e-06
-7.653596878e-06
-7.803777362e-06
7.605600998e-06
7.67241375e-06
-7.854543781e-06
7.593168897e-06
7.525312787e-06
7.52525217e-06
7.525161624e-06
7.525079226e-06
7.524999523e-06
7.529673249e-06
6.676432371e-06
3.031414751e-06
1.344293545e-06
5.838006382e-07
2.488283674e-07
1.042573119e-07
4.299426749e-08
1.746642863e-08
6.994825287e-09
2.762679268e-09
1.076407494e-09
4.137319508e-10
1.568246445e-10
5.857501144e-11
2.151907662e-11
7.750538075e-12
2.724480776e-12
9.280217604e-13
3.026453892e-13
9.27713849e-14
2.597096973e-14
6.340933681e-15
1.252343654e-15
1.75899888e-16
1.400663037e-17
5.977678992e-19
1.784036359e-06
1.151701785e-06
6.594779115e-07
3.169737338e-07
1.901188435e-07
6.380262402e-08
4.392715174e-08
7.173901785e-09
-5.179331255e-10
-3.485008067e-08
5.343590429e-07
4.428317381e-07
3.884343797e-07
-1.057140686e-06
-2.876353976e-07
5.728488168e-06
-0.0001716000326
-6.943035506e-06
7.662873994e-06
-7.670102793e-06
-7.686298228e-06
-7.656436169e-06
-7.658586615e-06
-7.659539038e-06
-7.697431528e-06
-7.791274541e-06
7.732992552e-06
-7.845677382e-06
7.590115661e-06
7.525248315e-06
7.52518812e-06
7.525101543e-06
7.52502363e-06
7.524943145e-06
7.533733487e-06
5.868859013e-06
2.634313395e-06
1.15523477e-06
4.962626999e-07
2.092644498e-07
8.675910177e-08
3.540799607e-08
1.423835905e-08
5.645320832e-09
2.207874914e-09
8.518634064e-10
3.241504064e-10
1.215418011e-10
4.481243103e-11
1.618927758e-11
5.702736696e-12
1.943397624e-12
6.326510209e-13
1.929539786e-13
5.35098557e-14
1.287289733e-14
2.488408989e-15
3.392799135e-16
2.603250043e-17
1.092517538e-18
5.753862333e-07
4.803464309e-07
3.173924275e-07
1.745769644e-07
9.990303649e-08
5.474522621e-08
2.633350008e-08
-9.065018125e-10
-2.196715907e-08
-2.580834664e-08
-1.803178156e-07
2.827350667e-07
-2.618681209e-07
1.298864367e-07
-1.316989179e-06
6.23022382e-07
-8.252778732e-05
0.0001708473414
-1.307756848e-07
5.068705228e-06
-7.732510362e-06
7.579482864e-06
7.565277987e-06
7.56248187e-06
7.667861543e-06
-7.72767302e-06
-7.791635654e-06
7.723422577e-06
-7.83655391e-06
7.586853869e-06
7.525183002e-06
7.525123879e-06
7.525042112e-06
7.52496945e-06
7.524889136e-06
7.537668942e-06
5.024736126e-06
2.235928811e-06
9.725602856e-07
4.145215108e-07
1.734530952e-07
7.136235699e-08
2.890086791e-08
1.153148803e-08
4.535696934e-09
1.759074099e-09
6.725043459e-10
2.532104681e-10
9.367776473e-11
3.39260417e-11
1.196477763e-11
4.074742868e-12
1.322333045e-12
4.007354842e-13
1.099661294e-13
2.603922035e-14
4.921879188e-15
6.510721431e-16
4.80948822e-17
1.98040747e-18
2.180010765e-07
2.014113732e-07
1.215422593e-07
1.037513677e-07
3.038049123e-08
2.687912091e-08
1.274786161e-09
4.442525812e-08
-7.29132558e-08
-2.210063017e-07
-8.649761033e-08
-2.392882841e-07
2.218417602e-07
7.786918495e-09
6.93090908e-08
-1.936269969e-06
8.094123439e-06
0.0001330223557
5.459169315e-07
1.55315616e-06
-1.559561392e-06
7.598639855e-06
-7.70968422e-06
7.52579763e-06
7.530632948e-06
7.568114123e-06
7.66470771e-06
-7.848553609e-06
7.713564403e-06
-7.820859341e-06
7.577244963e-06
7.525137152e-06
7.525059893e-06
7.524983955e-06
7.524917231e-06
7.524836827e-06
7.541362816e-06
4.179495314e-06
1.848158509e-06
7.993203673e-07
3.388439505e-07
1.410297981e-07
5.77070105e-08
2.323743419e-08
9.214765561e-09
3.599493602e-09
1.384699188e-09
5.240962802e-10
1.946762604e-10
7.069143211e-11
2.495700737e-11
8.489898144e-12
2.744999539e-12
8.263263697e-13
2.243840575e-13
5.232892984e-14
9.684949305e-15
1.245196268e-15
8.869402905e-17
3.576163146e-18
6.10670451e-08
5.502950344e-08
5.158545804e-08
5.409044978e-08
1.146505416e-08
-1.147096966e-08
-1.005863325e-09
-2.932745691e-08
-5.257524799e-08
-2.33445239e-07
9.626831015e-08
-2.24612138e-07
2.886630599e-07
3.15687793e-07
-5.316323108e-07
-1.141695252e-06
-7.122053533e-07
2.186884574e-05
-0.0001719682091
3.703853649e-07
-5.659072196e-06
-5.322036436e-06
7.570525356e-06
7.603308692e-06
-7.726773899e-06
-7.687755229e-06
-7.781018314e-06
7.721414798e-06
-7.748985486e-06
-7.736376093e-06
7.58457317e-06
7.525132009e-06
7.525075232e-06
7.524997265e-06
7.524927981e-06
7.52486707e-06
7.525760906e-06
7.490638944e-06
3.377553616e-06
1.486973926e-06
6.40615773e-07
2.705640552e-07
1.121858012e-07
4.571597259e-08
1.832204332e-08
7.224120599e-09
2.801465015e-09
1.067402207e-09
3.984995787e-10
1.451868988e-10
5.132785871e-11
1.744374872e-11
5.618264232e-12
1.678828056e-12
4.506272174e-13
1.033589938e-13
1.869749287e-14
2.33085711e-15
1.597787283e-16
6.332366098e-18
2.971814603e-08
2.993263098e-08
1.510177162e-08
-5.048660366e-08
-6.912325885e-09
2.953271181e-09
1.248747932e-09
-2.614024408e-08
-9.66726745e-08
-5.266138827e-08
-5.255995072e-08
-8.304315877e-08
-2.563285883e-07
2.212319178e-07
4.832766214e-08
2.26227786e-07
-1.202244556e-06
-1.4226226e-07
-3.160706427e-05
-0.0001713529238
5.841376342e-06
-5.566464779e-06
7.540410386e-06
-7.684734284e-06
-7.655704163e-06
-7.657371071e-06
-7.658471211e-06
-7.69404889e-06
-7.742128672e-06
7.703192861e-06
-7.818278018e-06
7.58051363e-06
7.525061862e-06
7.525008173e-06
7.524937474e-06
7.524875354e-06
7.52481798e-06
7.530636492e-06
5.912862466e-06
2.65568068e-06
1.165514893e-06
5.007407808e-07
2.109050316e-07
8.717864002e-08
3.539074798e-08
1.41135864e-08
5.527253924e-09
2.12322355e-09
7.97645542e-10
2.918400789e-10
1.033779617e-10
3.511152458e-11
1.126596456e-11
3.340469716e-12
8.855796084e-13
1.994518228e-13
3.516543915e-14
4.232340158e-15
2.783998331e-16
1.090496442e-17
1.935216945e-08
5.051129119e-09
-3.754223191e-09
-4.834877988e-09
1.758424789e-08
-5.835504781e-09
-5.471492908e-08
-3.433008158e-08
-1.116308045e-07
-4.772783394e-08
-6.990128789e-08
1.178888014e-07
-2.021716933e-07
1.522927289e-07
-1.432112413e-06
2.166258285e-07
9.744822703e-07
-1.221059827e-06
-4.811131913e-06
-0.0001719226792
4.751529088e-06
4.259691885e-06
3.807667851e-06
7.554560861e-06
7.555463929e-06
7.560201555e-06
7.558940927e-06
7.565252835e-06
7.646314472e-06
-7.826403343e-06
7.692626506e-06
-7.802609399e-06
7.570984799e-06
7.525009919e-06
7.524944679e-06
7.524881655e-06
7.524826633e-06
7.524766137e-06
7.537187242e-06
4.546484332e-06
2.035643196e-06
8.911359894e-07
3.819432067e-07
1.604387707e-07
6.609233903e-08
2.670522248e-08
1.057927972e-08
4.103208308e-09
1.553107551e-09
5.712720587e-10
2.02936487e-10
6.892438433e-11
2.204639391e-11
6.492631979e-12
1.70191325e-12
3.769429521e-13
6.490317976e-14
7.552857953e-15
4.767901268e-16
1.841812759e-17
-5.328593223e-09
-1.103302521e-08
-1.59962065e-08
-2.289785685e-08
-4.819822822e-08
-1.623118858e-08
-7.316161065e-08
4.019831616e-08
-1.170819711e-07
-1.259208133e-07
-1.779919838e-07
-3.71976935e-08
-1.840642998e-07
-2.096900645e-07
2.149215737e-07
7.160581143e-08
2.267256163e-07
-1.244932919e-06
-4.648010964e-07
-7.806804794e-07
0.0001707425423
2.732897543e-07
3.178706882e-06
7.345912069e-07
7.578505183e-06
-7.760807515e-06
7.627595478e-06
-7.76378945e-06
-1.18379035e-06
7.67426346e-06
-7.739305028e-06
-7.724753481e-06
7.576552177e-06
7.524996922e-06
7.524948866e-06
7.524885951e-06
7.524830379e-06
7.52478144e-06
7.525636686e-06
7.471382089e-06
3.414455422e-06
1.524230279e-06
6.654551194e-07
2.843888241e-07
1.190284076e-07
4.879138766e-08
1.957634942e-08
7.675176907e-09
2.930327786e-09
1.084630227e-09
3.867527842e-10
1.314785041e-10
4.19578457e-11
1.228265397e-11
3.186753838e-12
6.951079404e-13
1.171780507e-13
1.322530366e-14
8.026545658e-16
3.055122517e-17
-1.610010805e-08
-2.204611561e-08
-3.218673799e-08
-3.189347424e-08
-6.716853437e-08
-8.066505208e-08
-1.250002282e-07
-1.08874041e-07
-1.118344876e-07
-1.408174286e-07
-1.861672639e-07
-6.670517395e-08
1.155267007e-07
-2.484069097e-07
1.174084966e-07
-1.484637186e-06
1.878287731e-07
-9.611805958e-07
-1.195490872e-06
-5.642586398e-06
-0.0001739123618
-6.602026179e-05
-3.924051557e-06
-4.347284886e-06
5.13060136e-07
7.560489452e-06
7.585287893e-06
-7.685132113e-06
-7.671734293e-06
-7.69154394e-06
-7.728926608e-06
7.680574651e-06
-7.797726285e-06
7.572422446e-06
7.524931298e-06
7.524887805e-06
7.524832437e-06
7.524783633e-06
7.524737762e-06
7.530994274e-06
5.516551217e-06
2.5109816e-06
1.116859519e-06
4.857757482e-07
2.066777312e-07
8.599992992e-08
3.497019683e-08
1.386862059e-08
5.344568688e-09
1.99219937e-09
7.135388286e-10
2.428901739e-10
7.732704263e-11
2.249181909e-11
5.770918603e-12
1.237559078e-12
2.034786358e-13
2.214022368e-14
1.290601744e-15
4.90201489e-17
-2.2371937e-08
-1.007799396e-08
-4.237965923e-08
-4.132215767e-08
-4.439933242e-08
-9.755260071e-08
-8.496853418e-08
-1.207400581e-07
-1.246053485e-07
-1.735472323e-07
-9.918936846e-08
-2.020480594e-07
6.937819461e-08
-2.739341841e-07
-1.54785065e-07
2.432378414e-07
-5.638433274e-07
2.665261493e-07
-1.206032454e-06
-2.089716348e-06
-8.366272833e-05
-0.0001647386575
-4.520851946e-06
-8.675334477e-06
-5.202926821e-06
6.174870066e-06
-7.694059213e-06
-7.711186427e-06
7.591476826e-06
7.562543309e-06
7.633357573e-06
-7.803430436e-06
7.665688155e-06
-7.783762712e-06
7.563949978e-06
7.524883384e-06
7.524832903e-06
7.524784236e-06
7.524741057e-06
7.524693176e-06
7.538414971e-06
3.999760385e-06
1.811433783e-06
8.015847298e-07
3.466185872e-07
1.464039829e-07
6.033829635e-08
2.420836953e-08
9.418206028e-09
3.536287549e-09
1.272363441e-09
4.336558536e-10
1.377157135e-10
3.977838523e-11
1.008031511e-11
2.120499387e-12
3.389241957e-13
3.537772342e-14
1.977180468e-15
7.561881228e-17
-5.917315082e-08
-4.729090734e-09
-2.48667072e-08
-4.72019083e-08
-4.915675789e-08
-7.233493282e-08
-6.745935404e-08
-1.228230689e-07
-6.054505339e-08
-1.730956656e-07
2.803921151e-07
-2.309564482e-07
6.42132375e-08
-2.018582561e-07
-2.595100654e-07
1.713857661e-07
-1.468950807e-06
1.593011497e-07
-1.084846819e-06
-1.483121133e-06
-4.92855116e-06
0.0001612514587
-0.0001420219014
-6.887435979e-06
-8.918570278e-06
-3.684347803e-06
-7.216404541e-06
-7.699959713e-06
7.6078396e-06
-7.719893169e-06
-7.751656503e-06
7.608440031e-06
7.591164661e-06
-7.755391157e-06
7.56843801e-06
7.52486968e-06
7.524832001e-06
7.524783823e-06
7.524740723e-06
7.524701692e-06
7.528367655e-06
6.190800174e-06
2.851208268e-06
1.282385558e-06
5.631631212e-07
2.41311582e-07
1.00753799e-07
4.087853296e-08
1.605213105e-08
6.070527333e-09
2.194125898e-09
7.489842957e-10
2.373878714e-10
6.814736957e-11
1.707704139e-11
3.529871254e-12
5.4970352e-13
5.517143136e-14
2.954139263e-15
1.131421399e-16
-9.007399585e-09
-6.637162739e-08
-4.895997649e-08
-4.013379814e-08
-1.070782469e-07
-5.190536861e-08
-4.517192437e-08
-1.008957488e-07
-5.543147108e-08
-1.205653275e-07
6.545723954e-08
-1.782946151e-07
1.013452443e-07
1.256203942e-07
-1.832084253e-07
2.45775134e-07
-1.511854492e-06
6.20947958e-08
2.275869463e-07
-1.357822652e-06
-1.910616745e-06
3.569738846e-05
-0.0001604232042
-2.047142818e-06
-1.120618211e-05
-1.10008745e-05
-2.543865513e-06
-7.451615964e-06
7.589385252e-06
-7.678388221e-06
-7.656770448e-06
-7.689079198e-06
-7.749068804e-06
7.659989842e-06
-7.775061937e-06
7.56080441e-06
7.524826511e-06
7.524782522e-06
7.524739589e-06
7.524700962e-06
7.524658957e-06
7.535355308e-06
4.377078851e-06
1.997804961e-06
8.898146371e-07
3.863524631e-07
1.632498939e-07
6.692601032e-08
2.65100375e-08
1.009261488e-08
3.663077096e-09
1.252052596e-09
3.960503237e-10
1.130399041e-10
2.803800213e-11
5.705929295e-12
8.680467394e-13
8.390119833e-14
4.301107549e-15
1.646266479e-16
1.60876777e-09
-5.32139466e-08
-3.100357109e-08
-1.616485202e-08
-7.707451259e-08
-1.728081588e-08
-4.864193501e-09
-5.250955135e-08
-3.743914757e-11
-8.226525745e-08
-1.40914703e-07
-1.475239583e-07
-4.563513399e-08
1.55931241e-07
-1.508961749e-07
3.405200242e-10
3.261520824e-07
-5.711571875e-07
2.458198429e-07
1.007193931e-06
-1.121426925e-06
-2.144107759e-06
0.0001723119658
3.360657341e-05
-1.084530518e-05
-1.532612873e-05
-9.630230586e-06
3.897794944e-07
-7.684962698e-06
-7.702866654e-06
7.58290773e-06
7.560205216e-06
7.620398265e-06
-7.724025473e-06
-7.709404974e-06
7.564876445e-06
7.524813938e-06
7.524780759e-06
7.524738102e-06
7.524699315e-06
7.524663767e-06
7.527268322e-06
6.587123976e-06
3.044556032e-06
1.372635867e-06
6.028377533e-07
2.574088911e-07
1.065140067e-07
4.251399765e-08
1.627305391e-08
5.922587446e-09
2.02398522e-09
6.379210722e-10
1.80685473e-10
4.425736317e-11
8.83647353e-12
1.305736229e-12
1.210003476e-13
5.970998558e-15
2.309921722e-16
-5.501673253e-08
-1.085763929e-08
-6.817698224e-09
9.989197352e-09
1.89268884e-09
1.483910783e-08
3.844953646e-08
1.715353719e-07
5.168835795e-08
-3.485090041e-08
-9.95239652e-08
-8.774751318e-08
-3.527261679e-08
2.302142317e-07
-1.026279e-07
1.662129066e-09
2.830068797e-07
-1.333663583e-06
-2.181600043e-08
2.717501546e-07
-1.369892236e-06
-1.493748182e-06
2.699794204e-05
4.896958263e-05
-2.755808181e-05
-1.58700597e-05
-1.796039484e-05
-7.656765813e-06
4.000207188e-06
7.553646219e-06
7.574244842e-06
-7.711917387e-06
-7.687678229e-06
-7.71206248e-06
7.65068589e-06
-7.771453149e-06
7.558068384e-06
7.524775268e-06
7.524736073e-06
7.524697226e-06
7.524661576e-06
7.524622411e-06
7.533607742e-06
4.555951504e-06
2.074434538e-06
9.197711004e-07
3.96245183e-07
1.652159289e-07
6.63362525e-08
2.549206257e-08
9.290815015e-09
3.169500427e-09
9.934127453e-10
2.784967963e-10
6.71172887e-11
1.307766767e-11
1.865829058e-12
1.65086859e-13
7.867118622e-15
3.107481132e-16
2.345356063e-08
1.467227981e-08
1.699404431e-08
3.774080345e-08
2.380181395e-08
4.10176668e-08
5.948407575e-08
1.964328235e-07
6.974307774e-08
-9.114761575e-09
-7.120210418e-08
-7.87095924e-08
-8.341106494e-08
2.070535658e-07
9.487959294e-08
-5.39885616e-08
-1.667857994e-07
-1.500787628e-06
8.370716304e-08
4.191554479e-07
-7.515259111e-07
-5.530802373e-07
-7.770753616e-07
-0.0001716300229
6.231879768e-06
-1.415055797e-05
-2.150486204e-05
-1.647610166e-05
-4.053424873e-06
5.655268198e-06
7.565655804e-06
-7.723234833e-06
7.585781517e-06
7.610217384e-06
-7.774889991e-06
7.590919699e-06
7.528667133e-06
7.524766068e-06
7.524732837e-06
7.524693969e-06
7.524657973e-06
7.524624267e-06
7.526783999e-06
6.723176767e-06
3.085011421e-06
1.378037413e-06
5.97636407e-07
2.505762246e-07
1.010420227e-07
3.893119793e-08
1.419388951e-08
4.829808533e-09
1.504356518e-09
4.171156723e-10
9.881138717e-11
1.876238562e-11
2.580871435e-12
2.177702209e-13
9.99850757e-15
4.025224011e-16
2.152043352e-08
2.664383188e-08
4.139953394e-08
2.714638894e-08
3.330099477e-08
5.238459964e-08
3.618579249e-08
2.019959338e-07
3.778886415e-08
-2.984857648e-09
-4.735660398e-08
-7.467700557e-08
-8.876710741e-08
1.823235484e-07
5.025451895e-07
-1.489300664e-07
-1.779186341e-08
3.044856684e-07
-1.113445769e-06
-6.103347712e-07
3.915666639e-07
-1.063343292e-06
-5.162845939e-07
-3.886411313e-05
1.066042615e-05
1.152279528e-05
-1.927808774e-05
-2.438379351e-05
-1.390329995e-05
-1.366520951e-06
6.931442795e-06
-7.708701443e-06
7.547741948e-06
7.528073953e-06
7.559031894e-06
7.577507544e-06
-7.764282883e-06
7.559238131e-06
7.524718819e-06
7.52469007e-06
7.524653847e-06
7.524620029e-06
7.524583122e-06
7.532810392e-06
4.534691711e-06
2.035774808e-06
8.865993207e-07
3.72894796e-07
1.506645958e-07
5.808393938e-08
2.114811288e-08
7.169350756e-09
2.218153476e-09
6.085959267e-10
1.418970742e-10
2.628667742e-11
3.488696594e-12
2.803539625e-13
1.233435246e-14
5.045858274e-16
2.328335453e-08
2.22708192e-08
4.118348726e-08
2.502024066e-08
3.88803139e-08
5.90816782e-08
2.677287844e-08
1.88836346e-07
2.039037141e-08
-1.383511407e-08
-3.281273138e-08
-7.937261981e-08
-9.619392701e-08
1.519258113e-07
4.85285757e-07
-1.612539753e-07
-5.080618761e-08
2.948440979e-07
-7.352164036e-07
3.574951332e-07
2.40763455e-07
-1.254332495e-06
1.786262618e-06
-3.126943607e-06
-8.088106685e-05
4.112063764e-06
-1.769732208e-05
-2.78219728e-05
-2.354423863e-05
-8.799214912e-06
-1.114334807e-06
7.554126287e-06
7.567343324e-06
-7.706362447e-06
-7.6858088e-06
-7.733816386e-06
7.636548205e-06
-7.75500632e-06
7.553384337e-06
7.524683626e-06
7.524649633e-06
7.524615543e-06
7.524583065e-06
7.526809684e-06
6.599703606e-06
2.971491676e-06
1.296552532e-06
5.456742376e-07
2.203190531e-07
8.472999846e-08
3.071056384e-08
1.033903174e-08
3.167600836e-09
8.574784929e-10
1.961570947e-10
3.541799972e-11
4.541503232e-12
3.480707456e-13
1.474878379e-14
6.128297057e-16
8.297194757e-09
2.485927629e-08
1.147168756e-08
5.261070049e-09
2.297903473e-08
7.863371427e-09
1.386515849e-08
1.714956233e-07
2.731498295e-09
-3.808253331e-08
-4.442276485e-08
-8.135336781e-08
-9.161656835e-08
1.488323337e-07
4.86874917e-07
-7.463661046e-08
-9.596938986e-08
-1.29541953e-07
-1.317528096e-06
-1.096476238e-06
-5.281539518e-07
2.53506945e-07
-1.462444852e-06
-1.424645616e-06
1.868316075e-05
2.201207422e-05
-1.152862064e-05
-2.472776534e-05
-3.160273591e-05
-2.02087127e-05
-4.164646717e-06
4.252078857e-06
7.560323675e-06
-7.713680079e-06
7.580095965e-06
7.601623356e-06
-7.713221225e-06
-7.695067082e-06
7.553244027e-06
7.524739221e-06
7.524703265e-06
7.524666767e-06
7.524631914e-06
7.524593093e-06
7.532919956e-06
4.279799492e-06
1.86852868e-06
7.857160164e-07
3.163907388e-07
1.210641913e-07
4.353606455e-08
1.449482753e-08
4.375430038e-09
1.161922497e-09
2.59273258e-10
4.543210392e-11
5.607029408e-12
4.101253789e-13
1.696385723e-14
7.193113441e-16
-5.741215809e-09
3.303656115e-09
-2.447508633e-09
1.39012068e-08
3.552769274e-09
1.15100836e-09
1.332077508e-07
1.28167932e-08
-1.149836765e-08
4.336399911e-08
-6.041720818e-08
-8.081832725e-08
-7.568598346e-08
-3.101419201e-07
5.573335966e-07
4.114650779e-07
-1.862150631e-08
1.738896128e-08
3.191837169e-07
-1.021077742e-06
-7.278822655e-07
2.640686527e-07
-1.401974699e-06
-1.223261597e-06
-7.026480906e-06
0.0001720769895
4.681831329e-06
-2.288047321e-05
-3.503242219e-05
-3.028717963e-05
-1.38015436e-05
-6.455582854e-07
6.35055903e-06
-7.701007014e-06
7.588162544e-06
-7.679340756e-06
-7.700017915e-06
7.599909609e-06
-7.719547442e-06
7.551453131e-06
7.525179427e-06
7.525146402e-06
7.525112756e-06
7.525079955e-06
7.528005538e-06
6.064982971e-06
2.64837418e-06
1.112269523e-06
4.464679905e-07
1.698410756e-07
6.051532142e-08
1.988128047e-08
5.893894419e-09
1.528558891e-09
3.310933569e-10
5.59328133e-11
6.572273411e-12
4.568370123e-13
1.866169399e-14
8.145376271e-16
4.541647495e-09
-7.686454957e-10
7.024813479e-10
7.121342728e-09
-1.015000699e-08
-1.758065144e-09
1.331837379e-07
-1.95863383e-09
-1.060422628e-08
9.530628839e-09
-4.430252343e-08
-8.646936363e-08
-6.771242119e-08
-4.335895705e-07
5.425681274e-07
5.327425218e-07
-3.227510061e-08
-2.335103991e-08
2.679724875e-07
-5.023174315e-07
-7.60572289e-08
3.255523671e-07
1.520138655e-07
-7.993975626e-06
-5.204225515e-07
3.602509231e-05
2.298355985e-05
-2.107257507e-05
-3.736159178e-05
-4.015958152e-05
-2.621534486e-05
-7.418483231e-06
9.896867546e-08
7.545238419e-06
7.561773019e-06
-7.717856354e-06
7.62113011e-06
-7.71201332e-06
-7.694495122e-06
7.553371641e-06
7.524619256e-06
7.524593219e-06
7.524561035e-06
7.52453004e-06
7.524528595e-06
7.535349877e-06
3.662580015e-06
1.538446135e-06
6.165038828e-07
2.3354355e-07
8.258590091e-08
2.681087709e-08
7.811077423e-09
1.976303869e-09
4.14323629e-10
6.709775183e-11
7.439756406e-12
4.890113464e-13
1.978328677e-14
8.921552808e-16
-7.291358939e-12
-5.580648875e-10
5.571774202e-09
3.419140273e-09
-6.812397978e-09
1.970760054e-09
7.567752405e-09
-6.616410874e-09
-2.80233116e-09
7.570315472e-08
-5.393089275e-08
-9.720814776e-08
-5.679087532e-07
-2.780179116e-07
1.326937003e-07
1.366301698e-07
-1.648786243e-07
-2.573394138e-07
1.430704593e-07
-1.162019413e-07
-1.206829815e-07
-4.231091125e-07
2.855027284e-08
-1.591727224e-06
-1.381746539e-06
7.166198185e-06
6.782731404e-05
-5.267421764e-07
-3.103196215e-05
-4.311285738e-05
-3.636783887e-05
-1.81909715e-05
-2.277156653e-06
3.755894603e-06
7.524397222e-06
7.552064334e-06
7.526918272e-06
7.552876448e-06
7.590984378e-06
-7.740632534e-06
7.547932534e-06
7.524576953e-06
7.524547912e-06
7.524517597e-06
7.524488164e-06
7.52899987e-06
4.831948639e-06
2.037797358e-06
8.185206218e-07
3.100675589e-07
1.092793326e-07
3.519600456e-08
1.010850075e-08
2.49938968e-09
5.072036028e-10
7.860515006e-11
8.216174094e-12
5.112189281e-13
2.043786623e-14
9.493157435e-16
-4.238584843e-10
8.555636708e-09
2.629089641e-09
-4.286603772e-09
-2.13251296e-09
1.322588413e-07
-2.244268983e-09
-1.368399769e-08
-1.629712418e-08
7.469260584e-08
-6.501389025e-10
-8.06746483e-08
-5.371224063e-07
-1.072931735e-07
5.416588384e-09
-8.415882145e-08
-5.866285162e-07
-8.027816638e-07
-9.688867735e-07
-1.276106132e-06
-9.731984852e-07
-7.30974964e-07
-4.733853356e-07
-1.511608375e-06
-6.928844796e-06
8.554040906e-07
-0.0001587231591
-5.788226538e-06
-8.356040175e-05
-4.760320908e-05
-4.806083619e-05
-3.190789687e-05
-1.063706705e-05
7.495371083e-07
6.356953357e-06
7.55711329e-06
-7.731608888e-06
7.548260396e-06
7.562625434e-06
-7.70880964e-06
7.54615695e-06
7.524549089e-06
7.524524167e-06
7.524497341e-06
7.524469856e-06
7.527328956e-06
5.853806778e-06
2.491542654e-06
1.008477065e-06
3.840428135e-07
1.3561469e-07
4.354926768e-08
1.238242466e-08
3.006411806e-09
5.939110803e-10
8.862801752e-11
8.782462632e-12
5.191386262e-13
2.058624824e-14
9.841070467e-16
8.167042728e-09
2.080814085e-09
-5.366608588e-09
-8.691465756e-09
6.382340443e-10
1.084330421e-08
-9.375260284e-09
-1.41216775e-08
4.735927369e-08
1.300889934e-07
6.42787945e-08
-9.137865047e-08
-1.879231791e-07
-2.000964358e-07
-1.268447369e-07
-2.714900512e-07
-9.286082039e-07
-1.029609069e-06
-1.172367928e-06
-1.603150848e-06
-1.316442495e-06
-1.160094915e-06
-9.314148651e-07
-4.724188173e-07
-8.278892749e-06
-1.423111253e-06
8.942954197e-06
2.457516743e-05
-2.083594263e-05
-4.039477247e-05
-5.079134032e-05
-4.218993806e-05
-2.180997445e-05
-3.385232121e-06
7.083158327e-08
-7.67810763e-06
-7.653017539e-06
-7.681198046e-06
-7.679827811e-06
-7.682905225e-06
7.542688706e-06
7.52449406e-06
7.524475707e-06
7.52445549e-06
7.524434065e-06
7.526519755e-06
6.289558969e-06
2.709162032e-06
1.109003514e-06
4.262701895e-07
1.51492903e-07
4.876534498e-08
1.382919786e-08
3.333994763e-09
6.511424256e-10
9.497120476e-11
8.996043425e-12
5.087476317e-13
2.013995198e-14
9.968982342e-16
-7.028382839e-09
-8.665293762e-09
-9.328332003e-09
-8.021674233e-09
1.218672134e-08
-8.580932047e-09
-1.007008183e-08
-3.913473591e-09
9.887590612e-08
-2.805644529e-07
1.054934774e-07
-5.583228287e-08
-9.642308935e-08
-1.358591549e-07
-5.647060445e-08
-1.760761267e-07
-7.389527341e-07
-8.987663315e-07
-1.048228055e-06
-7.138199757e-07
-1.105087319e-06
-1.058559682e-06
-7.07001864e-07
-4.22857923e-07
-1.712627389e-06
7.286333131e-06
7.705428746e-07
4.356277074e-05
-1.418500842e-05
-3.159950024e-05
-5.054746101e-05
-5.100422865e-05
-3.422700183e-05
-1.231992452e-05
5.458629454e-07
-4.826850585e-06
-7.678302007e-06
7.588099177e-06
-7.667460651e-06
-7.678996885e-06
7.537630174e-06
7.524412215e-06
7.524401297e-06
7.524388941e-06
7.524375147e-06
7.526409899e-06
6.128694195e-06
2.652550076e-06
1.092335806e-06
4.225977424e-07
1.512005698e-07
4.902310137e-08
1.402114537e-08
3.413415293e-09
6.68546683e-10
9.596230062e-11
8.767412748e-12
4.811240575e-13
1.915574491e-14
9.951886135e-16
-9.394309852e-09
-9.06707798e-09
-8.451052053e-09
7.590994797e-09
-7.957536778e-09
-9.982604226e-09
-9.793321888e-09
-2.864169922e-09
7.090995224e-08
-4.047326318e-08
9.799279044e-08
-4.075322129e-09
7.639153825e-08
2.692991953e-08
1.850597966e-07
1.473070418e-07
-3.262541252e-07
-4.145774982e-07
-5.377515838e-07
-6.02136439e-07
-5.071555717e-07
-3.9642076e-07
-4.502039854e-08
1.793442885e-07
1.022401963e-06
-7.991058694e-06
-1.154307301e-06
0.000131255344
2.844983681e-06
-2.247270541e-05
-4.354694535e-05
-5.401193277e-05
-4.506295237e-05
-2.419369749e-05
-4.753043891e-06
1.588661377e-06
7.107507438e-06
7.52508018e-06
7.55086827e-06
7.550015501e-06
7.524353723e-06
7.524344244e-06
7.524333287e-06
7.524322376e-06
7.524311348e-06
7.526421857e-06
5.716945178e-06
2.477264252e-06
1.022473262e-06
3.969525893e-07
1.427703475e-07
4.665521486e-08
1.348420558e-08
3.312903541e-09
6.482401061e-10
9.104751561e-11
8.052698412e-12
4.383332851e-13
1.776539915e-14
1.006840749e-15
-8.807209923e-09
-7.821643321e-09
4.68083458e-09
-7.444266725e-09
-9.639774314e-09
-1.038606254e-08
-1.473823931e-08
-2.342473533e-08
6.747199452e-08
-1.64920582e-07
-5.196272078e-08
-5.620659955e-07
-1.237582227e-09
5.45651773e-08
2.993432534e-07
7.834292529e-08
-7.040073819e-09
-9.312180255e-09
-7.572463821e-08
-1.293711871e-07
-6.651164227e-08
-4.164413213e-08
3.575316464e-07
-5.085336389e-07
-2.893707183e-07
-7.986815908e-06
-1.091209587e-06
4.639986481e-06
-1.497084967e-05
-1.975863653e-05
-4.223397365e-05
-5.858796024e-05
-5.590988812e-05
-3.728051311e-05
-1.403248457e-05
5.764575574e-07
-2.763455535e-06
-7.677461594e-06
-7.697306171e-06
7.532232165e-06
7.524317838e-06
7.524308118e-06
7.524298184e-06
7.524288394e-06
7.524278564e-06
7.526687192e-06
5.158311685e-06
2.237405708e-06
9.250085967e-07
3.600300788e-07
1.299748777e-07
4.266692677e-08
1.237733102e-08
3.036176823e-09
5.883349942e-10
8.062915077e-11
6.953794149e-12
3.833527111e-13
1.61235986e-14
1.14220181e-15
-9.228840234e-09
-4.206811242e-09
-9.068468806e-09
-1.005622058e-08
-1.038610227e-08
-1.001584583e-08
-5.215329499e-09
5.787376232e-08
-4.70488026e-08
-1.670439943e-07
-7.343253122e-09
-5.968804784e-07
4.085003047e-07
2.750840064e-07
1.917842568e-07
-6.755657519e-10
-9.970100615e-09
5.959863624e-08
4.164636986e-08
-1.150972225e-08
5.653088561e-07
6.10026542e-07
1.987511604e-07
-4.897757788e-07
1.207105836e-07
-1.443083674e-06
9.003846823e-06
-1.339530602e-06
-5.363433628e-06
-1.768781548e-05
-4.142625735e-05
-6.281669694e-05
-6.760223272e-05
-5.177001089e-05
-2.64129255e-05
-5.146811618e-06
2.402014444e-06
-6.573174525e-06
-7.670760366e-06
7.530545032e-06
7.524284275e-06
7.524278045e-06
7.524270668e-06
7.524263167e-06
7.524255576e-06
7.527086126e-06
4.465293975e-06
1.937654695e-06
8.016843743e-07
3.123035791e-07
1.127914601e-07
3.69898723e-08
1.068793624e-08
2.599828156e-09
4.959656811e-10
6.647117006e-11
5.687444607e-12
3.220783748e-13
1.478201923e-14
1.864155524e-15
-5.083196808e-09
4.096714091e-09
-1.090979533e-08
-1.0339025e-08
-1.017535751e-08
-1.480945594e-08
-2.311989653e-08
6.051999144e-08
-4.403825505e-10
-1.853043268e-07
-1.607243297e-07
3.17619309e-07
-2.104918862e-07
4.594118099e-07
1.522870864e-07
9.011600674e-08
1.315712118e-07
7.962110765e-08
1.942233173e-08
5.826318328e-08
-2.524723411e-06
-4.264353298e-07
1.554143905e-07
-8.191615615e-07
-5.465452105e-07
-7.075596206e-07
-6.982459933e-06
-9.216423128e-07
-7.018436705e-05
-1.176859087e-05
-3.262194936e-05
-5.623079572e-05
-6.803745534e-05
-5.964798343e-05
-3.768194905e-05
-1.368982578e-05
9.958113576e-07
-2.174917333e-08
7.564274242e-06
-7.695883678e-06
7.528440269e-06
7.524244948e-06
7.524240454e-06
7.524235439e-06
7.524219915e-06
7.5260925e-06
3.708496167e-06
1.607162641e-06
6.640076056e-07
2.581359953e-07
9.292710879e-08
3.032510835e-08
8.697221628e-09
2.091000175e-09
3.916550749e-10
5.169365216e-11
4.459429995e-12
2.637754258e-13
1.586997799e-14
5.106231945e-15
-1.057163431e-08
-9.396428979e-09
-9.33053268e-09
-9.914492536e-09
-1.648991278e-08
-6.906015487e-09
1.097589232e-09
6.376276045e-08
1.199548139e-08
-1.913194948e-07
-5.249960674e-08
1.465093978e-07
-7.161488853e-08
4.607434272e-07
1.846861772e-07
-4.404914292e-07
-1.630864595e-08
5.707387545e-08
-5.662200984e-08
-5.050140207e-08
-2.048607949e-07
-1.179402695e-06
-4.364997013e-07
-9.04409729e-07
-7.519497663e-07
-4.260811755e-07
-8.087118945e-06
1.058818483e-05
-2.171190131e-06
-8.801640035e-07
-2.481921079e-05
-0.0001012132438
-6.797238768e-05
-6.729268622e-05
-4.99188508e-05
-2.520048098e-05
-4.809775724e-06
2.863991317e-06
-6.124123138e-06
-7.666534303e-06
7.526990205e-06
7.524216042e-06
7.524212605e-06
7.524209107e-06
7.525055847e-06
6.647018548e-06
2.978200716e-06
1.286911725e-06
5.299073489e-07
2.050997585e-07
7.34015161e-08
2.376196669e-08
6.740674406e-09
1.597715906e-09
2.947778131e-10
3.870595124e-11
3.406270687e-12
2.221375723e-13
2.74551254e-14
1.879398038e-14
-9.707542333e-09
-8.780928634e-09
-9.230619664e-09
-1.6156643e-08
-9.783183025e-09
2.377125242e-09
6.890091007e-08
-1.531766918e-08
5.066929665e-08
-3.204901259e-08
1.07810188e-07
-4.254825932e-07
1.667745121e-07
-4.075947964e-07
1.953755445e-07
1.278263298e-07
-3.40038091e-08
4.2525022e-08
-9.396224416e-08
8.451981282e-09
1.385084609e-08
-1.102295671e-06
-1.086059823e-06
-4.87892395e-07
-4.238745093e-07
3.024837398e-08
-1.410668659e-06
9.362185712e-06
1.852224966e-06
-8.037468237e-05
-1.25158713e-05
-3.424429354e-05
-5.635310224e-05
-6.714931974e-05
-5.856905272e-05
-3.711769288e-05
-1.370827686e-05
9.239105865e-07
1.129467012e-06
7.521264605e-06
-7.689751398e-06
7.525849441e-06
7.524193394e-06
7.524190443e-06
7.525931308e-06
5.205524207e-06
2.323539786e-06
9.996529684e-07
4.095133606e-07
1.57498803e-07
5.591849459e-08
1.792488375e-08
5.026060223e-09
1.176696724e-09
2.150909489e-10
2.832121432e-11
2.594327267e-12
2.304852116e-13
8.094576913e-14
7.455313596e-14
-8.826568688e-09
-8.844857734e-09
-1.583790356e-08
-1.781693212e-08
3.242814477e-09
-5.492990437e-08
-2.345842202e-07
3.653903192e-08
-1.404487131e-07
2.580822678e-08
2.218939039e-07
4.261149711e-07
3.951866542e-07
3.841161738e-07
-3.820152006e-07
5.373703514e-08
-3.02137209e-08
4.613630301e-08
-9.233896468e-08
4.658581474e-08
1.00393247e-07
-1.060153628e-06
8.719190437e-07
-1.375905327e-06
-4.427948417e-07
-5.428997179e-07
-1.615694275e-07
-7.191656309e-06
-1.876205191e-06
6.170870393e-05
-9.041760562e-06
-2.526915383e-05
-4.9094152e-05
-6.745173661e-05
-6.682334062e-05
-4.941902544e-05
-2.484129327e-05
-4.697280926e-06
3.144985722e-06
-5.377332726e-06
-7.664381749e-06
7.525453149e-06
7.524180542e-06
7.524171097e-06
7.526138438e-06
3.980091364e-06
1.767474182e-06
7.560476776e-07
3.077050918e-07
1.174564934e-07
4.133833875e-08
1.311985556e-08
3.639909699e-09
8.439090823e-10
1.535180367e-10
2.049220724e-11
2.128376933e-12
4.086726195e-13
2.971892198e-13
2.944897905e-13
-9.165069236e-09
-1.525725188e-08
-7.204153412e-08
2.851504801e-09
-6.940250078e-08
6.496566466e-08
3.003748687e-08
5.630989282e-08
-1.974542692e-07
1.16016351e-07
1.618039575e-07
2.330025066e-07
-2.556194399e-07
-3.64927262e-08
4.937675495e-07
-2.996524488e-07
-1.9002185e-08
4.50044284e-08
-8.767772604e-08
4.346842942e-08
1.66120007e-07
-1.559830399e-06
-1.89049453e-07
-4.080952102e-07
1.033664109e-06
-4.889851674e-07
-1.123581127e-06
7.716971595e-06
1.566004014e-06
-1.757012189e-06
2.918377411e-06
-1.704847816e-05
-4.026992823e-05
-6.32469953e-05
-7.189967541e-05
-6.027750752e-05
-3.683296158e-05
-1.317808808e-05
9.752133487e-07
2.168016815e-06
7.38028599e-06
-7.687371179e-06
7.525035451e-06
7.524949244e-06
6.579420513e-06
2.974326046e-06
1.312691654e-06
5.578044493e-07
2.253700769e-07
8.533608271e-08
2.976795956e-08
9.357883318e-09
2.571552026e-09
5.917354409e-10
1.078786743e-10
1.525366598e-11
2.425120353e-12
1.202134996e-12
1.126060527e-12
1.133449445e-12
-1.252171519e-07
-1.012389972e-07
2.604698586e-08
2.116805896e-08
5.258991849e-08
2.439041761e-08
-8.761310702e-08
-4.643422994e-09
-1.389759468e-08
-2.293662751e-07
1.39752031e-07
4.52269743e-07
-5.207144184e-07
4.238757954e-07
5.800854883e-07
-4.505792552e-07
6.64183896e-08
5.370269692e-08
-3.816036532e-08
-3.755653573e-08
1.722159577e-08
-3.636490668e-07
3.011686881e-07
-3.912051926e-07
3.629792992e-07
-4.699911052e-07
4.889602459e-08
-8.554508237e-06
9.83587721e-06
-3.232308751e-07
-0.0001008360035
-1.0977092e-05
-3.241536773e-05
-5.769793821e-05
-7.253200394e-05
-6.760743525e-05
-4.793368977e-05
-2.333895132e-05
-4.061778731e-06
3.596326087e-06
-3.990678724e-06
7.548240953e-06
7.524169586e-06
7.525962177e-06
4.900174895e-06
2.173605888e-06
9.524010829e-07
4.018275366e-07
1.611043458e-07
6.049701234e-08
2.091702142e-08
6.51563782e-09
1.775972575e-09
4.079245412e-10
7.685163786e-11
1.382296677e-11
5.051318511e-12
4.20940704e-12
4.180745952e-12
4.222182992e-12
9.013863059e-08
-1.997919346e-08
4.677795671e-08
8.780064262e-08
-2.76432695e-07
-1.539138968e-07
1.627667412e-08
-2.941113326e-08
-1.795178239e-07
-1.88390286e-07
4.975863632e-08
9.29530033e-08
-7.504487257e-08
-3.396527604e-08
-2.42790529e-07
-3.435465642e-07
-3.596552601e-07
-3.687394226e-07
-3.009202524e-07
-2.171358436e-07
-1.703188542e-07
-2.508234567e-06
5.215073278e-08
5.109891932e-07
3.115330958e-07
-5.65993198e-07
-5.658969339e-07
-8.535768897e-07
-1.012383158e-05
1.847456976e-06
-7.672468703e-05
-1.046071144e-05
-3.225954334e-05
-0.0001136942041
-7.773894964e-05
-7.704217686e-05
-6.016860172e-05
-3.507346662e-05
-1.197264831e-05
1.437119268e-06
2.934430293e-06
-7.293626369e-06
7.525238695e-06
7.526468342e-06
4.042220087e-06
1.559474782e-06
6.74486929e-07
2.824564855e-07
1.123713111e-07
4.18544124e-08
1.43521261e-08
4.438545513e-09
1.208200064e-09
2.850388345e-10
6.345586463e-11
2.137077294e-11
1.546816359e-11
1.493673745e-11
1.501014273e-11
1.516349974e-11
-6.32544876e-08
-6.811277789e-08
1.193480066e-08
-9.840065097e-08
-1.336596265e-07
-1.938105307e-07
-2.707371258e-07
-4.764026743e-07
-6.526516449e-07
-6.75384741e-07
-6.15378331e-07
-6.548778558e-07
-7.100261319e-07
-7.706679215e-07
-8.126978595e-07
-9.413636548e-07
-9.681594877e-07
-9.661896212e-07
-8.67545473e-07
-7.248980161e-07
-6.415255672e-07
-5.03410942e-07
-1.180238574e-07
-2.096246726e-07
3.336959796e-07
-7.140802766e-07
-7.703819467e-07
-6.226285942e-07
-4.001351028e-06
-3.101545558e-06
-1.204568411e-06
1.532196361e-05
-2.02463339e-05
-4.557580452e-05
-6.876916541e-05
-7.85580523e-05
-6.850923673e-05
-4.601653956e-05
-2.119650155e-05
-3.015794904e-06
4.044343181e-06
2.216959047e-06
7.524176201e-06
7.524238449e-06
7.533513823e-06
1.226497977e-06
4.692014604e-07
1.940724874e-07
7.664275569e-08
2.835442816e-08
9.676411715e-09
3.00056969e-09
8.430984887e-10
2.305566683e-10
8.379159169e-11
5.567478203e-11
5.167533651e-11
5.145423865e-11
5.179828156e-11
5.230345694e-11
-1.738915165e-07
1.467757417e-07
-2.109377229e-07
-2.536376017e-07
-3.15928338e-07
-4.003689608e-07
-6.020322351e-07
-7.228017712e-07
-8.028797419e-07
-8.339207229e-07
-9.220716014e-07
-9.948752696e-07
-1.061966877e-06
-1.091840121e-06
-1.190623393e-06
-1.286821669e-06
-1.284671392e-06
-1.258073699e-06
-1.14084999e-06
-9.972569197e-07
-8.635329732e-07
-1.35609641e-07
-2.370115915e-07
-1.617122482e-07
-3.073069887e-07
9.596326429e-07
4.053809712e-07
-5.460395011e-07
8.514087094e-06
-1.023303526e-05
-1.758584387e-06
4.669662281e-05
-1.494803754e-05
-3.649411258e-05
-6.248200576e-05
-7.816364138e-05
-7.440155268e-05
-5.578152412e-05
-3.11943403e-05
-9.877977071e-06
2.114481619e-06
3.404018624e-06
6.709813279e-06
-7.685629273e-06
7.526657683e-06
4.92325495e-06
4.155728613e-07
1.331069881e-07
5.146631405e-08
1.900945181e-08
6.555971663e-09
2.126225125e-09
6.975884719e-10
2.910983597e-10
1.924989024e-10
1.729184416e-10
1.700161776e-10
1.702193533e-10
1.713106918e-10
1.728851012e-10
-1.078678453e-07
-1.339801998e-07
-1.73425984e-07
-2.223384117e-07
-2.903775138e-07
-4.750714075e-07
-5.841783794e-07
-7.545021572e-07
-7.92114377e-07
-7.728697538e-07
-8.353608974e-07
-8.640018524e-07
-7.526319551e-07
8.660082844e-07
-9.087191093e-07
-1.020153609e-06
-9.99426754e-07
-9.418377952e-07
-8.272138648e-07
-7.386137513e-07
-6.359322548e-07
2.802193472e-07
-2.767851555e-07
-5.620633504e-08
-4.594060162e-07
-1.607991745e-07
1.645267578e-07
-7.50107591e-08
-8.389779206e-06
1.110045063e-06
-1.039319999e-06
-1.214746216e-05
-1.573272057e-05
-3.885890247e-05
-9.831869934e-05
-8.438775403e-05
-8.339685879e-05
-6.67412904e-05
-4.207388441e-05
-1.817239937e-05
-1.699305837e-06
4.335106526e-06
2.729563008e-07
-7.652107214e-06
-7.683676467e-06
7.530672871e-06
5.087015184e-06
2.550917524e-07
4.021942793e-08
1.325929481e-08
4.81369113e-09
1.86420192e-09
9.071838933e-10
6.289138992e-10
5.574465754e-10
5.410929019e-10
5.38038724e-10
5.389115958e-10
5.420465659e-10
5.46744828e-10
4.822684263e-09
3.094295537e-10
-1.412774791e-08
-4.735157577e-08
-1.993730879e-07
-2.689746222e-07
-4.217704137e-07
-3.272640638e-07
-2.92326867e-07
-3.261844324e-07
-3.414411545e-07
-3.629361245e-07
-3.659440804e-07
-3.248086613e-07
-4.09889499e-07
-3.834218835e-07
-3.311266426e-07
-2.859866837e-07
-2.150888712e-07
-2.030814606e-07
-1.572395157e-07
5.303257056e-07
-2.815978294e-07
-4.255049336e-07
-7.034487758e-07
-9.841795187e-07
-1.599355268e-06
-2.107573195e-06
-2.140082829e-06
-1.834541517e-07
-4.961697498e-07
-4.511968079e-06
-1.127936606e-05
-2.565030751e-05
-5.036653218e-05
-7.265140279e-05
-8.207933411e-05
-7.294955231e-05
-5.17331603e-05
-2.733421448e-05
-7.648524464e-06
2.968850634e-06
3.936705027e-06
-5.843061182e-06
-7.65302365e-06
-7.68360494e-06
7.531355469e-06
3.606212026e-06
1.833066545e-07
1.688813435e-08
4.909371492e-09
2.632869018e-09
1.941992202e-09
1.725867703e-09
1.658643416e-09
1.636308606e-09
1.629565453e-09
1.631426179e-09
1.640112854e-09
1.653623018e-09
1.257955392e-07
1.35964276e-07
1.248141841e-07
-4.979365438e-09
-5.73161014e-08
-1.546358222e-07
-6.273613557e-08
5.093324587e-08
6.470220116e-08
9.546024077e-08
1.09333114e-07
5.057195915e-08
-3.75327241e-08
5.297986664e-08
8.093952123e-08
1.277393045e-07
1.529523221e-07
1.498455036e-07
1.44171082e-07
5.094876081e-08
3.593497277e-08
5.10463285e-07
-4.638883258e-07
-7.961883928e-07
-1.2582449e-06
-1.846882515e-06
-2.457927541e-06
-3.190666635e-06
-3.605348677e-06
-1.066053057e-06
-2.111804684e-07
-2.351514128e-06
-5.676265239e-06
-1.635534429e-05
-3.894486851e-05
-6.452823808e-05
-8.026641471e-05
-7.754327027e-05
-6.038537595e-05
-3.673347451e-05
-1.484658032e-05
-2.488907562e-07
4.959728675e-06
1.392792532e-06
-7.598006506e-06
7.548454601e-06
7.524324865e-06
7.533178588e-06
2.215159412e-06
1.205819332e-07
1.235560587e-08
5.947220201e-09
5.138919987e-09
4.894957657e-09
4.790791824e-09
4.739509902e-09
4.718280596e-09
4.721126518e-09
4.744548544e-09
4.781959929e-09
1.117613168e-07
1.105871721e-08
-3.917338767e-08
-4.910259181e-08
-5.80750601e-08
-5.234876985e-09
1.62109744e-08
1.057602725e-07
1.360524316e-07
1.814883403e-07
2.208503559e-07
2.018302903e-07
1.23633038e-06
1.761056497e-07
2.151047958e-07
2.073928612e-07
1.95354601e-07
9.763634445e-08
7.227232164e-08
-9.947076311e-08
-1.870340232e-07
1.663536278e-07
-9.049237431e-07
-1.319742145e-06
-1.837904641e-06
-2.465514021e-06
-3.028008352e-06
-3.737867489e-06
-4.201349433e-06
-3.289374479e-06
-3.113937443e-06
-7.059729503e-06
1.1945099e-05
-2.04119939e-05
-4.161098015e-05
-0.0001016349605
-8.561715968e-05
-8.563116253e-05
-7.05197789e-05
-4.701078884e-05
-2.327240961e-05
-5.408758718e-06
3.854864998e-06
4.405749048e-06
5.030855264e-06
-7.677473355e-06
-7.683470332e-06
7.525977686e-06
7.535813295e-06
8.588585279e-07
5.995712081e-08
1.678028222e-08
1.399969288e-08
1.350546143e-08
1.326697819e-08
1.312736452e-08
1.306384092e-08
1.306931428e-08
1.313201646e-08
1.323191154e-08
-1.388096005e-07
-1.437392187e-07
-1.824912647e-07
-1.408946342e-07
-8.756766621e-08
-7.266509038e-08
-5.963078906e-08
-5.05759794e-08
1.489275997e-07
-2.291005523e-07
-4.936992533e-09
-4.250840402e-08
-2.132524998e-06
1.182449878e-07
8.069445384e-08
9.636899333e-08
7.458063567e-08
-5.972061165e-08
-1.03026375e-07
-3.183411843e-07
1.666463548e-07
-4.563531132e-08
-1.045032277e-06
-1.367462392e-06
-1.742905375e-06
-2.169739161e-06
-2.477289284e-06
-2.870223385e-06
-2.986375146e-06
-2.911055873e-06
-2.703399352e-06
-5.885734013e-06
1.674729219e-05
-1.601409276e-05
-2.677562517e-05
-5.027456479e-05
-7.296453847e-05
-8.35540199e-05
-7.573484888e-05
-5.567141915e-05
-3.182610122e-05
-1.154347955e-05
1.250533236e-06
5.463843758e-06
1.556097727e-06
7.460674867e-06
-7.655928902e-06
-7.682847235e-06
7.527584505e-06
4.354587168e-06
2.822543874e-07
5.043456677e-08
3.723254065e-08
3.577691714e-08
3.516191671e-08
3.47916517e-08
3.462465183e-08
3.46417355e-08
3.480348673e-08
3.505983992e-08
-1.871131951e-07
-1.817815488e-07
-1.496140383e-07
-4.565223676e-08
-4.548892168e-07
-3.448765288e-07
4.964909049e-07
-2.768398277e-07
-1.642411163e-07
1.456684866e-07
-2.402194808e-07
4.065889343e-07
-2.344185079e-07
-1.027296106e-07
1.573379757e-08
6.742327829e-08
6.637172031e-08
-6.516043567e-08
-3.53413247e-08
-1.805471704e-07
4.082223368e-07
2.967374611e-07
-5.466795536e-07
-6.609635778e-07
-7.832096823e-07
-9.215841514e-07
-9.313130857e-07
-1.051359807e-06
-9.723440584e-07
-1.612579464e-05
2.197913728e-06
2.300107392e-06
-4.054655908e-07
-3.425324102e-06
-1.392292457e-05
-3.730057981e-05
-6.392534245e-05
-8.109535755e-05
-7.955499105e-05
-6.331844378e-05
-4.02904193e-05
-1.846134427e-05
-2.905621159e-06
4.719158867e-06
4.491617484e-06
5.391480913e-06
-7.655926608e-06
-7.661623637e-06
7.525862921e-06
7.532432574e-06
1.048036314e-06
1.473989542e-07
9.54432964e-08
9.088680839e-08
8.930735526e-08
8.838089593e-08
8.798109155e-08
8.803663735e-08
8.844395483e-08
8.908318825e-08
-2.14136112e-07
-1.061559164e-07
-2.593198454e-07
-1.391897897e-07
-4.719968362e-08
3.635242024e-07
-3.365614677e-07
4.311089882e-07
1.354096265e-07
2.296123863e-08
4.461491485e-06
-1.6581139e-06
-4.238484457e-08
1.425397526e-07
-1.530259767e-07
2.998227478e-08
1.005805609e-07
2.922656094e-07
1.322594592e-07
7.420260242e-08
7.735172853e-07
7.617060618e-07
5.282117629e-08
1.338035212e-07
2.027654153e-07
2.019311649e-07
2.453678059e-07
2.389016273e-08
-7.605771771e-08
5.474990858e-07
2.25646653e-06
2.098839719e-06
-1.609710557e-06
-5.966895729e-06
-1.515063717e-05
-3.462075477e-05
-4.505217977e-05
-8.218070297e-05
-8.657012297e-05
-7.25147469e-05
-4.934634943e-05
-2.587113351e-05
-7.797127463e-06
2.855864302e-06
5.819810135e-06
8.4480141e-07
-7.64225744e-06
7.548446982e-06
7.52414933e-06
7.526293285e-06
3.309795782e-06
4.062958331e-07
2.350247455e-07
2.215509409e-07
2.176830611e-07
2.155239245e-07
2.1463341e-07
2.147926143e-07
2.157597492e-07
2.172756874e-07
-3.147749431e-07
-5.08069017e-08
-4.487494126e-08
3.246113456e-07
2.72334407e-07
-3.401475556e-07
4.427996097e-07
-1.379677925e-07
8.428276844e-08
4.413432754e-06
-1.910384677e-06
-1.369586187e-07
-1.052786539e-07
2.407974213e-07
7.515873078e-08
2.040520554e-07
-4.963952548e-08
5.108433571e-08
1.069867534e-07
1.086609118e-07
8.562384459e-07
8.896898573e-07
2.401860415e-07
4.197720763e-07
5.840259623e-07
6.374160287e-07
7.037972518e-07
3.677261105e-07
-1.614606041e-07
-9.304720599e-07
-1.203432327e-07
-3.672986927e-06
-1.391226646e-05
-2.45003851e-05
-2.930526765e-05
-4.333323099e-05
-6.808168416e-05
-9.001983482e-05
-9.569693774e-05
-8.204762416e-05
-5.814233331e-05
-3.299432462e-05
-1.282946835e-05
3.551426409e-08
5.660919705e-06
4.017082694e-06
-6.565496263e-06
7.527025743e-06
7.524149739e-06
7.524136578e-06
7.533202406e-06
1.020483591e-06
5.53653904e-07
5.18286664e-07
5.094588791e-07
5.04791116e-07
5.02971969e-07
5.034516813e-07
5.056953598e-07
5.091684225e-07
-5.429755791e-08
-3.831370661e-08
3.798531694e-07
3.944382618e-07
-3.437075508e-07
4.370483872e-07
-5.864218993e-08
-7.590269598e-08
-3.770837497e-07
3.034868094e-07
-1.889843361e-06
2.928492832e-08
-6.042556297e-08
2.144926733e-07
9.118429812e-08
9.871223767e-08
1.018511449e-07
6.391057048e-09
-4.996156642e-08
-5.406846041e-08
-1.70554884e-07
2.286681703e-07
-3.967370412e-08
2.996544077e-07
5.207896743e-07
6.742786105e-07
7.180602095e-07
7.441918572e-07
5.614939374e-07
3.372981614e-07
1.928022064e-06
-2.103783798e-06
-8.521727772e-06
1.03850335e-05
-2.362069666e-05
-3.522924192e-05
-5.882742159e-05
-8.272419381e-05
-9.319722641e-05
-8.437613157e-05
-6.325465443e-05
-3.867186256e-05
-1.762481024e-05
-3.217210787e-06
4.570249606e-06
5.945893801e-06
1.25236119e-06
7.524155775e-06
7.524143024e-06
7.524136281e-06
7.526509133e-06
2.223296345e-06
1.22365345e-06
1.149237531e-06
1.132064579e-06
1.123746401e-06
1.1212001e-06
1.123201381e-06
1.128543963e-06
1.136031239e-06
)
;

boundaryField
{
    inletCH4
    {
        type            calculated;
        value           uniform 0;
    }
    wallOutside
    {
        type            calculated;
        value           nonuniform List<scalar> 
70
(
3.769592103e-28
2.573721543e-27
1.015124359e-26
3.31917704e-26
9.800595817e-26
2.704250891e-25
7.090564877e-25
1.780916901e-24
4.315098953e-24
1.012426521e-23
2.304164803e-23
5.107233034e-23
1.105109474e-22
2.331803084e-22
4.822298547e-22
9.790819678e-22
1.947335021e-21
3.815338186e-21
7.393599822e-21
1.410033336e-20
2.662889748e-20
5.017690934e-20
9.377489861e-20
1.736821666e-19
3.225417069e-19
5.977678992e-19
1.092517538e-18
1.98040747e-18
3.576163146e-18
6.332366098e-18
1.090496442e-17
1.841812759e-17
3.055122517e-17
4.90201489e-17
7.561881228e-17
1.131421399e-16
1.646266479e-16
2.309921722e-16
3.107481132e-16
4.025224011e-16
5.045858274e-16
6.128297057e-16
7.193113441e-16
8.145376271e-16
8.921552808e-16
9.493157435e-16
9.841070467e-16
9.968982342e-16
9.951886135e-16
1.006840749e-15
1.14220181e-15
1.864155524e-15
5.106231945e-15
1.879398038e-14
7.455313596e-14
2.944897905e-13
1.133449445e-12
4.222182992e-12
1.516349974e-11
5.230345694e-11
1.728851012e-10
5.46744828e-10
1.653623018e-09
4.781959929e-09
1.323191154e-08
3.505983992e-08
8.908318825e-08
2.172756874e-07
5.091684225e-07
1.136031239e-06
)
;
    }
    wallTube
    {
        type            calculated;
        value           nonuniform List<scalar> 
61
(
-2.823956228e-08
-4.740100997e-06
-2.865486106e-06
-2.732353205e-06
2.733006834e-07
-3.333441712e-06
4.033232813e-06
-3.43963536e-06
2.736403717e-06
-2.245128131e-06
1.99589298e-06
2.466775844e-07
-2.099712232e-06
-1.81325912e-06
-2.221657925e-06
-1.557694625e-07
2.121763455e-06
-2.244232049e-06
2.205492626e-06
-3.836957817e-06
0.0008284733935
-3.48759826e-05
-0.005360618375
-0.001119810982
-0.001220318172
-0.00213303706
0.001453367823
-0.0003606332208
-0.003074752149
-0.002208796975
-0.002033523026
0.0009346942483
0.0002077449741
-0.0005927629759
-0.0008643874834
-0.000723667587
-0.0006110762098
-0.0006498919002
-0.0009037115261
-0.0004098090711
-0.003632547449
-0.0006787367444
0.003036857532
-0.001086493788
-0.0006999297679
-0.0001223047842
-0.001618905711
-0.002439018702
-0.001685967344
-0.00198750344
0.0003528559201
-0.0001777454647
-0.000719112595
-0.0008887844208
-0.0009143122257
-0.0008470022114
-0.00100236437
-0.0006551300136
-0.001150020573
0.001491577369
0.0005035119217
)
;
    }
    inletPilot
    {
        type            calculated;
        value           nonuniform List<scalar> 5(0.0002592708956 0.0001872813071 0.0003301651562 -0.000154759353 -0.0003296875085);
    }
    inletAir
    {
        type            calculated;
        value           uniform 0;
    }
    outlet
    {
        type            calculated;
        value           nonuniform List<scalar> 
71
(
0.0001600592757
0.0001598263865
0.0001589991556
0.0001573060164
0.0001666086869
0.0001599981986
0.0001609827762
0.0001630299623
0.0001624513316
0.0001634883451
0.0001629143831
0.0001634064768
0.0001631741053
0.000163545233
0.0001633126316
0.0001624210513
0.0001622804039
0.0001619787192
0.000162920261
0.0001564096873
6.604806297e-05
6.477735535e-05
6.819507762e-05
5.922842837e-05
6.008455999e-05
5.95157002e-05
6.027426087e-05
5.703494661e-05
7.237318312e-05
7.400959934e-05
7.332773386e-05
7.256367806e-05
7.271198289e-05
2.254095185e-05
2.120658785e-05
2.125157814e-05
2.177418425e-05
1.317084916e-05
1.333941766e-05
1.612256034e-05
1.253622899e-05
1.690717764e-05
1.267504819e-05
6.38225747e-06
1.084535046e-05
-2.333064419e-05
-3.518271628e-05
-5.882353946e-05
-8.272179781e-05
-9.319451585e-05
-8.437433835e-05
-6.325301262e-05
-3.867194006e-05
-1.762205435e-05
-3.213516261e-06
4.573318973e-06
5.94574911e-06
1.244634264e-06
7.521823671e-06
7.524700611e-06
7.524187016e-06
7.526529895e-06
2.223296263e-06
1.22365341e-06
1.149237497e-06
1.132064546e-06
1.12374637e-06
1.12120007e-06
1.123201351e-06
1.128543932e-06
1.136031206e-06
)
;
    }
    axis
    {
        type            empty;
    }
    frontAndBack_pos
    {
        type            wedge;
    }
    frontAndBack_neg
    {
        type            wedge;
    }
}


// ************************************************************************* //
