/*--------------------------------*- C++ -*----------------------------------*\
  =========                 |
  \\      /  F ield         | OpenFOAM: The Open Source CFD Toolbox
   \\    /   O peration     | Website:  https://openfoam.org
    \\  /    A nd           | Version:  10
     \\/     M anipulation  |
\*---------------------------------------------------------------------------*/
FoamFile
{
    format      ascii;
    class       volScalarField;
    location    "0.0250188088";
    object      ddt0(rho,CH);
}
// * * * * * * * * * * * * * * * * * * * * * * * * * * * * * * * * * * * * * //

dimensions      [1 -3 -1 0 0 0 0];

internalField   nonuniform List<scalar> 
5170
(
-1.919367664e-108
-3.360503701e-107
-3.306808255e-106
-5.749544907e-105
-3.291540101e-103
-6.990054973e-104
-1.267630866e-102
-1.256855731e-101
-2.658724322e-100
-3.484721635e-98
-2.559862834e-99
-4.843063191e-98
-5.037725988e-97
-1.463444465e-95
-3.257362174e-93
-9.441161401e-95
-1.886835608e-93
-2.172127764e-92
-9.108077736e-91
-2.783228731e-88
-3.516142782e-90
-7.554764668e-89
-1.018216834e-87
-6.109469144e-86
-2.233491532e-83
-1.326829853e-85
-3.130221228e-84
-5.201031875e-83
-4.312361942e-81
-1.718657132e-78
-5.090339523e-81
-1.349016574e-79
-2.881352465e-78
-3.163372785e-76
-1.287632227e-73
-1.99135504e-76
-6.062837041e-75
-1.71707146e-73
-2.39736831e-71
-9.497064544e-69
-7.957691684e-72
-2.84225132e-70
-1.089242454e-68
-1.874653794e-66
-6.94689568e-64
-3.250335632e-67
-1.387344662e-65
-7.281643364e-64
-1.505636285e-61
-5.066385379e-59
-1.355390616e-62
-7.021931118e-61
-5.055703145e-59
-1.233205678e-56
-3.696541192e-54
-5.756018061e-58
-3.663764273e-56
-3.60583323e-54
-1.017909129e-51
-2.70209768e-49
-2.477053811e-53
-1.955031161e-51
-2.595304793e-49
-8.366056578e-47
-1.981239647e-44
-1.074154989e-48
-1.055690601e-46
-1.858142956e-44
-6.745688061e-42
-1.458523767e-39
-4.645849275e-44
-5.710787148e-42
-1.304974098e-39
-5.261840543e-37
-1.078102447e-34
-1.986715362e-39
-3.055295129e-37
-8.880529414e-35
-3.921334234e-32
-8.000875217e-30
-8.2274571e-35
-1.588626514e-32
-5.755336958e-30
-2.753270674e-27
-5.958877978e-25
-3.258202308e-30
-8.007554337e-28
-3.512583413e-25
-1.799002036e-22
-4.451786558e-20
-1.167766569e-25
-3.718001693e-23
-1.971069255e-20
-1.072342695e-17
-3.333520571e-15
-3.641585049e-21
-1.673949927e-18
1.26554326e-12
1.622892252e-13
-1.905892252e-12
2.391550409e-17
2.498587996e-17
2.556753084e-17
1.353110128e-17
-2.937775258e-17
1.009100026e-17
3.38036698e-18
3.959217483e-18
6.274226158e-18
-4.050169744e-17
7.323998371e-19
1.426348302e-17
-1.008177284e-17
-2.38294144e-20
-2.74425061e-18
-1.006613704e-18
-1.251080514e-18
-4.187625998e-18
2.60139045e-18
5.605963016e-17
-2.24312752e-15
-3.66395875e-17
1.965278303e-17
3.693297241e-17
6.725657177e-16
-3.841996848e-13
1.967836392e-14
9.268491856e-16
-3.192771217e-14
9.489596162e-13
-2.916000533e-12
2.44888697e-12
-4.409174285e-13
2.843206271e-12
2.623185537e-10
8.077108229e-10
-9.755991505e-12
4.215048385e-12
5.363186789e-10
-3.366068286e-10
1.350472319e-10
2.068906369e-10
8.219399045e-10
2.379886916e-10
-4.07948579e-10
-2.676956228e-11
-5.379184188e-10
-3.629795135e-10
9.734060536e-11
-1.699818164e-11
-1.168304068e-11
-1.736264668e-10
-1.231213142e-10
1.717507522e-10
-2.656154986e-11
-2.915977447e-11
2.009180256e-11
-4.298050461e-10
-2.922162639e-11
-6.495054078e-11
-7.963175761e-11
-2.18849005e-11
-1.619487827e-11
-3.249351649e-12
-1.077332315e-10
-8.036837963e-11
-2.587429588e-11
-2.372018003e-11
-6.316591393e-11
-1.294122939e-10
-1.287629291e-10
-7.054296493e-11
-5.401462802e-11
-1.123357955e-10
-2.308776974e-11
-7.263566421e-11
-1.156741808e-10
-1.025766004e-10
-1.523157019e-10
-7.635817067e-11
-1.677833228e-11
-1.486434527e-10
-1.469484482e-10
8.017797176e-12
9.314529224e-11
-6.938914176e-11
7.803382428e-13
-2.380681676e-12
-7.550869269e-11
8.16826561e-10
4.648482287e-11
-6.066479552e-11
-5.366460433e-11
4.446440733e-11
-8.188111679e-10
-6.363945794e-08
-2.422002357e-09
-2.479379147e-10
4.682423768e-11
-1.558119735e-10
1.266620502e-12
8.295209325e-13
9.075835209e-13
-2.273821171e-10
-5.994155102e-09
-7.665942828e-17
2.25223647e-13
-6.504506362e-12
7.245717681e-11
-1.824062371e-10
-7.177917137e-15
-1.114665534e-12
-3.588269738e-12
3.922819885e-11
2.496469498e-10
-3.020820206e-13
-7.769109687e-12
-5.90787969e-10
3.618043524e-10
4.197933696e-09
-6.39815928e-12
-3.273540265e-12
-2.576096908e-11
-2.316762176e-09
-3.499130484e-08
-5.622123294e-12
-7.411034586e-12
1.186405267e-10
3.456562042e-09
3.156749739e-08
-4.364140036e-12
-6.395484463e-12
4.275679019e-11
1.708268288e-09
2.76158983e-08
6.133219595e-13
1.092093153e-09
-4.214922333e-11
3.583892963e-10
7.016312579e-09
-3.051225792e-11
-6.327595373e-10
-1.835527644e-10
-8.975522645e-10
6.036024257e-10
-2.344495907e-12
-1.221766991e-10
-1.494305159e-10
-7.21439381e-10
-3.604462875e-11
-6.225545029e-12
-4.791400213e-11
-4.101063978e-10
-2.078480401e-09
4.122775891e-09
-2.631713051e-12
-1.576688385e-11
-1.468581465e-10
-1.372216371e-09
-1.072479744e-08
2.144681381e-10
1.479954735e-11
1.036290317e-10
1.574874814e-10
-4.113014422e-09
-1.68821714e-11
2.665967749e-11
8.764520161e-11
1.489933024e-10
1.027419005e-09
3.008969892e-11
1.362044659e-10
6.580749479e-10
2.772323077e-09
1.532602777e-08
-1.708361335e-11
-8.902604819e-11
-3.38791049e-10
-1.363761957e-10
2.394875429e-09
4.980049517e-11
6.569254413e-11
2.597364075e-10
4.762923841e-10
3.544309945e-08
-4.401433742e-10
-6.035793689e-10
2.747794297e-09
-3.948956983e-09
8.756461306e-08
-1.397342524e-09
-6.85005333e-09
-8.735718798e-09
-7.636659031e-08
-2.415698088e-07
8.767382837e-11
-2.263348336e-10
2.991101287e-09
2.485689934e-08
1.767577844e-07
7.622202716e-10
9.940289651e-10
2.51106891e-09
1.112459757e-08
6.00578136e-08
1.496268843e-09
2.079200937e-09
3.609226694e-09
6.996052888e-09
1.598955685e-08
1.181222294e-09
1.551683673e-09
2.4362888e-09
3.981102847e-09
6.513991126e-09
8.067752774e-10
8.623434674e-10
2.990589115e-10
1.324380188e-09
2.032409135e-09
1.11823006e-10
1.486608968e-10
3.046879871e-10
2.037024155e-10
4.619155868e-10
2.205251761e-11
-4.998362515e-12
5.90921536e-12
7.328601585e-11
7.280924763e-11
2.194275263e-12
2.385634343e-12
2.632327425e-12
6.884832373e-12
5.124142073e-12
1.538570777e-13
4.290901159e-13
1.559375217e-13
6.201168083e-13
8.085623784e-13
4.02151312e-14
7.138731557e-15
9.178496121e-15
4.655938184e-14
-1.375453061e-13
4.909730946e-15
3.942806623e-15
-3.845773596e-15
-7.987331938e-15
-1.989436589e-14
2.939087775e-15
3.51817728e-15
5.104185646e-15
3.937828101e-15
1.167770128e-15
-2.939887837e-18
4.135941381e-18
4.892109529e-17
2.066785037e-16
9.294217349e-17
-5.276742728e-20
-5.97489425e-20
-3.93786366e-19
5.944123071e-18
8.527909859e-18
-1.88141176e-21
2.225380988e-21
2.355490306e-20
3.232193582e-19
5.493524288e-19
-1.237750643e-22
-1.822559819e-22
2.073289134e-22
1.520004437e-20
2.803721712e-20
-3.567954648e-24
8.492215646e-24
-1.969455995e-23
8.210224238e-22
1.157692214e-21
-1.672076757e-25
-1.124117954e-25
1.714579857e-24
1.549961422e-23
6.26225768e-23
1.344532501e-26
1.701197192e-25
4.453625042e-25
6.948706601e-25
8.181280701e-25
4.546896085e-26
4.033807108e-26
3.223705084e-26
3.467505911e-26
4.854034464e-26
4.597123242e-27
4.858072657e-27
5.176465211e-27
1.491500751e-26
1.750173205e-26
3.173990522e-26
3.230487288e-26
3.250716965e-26
2.902429547e-26
9.877087716e-27
-3.381000025e-26
-3.229628297e-26
-2.781270193e-26
1.650584311e-26
-5.158917699e-26
4.775981799e-28
5.555850998e-28
-4.26664311e-28
1.610970846e-27
-5.263278357e-27
-1.125220045e-27
1.487440137e-27
1.860147113e-27
-3.14425915e-27
4.12028205e-27
-1.222262419e-26
3.991430037e-28
-7.957445153e-28
-6.446580072e-27
-2.5069156e-26
8.37982105e-27
-1.010807638e-26
1.287692174e-27
2.524001915e-27
3.367782121e-26
-5.252557133e-26
1.388694248e-25
-4.07958139e-26
-1.374686772e-27
-1.001764357e-25
4.344510309e-28
-3.360245072e-28
2.59705549e-27
-9.387962152e-28
-2.508305351e-28
5.975312298e-28
3.092142071e-28
-3.261415711e-28
-2.761969478e-28
-2.785380299e-28
-2.555038046e-28
-1.813685712e-28
-9.758970622e-29
2.61657007e-28
4.18585039e-29
-8.452520539e-29
1.397614204e-29
2.995320275e-28
2.705001632e-28
1.089155039e-28
3.176506461e-28
5.277616791e-29
4.814446746e-28
8.872177039e-29
8.897999596e-29
1.950499404e-28
1.786664068e-28
1.666983134e-28
1.730259022e-28
1.925835037e-28
4.312831566e-28
4.308461743e-28
4.239619429e-28
4.037235685e-28
3.68936492e-28
-6.388940398e-29
4.779991628e-30
3.298540685e-29
4.946735322e-29
1.496430709e-29
-1.530043496e-29
-1.040818439e-29
-7.758948866e-29
-3.601402451e-28
-9.508034972e-28
1.052158569e-27
1.789024329e-27
3.407174929e-27
-1.583826944e-27
-3.876221031e-27
2.91466471e-28
2.378924468e-27
1.841107114e-27
2.522413462e-27
1.867177305e-27
1.565920902e-27
1.545782374e-27
2.757987957e-27
1.36916602e-27
1.295537578e-27
3.669551859e-27
1.984768712e-27
-1.656111003e-27
6.610920436e-27
-2.089099726e-26
5.098128931e-26
1.149865775e-25
-6.458881549e-26
1.26669692e-25
-1.249685711e-25
2.085393594e-26
-4.129553448e-26
1.253723136e-25
4.074944659e-27
1.73713178e-25
1.633638766e-26
1.556373422e-26
2.20556261e-26
-1.736043831e-26
-7.751558031e-26
1.62203176e-24
1.760772666e-24
2.257641154e-24
-3.056949547e-24
3.968752811e-24
2.141293392e-24
2.064191024e-24
2.108375205e-24
2.006551584e-24
3.548447322e-24
-3.551331768e-24
2.731720459e-24
1.991069101e-24
2.978012342e-24
-3.926543681e-24
-4.6049146e-25
-5.201061973e-25
1.366280871e-24
-5.431146013e-25
5.280917964e-25
-2.457430416e-24
-2.472476086e-24
-2.466565199e-24
-2.380365436e-24
-2.089306974e-24
-2.718152301e-24
-2.780623983e-24
-2.832856189e-24
-2.791652846e-24
-2.390128736e-24
-1.622597636e-24
-1.672065872e-24
-1.697735448e-24
-1.631388207e-24
-1.210921867e-24
2.396574444e-08
-4.169491358e-09
-4.14274594e-10
5.048080835e-10
2.329868076e-08
-7.952479679e-08
1.756982685e-07
3.447428426e-08
1.926932363e-08
1.694124375e-08
7.071917187e-08
-3.468433933e-08
-3.472977307e-08
7.288899068e-09
-3.127879734e-08
-3.321855023e-08
-1.802787851e-08
1.430884986e-08
-2.663276472e-07
7.806602082e-07
2.366262333e-07
3.737527364e-08
9.426233824e-09
2.679517303e-09
7.372391978e-10
8.087423184e-11
1.072562349e-11
9.757463545e-13
-4.693670582e-13
-4.587245855e-14
-8.800373159e-16
2.178608022e-17
4.8553294e-18
5.011079217e-19
-5.183414059e-20
-5.127596406e-22
-6.197115987e-23
2.17806177e-24
-7.207807886e-26
3.84325003e-26
-4.802879087e-26
2.174637009e-25
1.735868563e-26
4.943450163e-27
8.709053088e-26
-1.475624577e-25
3.106162132e-26
5.585107497e-27
-5.198017932e-28
-5.11735981e-29
5.363667208e-29
1.545538926e-27
2.132803387e-28
3.424902598e-28
5.870861232e-29
-8.041908088e-28
6.580555535e-27
-5.087947797e-28
5.254634223e-27
-2.744100313e-26
3.260446161e-25
-3.95367897e-25
-8.406426179e-26
-8.49654534e-24
-6.882109864e-24
6.95867372e-24
4.318264461e-24
-1.505681796e-24
-1.90805929e-24
-7.63103989e-25
-2.116748242e-08
-5.658035711e-10
-3.330939596e-11
-5.568826543e-11
-1.165990622e-11
-3.916879827e-09
4.896047127e-10
-1.657863887e-09
-3.442263503e-10
-6.530172439e-12
-2.710947286e-10
9.689597864e-11
-2.124371102e-08
4.29367859e-09
7.227172375e-11
3.049125393e-08
7.335600106e-08
-2.806612704e-07
9.678682639e-08
-1.220525361e-08
-3.45039225e-07
-5.557561285e-06
-1.785171079e-05
-4.354864873e-06
-7.718744329e-08
5.775515582e-07
1.779682375e-06
-8.65463562e-05
1.3936626e-06
2.8286054e-07
5.669021046e-08
-1.851206252e-06
-2.861372417e-06
-2.037442279e-06
3.209642608e-09
1.179343072e-07
2.921247889e-07
1.610150186e-06
-8.329075532e-06
-9.287134955e-07
9.265832765e-08
2.260772554e-07
-1.035788865e-05
-0.0001536268048
-8.930845522e-06
9.065710923e-08
8.668309277e-07
5.8875469e-06
-0.0001097889531
4.23209786e-06
-6.872936291e-08
1.390561244e-07
6.44219458e-07
0.0001823697177
5.349158601e-07
6.25721545e-08
-2.774208623e-08
6.541187132e-06
9.116862628e-05
-0.0001701403641
-8.398938e-09
-3.140594067e-06
-5.539362832e-07
6.337731215e-06
-1.026961136e-05
5.382204665e-08
1.081961675e-06
1.691318958e-08
5.036705076e-07
1.462231361e-06
1.183706339e-08
1.335979159e-06
2.748229373e-08
9.622093286e-08
0.0001549398668
-2.750706982e-07
1.346358661e-06
1.776151478e-08
-1.308829541e-07
-0.0001927072468
2.924666723e-07
-8.111384424e-07
-1.711498661e-06
-1.604211995e-05
-2.677791092e-06
-1.30754524e-07
-2.992371461e-07
-1.255357214e-06
-6.869784544e-06
-2.889908639e-05
-5.703544647e-07
-2.393778323e-06
-8.230967705e-06
-1.769282188e-05
8.564839382e-05
2.787469737e-06
1.781879276e-05
7.002473156e-05
-0.0001047155438
-0.006117067277
8.674412546e-07
5.777145572e-06
2.98969103e-05
0.0001112408859
-1.778053991e-05
1.063464013e-07
6.37723036e-07
3.196510603e-06
1.240244523e-05
1.65169955e-05
1.504989135e-08
5.593618449e-08
2.423147918e-07
9.013324631e-07
1.536750881e-06
3.482042705e-09
6.898780564e-09
1.828580405e-08
5.485501255e-08
9.644064437e-08
7.501945977e-10
1.181848034e-09
1.869355675e-09
3.5834098e-09
5.464024792e-09
1.304620691e-10
1.752685201e-10
2.174432966e-10
2.420771734e-10
2.339852751e-10
1.568580494e-11
2.447619012e-11
2.199125683e-11
2.582114861e-11
2.442983956e-11
1.173957681e-12
3.004556047e-12
3.319731893e-12
9.916001507e-13
3.59050477e-12
1.718714259e-12
-3.93732813e-14
6.029469512e-14
1.661275712e-13
4.875833999e-13
-2.212793411e-14
4.330657528e-14
-1.203539631e-13
6.382633659e-15
-1.139508583e-14
-4.360324446e-15
1.174523033e-15
-6.574491202e-16
4.320589846e-16
-9.973105227e-17
-1.358116701e-16
4.762031083e-17
-1.304088606e-17
-1.823579188e-17
2.650673355e-17
3.076247529e-19
-1.663402682e-18
5.523547038e-18
-4.157658502e-18
-1.396335431e-19
5.02545037e-19
5.388502263e-19
3.04128837e-19
1.745327962e-19
3.879879325e-20
-2.286444657e-19
4.730225325e-21
-5.427924029e-22
-3.007565861e-22
8.741058641e-22
-4.495269042e-21
-6.628229138e-23
-4.686792476e-23
9.126959574e-25
-1.243351751e-24
-1.975369263e-22
3.770707705e-25
7.966515462e-25
-1.797731264e-24
4.389169345e-25
-4.684676175e-27
3.284107327e-25
1.277191324e-25
2.807591716e-25
2.94543019e-26
1.065328228e-25
2.663164911e-26
4.310552942e-26
-9.478002844e-26
6.69148469e-26
2.669211733e-26
3.22939244e-26
-1.204795332e-25
1.31228569e-26
1.849607515e-26
-3.751005819e-26
-1.972468533e-27
-8.141472236e-27
2.125773752e-27
2.897809806e-27
-3.13525026e-26
1.090490739e-26
7.084659953e-27
7.119371862e-28
-3.973049338e-26
-6.590713319e-27
9.060193333e-27
-2.506503424e-26
-6.430035695e-26
2.824498893e-26
-1.029289923e-26
-2.934720231e-26
-2.868264976e-27
3.270916565e-26
5.704336236e-26
-5.61931433e-27
-2.056545652e-26
2.315763001e-26
-5.054278554e-26
3.140189739e-26
4.585580305e-27
8.677472005e-26
1.132349091e-25
-1.298739364e-26
-3.722505489e-27
-8.864488578e-26
-1.479430817e-25
-7.60217765e-26
-1.573035459e-26
2.281660927e-27
-7.255651909e-27
-1.46441905e-26
-6.956086283e-27
-1.34871524e-27
-1.994117618e-27
-6.040408948e-28
6.147227706e-28
5.598953417e-28
2.926119995e-27
-2.724166032e-28
-1.397951739e-28
-2.124272009e-28
2.886400864e-27
5.487371699e-28
2.362411352e-27
1.679487708e-28
1.721447866e-28
-1.747280181e-29
-9.337721253e-29
2.749249484e-28
4.051988933e-28
-1.947381547e-28
1.377168943e-28
3.328709036e-28
-4.284681808e-29
2.431001696e-28
4.100872906e-28
4.098320576e-28
2.987456534e-28
1.170633937e-28
4.276734899e-28
1.942862561e-28
1.433894941e-28
-4.821085966e-28
6.105285111e-28
-1.74100392e-28
-2.078953598e-28
-3.231845477e-28
1.138321699e-27
1.966169012e-27
-5.07797305e-28
1.506451755e-27
-2.355568633e-27
-2.971778487e-27
2.585169479e-27
-2.507823637e-27
-2.71226976e-27
2.741530872e-27
1.581190524e-27
1.215896288e-27
1.934598392e-27
1.25548963e-27
1.286321968e-27
2.979397942e-27
-4.230455307e-27
1.40743283e-27
-8.398227063e-28
1.634541954e-27
1.416045121e-27
9.408556686e-29
-4.027315631e-26
-4.347086051e-26
-2.445090835e-26
-6.252562254e-26
-1.103688907e-25
5.864404349e-26
4.003987636e-26
7.036495088e-27
-1.170284097e-26
-8.146451228e-27
1.098400994e-25
1.151999529e-26
9.593753339e-26
-2.807799292e-26
-2.934934404e-25
-1.978547042e-25
-2.156579736e-25
2.458561814e-24
-2.336158124e-24
2.290468494e-24
1.825661051e-24
3.789278226e-25
2.218079559e-24
2.118659842e-24
2.103159402e-24
-1.395772231e-24
-1.472031227e-24
-2.045362637e-24
2.45524124e-24
1.968449937e-24
1.802827425e-24
2.92496018e-24
-2.693839968e-24
-3.39761233e-25
-7.708858894e-25
1.109739325e-24
2.061405278e-25
-2.00715615e-25
-9.419910631e-25
-2.526706716e-24
-2.374730564e-24
-2.814620675e-24
-2.83897992e-24
-2.836221644e-24
-2.860620487e-24
-2.980586616e-24
-3.012368616e-24
-2.693831684e-24
-2.436443192e-24
-2.294982493e-24
-2.050448051e-24
-3.466563574e-24
-1.247813423e-24
-1.877926593e-24
-2.212471092e-24
-7.335798324e-14
-2.310083977e-14
-9.228089437e-16
1.172507269e-16
1.449218596e-16
-3.140063227e-29
-8.528038722e-33
-2.225738105e-36
-5.435663254e-40
-1.236230204e-43
-2.634547787e-47
-5.310035128e-51
-1.020120187e-54
-1.876555274e-58
-3.312825825e-62
-5.618509437e-66
0
0
0
0
0
0
0
0
0
0
0
0
0
0
0
0
0
0
0
0
0
0
0
0
0
0
0
0
0
0
0
0
0
0
0
0
0
0
0
0
0
0
0
0
-3.634886241e-14
-1.686615226e-14
4.085948277e-15
-1.452390494e-16
-7.110515458e-27
-1.874604593e-30
-5.359108086e-34
-1.54691579e-37
-4.337826383e-41
-1.15622494e-44
-2.89504542e-48
-6.76156098e-52
-1.470379589e-55
-2.991092409e-59
-5.727495791e-63
-1.03784329e-66
0
0
0
0
0
0
0
0
0
0
0
0
0
0
0
0
0
0
0
0
0
0
0
0
0
0
0
0
0
0
0
0
0
0
0
0
0
0
0
0
0
0
0
0
1.257753494e-12
5.40459395e-12
-6.610767619e-14
4.504378514e-15
-4.234445804e-27
-1.306474752e-30
-4.346315611e-34
-1.456383172e-37
-4.733572904e-41
-1.456346275e-44
-4.173073237e-48
-1.103803266e-51
-2.68874719e-55
-6.044493741e-59
-1.261077982e-62
-2.458967821e-66
0
0
0
0
0
0
0
0
0
0
0
0
0
0
0
0
0
0
0
0
0
0
0
0
0
0
0
0
0
0
0
0
0
0
0
0
0
0
0
0
0
0
0
0
-3.346561534e-10
-4.48583703e-12
1.284582401e-13
4.223215368e-14
-3.00123737e-26
-1.200808811e-29
-5.348952745e-33
-2.413067158e-36
-1.050731175e-39
-4.285079937e-43
-1.602260497e-46
-5.41115379e-50
-1.634762384e-53
-4.402307206e-57
-1.06111096e-60
-2.313746406e-64
0
0
0
0
0
0
0
0
0
0
0
0
0
0
0
0
0
0
0
0
0
0
0
0
0
0
0
0
0
0
0
0
0
0
0
0
0
0
0
0
0
0
0
0
9.438288097e-10
3.311360509e-13
-1.50809223e-13
-3.25711283e-13
1.888532148e-14
-1.19382236e-28
-5.436564768e-32
-2.591351198e-35
-1.223454694e-38
-5.545980634e-42
-2.361501687e-45
-9.277121028e-49
-3.310198067e-52
-1.059108025e-55
-3.013521012e-59
-7.614013309e-63
0
0
0
0
0
0
0
0
0
0
0
0
0
0
0
0
0
0
0
0
0
0
0
0
0
0
0
0
0
0
0
0
0
0
0
0
0
0
0
0
0
0
0
0
1.153366519e-08
1.650592216e-10
6.287015596e-13
-2.405212907e-13
9.062856317e-14
-1.519858602e-27
-6.515280535e-31
-3.098183619e-34
-1.50093448e-37
-7.115265887e-41
-3.221795971e-44
-1.369466076e-47
-5.38615116e-51
-1.934417018e-54
-6.268102271e-58
-1.815099489e-61
0
0
0
0
0
0
0
0
0
0
0
0
0
0
0
0
0
0
0
0
0
0
0
0
0
0
0
0
0
0
0
0
0
0
0
0
0
0
0
0
0
0
0
0
8.050748632e-09
2.666505113e-10
7.64676511e-14
-3.581441828e-14
-3.803299358e-14
-3.369372541e-26
-1.305089772e-29
-6.057559006e-33
-2.962474017e-36
-1.443758242e-39
-6.808106923e-43
-3.048652737e-46
-1.278466313e-49
-4.961419208e-53
-1.761976695e-56
-5.66548766e-60
0
0
0
0
0
0
0
0
0
0
0
0
0
0
0
0
0
0
0
0
0
0
0
0
0
0
0
0
0
0
0
0
0
0
0
0
0
0
0
0
0
0
0
0
-7.428059711e-08
-6.842700811e-09
-3.58720772e-10
-8.162047415e-12
3.629968413e-12
6.59753991e-14
-1.693888784e-28
-7.347151081e-32
-3.568223203e-35
-1.771484817e-38
-8.631248814e-42
-4.032797696e-45
-1.779267807e-48
-7.325753216e-52
-2.785986382e-55
-9.691156302e-59
0
0
0
0
0
0
0
0
0
0
0
0
0
0
0
0
0
0
0
0
0
0
0
0
0
0
0
0
0
0
0
0
0
0
0
0
0
0
0
0
0
0
0
0
2.388576511e-07
3.361465828e-08
6.690769378e-10
-1.715771016e-11
-6.694897971e-13
-5.413867737e-13
-8.345025478e-14
-2.711904214e-31
-1.262712457e-34
-6.288151365e-38
-3.142367524e-41
-1.526023917e-44
-7.062260793e-48
-3.072254593e-51
-1.242747991e-54
-4.629592662e-58
0
0
0
0
0
0
0
0
0
0
0
0
0
0
0
0
0
0
0
0
0
0
0
0
0
0
0
0
0
0
0
0
0
0
0
0
0
0
0
0
0
0
0
0
3.720185084e-07
2.553053389e-08
1.094421542e-09
7.415194456e-12
-1.23004572e-12
-3.060492924e-14
-1.332607825e-13
-4.70541759e-29
-2.010711202e-32
-9.887774502e-36
-5.031820127e-39
-2.530552765e-42
-1.226092424e-45
-5.629325196e-49
-2.419195631e-52
-9.631870202e-56
0
0
0
0
0
0
0
0
0
0
0
0
0
0
0
0
0
0
0
0
0
0
0
0
0
0
0
0
0
0
0
0
0
0
0
0
0
0
0
0
0
0
0
0
1.441344325e-07
1.763733082e-06
-1.045778993e-09
4.813995066e-10
3.596137709e-11
3.483253085e-13
-2.292300212e-13
-6.597966397e-28
-2.263361642e-31
-1.030713208e-34
-5.177795252e-38
-2.645782327e-41
-1.324397481e-44
-6.353659726e-48
-2.878006631e-51
-1.216697407e-54
0
0
0
0
0
0
0
0
0
0
0
0
0
0
0
0
0
0
0
0
0
0
0
0
0
0
0
0
0
0
0
0
0
0
0
0
0
0
0
0
0
0
0
0
7.770859455e-06
1.279014109e-06
7.358849816e-08
1.981397875e-09
1.609435019e-12
-1.277067408e-13
2.559609321e-14
-1.776805814e-26
-4.081315951e-30
-1.546349141e-33
-7.244184525e-37
-3.632393888e-40
-1.82995433e-43
-8.974809288e-47
-4.203443988e-50
-1.854616345e-53
0
0
0
0
0
0
0
0
0
0
0
0
0
0
0
0
0
0
0
0
0
0
0
0
0
0
0
0
0
0
0
0
0
0
0
0
0
0
0
0
0
0
0
0
2.73383971e-06
2.855070656e-07
9.624655663e-09
-4.203962587e-10
-1.026020194e-11
5.118361287e-12
3.386475527e-13
-2.807607187e-13
-2.404880159e-28
-6.442962503e-32
-2.57450028e-35
-1.206209587e-38
-5.904992815e-42
-2.873411605e-45
-1.353797256e-48
-6.073878208e-52
0
0
0
0
0
0
0
0
0
0
0
0
0
0
0
0
0
0
0
0
0
0
0
0
0
0
0
0
0
0
0
0
0
0
0
0
0
0
0
0
0
0
0
0
2.442853939e-07
1.243063364e-08
-1.779659041e-06
-1.310679108e-08
-2.231508049e-09
-9.778374586e-11
2.704911577e-13
1.910072091e-13
8.452081013e-15
-7.642075747e-30
-2.250530539e-33
-9.124585001e-37
-4.16233442e-40
-1.94395497e-43
-8.934638589e-47
-3.9556674e-50
0
0
0
0
0
0
0
0
0
0
0
0
0
0
0
0
0
0
0
0
0
0
0
0
0
0
0
0
0
0
0
0
0
0
0
0
0
0
0
0
0
0
0
0
4.643211461e-08
-8.263257318e-08
-2.107015456e-08
-6.901366707e-09
-5.025101283e-10
-2.812591037e-12
1.535466814e-12
7.730742211e-14
-1.025140095e-13
-6.725149203e-28
-1.170299483e-31
-3.587726248e-35
-1.420012895e-38
-6.114430977e-42
-2.656135852e-45
-1.126939156e-48
0
0
0
0
0
0
0
0
0
0
0
0
0
0
0
0
0
0
0
0
0
0
0
0
0
0
0
0
0
0
0
0
0
0
0
0
0
0
0
0
0
0
0
0
-1.72306215e-06
-6.804577017e-06
-1.653479316e-06
-1.512275483e-07
-6.234726814e-09
1.791439146e-11
8.108027278e-12
1.480967215e-12
-3.313669399e-13
-1.633730271e-25
-1.446410969e-29
-2.742922079e-33
-8.439158962e-37
-3.187264047e-40
-1.275678737e-43
-5.087563948e-47
0
0
0
0
0
0
0
0
0
0
0
0
0
0
0
0
0
0
0
0
0
0
0
0
0
0
0
0
0
0
0
0
0
0
0
0
0
0
0
0
0
0
0
0
-2.546778712e-05
-9.680384633e-07
1.638358724e-07
9.973959531e-09
3.648024848e-09
4.621082423e-10
2.985724891e-11
4.557925223e-12
3.035118099e-13
-1.819715128e-24
-1.505427275e-28
-1.478641383e-32
-2.983944648e-36
-9.097298059e-40
-3.259258317e-43
-1.21059224e-46
0
0
0
0
0
0
0
0
0
0
0
0
0
0
0
0
0
0
0
0
0
0
0
0
0
0
0
0
0
0
0
0
0
0
0
0
0
0
0
0
0
0
0
0
-5.058094447e-06
-7.188138802e-07
-3.973330904e-08
2.593087689e-07
2.215030487e-08
1.154543227e-09
4.193695001e-11
1.263837301e-12
1.746684325e-18
-3.816920682e-17
-8.754933507e-25
-6.782486482e-29
-7.320648355e-33
-1.535852023e-36
-4.602904457e-40
-1.572896646e-43
0
0
0
0
0
0
0
0
0
0
0
0
0
0
0
0
0
0
0
0
0
0
0
0
0
0
0
0
0
0
0
0
0
0
0
0
0
0
0
0
0
0
0
0
-9.697903991e-06
-3.71278466e-06
-1.283884623e-06
-2.114654369e-07
-2.242018512e-08
-1.285734087e-09
-2.151684031e-11
5.101208309e-12
7.225422422e-13
9.150406169e-18
3.586471194e-17
-4.910364631e-25
-3.707946276e-29
-4.33913998e-33
-9.341861828e-37
-2.755351227e-40
0
0
0
0
0
0
0
0
0
0
0
0
0
0
0
0
0
0
0
0
0
0
0
0
0
0
0
0
0
0
0
0
0
0
0
0
0
0
0
0
0
0
0
0
-2.845843718e-05
-1.699121736e-05
1.047790696e-06
3.413443883e-07
1.832274477e-08
1.209190798e-10
-6.826300596e-12
5.028270768e-12
6.570979791e-13
2.591330475e-18
2.881418235e-17
-2.803574521e-24
-3.873124522e-28
-2.925828384e-32
-3.724661628e-36
-8.293911597e-40
0
0
0
0
0
0
0
0
0
0
0
0
0
0
0
0
0
0
0
0
0
0
0
0
0
0
0
0
0
0
0
0
0
0
0
0
0
0
0
0
0
0
0
0
4.901523921e-05
7.857358408e-06
1.078643298e-06
7.717446906e-08
1.076166811e-09
-9.723529642e-11
3.999529706e-11
1.795631993e-12
1.943684503e-13
1.883740785e-18
2.18972196e-18
9.631820947e-18
-1.706907714e-24
-2.070777174e-28
-1.604148888e-32
-2.180029844e-36
0
0
0
0
0
0
0
0
0
0
0
0
0
0
0
0
0
0
0
0
0
0
0
0
0
0
0
0
0
0
0
0
0
0
0
0
0
0
0
0
0
0
0
0
7.238207682e-06
1.235797714e-06
1.245214817e-07
4.15799507e-09
-1.95861965e-10
8.7670798e-12
-2.72063872e-11
-1.433378142e-12
5.506775878e-14
1.693010626e-19
-2.558469935e-19
-8.217627024e-19
-7.651222581e-17
-1.517848453e-27
-1.635319887e-31
-1.320008073e-35
0
0
0
0
0
0
0
0
0
0
0
0
0
0
0
0
0
0
0
0
0
0
0
0
0
0
0
0
0
0
0
0
0
0
0
0
0
0
0
0
0
0
0
0
5.976293268e-07
9.857205586e-08
7.260629768e-09
8.826846355e-11
3.785871863e-11
1.602941307e-11
4.175731257e-12
3.232416161e-13
4.525481025e-14
-1.055352557e-19
-1.251178233e-19
1.756464794e-19
-7.165095104e-18
-3.736888986e-24
-8.468069244e-28
-8.227669238e-32
-1.48605673e-41
-2.70200778e-45
-7.678910295e-49
-2.44359548e-52
-7.903939251e-56
-2.501406961e-59
-7.575847841e-63
0
0
0
0
0
0
0
0
0
0
0
0
0
0
0
0
0
0
0
0
0
0
0
0
0
0
0
0
0
0
0
0
0
0
0
0
0
3.781274697e-08
5.89412331e-09
4.813824308e-10
8.098424593e-11
2.652091735e-11
5.592306481e-12
-1.022713124e-13
1.040976837e-14
4.151469185e-16
-1.097160211e-15
-5.044687794e-19
-1.206884608e-18
-1.257197854e-17
7.647753008e-17
-3.416364865e-27
-6.685519153e-31
-2.157594035e-36
-2.032538321e-40
-3.669221433e-44
-9.336005438e-48
-2.752517743e-51
-8.461496738e-55
-2.570748972e-58
0
0
0
0
0
0
0
0
0
0
0
0
0
0
0
0
0
0
0
0
0
0
0
0
0
0
0
0
0
0
0
0
0
0
0
0
0
2.255872682e-09
4.489937439e-10
1.279199305e-10
3.949490864e-11
7.801097561e-12
1.773717179e-12
1.943810783e-13
1.994274605e-14
1.458554113e-15
-9.09310323e-21
1.370353368e-19
-4.094069382e-18
4.40594395e-17
-2.622960582e-16
-7.344852486e-17
-2.045949245e-27
-3.410529331e-31
-2.730061676e-35
-2.586105874e-39
-4.343491326e-43
-1.04526147e-46
-2.951967725e-50
-8.735082211e-54
0
0
0
0
0
0
0
0
0
0
0
0
0
0
0
0
0
0
0
0
0
0
0
0
0
0
0
0
0
0
0
0
0
0
0
0
0
1.180619818e-10
5.349416392e-11
2.028158363e-11
6.99801746e-12
1.124222581e-12
1.873437594e-14
2.006398765e-14
1.698071034e-24
-1.406219633e-23
-4.783853458e-22
1.329328154e-20
1.953916038e-21
-1.77068971e-18
-3.215816454e-17
-2.282170157e-16
-1.062634482e-15
-1.796271177e-30
-2.56133453e-34
-1.920955728e-38
-1.942276981e-42
-3.409364664e-46
-8.266441114e-50
-2.302195775e-53
0
0
0
0
0
0
0
0
0
0
0
0
0
0
0
0
0
0
0
0
0
0
0
0
0
0
0
0
0
0
0
0
0
0
0
0
0
2.102689902e-11
7.61051127e-12
2.137454385e-12
-1.16602878e-12
7.980719513e-15
1.142284548e-22
3.683234384e-24
-1.687166275e-24
-2.273373681e-23
-2.421414412e-22
1.701379037e-21
-1.60059519e-20
-4.727550584e-20
7.932687011e-19
-3.67790258e-17
-3.041500121e-17
-3.516835305e-27
-9.278271554e-31
-1.147655684e-34
-8.321054256e-39
-8.926431221e-43
-1.611781388e-46
-3.895397678e-50
0
0
0
0
0
0
0
0
0
0
0
0
0
0
0
0
0
0
0
0
0
0
0
0
0
0
0
0
0
0
0
0
0
0
0
0
0
8.812836244e-13
9.851198648e-13
2.829215581e-13
4.438781506e-14
-3.351225251e-17
8.721549999e-24
3.965519104e-24
4.445608493e-24
-2.056495974e-23
-9.774580377e-23
-1.776277078e-21
9.045909395e-21
2.927273472e-19
-6.495027623e-19
-1.962317194e-18
5.911293543e-17
-2.489564375e-16
-3.128842337e-30
-7.051676383e-34
-7.369567834e-38
-5.247848222e-42
-6.036560632e-46
-1.126855739e-49
0
0
0
0
0
0
0
0
0
0
0
0
0
0
0
0
0
0
0
0
0
0
0
0
0
0
0
0
0
0
0
0
0
0
0
0
0
-2.832477529e-13
2.429282714e-13
4.856303174e-15
1.591305951e-15
1.847910571e-16
-9.468952649e-24
1.124040441e-23
-1.320002255e-24
9.077119225e-24
5.923451802e-24
-3.87904412e-23
-1.199816769e-21
1.780833221e-20
2.903003059e-20
9.967508535e-19
-3.285108647e-17
-3.587729659e-16
-9.768855498e-16
-1.680997365e-30
-3.216286e-34
-2.8414535e-38
-2.03370183e-42
-2.474864469e-46
0
0
0
0
0
0
0
0
0
0
0
0
0
0
0
0
0
0
0
0
0
0
0
0
0
0
0
0
0
0
0
0
0
0
0
0
0
2.022949401e-14
4.18158634e-15
1.902744604e-16
1.073422794e-17
-7.099353631e-18
6.306300961e-19
7.199521181e-25
-1.96815131e-24
-1.298024707e-23
3.211200928e-24
-4.541930578e-23
2.639923474e-22
-8.28735557e-21
8.121780061e-21
5.704227991e-19
-9.652001042e-18
-1.501929523e-16
-7.313033871e-16
-4.435421259e-30
-1.336085152e-33
-2.143364744e-37
-1.627136021e-41
-1.204069059e-45
0
0
0
0
0
0
0
0
0
0
0
0
0
0
0
0
0
0
0
0
0
0
0
0
0
0
0
0
0
0
0
0
0
0
0
0
0
6.498290689e-16
1.643630777e-16
5.683367357e-19
-8.552829648e-21
-4.34412773e-19
-1.941424056e-23
8.805005785e-24
3.717171092e-24
-1.087887241e-24
-1.345579737e-23
1.768271745e-23
-4.529385756e-23
2.185659997e-22
-1.970004346e-21
-9.34433512e-21
1.742649379e-19
-6.623613099e-17
-2.319521255e-16
-5.034895708e-16
-2.430589552e-30
-6.344040572e-34
-8.430572641e-38
-5.630449127e-42
0
0
0
0
0
0
0
0
0
0
0
0
0
0
0
0
0
0
0
0
0
0
0
0
0
0
0
0
0
0
0
0
0
0
0
0
0
1.808376709e-17
7.051030255e-18
3.962085835e-19
-3.166564754e-22
-4.309863827e-23
-4.922368149e-24
5.678793871e-25
-8.326684349e-25
-2.097657407e-24
8.600995015e-24
7.871749664e-25
2.306767543e-23
-1.565518298e-22
9.008867957e-21
-4.779355844e-20
6.886297828e-19
-7.840120318e-18
-1.082464157e-16
-5.985666148e-16
-5.460308964e-30
-1.975512266e-33
-4.37688246e-37
-4.707020971e-41
0
0
0
0
0
0
0
0
0
0
0
0
0
0
0
0
0
0
0
0
0
0
0
0
0
0
0
0
0
0
0
0
0
0
0
0
0
1.805461114e-18
2.003278947e-19
2.020417017e-20
-1.359659034e-23
-6.468431868e-24
-3.61489561e-24
1.059585992e-23
-2.862218835e-24
1.541864637e-24
3.834194799e-24
3.257251274e-24
1.072463449e-23
-1.088138881e-22
8.604882504e-23
6.282478675e-21
-9.902460617e-20
-7.670332478e-19
-3.578217401e-17
-7.778703195e-17
3.865723595e-17
-3.031591063e-30
-9.643893454e-34
-1.813311756e-37
0
0
0
0
0
0
0
0
0
0
0
0
0
0
0
0
0
0
0
0
0
0
0
0
0
0
0
0
0
0
0
0
0
0
0
0
0
7.948817565e-20
-2.224378689e-21
-8.035202888e-24
-8.871958183e-24
7.138765277e-24
-4.103814792e-24
3.250938368e-25
-2.569408926e-24
1.869816804e-24
1.5625917e-24
-7.929906452e-24
1.252478865e-23
-1.424087616e-23
-3.988233138e-23
-3.890816786e-22
4.656810632e-20
-4.911801539e-20
-3.586385502e-19
-4.039766879e-17
-1.922774915e-16
-9.613947405e-16
-2.349532553e-33
-6.457476059e-37
0
0
0
0
0
0
0
0
0
0
0
0
0
0
0
0
0
0
0
0
0
0
0
0
0
0
0
0
0
0
0
0
0
0
0
0
0
1.367579724e-21
1.542859959e-22
1.00146932e-23
1.775340349e-24
-9.96770036e-25
-5.633437745e-24
-7.32756973e-25
-6.836754456e-25
-2.329813491e-24
5.362629438e-25
7.025470327e-24
-6.096625744e-24
-1.64853274e-24
2.670347734e-23
1.166063015e-22
5.606823788e-22
6.227772631e-20
4.170812807e-19
-2.316563759e-18
2.398534205e-16
3.641487719e-17
-5.110774201e-33
-1.831309019e-36
0
0
0
0
0
0
0
0
0
0
0
0
0
0
0
0
0
0
0
0
0
0
0
0
0
0
0
0
0
0
0
0
0
0
0
0
0
2.479481874e-23
9.953660212e-24
-1.437783075e-24
9.924146148e-25
-4.465572687e-24
2.940672782e-25
1.466101405e-25
-8.96899532e-25
1.130675252e-23
4.905534517e-25
1.478070733e-24
4.51344626e-24
3.645389551e-24
2.150212474e-24
-3.424901447e-23
-2.377782902e-22
3.960085058e-21
5.496883469e-20
-2.635712459e-18
1.456859771e-17
-9.617633936e-17
-5.337905596e-16
-2.660235729e-33
0
0
0
0
0
0
0
0
0
0
0
0
0
0
0
0
0
0
0
0
0
0
0
0
0
0
0
0
0
0
0
0
0
0
0
0
0
2.235658454e-24
4.535619393e-26
-1.149819878e-25
-5.764118429e-26
-1.06323419e-25
2.330113669e-25
2.411219167e-25
-6.5940751e-25
8.977434922e-24
2.253854099e-24
2.471884335e-25
1.978939949e-24
6.6495158e-24
1.027075737e-23
1.431331316e-23
4.954791881e-22
3.209834962e-21
-2.132439083e-19
-1.713593894e-19
-1.978104778e-18
2.519059068e-16
-3.477367413e-17
-5.277499265e-33
0
0
0
0
0
0
0
0
0
0
0
0
0
0
0
0
0
0
0
0
0
0
0
0
0
0
0
0
0
0
0
0
0
0
0
0
0
-8.897257132e-26
-5.249775667e-25
3.276718134e-26
1.121612764e-25
-8.787462496e-26
2.780940417e-25
4.111183227e-25
5.188574197e-25
1.987166841e-26
-4.743932401e-25
1.483882237e-24
-1.049121328e-25
1.141398232e-23
9.871283327e-24
-1.092117666e-24
-6.42712573e-23
-1.254118722e-22
1.131202497e-20
-5.811325283e-20
-9.429442628e-19
5.435069596e-18
-9.646019168e-17
-6.040651473e-16
2.655880117e-17
0
0
0
0
0
0
0
0
0
0
0
0
0
0
0
0
0
0
0
0
0
0
0
0
0
0
0
0
0
0
0
0
0
0
0
0
7.940124778e-25
-7.23180671e-26
5.790332673e-26
1.353780161e-25
-6.233292202e-27
1.031592806e-26
3.095385946e-25
4.103453322e-25
4.335906628e-26
3.687157029e-25
3.322667091e-25
4.776958966e-25
1.75203636e-24
7.571562906e-24
-1.576968562e-24
3.844169761e-24
-2.018388896e-22
3.664732272e-21
-1.525260958e-20
-1.197043311e-19
-2.115105988e-18
1.857486159e-16
4.266665417e-16
1.493376005e-17
-1.152079781e-65
-2.057649992e-69
-2.168500793e-73
0
0
0
0
0
0
0
0
0
0
0
0
0
0
0
0
0
0
0
0
0
0
0
0
0
0
0
0
0
0
0
0
0
2.194261695e-26
-7.910997335e-26
4.680927749e-26
-7.416139962e-26
-2.827081427e-26
6.288423477e-26
1.157448321e-26
1.105209981e-26
-3.328002548e-25
-4.497656185e-25
1.158179687e-25
1.298033845e-24
-4.247105683e-26
7.215453993e-24
-2.441110946e-23
-1.178159765e-24
-3.333523182e-23
-4.33981938e-24
-3.550639425e-22
1.40675949e-20
-5.687815367e-19
-8.209409466e-18
-1.981916405e-16
-6.401528038e-16
1.246208516e-17
-8.820020489e-65
-1.386124876e-68
-1.201429725e-72
0
0
0
0
0
0
0
0
0
0
0
0
0
0
0
0
0
0
0
0
0
0
0
0
0
0
0
0
0
0
0
0
2.454895725e-26
-1.834636805e-26
7.573201004e-26
-2.72473348e-26
4.507813536e-27
-7.531632222e-26
4.861084857e-26
4.302960784e-26
1.0725025e-25
2.379178534e-25
1.739720518e-24
-4.379413576e-25
-8.978595868e-25
1.016354662e-23
3.544731651e-24
3.887779097e-24
-4.582053998e-23
-1.011574372e-23
7.285232822e-23
2.64284534e-21
9.59607774e-21
5.918259493e-20
-1.499730219e-17
-2.923435589e-15
-1.055369266e-56
-3.153639416e-60
-6.716158342e-64
-9.178202105e-68
0
0
0
0
0
0
0
0
0
0
0
0
0
0
0
0
0
0
0
0
0
0
0
0
0
0
0
0
0
0
0
0
4.146996072e-26
2.869906169e-26
7.404583093e-26
-2.691182465e-27
-5.530436308e-26
7.333951572e-26
-6.808649386e-26
4.934225762e-26
9.234663895e-26
4.798772108e-25
-1.182792188e-24
-1.313026037e-25
1.523028337e-25
9.769689318e-24
4.216756444e-24
-9.56925902e-24
-3.521180989e-23
-4.336813548e-23
-6.135079563e-23
-1.153708744e-22
1.972543745e-21
6.489008517e-21
1.335704912e-18
-4.29129925e-16
-5.295148231e-16
-9.795869001e-56
-2.678130215e-59
-5.10822352e-63
0
0
0
0
0
0
0
0
0
0
0
0
0
0
0
0
0
0
0
0
0
0
0
0
0
0
0
0
0
0
0
0
1.816867815e-26
3.968802107e-26
-2.815109e-26
-1.676557202e-26
-2.639801545e-27
-1.169553786e-25
-4.249806465e-25
2.005708493e-25
-1.111278748e-26
1.882279871e-25
-2.95536198e-26
2.059450526e-25
-1.920759308e-24
-1.155234531e-24
6.237739705e-24
8.020156795e-24
-1.557341769e-23
-3.727882163e-23
1.847083313e-22
9.393738357e-22
-1.85206658e-22
4.475013201e-21
-3.820934282e-19
-1.278206998e-16
7.196837678e-18
-2.71839108e-51
-9.169680111e-55
-2.291565553e-58
0
0
0
0
0
0
0
0
0
0
0
0
0
0
0
0
0
0
0
0
0
0
0
0
0
0
0
0
0
0
0
0
-6.818944133e-27
-2.601636833e-26
7.739131762e-27
-4.38015298e-26
6.563548673e-26
-2.944924416e-26
6.456637879e-26
-3.409526025e-26
4.05663633e-26
4.451262697e-25
1.126571149e-24
2.062036307e-24
-2.975942089e-25
-9.504936299e-25
8.322691397e-24
6.930693288e-24
-2.118952117e-24
5.102854204e-24
3.438754236e-23
-1.584201796e-21
3.124012481e-22
2.886370252e-21
1.557598521e-19
1.426319311e-17
-4.13421821e-16
-1.165883802e-16
-2.779279332e-50
-8.695186278e-54
0
0
0
0
0
0
0
0
0
0
0
0
0
0
0
0
0
0
0
0
0
0
0
0
0
0
0
0
0
0
0
0
-2.768259867e-26
3.328601234e-27
3.856339718e-27
1.042592301e-25
-3.062588917e-26
-8.668656913e-27
3.019194827e-26
2.723873392e-27
1.050185106e-26
5.210467498e-25
-1.081964118e-25
2.843635448e-25
4.61116837e-25
-2.222997173e-24
5.072657614e-24
7.77831175e-24
5.290755435e-24
-4.6470051e-25
6.10688901e-23
1.227644682e-23
9.938166246e-22
-7.174060975e-20
-1.22962106e-19
7.053988946e-18
-1.335998867e-17
-2.968975035e-17
-7.632333107e-46
-2.892502714e-49
0
0
0
0
0
0
0
0
0
0
0
0
0
0
0
0
0
0
0
0
0
0
0
0
0
0
0
0
0
0
0
0
1.324864291e-27
1.521730564e-26
8.931326196e-27
-4.291756464e-26
-3.634204573e-27
-3.056965509e-26
1.33898508e-25
-8.896532821e-27
-4.731822362e-26
-4.92462157e-25
-3.440981342e-26
1.72986826e-25
7.841188331e-26
-2.393872528e-24
4.708890723e-25
-2.920346677e-24
1.102082547e-23
-7.113700367e-25
7.402948241e-25
5.070668582e-24
1.437919334e-22
2.488827955e-20
1.085949496e-19
-3.135827849e-18
9.035733597e-17
-1.538915835e-16
-7.155058165e-18
-2.484157087e-18
0
0
0
0
0
0
0
0
0
0
0
0
0
0
0
0
0
0
0
0
0
0
0
0
0
0
0
0
0
0
0
0
-6.424362803e-27
-4.293149307e-27
-2.650472539e-26
1.207265749e-26
2.544517172e-27
2.672447963e-26
3.334369011e-27
5.68908733e-27
7.892329929e-25
-4.189833772e-25
-5.879722783e-25
2.643767493e-25
-7.62494882e-25
-2.270963269e-24
-2.911208412e-24
4.813637215e-24
6.707335185e-25
-1.761792711e-22
-1.380642573e-21
1.082839408e-21
4.617110789e-22
-1.771349524e-21
2.258478357e-20
2.177668929e-19
5.63683384e-18
-2.634551248e-16
-1.255454752e-16
-7.807027195e-18
0
0
0
0
0
0
0
0
0
0
0
0
0
0
0
0
0
0
0
0
0
0
0
0
0
0
0
0
0
0
0
0
8.664049348e-28
3.980734711e-27
2.203817737e-27
-1.829589546e-27
4.04480721e-28
-2.331756984e-26
-2.174582183e-28
1.939042877e-26
4.92987386e-25
2.097743239e-25
-1.451767032e-24
3.362381262e-25
4.795812404e-25
2.969010121e-24
2.429988575e-25
2.795116422e-24
1.699279935e-24
2.040428018e-24
-1.709998741e-23
7.673953782e-25
1.288989311e-22
-1.123941685e-21
1.189978231e-20
2.262044166e-19
3.596396094e-18
1.106922249e-17
-1.588605155e-16
-7.204378845e-18
0
0
0
0
0
0
0
0
0
0
0
0
0
0
0
0
0
0
0
0
0
0
0
0
0
0
0
0
0
0
0
0
1.679230527e-27
2.766959357e-27
8.63861721e-28
-5.86654918e-28
1.459353235e-27
-1.954419251e-27
-2.204929705e-26
-1.868811454e-26
-5.314177297e-25
1.362807556e-25
-1.416658329e-24
3.574809996e-25
3.281714072e-25
1.206195044e-24
3.32481236e-25
3.00348848e-24
-1.244682131e-24
3.271272976e-24
3.538670669e-24
-4.901780013e-23
-9.264340273e-22
-1.979417186e-22
3.515096e-22
3.827543444e-20
-1.155001201e-19
6.139621575e-18
-1.555406644e-16
-9.162682062e-17
2.842814264e-17
0
0
0
0
0
0
0
0
0
0
0
0
0
0
0
0
0
0
0
0
0
0
0
0
0
0
0
0
0
0
0
2.645264118e-28
1.119891854e-28
-1.552358906e-27
1.565546414e-27
-8.865413187e-27
4.871665387e-27
-2.249039883e-27
4.958463121e-28
2.595677921e-25
-3.2762349e-26
2.122228486e-24
2.190781247e-25
1.838972642e-25
2.923265788e-24
2.84874773e-25
3.057284407e-24
-8.534071745e-25
3.526379941e-24
9.837896603e-24
2.716522933e-23
-1.34351073e-22
2.561300897e-23
-4.848593363e-22
2.606209673e-20
-5.105606854e-20
1.63631838e-18
-1.503618928e-16
-5.986857914e-16
2.160509279e-17
0
0
0
0
0
0
0
0
0
0
0
0
0
0
0
0
0
0
0
0
0
0
0
0
0
0
0
0
0
0
0
2.168819756e-29
-2.083233295e-28
-1.797715057e-28
-2.869879709e-27
2.316082679e-27
6.433579053e-28
7.554907391e-27
-6.84377645e-26
2.367952155e-26
1.180239874e-24
-1.874335466e-24
-3.359523668e-25
-1.384215257e-24
3.012105499e-24
1.842880429e-25
-2.395316603e-24
-1.982146784e-24
-1.560259271e-24
1.363318316e-24
5.346290971e-24
1.418954417e-22
-6.415348167e-23
-1.554152198e-22
3.734820638e-21
3.216241763e-20
1.071703959e-18
-1.948744498e-17
-7.294577979e-18
0
0
0
0
0
0
0
0
0
0
0
0
0
0
0
0
0
0
0
0
0
0
0
0
0
0
0
0
0
0
0
0
-1.34709659e-28
5.595946007e-28
-1.309626503e-27
2.60881624e-27
1.372712459e-27
2.676123697e-27
-6.591382106e-27
8.076362266e-26
2.641017732e-25
-1.49738821e-24
-1.734130202e-24
-2.74962041e-25
2.849339623e-24
2.673553988e-24
6.751756317e-25
1.732963611e-24
1.125414785e-25
-5.30778524e-26
2.988450042e-24
1.636662408e-24
-8.811853839e-23
-8.566892158e-22
6.068737495e-23
5.606678957e-22
1.061388019e-20
2.591762119e-21
4.869723612e-19
-8.334849756e-18
-9.633984715e-16
0
0
0
0
0
0
0
0
0
0
0
0
0
0
0
0
0
0
0
0
0
0
0
0
0
0
0
0
0
0
0
2.316802779e-28
-3.012850474e-29
2.437899234e-27
1.329616579e-27
8.044544825e-28
3.598161472e-27
-1.33472307e-26
9.845212867e-26
2.324516682e-24
-1.909084392e-24
2.599957128e-24
-5.702469479e-26
-2.423147076e-24
2.902047908e-24
7.412038044e-25
-7.288636104e-25
-8.372324526e-26
-2.247802058e-24
2.332537774e-24
6.614727651e-24
6.99470556e-23
-2.482673236e-25
-1.05332931e-23
-9.93893285e-22
1.929270476e-20
1.939244e-20
3.628268925e-20
4.874631114e-20
-9.131212944e-16
0
0
0
0
0
0
0
0
0
0
0
0
0
0
0
0
0
0
0
0
0
0
0
0
0
0
0
0
0
0
0
-1.86382898e-27
2.666316583e-27
1.208421402e-27
1.717188852e-27
-4.01201065e-27
6.067504007e-27
1.101202057e-25
-3.037570038e-25
2.360192582e-24
-1.985229312e-24
2.588444673e-24
5.574842001e-26
-8.721617257e-25
-2.223933713e-24
3.269332743e-24
-3.334199002e-24
-7.428571868e-26
-1.25424786e-24
3.541894235e-24
3.204103107e-24
-7.069008129e-24
-4.085118563e-23
-2.536907021e-24
-1.389400037e-23
-2.268188575e-21
-3.353066623e-21
-5.661984766e-20
-1.880477837e-19
-5.170826943e-17
-6.585188511e-16
0
0
0
0
0
0
0
0
0
0
0
0
0
0
0
0
0
0
0
0
0
0
0
0
0
0
0
0
0
0
2.002384236e-27
1.093304177e-27
9.544264944e-28
-8.066186335e-28
1.538510923e-26
-4.947084717e-26
3.457333597e-26
2.34096149e-24
-1.697385563e-24
-1.739902771e-24
1.570881381e-24
-2.898015825e-25
-1.68613852e-24
-2.166944496e-24
3.083927345e-24
-3.172638817e-25
-2.782839064e-25
-8.247679008e-26
3.587287493e-24
1.973388427e-24
-4.140804667e-23
-4.094144804e-22
-7.125085396e-22
-2.651049051e-21
-8.640358549e-22
-1.121846639e-21
-9.769660605e-21
-2.344891362e-19
-4.594470756e-17
-6.508738277e-17
0
0
0
0
0
0
0
0
0
0
0
0
0
0
0
0
0
0
0
0
0
0
0
0
0
0
0
0
0
0
1.215735751e-27
1.547305941e-27
3.160719495e-27
-1.058810886e-26
-4.333441139e-26
1.155689096e-25
-1.921457267e-25
2.378396277e-24
-1.681219447e-24
-1.706234919e-24
7.147577015e-25
2.983781126e-24
-2.215104372e-24
-2.047391732e-24
3.11932822e-24
-3.808311844e-25
-2.349947847e-25
-8.710336995e-25
3.605832497e-24
-2.866929261e-24
-4.679175115e-23
-5.250026572e-23
-1.070855432e-22
-1.198538609e-22
-5.394525957e-21
-6.262614512e-22
-8.586420977e-21
-6.545156595e-20
3.599537649e-21
-1.539279123e-16
0
0
0
0
0
0
0
0
0
0
0
0
0
0
0
0
0
0
0
0
0
0
0
0
0
0
0
0
0
0
9.598779468e-28
3.737333921e-27
-1.097346431e-26
-4.666206896e-26
1.212473902e-25
-3.393760788e-25
2.364516817e-24
-1.694175194e-24
-1.749116305e-24
-5.469654075e-25
2.370654808e-24
-2.063557063e-24
-2.037671092e-24
-2.394927301e-24
2.937224334e-24
-4.22827385e-25
2.726111275e-25
-4.90179991e-25
1.024970566e-23
7.72232626e-24
-4.832878703e-23
-4.697338195e-23
-5.118349797e-23
-5.252314588e-22
1.247286799e-22
-2.623900079e-21
-1.265523745e-20
-2.815956047e-20
-6.98871708e-18
-4.338015546e-17
-6.814231554e-17
0
0
0
0
0
0
0
0
0
0
0
0
0
0
0
0
0
0
0
0
0
0
0
0
0
0
0
0
0
7.802594577e-28
2.261991729e-26
-3.597442863e-26
9.830262752e-26
4.087719312e-25
-1.845652947e-24
2.550164044e-24
-1.688049544e-24
-1.609937204e-24
-4.762423198e-25
2.694692121e-24
2.800352738e-24
-2.418993676e-24
2.935010487e-24
2.210807261e-24
-2.722256413e-24
-5.286055986e-24
8.277087004e-25
1.086124541e-23
4.185343862e-24
-4.814961911e-23
-4.285232815e-23
-8.924537694e-23
-7.282638596e-23
1.931042015e-21
1.326781873e-21
-3.501500635e-21
1.184120029e-19
-4.090343957e-19
-1.650759171e-17
-5.223317823e-17
0
0
0
0
0
0
0
0
0
0
0
0
0
0
0
0
0
0
0
0
0
0
0
0
0
0
0
0
0
-1.846483589e-26
3.720279366e-26
5.320912422e-26
9.124851383e-26
2.317211346e-25
-1.40262467e-24
-1.226991464e-24
-1.466193045e-24
8.863294803e-25
-3.608893886e-24
-1.639942487e-24
-1.582553346e-24
-1.698694753e-24
2.378389614e-24
-3.1425345e-25
-2.524276202e-24
-5.271906109e-24
1.355831503e-24
3.691332536e-24
2.221736972e-24
-9.330135507e-24
7.439758313e-23
-3.706066281e-23
1.567356714e-23
4.030918743e-22
2.266341987e-21
4.241646506e-21
7.601065584e-21
-1.911555428e-19
-1.912537047e-17
-1.427579589e-16
0
0
0
0
0
0
0
0
0
0
0
0
0
0
0
0
0
0
0
0
0
0
0
0
0
0
0
0
0
-1.68665229e-25
-2.455373638e-25
-3.048968831e-25
4.815773637e-25
2.393020029e-25
-2.102653184e-25
-8.901071899e-25
-3.689620242e-24
-5.850169419e-24
-5.023510649e-24
-4.007272904e-24
-3.955865405e-24
-3.862067482e-24
-3.980728796e-24
-6.871026534e-24
-8.374790012e-24
-8.547423005e-24
-7.413137629e-24
3.944301086e-24
-4.185427128e-24
-1.794295486e-23
-4.644681906e-23
-3.152269432e-23
-3.080357007e-23
-2.565951963e-23
1.494779938e-22
3.119898077e-21
4.189895854e-21
6.526613302e-22
-2.594675285e-18
-4.015880637e-17
-6.717390204e-17
0
0
0
0
0
0
0
0
0
0
0
0
0
0
0
0
0
0
0
0
0
0
0
0
0
0
0
0
-2.559476992e-27
-1.53229937e-26
-4.27717982e-25
9.431742082e-25
5.973655681e-25
-9.622855735e-26
-2.972492635e-24
-4.891733641e-24
-6.420126926e-24
-4.299665408e-24
-4.419280415e-24
-4.266180077e-24
-4.12038514e-24
-4.140791814e-24
-8.017534018e-24
-8.789349868e-24
-9.034021466e-24
-8.2194769e-24
-5.396965809e-25
3.389705178e-24
-4.897919762e-23
-5.248504369e-23
-1.939533664e-23
-1.068316725e-23
2.035790677e-23
5.120029851e-23
1.296459151e-22
3.051981672e-21
-8.64928378e-20
-3.279709958e-19
-2.040611727e-17
-5.260422384e-17
0
0
0
0
0
0
0
0
0
0
0
0
0
0
0
0
0
0
0
0
0
0
0
0
0
0
0
0
2.073581735e-24
1.863743344e-24
2.366281887e-24
-1.727569854e-24
8.41290235e-25
-1.011017326e-24
-2.106957107e-24
-3.406842478e-24
-1.701291203e-24
-5.80968855e-25
-5.266919855e-25
-9.431620688e-25
-2.101344039e-24
9.866309088e-24
-7.413606566e-24
-6.98110329e-24
-7.076305663e-24
-6.596403772e-24
1.362264889e-24
-1.084826521e-23
-4.760253514e-23
-5.080359302e-23
-1.535239756e-23
8.272762419e-25
5.307920741e-23
1.022864399e-22
9.951737477e-23
1.51069414e-22
1.08431655e-20
-4.629899452e-19
-1.899760191e-17
-1.512964841e-16
0
0
0
0
0
0
0
0
0
0
0
0
0
0
0
0
0
0
0
0
0
0
0
0
0
0
0
0
2.097975306e-24
2.38992442e-24
-2.107508577e-24
2.610983176e-24
1.041301503e-26
-1.394954839e-24
-3.369928705e-24
-2.75908294e-24
-6.707527983e-25
1.404048572e-24
2.052710366e-25
-4.829037199e-25
-5.610241053e-25
-3.56526337e-24
-4.946966493e-24
-5.384618617e-24
-5.883602595e-24
-5.447311986e-24
-4.620353516e-24
1.049844985e-23
-3.658483637e-23
-4.698175349e-23
-2.142934319e-23
-2.054901468e-24
5.474789927e-23
1.798325079e-22
1.218951511e-22
6.778895855e-23
7.019250018e-21
-6.897792504e-19
-7.339468794e-18
-4.0732467e-17
-6.999809876e-17
0
0
0
0
0
0
0
0
0
0
0
0
0
0
0
0
0
0
0
0
0
0
0
0
0
0
0
2.042549658e-24
2.299967841e-24
-1.931983047e-24
-4.679723574e-25
-3.581660697e-25
-3.570577771e-24
-3.234432703e-24
-6.156124566e-25
3.023283401e-24
-2.278002653e-24
-2.131166553e-24
5.816205837e-26
9.209914278e-25
-4.477632547e-24
-4.699207364e-24
-5.049829073e-24
-6.170026123e-24
-7.004960943e-24
3.256561715e-24
2.585334983e-24
-5.959585796e-23
-4.328489419e-23
-2.504395412e-23
-1.112382203e-23
1.587400514e-23
6.241708792e-23
9.031260753e-23
6.553462894e-23
2.642651008e-20
-9.608474968e-20
-1.107347497e-18
-1.977540989e-17
-5.252308188e-17
0
0
0
0
0
0
0
0
0
0
0
0
0
0
0
0
0
0
0
0
0
0
0
0
0
0
0
2.32313739e-24
-6.894659094e-25
3.650775101e-25
-1.48939092e-24
-3.163010177e-24
-3.173913516e-24
-7.019198468e-25
-1.699513627e-24
3.053213005e-24
-2.273232615e-24
-2.236411819e-24
1.542379913e-24
1.202868349e-23
-4.171024329e-24
-4.361702432e-24
-4.861079144e-24
-6.000314911e-24
-6.849575241e-24
-2.703146461e-25
-3.473073547e-24
-7.37032384e-23
-3.603115143e-23
-2.606743354e-23
-1.439725623e-23
1.055353603e-23
5.998093232e-23
8.791601323e-23
6.505423288e-23
-5.184803822e-21
-3.632037828e-20
-1.329580434e-18
-7.160152244e-18
-1.815774326e-16
0
0
0
0
0
0
0
0
0
0
0
0
0
0
0
0
0
0
0
0
0
0
0
0
0
0
0
4.044182048e-25
-7.139459915e-25
-2.721391942e-24
-3.151917649e-24
-3.11631952e-24
-1.105199881e-24
-1.573005515e-24
3.23406642e-24
-2.325219029e-24
-2.175834947e-24
1.867985044e-25
1.527304427e-24
-4.047569831e-24
-4.369067422e-24
-4.361193442e-24
-4.903997768e-24
-5.666517793e-24
-5.304354594e-24
1.633833219e-24
-3.013010194e-24
-8.080997095e-23
-3.167483615e-23
-2.193126206e-23
-1.328759833e-23
9.842608669e-24
5.897184068e-23
8.817061042e-23
6.212116222e-23
-2.909408761e-21
7.461488702e-21
-7.711842073e-19
-6.114983286e-18
-3.908874461e-17
-7.580971928e-17
0
0
0
0
0
0
0
0
0
0
0
0
0
0
0
0
0
0
0
0
0
0
0
0
0
0
-3.019348793e-24
-2.879637383e-24
-2.858149847e-24
-2.899786301e-24
-1.440711306e-24
-1.461463944e-24
9.649958489e-25
-2.278775466e-24
-2.063227343e-24
-1.988642401e-24
6.452566093e-25
1.156379208e-23
-4.556141374e-24
-4.483568065e-24
-4.543611615e-24
-5.194244575e-24
-6.112984437e-24
-4.822086007e-24
7.546389932e-25
-5.505401146e-24
-8.791173062e-23
-2.47796196e-23
-2.089769749e-23
-1.457242484e-23
3.339022448e-24
5.51797746e-23
9.183949531e-23
6.404735619e-23
-1.767536e-21
-5.311080999e-21
-8.082833152e-20
9.361954357e-19
-1.146020239e-16
-4.945124245e-17
0
0
0
0
0
0
0
0
0
0
0
0
0
0
0
0
0
0
0
0
0
0
0
0
0
0
-2.84056874e-24
-2.542527136e-24
-3.257685363e-24
-2.399249377e-24
-1.666568574e-24
3.503052437e-24
-2.386688043e-24
-2.075614036e-24
-2.112393124e-24
-3.356835753e-25
1.352013196e-23
1.081243642e-23
-4.170107364e-24
-4.395865262e-24
-4.431454179e-24
-4.945422238e-24
-5.649325711e-24
-3.689888618e-24
1.339452909e-24
-5.542438861e-24
-8.96696837e-23
-2.535140768e-23
-1.665762703e-23
-1.499549975e-23
-1.304406387e-24
5.455221235e-23
1.138049831e-22
6.402057738e-23
-1.942647858e-21
6.481771756e-21
2.528435882e-20
-2.372732216e-19
-1.663210494e-17
-6.321062231e-17
0
0
0
0
0
0
0
0
0
0
0
0
0
0
0
0
0
0
0
0
0
0
0
0
0
0
-3.187417991e-24
7.774456487e-26
-2.503484404e-24
2.952253779e-24
3.019463189e-24
-2.364862122e-24
-2.053911474e-24
-1.941635289e-24
5.391053741e-26
1.328632598e-23
9.232434906e-24
-4.497754954e-24
-4.636492003e-24
-4.328115327e-24
-4.1485434e-24
-4.471610345e-24
-5.283892488e-24
-1.32645576e-24
3.373640742e-26
-1.271309162e-23
-9.508190178e-23
-2.113929301e-23
-1.366456521e-23
-1.491722194e-23
-3.835061839e-24
4.446746962e-23
1.532361242e-22
5.345554174e-23
-1.742920862e-21
-1.542391315e-21
2.612960467e-21
-1.504838323e-18
-2.65135614e-17
-1.260446213e-16
-6.86482903e-18
0
0
0
0
0
0
0
0
0
0
0
0
0
0
0
0
0
0
0
0
0
0
0
0
0
-2.168314112e-24
-9.59852968e-25
2.842754879e-24
2.980340041e-24
-2.361855771e-24
-2.035659964e-24
-8.057391677e-25
-9.29113461e-25
-1.9309612e-24
9.17925782e-24
1.009441245e-23
-4.196831914e-24
-4.407209717e-24
-4.116855577e-24
-3.969548446e-24
-4.342167573e-24
-5.424807387e-24
2.224839674e-24
-2.760039551e-24
-7.046028259e-23
-1.149981162e-22
-1.495710024e-23
-4.634769653e-24
-2.327614998e-23
-1.144999136e-23
1.467263711e-23
-1.612871385e-24
1.862709886e-23
-8.788299558e-22
-4.037332105e-21
2.373292657e-20
-1.188422041e-18
-9.827495e-18
-5.902584102e-17
-9.656153688e-17
0
0
0
0
0
0
0
0
0
0
0
0
0
0
0
0
0
0
0
0
0
0
0
0
0
)
;

boundaryField
{
    inletCH4
    {
        type            calculated;
        value           uniform 0;
    }
    wallOutside
    {
        type            calculated;
        value           uniform 0;
    }
    wallTube
    {
        type            calculated;
        value           nonuniform List<scalar> 
61
(
-3.291540101e-103
-3.484721635e-98
-3.257362174e-93
-2.783228731e-88
-2.233491532e-83
-1.718657132e-78
-1.287632227e-73
-9.497064544e-69
-6.94689568e-64
-5.066385379e-59
-3.696541192e-54
-2.70209768e-49
-1.981239647e-44
-1.458523767e-39
-1.078102447e-34
-8.000875217e-30
-5.958877978e-25
-4.451786558e-20
-3.333520571e-15
-1.905892252e-12
2.396574444e-08
2.391550409e-17
1.009100026e-17
7.323998371e-19
-1.006613704e-18
-2.24312752e-15
-3.841996848e-13
-2.916000533e-12
8.077108229e-10
1.350472319e-10
-2.676956228e-11
-1.168304068e-11
-2.915977447e-11
-7.963175761e-11
-8.036837963e-11
-1.287629291e-10
-7.263566421e-11
-1.677833228e-11
-6.938914176e-11
4.648482287e-11
-6.363945794e-08
-2.937775258e-17
-4.050169744e-17
-2.74425061e-18
5.605963016e-17
6.725657177e-16
9.489596162e-13
2.623185537e-10
-3.366068286e-10
-4.07948579e-10
-1.699818164e-11
-2.656154986e-11
-6.495054078e-11
-1.077332315e-10
-1.294122939e-10
-2.308776974e-11
-7.635817067e-11
9.314529224e-11
8.16826561e-10
-8.188111679e-10
-1.558119735e-10
)
;
    }
    inletPilot
    {
        type            calculated;
        value           uniform 0;
    }
    inletAir
    {
        type            calculated;
        value           uniform 0;
    }
    outlet
    {
        type            calculated;
        value           nonuniform List<scalar> 
71
(
-6.286259251e-15
-6.272628201e-15
-6.283225073e-15
-6.275476985e-15
-6.236312435e-15
-6.236531134e-15
-6.290292982e-15
-6.304173264e-15
-6.297047989e-15
-6.296092114e-15
-6.305364269e-15
-6.32263215e-15
-6.329086863e-15
-6.331842521e-15
-6.333326089e-15
-6.33197829e-15
-6.328944804e-15
-6.322181341e-15
-6.268885023e-15
-6.024700935e-15
-2.129848595e-16
-2.124357545e-16
-2.093304194e-16
-2.017934651e-16
-2.078645086e-16
-2.107911869e-16
-2.079193936e-16
-2.21845993e-16
-3.086816837e-16
-3.070848862e-16
-3.068970072e-16
-3.091648123e-16
-3.058353969e-16
-1.470137279e-17
-1.698623246e-17
-1.637605204e-17
-1.30713519e-17
-6.893034219e-18
-7.043379423e-18
-5.68497116e-18
-7.863114219e-18
-6.226577844e-18
-7.593763431e-18
-1.660063012e-17
-5.902640462e-17
-9.655868882e-17
0
0
0
0
0
0
0
0
0
0
0
0
0
0
0
0
0
0
0
0
0
0
0
0
0
)
;
    }
    axis
    {
        type            empty;
    }
    frontAndBack_pos
    {
        type            wedge;
    }
    frontAndBack_neg
    {
        type            wedge;
    }
}


// ************************************************************************* //
