/*--------------------------------*- C++ -*----------------------------------*\
  =========                 |
  \\      /  F ield         | OpenFOAM: The Open Source CFD Toolbox
   \\    /   O peration     | Website:  https://openfoam.org
    \\  /    A nd           | Version:  10
     \\/     M anipulation  |
\*---------------------------------------------------------------------------*/
FoamFile
{
    format      ascii;
    class       volScalarField;
    location    "0.0250188088";
    object      ddt0(rho,C2H);
}
// * * * * * * * * * * * * * * * * * * * * * * * * * * * * * * * * * * * * * //

dimensions      [1 -3 -1 0 0 0 0];

internalField   nonuniform List<scalar> 
5170
(
-1.378642033e-98
-1.378749471e-98
-1.378836734e-98
-1.379117486e-98
-1.380000262e-98
-1.39000399e-98
-1.390134918e-98
-1.390323198e-98
-1.390669675e-98
-1.39154364e-98
-1.390070016e-98
-1.390251171e-98
-1.390798835e-98
-1.399932456e-98
-3.413249367e-98
-1.448637019e-98
-2.561199747e-98
-1.487095743e-97
-5.666494119e-96
-1.727320833e-93
-2.183490431e-95
-4.688624941e-94
-6.319152188e-93
-3.791611176e-91
-1.386133065e-88
-8.234234838e-91
-1.942614309e-89
-3.227802274e-88
-2.676303654e-86
-1.066620331e-83
-3.159035577e-86
-8.371989828e-85
-1.788189582e-83
-1.963226335e-81
-7.991208289e-79
-1.235822773e-81
-3.762592014e-80
-1.065627072e-78
-1.487834036e-76
-5.89399825e-74
-4.938491305e-77
-1.763898123e-75
-6.759912383e-74
-1.163430487e-71
-4.311331232e-69
-2.0171353e-72
-8.609840807e-71
-4.519032573e-69
-9.344132226e-67
-3.144262779e-64
-8.411449826e-68
-4.357796822e-66
-3.137596665e-64
-7.653390405e-62
-2.294120169e-59
-3.572136154e-63
-2.273722704e-61
-2.237796467e-59
-6.317230715e-57
-1.676955961e-54
-1.537236335e-58
-1.213285731e-56
-1.610655339e-54
-5.192037785e-52
-1.229582358e-49
-6.666092455e-54
-6.551568997e-52
-1.153167903e-49
-4.186417817e-47
-9.051782781e-45
-2.88315809e-49
-3.544081213e-47
-8.098681386e-45
-3.265526369e-42
-6.690840003e-40
-1.232927855e-44
-1.896092794e-42
-5.5112491e-40
-2.43359596e-37
-4.96544425e-35
-5.105824612e-40
-9.85885582e-38
-3.571744016e-35
-1.708686732e-32
-3.698154963e-30
-2.021976164e-35
-4.969381867e-33
-2.179887546e-30
-1.116461682e-27
-2.762834985e-25
-7.246874456e-31
-2.307326012e-28
-1.223224995e-25
-6.654934693e-23
-2.068824985e-20
-2.259852855e-26
-1.038814569e-23
3.757581786e-12
-1.107482471e-12
-4.405638663e-13
-1.869694864e-16
-2.349098576e-16
2.482548905e-16
2.433798387e-16
2.38331498e-16
-1.06171693e-16
-5.752450415e-17
-1.196129489e-16
-2.161685942e-16
1.433461085e-16
-4.758889035e-17
1.588895735e-16
-2.245170878e-16
2.730634336e-16
-1.171157695e-17
-1.687356812e-17
4.257062269e-17
-9.885101129e-17
1.415859284e-17
-3.183142852e-17
2.384410813e-15
-9.256967711e-17
-3.42277213e-19
-1.102702815e-16
4.406192475e-15
7.919164733e-13
3.406098e-14
-3.332544827e-17
9.41566123e-15
-5.333169789e-12
-5.350063476e-12
1.132807094e-12
9.076152556e-15
5.186656502e-12
2.04258171e-10
7.557209096e-11
-9.262025687e-12
5.361779252e-12
3.984718456e-10
1.50226122e-10
2.009472883e-10
1.773574383e-10
1.022179331e-10
1.147402516e-10
-3.510713622e-10
-2.595625197e-11
-4.033197517e-10
-3.334775223e-10
-1.711121567e-10
-1.414415821e-11
-2.130091349e-12
-1.887235552e-10
-1.783024806e-10
-2.37847005e-10
-3.344147249e-11
-1.048210373e-11
1.280088607e-10
-7.78357008e-11
6.061434782e-12
-1.53886615e-11
-2.182631938e-11
1.238449323e-11
6.029434186e-12
-1.59822766e-11
-5.374069016e-11
-4.143886496e-11
-4.269706517e-12
-1.787965977e-12
-3.778662314e-11
-5.514915348e-11
-5.919824448e-11
-3.783166303e-11
-3.347217775e-11
-5.066214289e-11
2.78819499e-13
-2.582175238e-11
-5.179908236e-11
-4.686695639e-11
-6.494679931e-11
-1.598182371e-11
1.57861757e-12
-6.253271425e-11
-6.136573238e-11
1.366789362e-11
3.823925862e-11
-1.314880261e-11
1.205579197e-11
1.115923438e-11
-1.017892517e-11
2.415117236e-10
2.215831605e-11
-1.054130665e-11
-3.929124473e-12
2.626672916e-11
-2.244963723e-10
8.631251067e-10
-4.771567282e-10
-1.610627189e-10
5.932004338e-14
-7.069835828e-11
3.698572861e-12
2.329247296e-12
-6.792659292e-13
-4.059127778e-10
-1.027715049e-10
-4.178774791e-24
3.530012384e-12
-1.369796589e-11
3.923310094e-11
-1.836132906e-10
-5.780596936e-13
6.480936722e-12
1.232375597e-09
-7.201958991e-12
-1.674606713e-10
-4.610301654e-14
-1.494457553e-11
-5.999329016e-10
1.403079831e-10
1.057545926e-09
-4.237447508e-12
-1.018088254e-11
-4.68850076e-11
-2.280759659e-09
-3.363210411e-08
-1.013769282e-11
-1.365014378e-11
3.805373083e-11
2.016060661e-09
1.975813324e-08
-8.308805749e-12
-1.175570073e-11
4.313415556e-11
1.072738343e-09
1.740675798e-08
-1.78653277e-12
1.187500097e-09
6.765947138e-13
8.139005769e-10
6.88242323e-09
-2.269265412e-11
-5.636022049e-10
-1.02895486e-10
-3.401553311e-10
8.927524114e-10
-1.995159082e-12
-6.929033054e-11
-9.222149204e-11
-4.231017737e-10
-4.52399875e-10
-8.167524429e-12
-7.936605893e-11
-8.552359174e-10
-4.289110802e-09
1.262513065e-08
-3.459876917e-12
-2.772007024e-11
-3.28236086e-10
-3.57657779e-09
-2.973565709e-08
-2.639076882e-10
8.595296237e-11
6.685801105e-10
2.906879163e-09
-4.667943776e-09
3.679060261e-11
5.973955577e-11
5.325978301e-10
3.345783959e-09
1.362675181e-08
3.208828661e-11
1.727824134e-10
9.712394924e-10
4.805479167e-09
2.873752221e-08
-1.637563038e-11
-1.030804784e-10
-4.772487184e-10
-9.401696068e-10
-1.118266184e-09
-3.181985599e-10
-1.347931457e-09
9.225147779e-10
-4.684990823e-09
-7.289416126e-08
-1.134846433e-09
-4.484548003e-09
-2.365437555e-08
-2.819999962e-08
-4.199766012e-08
1.513989764e-09
1.367872671e-08
-7.329013995e-09
4.167143121e-08
5.926683361e-08
1.498589745e-09
1.524512458e-09
1.005068418e-10
1.40861827e-08
1.02580327e-07
1.007931912e-09
1.561949523e-09
3.550788923e-09
1.261804547e-08
5.322766073e-08
1.473690984e-09
2.159727171e-09
4.009943686e-09
8.271896548e-09
1.899699657e-08
1.193255979e-09
1.565579672e-09
2.466164965e-09
4.083211821e-09
6.851437385e-09
9.045316197e-10
9.361053119e-10
2.29658792e-10
1.320410635e-09
2.000884339e-09
1.335834298e-10
1.68310403e-10
3.364833375e-10
2.007548917e-10
4.592587878e-10
2.903377858e-11
-1.187066248e-12
1.014478901e-11
8.435096034e-11
7.88449481e-11
3.365970227e-12
3.660735102e-12
4.072373705e-12
8.534763745e-12
6.197035742e-12
3.019664744e-13
5.966792544e-13
3.495910681e-13
8.457589903e-13
1.046327657e-12
5.190679386e-14
2.418726261e-14
2.853110119e-14
6.652170224e-14
-1.22751399e-13
5.527771575e-15
4.986111589e-15
-2.059764195e-15
-5.554963502e-15
-1.785439169e-14
2.954237826e-15
3.519757491e-15
5.081455303e-15
3.801153291e-15
1.185690075e-15
-1.841507721e-19
8.245918802e-18
5.537311247e-17
1.992098197e-16
9.020712122e-17
3.692636341e-19
2.912828368e-19
5.645228096e-20
5.620080021e-18
8.43208168e-18
1.577296876e-20
8.715278953e-21
-8.063314293e-20
3.548771186e-19
5.173422569e-19
1.131339488e-20
-1.788614949e-21
6.888839919e-21
1.331836549e-20
2.815260612e-20
-1.621584523e-21
-1.800239407e-21
-1.105187829e-21
-8.793340318e-22
-1.120778557e-21
1.906040928e-22
2.058352122e-22
2.248562895e-22
2.492770483e-22
2.582430627e-22
-1.28171366e-22
-1.396649783e-22
1.172764442e-22
1.094178229e-22
1.052772222e-22
6.628017849e-23
6.471147943e-23
6.45566543e-23
6.528271993e-23
4.807019527e-23
1.675764748e-23
1.72395837e-23
-2.070918501e-23
3.287513272e-24
1.143000934e-23
2.485446977e-23
2.919824854e-23
3.688057765e-23
4.08574027e-23
5.394670115e-24
1.652332138e-23
2.081345354e-23
3.372685158e-23
4.741850463e-23
5.963858038e-23
-4.906539587e-23
1.89579073e-23
-5.423530272e-24
4.039079083e-25
6.950158375e-24
-2.078297678e-24
-3.152960349e-24
-2.864579128e-24
-6.110536511e-24
-1.37579063e-23
-3.648946714e-23
-3.199133289e-23
-5.439686184e-24
-1.076622082e-23
1.52701169e-23
2.98115386e-23
2.882143861e-23
2.536022582e-23
1.768100841e-23
-1.322697917e-24
5.575406628e-24
4.681137597e-25
1.047941986e-24
1.49112291e-24
-1.034388653e-24
7.993740672e-25
2.047130921e-24
3.004292762e-24
3.369593667e-24
3.549175729e-24
1.077468972e-24
1.098296611e-24
1.142612799e-24
1.203934967e-24
1.123365684e-24
1.2169075e-24
9.724066186e-25
1.258892381e-24
1.496188158e-24
1.467049373e-24
3.036542459e-26
-3.792862696e-25
-3.397800601e-25
-3.329460299e-25
3.213593315e-25
-3.516594746e-25
-3.754917868e-25
3.313718433e-25
6.596811882e-25
7.165046417e-25
-4.498487106e-25
-4.494707613e-25
-4.557449858e-25
-4.546848052e-25
-4.5171414e-25
-4.745550277e-25
-4.756694141e-25
-4.720352853e-25
-4.572012043e-25
-4.22839029e-25
6.604591222e-27
4.907652828e-27
3.834611171e-27
2.967762192e-27
-6.226732951e-28
8.124023616e-28
7.224547567e-28
3.01734196e-27
2.600208101e-27
4.918763433e-27
4.254123675e-26
4.668169752e-26
4.868336824e-26
5.131926384e-26
5.499625809e-26
5.615588866e-26
5.600468335e-26
5.588073959e-26
5.666095618e-26
5.895022014e-26
5.544695641e-26
5.471258245e-26
5.34158629e-26
5.235935346e-26
5.213353038e-26
5.04759854e-26
4.973720498e-26
4.81303697e-26
4.594665595e-26
4.211282986e-26
4.19152663e-28
6.138597006e-28
7.075900132e-28
7.721952136e-28
5.040483149e-28
-1.152834562e-29
-1.505734331e-29
4.397557903e-30
1.003868256e-28
-1.820919201e-28
-2.976517102e-28
-2.340514923e-28
-1.660559634e-28
-8.867110282e-29
-1.500088346e-28
-4.892457584e-30
1.069973998e-29
1.095255162e-29
6.942516674e-30
8.793905109e-29
3.763600745e-30
2.288123682e-29
2.037040968e-29
-1.481789891e-29
1.095487274e-29
2.771199563e-28
2.788051673e-28
2.741839848e-28
2.422138341e-28
1.965013257e-28
3.26813564e-28
3.267662266e-28
3.174337659e-28
2.787077832e-28
2.245862915e-28
1.526057554e-29
2.235050596e-29
2.467299143e-29
2.52468415e-29
9.100374965e-30
-4.54016838e-31
-5.501439009e-31
-3.104896936e-30
6.643390788e-30
5.689569986e-32
1.729735578e-30
2.398925545e-31
2.699318113e-30
3.716696129e-30
8.039725905e-30
-8.634030632e-10
-6.309830153e-09
-2.079007027e-09
-1.633409202e-08
1.308738285e-08
-1.429581164e-07
1.692245071e-07
1.284824382e-08
4.440769791e-09
2.804119515e-09
1.759595957e-07
-9.6672121e-08
-8.259450808e-08
1.579026828e-08
-1.923406828e-08
-4.36740007e-08
6.304171385e-09
-2.072256819e-07
-1.386710602e-07
4.009334081e-07
1.70707507e-07
4.00139315e-08
1.01873778e-08
2.616809854e-09
7.369517572e-10
8.280813213e-11
1.170253671e-11
1.148630726e-12
-4.607779487e-13
-4.437220826e-14
-8.961545493e-16
2.176546904e-17
4.761799557e-18
4.67012019e-19
-1.698701073e-20
6.768016367e-22
2.56761166e-22
-7.272312107e-24
4.423871451e-23
6.131406009e-23
2.297189983e-23
1.260665539e-22
1.332791677e-23
-2.68657186e-23
3.002308376e-23
-5.570211068e-24
-7.658211383e-24
2.781273217e-24
2.104317646e-24
-1.660419836e-24
4.910209401e-25
6.782634099e-25
-4.542174742e-25
-3.5877593e-25
1.006636074e-29
9.93449922e-27
5.360188529e-26
5.676075525e-26
5.472078365e-26
3.955112213e-26
7.899100995e-28
1.134056843e-27
-8.158522097e-28
-1.241641888e-28
2.375163793e-28
3.647334622e-28
3.789130264e-28
7.587941544e-29
-9.581963549e-32
-1.172421853e-29
-2.641941761e-09
-3.246054447e-10
-9.661867482e-11
-3.679536384e-11
-7.169391231e-12
-1.554006134e-08
-1.345562578e-08
-1.393270348e-08
-1.654094654e-10
-1.082641183e-11
-3.624662355e-09
-2.053191271e-08
-3.311430445e-08
1.628663955e-09
-7.072763189e-11
-3.337634842e-08
-4.918368713e-07
-4.257045513e-06
-3.177015752e-07
-3.848223423e-08
-2.695057576e-07
-2.840163783e-06
-1.694779195e-06
-2.411219432e-06
-6.768011381e-08
3.620856991e-07
1.675257761e-06
-3.891558041e-05
1.343229052e-06
1.510461632e-07
5.726407802e-08
-3.065672409e-07
-1.033506668e-06
-4.821656815e-07
2.649965885e-08
6.223344333e-08
1.470129579e-07
1.491661964e-06
-5.996323062e-06
-7.176765051e-07
2.759496686e-08
5.47707922e-07
3.875150358e-06
5.161100082e-05
3.4338063e-06
1.476093613e-08
1.490918041e-07
1.285312819e-06
-6.637445358e-05
1.375979729e-06
-2.29555047e-07
5.869322504e-08
-2.595022705e-07
9.713246944e-05
1.434136765e-07
1.571022848e-07
-8.142960879e-08
2.992489672e-06
4.490048976e-05
-6.098831864e-05
1.023968979e-07
-2.263667041e-06
-5.55219294e-07
7.838344679e-07
-4.810667061e-07
7.088518567e-09
1.146840733e-06
1.26945763e-07
2.815322291e-07
-3.767995109e-07
8.07932549e-08
1.149908818e-06
1.776594203e-07
4.771813215e-07
7.73321156e-05
-3.302135091e-07
1.00974974e-06
-1.115175836e-09
3.157600362e-08
-0.0001010637109
2.972181713e-07
-1.183840302e-06
-1.344666231e-06
-1.057960136e-05
-1.187852006e-05
-1.952470625e-07
-6.221010145e-07
-2.677091197e-06
-1.224423904e-05
-3.993655096e-05
-3.543731295e-07
-1.662005007e-06
-7.34620976e-06
-3.032670304e-05
-7.35736746e-05
1.310051278e-06
7.466362716e-06
2.418500866e-05
-8.507934215e-05
-0.002571177316
5.386180303e-07
3.056061728e-06
1.380864223e-05
4.427940259e-05
-2.55854909e-05
9.803520547e-08
4.512600543e-07
1.822795846e-06
5.86587478e-06
6.481214576e-06
1.7008669e-08
5.319238715e-08
1.757523411e-07
5.061113662e-07
7.279739465e-07
3.474008964e-09
6.842817072e-09
1.584753271e-08
3.693471262e-08
5.360551388e-08
6.77807853e-10
1.059214569e-09
1.606930197e-09
2.705061101e-09
3.503234049e-09
1.249627849e-10
1.528232426e-10
1.7186163e-10
1.758701641e-10
1.608265125e-10
1.58206242e-11
2.258748818e-11
1.827481694e-11
1.946368188e-11
1.691004482e-11
1.256643836e-12
3.046358455e-12
3.186948801e-12
8.500262937e-13
1.961926674e-12
1.788535618e-12
-3.631332239e-14
5.862865889e-14
1.939900625e-13
3.548664126e-13
-1.31464161e-14
4.736474626e-14
-1.280494546e-13
7.219510107e-15
-1.049371331e-14
-4.350986823e-15
9.125179196e-16
-1.670498336e-16
4.278268924e-16
-5.067659047e-17
-1.336855105e-16
4.524621797e-17
-6.959587356e-18
-1.635444533e-17
2.562558365e-17
1.02804768e-19
-4.225248557e-20
4.273630586e-18
-3.682656609e-18
1.076365624e-19
4.771626762e-19
5.212890424e-19
3.298456181e-19
1.851560742e-19
4.616911459e-20
-2.86425205e-19
-2.712828654e-21
-1.795633e-20
1.429388655e-20
1.346192907e-20
6.769861727e-21
-7.375204505e-21
1.68326104e-21
4.399482421e-22
5.148534627e-22
5.153455782e-22
4.303024049e-22
-7.911325336e-22
7.405368532e-23
1.97013993e-22
7.814008719e-23
1.118483927e-22
1.74359742e-22
-1.499944867e-22
4.778124324e-23
3.715585564e-23
1.064809213e-22
1.219308858e-22
-2.379231017e-22
-1.163590526e-23
3.592750172e-23
7.376233202e-23
-1.290211316e-22
6.623448741e-24
1.630018766e-22
-3.814578423e-23
3.774126923e-23
1.128484947e-22
-9.929564323e-24
-1.720157949e-23
1.161607766e-22
-2.412985798e-23
4.663450003e-24
-2.03003557e-23
-1.826411872e-23
-2.215206526e-23
-1.76740954e-23
-1.220483091e-23
-1.6953807e-23
-6.389179775e-24
-4.694178607e-23
-1.942997619e-23
1.99870626e-23
1.755180476e-23
1.602313045e-24
3.137382587e-23
1.397690745e-24
-1.626114797e-24
-6.172353729e-24
1.074788432e-24
7.173216902e-24
-2.180634061e-24
-4.292076511e-24
-1.137730695e-22
7.607077955e-24
-1.785760549e-24
1.402966358e-22
-2.616543889e-23
-3.233212478e-24
-1.003872851e-24
1.685568588e-24
-4.097525048e-24
4.168652316e-26
-1.940593033e-26
3.391747683e-24
8.947912819e-25
1.022445701e-24
-3.568353598e-24
6.267176935e-27
4.559132231e-25
-4.321664027e-24
-2.220918685e-25
7.235778814e-26
1.049638244e-25
4.557716329e-25
7.338536845e-25
2.968386391e-25
-5.451739028e-25
-5.315009007e-25
-4.017312776e-25
-3.715344698e-25
-5.884231791e-25
-5.668662336e-25
-5.140566985e-25
-4.165149454e-25
-5.23531856e-25
-5.365114446e-25
-4.274621529e-25
-1.390682074e-25
-3.741738807e-27
-3.404281449e-25
-1.059914894e-26
7.551779786e-27
1.949711996e-26
7.35988361e-27
-1.143499181e-27
5.69138948e-27
1.795955976e-26
2.49061377e-26
4.13496859e-26
4.803682529e-27
4.364472434e-26
5.547252377e-26
6.153094548e-26
6.494748829e-26
5.799107633e-26
6.178453451e-26
6.468110615e-26
6.563821367e-26
6.462265026e-26
6.065134257e-26
6.252566061e-26
6.36971583e-26
6.250021927e-26
5.859464278e-26
5.204616995e-26
5.266342714e-26
5.099211771e-26
4.33486653e-26
3.036116617e-26
9.574698222e-27
8.668948081e-27
1.085598623e-27
4.287138472e-29
2.160939176e-27
-1.176032591e-28
1.60617947e-28
1.929177915e-28
5.35567232e-29
-5.106485311e-28
9.974072196e-30
-2.114526186e-28
1.796844375e-27
-1.674052589e-27
-9.099415134e-27
-4.357574921e-27
-1.802646409e-27
2.278243183e-28
5.088312976e-29
-2.065935629e-29
1.019713805e-28
3.966577585e-29
-1.277915936e-28
6.334755252e-29
3.270651362e-28
2.236931404e-28
1.940824679e-28
4.703428586e-28
4.945482163e-28
5.063784487e-28
3.421573037e-28
4.576595672e-28
4.858374782e-28
4.939666141e-28
5.068473609e-28
3.576780899e-28
4.589347509e-28
1.859247891e-28
6.648513827e-29
2.622280467e-28
2.732506684e-29
4.460505465e-29
1.019964628e-28
-1.992102032e-29
-2.128580903e-29
-2.276579158e-30
-7.353656238e-30
-1.46466476e-30
1.389820872e-29
-8.086082506e-30
4.602251094e-30
1.989027982e-30
3.366358405e-30
8.685832915e-30
7.800289569e-30
-4.015248332e-14
-1.558562756e-13
-6.95840611e-16
4.22557483e-17
-2.293648911e-31
-6.008364899e-35
-1.631800339e-38
-4.258845211e-42
-1.040088414e-45
-2.365467381e-49
-5.041079839e-53
-1.016049269e-56
-1.951949606e-60
-3.590695006e-64
-6.338925816e-68
-1.075073365e-71
0
0
0
0
0
0
0
0
0
0
0
0
0
0
0
0
0
0
0
0
0
0
0
0
0
0
0
0
0
0
0
0
0
0
0
0
0
0
0
0
0
0
0
0
-4.716080588e-14
3.679377686e-14
-3.236001455e-15
-3.350161901e-17
-1.487775537e-33
-4.014857683e-37
-1.173036136e-40
-3.451856952e-44
-9.839752303e-48
-2.658957549e-51
-6.734504907e-55
-1.588293625e-58
-3.483414357e-62
-7.140148318e-66
-1.376755485e-69
-2.510851178e-73
0
0
0
0
0
0
0
0
0
0
0
0
0
0
0
0
0
0
0
0
0
0
0
0
0
0
0
0
0
0
0
0
0
0
0
0
0
0
0
0
0
0
0
0
-3.166589643e-13
4.436970428e-12
-1.906895961e-14
8.484185023e-16
-1.865249057e-34
-5.759897358e-38
-1.917594303e-41
-6.429561277e-45
-2.090815495e-48
-6.4352849e-52
-1.844584204e-55
-4.880281827e-59
-1.189038893e-62
-2.673568624e-66
-5.579017062e-70
-1.088064967e-73
0
0
0
0
0
0
0
0
0
0
0
0
0
0
0
0
0
0
0
0
0
0
0
0
0
0
0
0
0
0
0
0
0
0
0
0
0
0
0
0
0
0
0
0
-9.568768266e-10
-7.814342793e-12
9.67101531e-14
4.259613463e-14
-2.121639598e-34
-8.48911799e-38
-3.781581192e-41
-1.706024529e-44
-7.428705709e-48
-3.029566722e-51
-1.132789582e-54
-3.825562526e-58
-1.155699594e-61
-3.112090814e-65
-7.500889862e-69
-1.635492102e-72
0
0
0
0
0
0
0
0
0
0
0
0
0
0
0
0
0
0
0
0
0
0
0
0
0
0
0
0
0
0
0
0
0
0
0
0
0
0
0
0
0
0
0
0
-2.484129135e-10
-1.067591668e-11
-2.46937951e-13
-4.000802226e-13
8.622299376e-14
-1.214126312e-37
-5.529405432e-41
-2.635804366e-44
-1.244534471e-47
-5.64191428e-51
-2.402487418e-54
-9.438557898e-58
-3.367909492e-61
-1.077594155e-64
-3.066146181e-68
-7.746974796e-72
0
0
0
0
0
0
0
0
0
0
0
0
0
0
0
0
0
0
0
0
0
0
0
0
0
0
0
0
0
0
0
0
0
0
0
0
0
0
0
0
0
0
0
0
4.504792954e-09
2.819165155e-11
-2.360969367e-13
-3.09841338e-13
-3.212465436e-14
-2.720957281e-37
-1.166383948e-40
-5.546557311e-44
-2.687156797e-47
-1.273913622e-50
-5.768525235e-54
-2.452080744e-57
-9.644426184e-61
-3.463849857e-64
-1.12241186e-67
-3.250272246e-71
0
0
0
0
0
0
0
0
0
0
0
0
0
0
0
0
0
0
0
0
0
0
0
0
0
0
0
0
0
0
0
0
0
0
0
0
0
0
0
0
0
0
0
0
2.911173433e-09
2.652540678e-11
-1.844725686e-12
-2.928301866e-14
6.243815955e-14
-8.515556882e-37
-3.298397193e-40
-1.530982629e-43
-7.487591906e-47
-3.649211147e-50
-1.720870936e-53
-7.706319802e-57
-3.231801447e-60
-1.254227632e-63
-4.454347116e-67
-1.43229606e-70
0
0
0
0
0
0
0
0
0
0
0
0
0
0
0
0
0
0
0
0
0
0
0
0
0
0
0
0
0
0
0
0
0
0
0
0
0
0
0
0
0
0
0
0
-6.020982032e-08
-5.284100448e-09
-2.673652921e-10
-6.213134977e-12
-4.446719639e-12
-7.567828614e-14
-1.416357214e-39
-6.143555501e-43
-2.983772866e-46
-1.481371092e-49
-7.217924065e-53
-3.372537471e-56
-1.487999172e-59
-6.126662431e-63
-2.33002284e-66
-8.105232732e-70
0
0
0
0
0
0
0
0
0
0
0
0
0
0
0
0
0
0
0
0
0
0
0
0
0
0
0
0
0
0
0
0
0
0
0
0
0
0
0
0
0
0
0
0
3.038384574e-07
4.560390818e-09
-3.756576429e-10
-2.272353572e-11
-5.721374605e-13
-5.408736843e-13
-8.280360284e-14
-2.44609422e-42
-1.138186501e-45
-5.665617433e-49
-2.830372704e-52
-1.374156627e-55
-6.358039571e-59
-2.765369797e-62
-1.118422459e-65
-4.165837556e-69
0
0
0
0
0
0
0
0
0
0
0
0
0
0
0
0
0
0
0
0
0
0
0
0
0
0
0
0
0
0
0
0
0
0
0
0
0
0
0
0
0
0
0
0
1.09749893e-07
1.268507435e-08
1.03051956e-09
1.762145148e-11
-1.146715872e-12
-3.403758497e-14
-1.859478087e-13
-1.584991099e-41
-6.773039553e-45
-3.330741859e-48
-1.695028455e-51
-8.524656152e-55
-4.130418131e-58
-1.896426617e-61
-8.150027144e-65
-3.244938587e-68
0
0
0
0
0
0
0
0
0
0
0
0
0
0
0
0
0
0
0
0
0
0
0
0
0
0
0
0
0
0
0
0
0
0
0
0
0
0
0
0
0
0
0
0
9.136698519e-08
1.87009351e-06
1.165441636e-08
1.444528943e-09
4.757106777e-11
2.098255918e-13
-2.194400454e-13
-1.589894849e-40
-5.453690924e-44
-2.483506806e-47
-1.247582557e-50
-6.374962498e-54
-3.191111452e-57
-1.530904708e-60
-6.934526199e-64
-2.931625429e-67
0
0
0
0
0
0
0
0
0
0
0
0
0
0
0
0
0
0
0
0
0
0
0
0
0
0
0
0
0
0
0
0
0
0
0
0
0
0
0
0
0
0
0
0
3.921779164e-06
6.416564153e-07
3.966357602e-08
1.306560666e-09
1.342235551e-11
2.45472521e-13
1.945501055e-14
-1.887074701e-39
-4.333578928e-43
-1.641722739e-46
-7.690643443e-50
-3.856236059e-53
-1.942742885e-56
-9.528136708e-60
-4.46269495e-63
-1.969045653e-66
0
0
0
0
0
0
0
0
0
0
0
0
0
0
0
0
0
0
0
0
0
0
0
0
0
0
0
0
0
0
0
0
0
0
0
0
0
0
0
0
0
0
0
0
-2.640817245e-07
3.956838914e-08
4.006168728e-09
1.536143865e-10
4.786488898e-11
7.410214178e-12
3.907413427e-13
-3.077386949e-13
-4.817919016e-42
-1.292323621e-45
-5.166707172e-49
-2.421125445e-52
-1.185248466e-55
-5.766967089e-59
-2.716725089e-62
-1.218690277e-65
0
0
0
0
0
0
0
0
0
0
0
0
0
0
0
0
0
0
0
0
0
0
0
0
0
0
0
0
0
0
0
0
0
0
0
0
0
0
0
0
0
0
0
0
-1.566666741e-07
-9.838949158e-09
-1.9570696e-06
-1.132040436e-08
-2.1764106e-09
-9.305228793e-11
8.515568639e-13
2.972217948e-13
3.76072496e-14
-4.948228448e-43
-1.457030748e-46
-5.907174721e-50
-2.694688164e-53
-1.258549852e-56
-5.784652249e-60
-2.56116331e-63
0
0
0
0
0
0
0
0
0
0
0
0
0
0
0
0
0
0
0
0
0
0
0
0
0
0
0
0
0
0
0
0
0
0
0
0
0
0
0
0
0
0
0
0
1.40037929e-07
-9.746398958e-08
-2.618475305e-08
-3.891341965e-09
-1.330175035e-10
3.910756007e-11
4.534915016e-12
1.855663538e-13
-1.222178983e-13
-1.039616344e-41
-1.808572395e-45
-5.543681409e-49
-2.194176014e-52
-9.448565572e-56
-4.104895132e-59
-1.741802225e-62
0
0
0
0
0
0
0
0
0
0
0
0
0
0
0
0
0
0
0
0
0
0
0
0
0
0
0
0
0
0
0
0
0
0
0
0
0
0
0
0
0
0
0
0
1.853245267e-06
-3.260312761e-06
-7.427227541e-07
-5.143167792e-08
2.0371338e-09
6.129467591e-10
3.86072507e-11
-2.23527245e-12
-3.422826767e-13
-1.045438856e-40
-9.257661938e-45
-1.756473809e-48
-5.405497655e-52
-2.041639273e-55
-8.171260826e-59
-3.258601703e-62
0
0
0
0
0
0
0
0
0
0
0
0
0
0
0
0
0
0
0
0
0
0
0
0
0
0
0
0
0
0
0
0
0
0
0
0
0
0
0
0
0
0
0
0
-3.53636574e-06
9.032505866e-07
3.292940486e-07
5.979041993e-08
9.37311461e-09
9.721388371e-10
6.462755417e-11
6.036892403e-12
2.684454105e-13
-4.424547969e-38
-3.673797572e-42
-3.596725608e-46
-7.220545578e-50
-2.196894533e-53
-7.870320365e-57
-2.925770814e-60
0
0
0
0
0
0
0
0
0
0
0
0
0
0
0
0
0
0
0
0
0
0
0
0
0
0
0
0
0
0
0
0
0
0
0
0
0
0
0
0
0
0
0
0
-7.572410357e-06
-1.076803597e-06
-1.036400562e-07
6.160693948e-09
8.077543646e-10
-1.212571343e-10
-1.810343025e-11
-4.555681374e-13
3.174170174e-13
-3.033937697e-36
-5.675932226e-40
-4.406584886e-44
-4.739251909e-48
-9.903878958e-52
-2.963931051e-55
-1.01260027e-58
0
0
0
0
0
0
0
0
0
0
0
0
0
0
0
0
0
0
0
0
0
0
0
0
0
0
0
0
0
0
0
0
0
0
0
0
0
0
0
0
0
0
0
0
-1.730111961e-05
-3.397686611e-07
6.520536558e-07
1.660987868e-07
1.900945298e-08
1.478870506e-09
8.121430233e-11
7.715159042e-12
8.246155599e-13
-1.420324315e-33
-5.514084334e-37
-8.85642869e-41
-6.68772087e-45
-7.826165829e-49
-1.684920728e-52
-4.969621836e-56
0
0
0
0
0
0
0
0
0
0
0
0
0
0
0
0
0
0
0
0
0
0
0
0
0
0
0
0
0
0
0
0
0
0
0
0
0
0
0
0
0
0
0
0
-3.90215387e-05
1.012089413e-05
1.555400462e-06
1.668483541e-07
1.061153343e-08
4.358597122e-10
1.668740351e-11
1.290707666e-12
3.606661679e-13
-2.87979591e-33
-1.7713866e-36
-5.98995552e-40
-8.282174248e-44
-6.257196633e-48
-7.95850506e-52
-1.7709376e-55
0
0
0
0
0
0
0
0
0
0
0
0
0
0
0
0
0
0
0
0
0
0
0
0
0
0
0
0
0
0
0
0
0
0
0
0
0
0
0
0
0
0
0
0
1.803271774e-05
4.157983756e-06
5.393862395e-07
4.415318913e-08
2.248514923e-09
9.453083145e-11
2.269877308e-11
-1.359295612e-12
6.478018141e-17
-2.285542463e-30
-1.882117394e-33
-1.038445455e-36
-3.079716264e-40
-3.736228702e-44
-2.894308414e-48
-3.933356128e-52
0
0
0
0
0
0
0
0
0
0
0
0
0
0
0
0
0
0
0
0
0
0
0
0
0
0
0
0
0
0
0
0
0
0
0
0
0
0
0
0
0
0
0
0
3.290680253e-06
6.555249982e-07
7.943802118e-08
6.173612727e-09
3.671574991e-10
2.600317808e-11
-1.309401224e-11
-9.099285677e-13
2.70339729e-14
-3.400528836e-30
-3.434880482e-33
-2.558357777e-36
-1.259081517e-39
-3.260936782e-43
-3.515897861e-47
-2.837534706e-51
0
0
0
0
0
0
0
0
0
0
0
0
0
0
0
0
0
0
0
0
0
0
0
0
0
0
0
0
0
0
0
0
0
0
0
0
0
0
0
0
0
0
0
0
3.228013735e-07
6.516677944e-08
8.103637635e-09
7.423993365e-10
7.061931844e-11
7.436705471e-12
1.291040176e-12
1.050326223e-13
2.74433704e-14
9.683106139e-26
-2.43655712e-30
-2.251759606e-33
-1.524662318e-36
-6.71250788e-40
-1.521102216e-43
-1.477917896e-47
-2.669375695e-57
-4.853561376e-61
-1.379347974e-64
-4.389389058e-68
-1.419772169e-71
-4.493239548e-75
-1.36083835e-78
0
0
0
0
0
0
0
0
0
0
0
0
0
0
0
0
0
0
0
0
0
0
0
0
0
0
0
0
0
0
0
0
0
0
0
0
0
2.453366156e-08
5.286019198e-09
7.678550923e-10
1.011447154e-10
1.476565271e-11
2.296982127e-12
-4.536670514e-14
1.258621598e-15
-2.927452061e-16
-5.373264387e-16
-1.368564749e-26
-3.595829516e-33
-3.029222698e-36
-1.856042805e-39
-7.251512912e-43
-1.419052978e-46
-3.875645501e-52
-3.651007064e-56
-6.590952301e-60
-1.6770108e-63
-4.944304304e-67
-1.51992588e-70
-4.617798381e-74
0
0
0
0
0
0
0
0
0
0
0
0
0
0
0
0
0
0
0
0
0
0
0
0
0
0
0
0
0
0
0
0
0
0
0
0
0
1.706560504e-09
4.282156868e-10
6.576936539e-11
1.555919903e-11
2.945903604e-12
9.103106869e-13
1.255472879e-13
1.550497241e-14
1.292286056e-15
1.582050431e-26
1.216802235e-25
-2.537612626e-30
-2.5253518e-33
-1.93443611e-36
-1.068619086e-39
-3.675105227e-43
-6.126269558e-47
-4.903954016e-51
-4.645372532e-55
-7.802139697e-59
-1.877586728e-62
-5.302575045e-66
-1.569069906e-69
0
0
0
0
0
0
0
0
0
0
0
0
0
0
0
0
0
0
0
0
0
0
0
0
0
0
0
0
0
0
0
0
0
0
0
0
0
8.279690378e-11
3.033705559e-11
9.325055021e-12
3.202242869e-12
5.193421223e-13
-2.370557488e-14
1.514573675e-14
3.853505613e-22
4.318176095e-21
-2.017781051e-21
3.11677019e-26
-1.344500166e-26
-4.014397374e-33
-3.649580397e-36
-2.535197007e-39
-1.25419368e-42
-3.772891203e-46
-5.383710134e-50
-4.039094687e-54
-4.081981279e-58
-7.161049575e-62
-1.735740689e-65
-4.833261259e-69
0
0
0
0
0
0
0
0
0
0
0
0
0
0
0
0
0
0
0
0
0
0
0
0
0
0
0
0
0
0
0
0
0
0
0
0
0
1.41348114e-11
4.496810435e-12
1.033792043e-12
-7.543068733e-13
-8.691609074e-16
4.798735336e-21
2.453468633e-20
1.21973224e-20
5.207956996e-21
-1.63685042e-21
-5.843270952e-27
8.050253366e-27
-2.459094959e-26
-2.717162012e-33
-2.260188425e-36
-1.425267569e-39
-6.316870971e-43
-1.666545045e-46
-2.061396766e-50
-1.494611549e-54
-1.603348192e-58
-2.895050372e-62
-6.99683761e-66
0
0
0
0
0
0
0
0
0
0
0
0
0
0
0
0
0
0
0
0
0
0
0
0
0
0
0
0
0
0
0
0
0
0
0
0
0
4.789280032e-13
6.778906546e-13
1.883174078e-13
3.32578834e-14
-4.229159796e-16
1.332836069e-20
2.635074479e-20
5.630353239e-21
6.875732139e-21
1.430778951e-21
4.893381169e-22
6.935055325e-27
-2.741642406e-26
-3.514511083e-33
-3.355861538e-36
-2.53451482e-39
-1.436991264e-42
-5.620467877e-46
-1.266722231e-49
-1.323827241e-53
-9.426937365e-58
-1.084373125e-61
-2.024218339e-65
0
0
0
0
0
0
0
0
0
0
0
0
0
0
0
0
0
0
0
0
0
0
0
0
0
0
0
0
0
0
0
0
0
0
0
0
0
-2.582535119e-13
2.359196641e-13
1.216874464e-16
1.16089003e-15
1.813776917e-16
-2.182319245e-20
6.33146861e-21
9.543729544e-21
2.210061888e-21
3.807895066e-24
-4.947582952e-23
-7.663157919e-22
7.981098197e-27
-2.475121232e-26
-2.825494184e-33
-2.478118606e-36
-1.707375507e-39
-8.74118625e-43
-3.019332871e-46
-5.776950184e-50
-5.103692683e-54
-3.652844979e-58
-4.445241733e-62
0
0
0
0
0
0
0
0
0
0
0
0
0
0
0
0
0
0
0
0
0
0
0
0
0
0
0
0
0
0
0
0
0
0
0
0
0
2.033680548e-14
4.839291888e-15
1.404272548e-16
-2.450441384e-18
-8.653373765e-18
1.689893815e-20
9.884260296e-21
1.636653876e-20
2.383518894e-21
4.525544268e-22
-3.009471279e-21
-1.154613045e-24
8.591162795e-27
-2.697870835e-26
-3.551086771e-33
-3.497274074e-36
-2.794742502e-39
-1.740782064e-42
-7.966872319e-46
-2.399869515e-49
-3.849908202e-53
-2.922663568e-57
-2.16274962e-61
0
0
0
0
0
0
0
0
0
0
0
0
0
0
0
0
0
0
0
0
0
0
0
0
0
0
0
0
0
0
0
0
0
0
0
0
0
6.604580011e-16
1.778324851e-16
8.100987072e-19
-1.381483476e-19
-3.004731041e-19
-5.016163329e-21
1.401602105e-20
-6.815596078e-21
1.750450297e-20
-3.299182708e-22
5.825088951e-22
6.201601287e-23
2.765780458e-22
1.383721516e-26
-2.427285832e-26
-2.855202858e-33
-2.584580655e-36
-1.887355793e-39
-1.065411699e-42
-4.364481882e-46
-1.139166013e-49
-1.513833602e-53
-1.011030144e-57
0
0
0
0
0
0
0
0
0
0
0
0
0
0
0
0
0
0
0
0
0
0
0
0
0
0
0
0
0
0
0
0
0
0
0
0
0
1.013843507e-17
6.613881565e-18
5.907341651e-19
4.51807746e-20
-1.652199822e-21
-2.39503977e-20
2.669192632e-21
-8.90630955e-21
3.944211919e-21
1.091586587e-20
-5.183791511e-22
3.486992583e-21
-2.663706254e-22
-3.903188712e-23
-2.679067823e-26
-3.523232416e-33
-3.525542957e-36
-2.918093254e-39
-1.934265663e-42
-9.807642511e-46
-3.548359352e-49
-7.861643465e-53
-8.454644258e-57
0
0
0
0
0
0
0
0
0
0
0
0
0
0
0
0
0
0
0
0
0
0
0
0
0
0
0
0
0
0
0
0
0
0
0
0
0
1.7414266e-18
2.47388562e-19
7.401810648e-20
-2.994633659e-20
-1.4002653e-20
-4.521299544e-21
-7.456155566e-22
1.253868356e-21
-1.733051504e-21
-1.887513885e-21
6.653698116e-22
-3.258559558e-22
2.31122725e-24
2.612906126e-22
1.300442456e-26
-2.407515846e-26
-2.840350168e-33
-2.617470733e-36
-1.984528211e-39
-1.195645855e-42
-5.443668309e-46
-1.731703125e-49
-3.25606836e-53
0
0
0
0
0
0
0
0
0
0
0
0
0
0
0
0
0
0
0
0
0
0
0
0
0
0
0
0
0
0
0
0
0
0
0
0
0
6.839452411e-20
2.480565332e-20
5.159512971e-21
-1.123266192e-20
-6.795455579e-21
-4.79636627e-21
2.656985581e-22
-3.57020138e-22
7.541248819e-22
-2.11544558e-22
-9.989585964e-23
-2.993412532e-23
1.285584774e-22
1.024936847e-21
5.476456246e-28
5.280660692e-27
-1.046796997e-26
-3.272647907e-36
-2.767793351e-39
-1.913222883e-42
-1.041033112e-45
-4.218932172e-49
-1.159535049e-52
0
0
0
0
0
0
0
0
0
0
0
0
0
0
0
0
0
0
0
0
0
0
0
0
0
0
0
0
0
0
0
0
0
0
0
0
0
-3.171159931e-21
2.304015938e-21
2.017174266e-22
-1.068477617e-22
-1.712309514e-22
-4.513953107e-21
9.225104763e-23
3.983312524e-23
2.659268353e-22
-1.936036402e-22
1.750465796e-22
2.387630892e-22
4.142156403e-22
4.668891148e-23
-4.051895859e-22
7.512248382e-27
-1.179099738e-26
-4.185872686e-36
-3.875102104e-39
-2.995990464e-42
-1.879002067e-45
-9.179921936e-49
-3.289382329e-52
0
0
0
0
0
0
0
0
0
0
0
0
0
0
0
0
0
0
0
0
0
0
0
0
0
0
0
0
0
0
0
0
0
0
0
0
0
2.156674468e-22
-1.088050762e-22
9.63724938e-22
-8.498501111e-23
-3.481291937e-22
8.94897385e-23
1.954948729e-22
3.572685122e-23
1.466839475e-22
-5.132879352e-23
8.281851036e-22
-4.649221425e-23
2.538479636e-22
2.158987873e-22
-3.521475043e-22
2.341092389e-22
6.019222022e-27
-1.143896847e-26
-3.153428296e-36
-2.689966673e-39
-1.905674521e-42
-1.08687888e-45
-4.77684522e-49
0
0
0
0
0
0
0
0
0
0
0
0
0
0
0
0
0
0
0
0
0
0
0
0
0
0
0
0
0
0
0
0
0
0
0
0
0
1.001598133e-22
3.517420169e-22
7.559739475e-23
-1.390301359e-22
-4.036634656e-22
3.385207187e-23
1.208551098e-22
-1.062140682e-23
1.090560683e-22
-2.590993784e-23
-2.724591082e-23
3.561699299e-23
7.911733128e-23
2.420076438e-22
-1.901214689e-22
4.64593116e-28
7.727790131e-27
-1.213725473e-26
-3.959693142e-36
-3.65963072e-39
-2.859839753e-42
-1.84335395e-45
-9.476527882e-49
0
0
0
0
0
0
0
0
0
0
0
0
0
0
0
0
0
0
0
0
0
0
0
0
0
0
0
0
0
0
0
0
0
0
0
0
0
-6.836306352e-23
2.51519516e-22
2.851779682e-23
4.609574224e-23
-2.864979714e-22
-1.684407005e-23
3.021510886e-23
-4.167443774e-23
1.223131118e-22
1.448660581e-22
-4.02819962e-23
-1.423066187e-22
1.01905905e-21
1.414265798e-22
1.097614083e-21
3.66694045e-25
-2.359692662e-22
-4.090304591e-28
-1.176144135e-26
-2.999270314e-36
-2.558756903e-39
-1.835949869e-42
-1.078761017e-45
0
0
0
0
0
0
0
0
0
0
0
0
0
0
0
0
0
0
0
0
0
0
0
0
0
0
0
0
0
0
0
0
0
0
0
0
0
2.947784845e-22
-4.18294351e-23
1.866887462e-23
1.141528614e-23
-4.892718312e-23
2.413058458e-23
2.360662855e-23
6.514438503e-23
1.636425352e-23
1.321221031e-22
6.168280712e-23
-1.880131187e-23
6.803333824e-23
3.76152975e-22
1.389567438e-21
-5.800562838e-22
2.749606641e-22
6.078084498e-27
4.519506048e-26
-3.514126151e-36
-3.228204447e-39
-2.53290781e-42
-1.661075774e-45
-7.89470402e-78
-2.068727939e-81
-3.694811853e-85
-3.893860697e-89
0
0
0
0
0
0
0
0
0
0
0
0
0
0
0
0
0
0
0
0
0
0
0
0
0
0
0
0
0
0
0
0
0
-3.179476735e-23
-5.213295583e-23
1.609176487e-24
1.109618127e-23
-7.359657975e-24
2.370588275e-23
9.416631521e-24
5.001378708e-24
-3.534732872e-24
1.342828497e-22
1.365971261e-25
7.555445153e-24
4.471196967e-23
3.333735168e-22
1.555502262e-23
-6.9486557e-22
2.553256687e-23
1.299382245e-23
5.283657762e-26
4.200395163e-27
-4.177070555e-39
-3.532497239e-42
-2.538109923e-45
-2.051193719e-73
-6.687167652e-77
-1.583763826e-80
-2.488990179e-84
-2.15734299e-88
0
0
0
0
0
0
0
0
0
0
0
0
0
0
0
0
0
0
0
0
0
0
0
0
0
0
0
0
0
0
0
0
-3.051291942e-23
7.574993836e-24
-1.06406324e-23
-5.343936211e-23
2.959099597e-24
2.546876799e-23
9.51339505e-24
6.842020046e-24
-1.108578718e-24
1.416976688e-22
4.048013267e-24
2.12491965e-23
-9.678224208e-24
-2.244294142e-23
3.026964602e-23
1.515183987e-22
2.336079809e-23
3.9647156e-22
7.074206662e-23
4.805174506e-26
1.132780032e-27
-2.955306189e-39
-2.306343076e-42
-4.827834799e-69
-1.895070049e-72
-5.662821343e-76
-1.205984572e-79
-1.64808058e-83
0
0
0
0
0
0
0
0
0
0
0
0
0
0
0
0
0
0
0
0
0
0
0
0
0
0
0
0
0
0
0
0
-2.095614546e-24
-2.362730982e-24
3.904457254e-23
-1.044536005e-23
2.377810417e-23
1.067174645e-23
1.962932874e-24
7.149471869e-24
-9.00098495e-26
1.415909831e-22
9.193252365e-24
3.604537833e-23
1.894145819e-24
-2.028608032e-24
2.168573346e-23
1.785755891e-22
-4.441852303e-24
3.126840754e-24
4.855603323e-23
1.429517661e-24
1.18663666e-22
1.970541161e-22
-1.857563967e-61
-1.048424343e-64
-4.834093347e-68
-1.758991715e-71
-4.808974946e-75
-9.172563302e-79
0
0
0
0
0
0
0
0
0
0
0
0
0
0
0
0
0
0
0
0
0
0
0
0
0
0
0
0
0
0
0
0
-1.528864699e-23
-5.582407652e-25
-5.267245972e-23
-4.701924661e-25
2.356498366e-23
-9.162232674e-24
1.340837913e-22
4.417388264e-24
-3.313389479e-24
1.398493388e-22
5.876428174e-24
4.027578866e-23
6.156642369e-23
-2.132799583e-22
-1.169842258e-24
-8.854902644e-25
1.860685388e-24
3.401359694e-24
1.255140863e-22
-6.919025277e-25
3.947201396e-23
1.076453893e-22
-3.347000301e-57
-2.130413123e-60
-1.131679903e-63
-4.881269225e-67
-1.646550331e-70
-4.114841494e-74
0
0
0
0
0
0
0
0
0
0
0
0
0
0
0
0
0
0
0
0
0
0
0
0
0
0
0
0
0
0
0
0
-6.003324754e-24
-5.213453518e-23
4.323306181e-24
2.449577306e-23
4.660669675e-24
5.222248133e-24
3.685072953e-24
-4.119161886e-25
-4.363362433e-24
1.41306437e-22
1.631386479e-23
3.581072582e-23
7.71069295e-24
1.920749032e-23
-6.968155455e-25
1.103474904e-24
2.821244961e-23
2.064013092e-22
1.889989111e-21
-1.614376685e-22
-4.888697721e-23
2.678250222e-23
-5.776599839e-53
-4.09630014e-56
-2.467950545e-59
-1.235507212e-62
-4.990602997e-66
-1.561348016e-69
0
0
0
0
0
0
0
0
0
0
0
0
0
0
0
0
0
0
0
0
0
0
0
0
0
0
0
0
0
0
0
0
-5.448787396e-23
5.915192319e-25
3.089243488e-24
-1.162079723e-23
1.176787583e-23
7.311012372e-25
6.567920026e-24
-4.004729428e-25
-4.562671168e-24
1.41126249e-22
1.641253791e-23
4.135566454e-23
3.753187179e-23
-3.859084564e-24
-3.31059963e-24
5.833642848e-25
1.074197789e-23
1.031387059e-22
1.605462368e-21
1.17212546e-22
4.216477876e-23
-1.419815016e-26
-9.621101374e-49
-7.523419261e-52
-5.074604322e-55
-2.899202739e-58
-1.370497166e-61
-5.193912157e-65
0
0
0
0
0
0
0
0
0
0
0
0
0
0
0
0
0
0
0
0
0
0
0
0
0
0
0
0
0
0
0
0
2.666583548e-24
2.228806729e-24
2.403360184e-23
5.426043509e-24
-4.461437072e-26
2.474107257e-24
4.287918328e-24
-4.023349939e-24
-1.761452171e-23
-7.631973433e-23
7.296792132e-24
3.792117463e-23
-1.579867761e-23
-8.606015842e-24
8.475101195e-23
-8.684562094e-26
1.918329706e-23
6.908835512e-24
3.496406866e-23
3.918550757e-23
-4.07342273e-24
-1.30836915e-26
-1.555725658e-44
-1.32983726e-47
-9.934102755e-51
-6.388394583e-54
-3.470582071e-57
-1.553969357e-60
0
0
0
0
0
0
0
0
0
0
0
0
0
0
0
0
0
0
0
0
0
0
0
0
0
0
0
0
0
0
0
0
2.617042205e-24
2.354557638e-23
4.549597256e-24
-4.859355496e-25
-2.601781484e-24
6.203807351e-24
2.505510981e-25
-9.738603078e-24
1.842516623e-22
-6.994607445e-23
8.339303095e-24
3.77319054e-23
-1.690391329e-23
1.208878557e-23
-1.454439724e-22
-3.015094483e-23
1.74644365e-23
-3.784230445e-23
-6.628702856e-23
-5.300197693e-23
-6.34079122e-28
3.993945355e-27
-1.275841583e-26
-2.277398085e-43
-1.866747017e-46
-1.335851265e-49
-4.317100836e-21
-4.262097244e-56
0
0
0
0
0
0
0
0
0
0
0
0
0
0
0
0
0
0
0
0
0
0
0
0
0
0
0
0
0
0
0
0
9.281638516e-25
8.657356993e-25
1.43916e-25
-1.885373137e-26
1.367478141e-24
-7.581479655e-25
-2.283562669e-25
-7.630710832e-24
1.527609535e-22
-2.245595233e-23
5.624503287e-24
3.744321471e-23
1.172369489e-24
-3.025993938e-25
1.760181934e-23
-4.356327202e-24
-2.490057792e-24
6.718887037e-24
3.608721049e-24
3.20574907e-22
2.919170063e-23
-8.990013093e-28
-1.393446002e-26
-3.798769185e-39
-3.373170836e-22
-6.292884626e-23
-4.528693259e-21
-4.484313721e-21
0
0
0
0
0
0
0
0
0
0
0
0
0
0
0
0
0
0
0
0
0
0
0
0
0
0
0
0
0
0
0
0
8.961463727e-25
3.896952293e-25
-2.039621787e-25
-1.654599261e-26
2.56723718e-25
2.183492328e-25
-3.51985109e-24
-1.620661143e-23
-7.695478307e-23
5.629105386e-24
4.423205037e-24
3.691733033e-23
2.393296802e-24
1.612563008e-24
1.605043806e-23
-2.695939077e-24
-1.155173241e-24
-8.645436932e-25
3.039545609e-23
6.623039154e-22
-1.118177976e-22
-5.418156238e-24
4.935421136e-27
-1.357422084e-26
-4.009710323e-42
-4.022414239e-22
-7.617458994e-23
-4.49378107e-21
0
0
0
0
0
0
0
0
0
0
0
0
0
0
0
0
0
0
0
0
0
0
0
0
0
0
0
0
0
0
0
0
6.502383479e-26
-7.401835761e-26
-2.649814841e-25
6.503047645e-26
2.208043096e-25
4.619235736e-26
-3.4083474e-25
-1.98292832e-23
-3.714462032e-23
3.354155184e-25
3.317495336e-24
3.63673148e-23
4.212297404e-24
2.521012215e-24
1.743578115e-23
-1.443211232e-24
-3.367118721e-25
3.695746996e-25
9.152752647e-24
1.207372661e-23
2.311448204e-24
5.399092293e-26
2.593206557e-26
-1.469242273e-26
-4.69703269e-42
-4.028913725e-22
-6.245412436e-23
-4.481010973e-21
0
0
0
0
0
0
0
0
0
0
0
0
0
0
0
0
0
0
0
0
0
0
0
0
0
0
0
0
0
0
0
0
-8.41152628e-26
-2.173320929e-26
-4.883698814e-27
-5.114665215e-26
-3.116506511e-27
-1.372993203e-26
-8.629771324e-24
-4.714801328e-24
-2.269667698e-23
-2.769633649e-24
-3.561569145e-25
-1.866853898e-23
1.244062493e-24
2.781531846e-24
1.826352764e-23
1.099234858e-23
5.326663319e-25
4.407539495e-24
1.735142213e-24
-1.013817924e-25
-1.075808216e-23
4.621323121e-27
5.674489852e-26
-2.439990128e-27
-5.645321756e-42
-4.009160751e-22
-6.200835813e-24
-1.633575506e-23
0
0
0
0
0
0
0
0
0
0
0
0
0
0
0
0
0
0
0
0
0
0
0
0
0
0
0
0
0
0
0
0
-1.148777971e-25
1.201749888e-26
-5.60461519e-26
-6.62486377e-26
-1.219334397e-25
5.105738215e-26
7.077991875e-25
1.780242678e-23
4.957280309e-24
1.275861047e-25
-7.756698407e-25
-1.880295496e-23
-5.50061789e-25
4.197628382e-24
1.830215655e-23
1.044515705e-23
-1.00962775e-24
3.502084081e-25
1.830091382e-24
-1.796592828e-24
-1.900099929e-24
-6.798923036e-25
-2.00140972e-24
4.84419314e-23
3.034286313e-22
-3.880845701e-42
-4.010756546e-22
-5.273234046e-24
0
0
0
0
0
0
0
0
0
0
0
0
0
0
0
0
0
0
0
0
0
0
0
0
0
0
0
0
0
0
0
0
7.477844919e-27
8.877236148e-27
4.560933317e-26
3.295929153e-26
3.806201187e-26
4.242985204e-26
-2.773088326e-24
-1.358272472e-23
-2.7264919e-24
5.063392093e-28
-1.613707103e-25
-3.398898231e-24
-8.581543344e-25
4.321434458e-24
1.923954258e-23
1.002106048e-23
3.961257335e-25
6.124202108e-25
2.580685535e-24
6.854679748e-24
-5.36978759e-23
8.992558236e-24
1.35910603e-24
1.346767184e-22
1.036239956e-22
9.95788604e-23
-2.606239096e-22
-5.558796688e-24
0
0
0
0
0
0
0
0
0
0
0
0
0
0
0
0
0
0
0
0
0
0
0
0
0
0
0
0
0
0
0
0
1.090132521e-26
3.738009018e-26
3.537703074e-26
2.954429512e-26
5.23358663e-26
4.255480318e-26
5.43176731e-27
5.083412e-25
8.84361535e-28
-2.745830939e-26
1.458679196e-25
-2.288483534e-24
-3.436416917e-26
3.805943208e-25
6.595175729e-23
6.097518761e-24
-6.820033507e-25
-4.537722273e-25
4.996225178e-25
1.152215316e-24
4.341735234e-24
6.9104715e-25
3.763126338e-25
-2.052058271e-24
-2.03834274e-22
2.693563805e-22
-3.692046478e-23
-1.163662335e-22
0
0
0
0
0
0
0
0
0
0
0
0
0
0
0
0
0
0
0
0
0
0
0
0
0
0
0
0
0
0
0
0
5.261621984e-26
5.564362681e-26
5.864966995e-26
5.350457911e-26
3.659504759e-26
2.443617802e-26
-1.132012248e-26
-2.174501112e-27
3.235052777e-28
-5.05242867e-28
1.126343897e-25
1.563750603e-27
-1.20850046e-27
3.664500264e-25
6.656292761e-23
2.451251159e-24
-8.723913517e-25
-1.180912633e-25
3.789186762e-25
2.784512844e-25
-6.148510387e-26
-3.241607129e-25
-1.775224914e-24
-2.895817606e-24
-2.439862592e-22
-3.643822559e-22
-2.095677271e-22
-4.412540058e-22
0
0
0
0
0
0
0
0
0
0
0
0
0
0
0
0
0
0
0
0
0
0
0
0
0
0
0
0
0
0
0
0
6.671229455e-26
6.450505387e-26
5.570275296e-26
3.717611346e-26
2.506961567e-26
-1.213508982e-27
2.339592844e-26
-1.397029172e-27
-7.255553442e-27
-4.483883394e-25
4.657625142e-25
5.340487559e-26
-2.654705818e-29
-1.90375977e-26
-9.818228511e-25
-7.073230695e-25
1.681289146e-25
-9.005038391e-26
4.11420253e-25
3.991882194e-25
-1.496685769e-25
6.990487167e-26
1.084736903e-25
3.076824092e-24
-2.290749833e-22
-2.093626706e-22
-4.33550093e-22
-1.170058867e-21
0
0
0
0
0
0
0
0
0
0
0
0
0
0
0
0
0
0
0
0
0
0
0
0
0
0
0
0
0
0
0
0
6.095440355e-26
5.28842224e-26
3.587306926e-26
2.497831443e-26
-2.066559399e-27
4.039563497e-26
-3.208928639e-26
-3.720269315e-28
-9.793511448e-27
-9.32251297e-26
3.805442333e-24
-5.008176011e-26
5.405493307e-27
-1.944998469e-26
5.191058008e-25
-7.723212481e-25
1.142166321e-25
-2.104046028e-25
4.11295738e-25
4.065942159e-25
-1.07270045e-25
-2.162119603e-25
2.931325039e-25
-1.035281062e-24
8.968217223e-25
-2.601066655e-22
-2.214120075e-22
-5.765398957e-22
0
0
0
0
0
0
0
0
0
0
0
0
0
0
0
0
0
0
0
0
0
0
0
0
0
0
0
0
0
0
0
0
5.024400414e-26
3.306230208e-26
1.559997176e-27
-9.281728466e-28
4.017702696e-26
-3.262900367e-28
-2.383225588e-27
-4.803663402e-29
3.064110722e-28
-2.494859446e-27
-3.505922355e-26
1.562668825e-26
2.488091889e-27
-2.299839248e-26
-5.028794051e-26
-9.969737626e-25
-1.75901628e-25
1.782629584e-26
4.645744897e-25
4.155880116e-25
3.118612074e-25
-4.780832798e-25
7.7507428e-26
5.039076333e-24
2.344497613e-22
-4.336623994e-23
-2.956385187e-22
-2.78797522e-22
-3.454118803e-22
0
0
0
0
0
0
0
0
0
0
0
0
0
0
0
0
0
0
0
0
0
0
0
0
0
0
0
0
0
0
0
1.502282366e-26
3.857049412e-27
-3.319721823e-28
4.525474519e-27
-1.059515478e-26
-2.66137965e-27
-2.872928593e-29
8.970994964e-27
-4.141918222e-26
-1.737863404e-26
8.812460244e-27
5.123014581e-28
-6.152245273e-28
-2.016978755e-26
-3.600755075e-25
-4.716279664e-26
2.545199294e-26
-8.363614165e-27
4.508641386e-25
3.104367155e-25
2.13821481e-24
-1.522417771e-25
8.536427104e-26
7.129893153e-25
3.043059064e-23
3.363310314e-22
2.601076813e-22
3.31356699e-22
-2.328319374e-22
0
0
0
0
0
0
0
0
0
0
0
0
0
0
0
0
0
0
0
0
0
0
0
0
0
0
0
0
0
0
0
-2.143703744e-28
8.395042442e-28
3.280551736e-26
-3.810983963e-27
-2.573622343e-27
-9.437688477e-30
4.136400755e-28
4.080880058e-28
1.870668093e-28
-3.248631563e-26
-4.002350104e-29
-2.782338939e-29
3.194013924e-28
-8.850622604e-28
-1.966900611e-25
-1.017407127e-24
-5.403570607e-25
-8.335414929e-27
4.656305625e-25
4.324080839e-25
-9.658675423e-26
-6.911051779e-26
-8.567539729e-26
-3.774853104e-25
9.455670686e-25
3.190585167e-22
3.673628509e-22
3.658940225e-22
-3.996810415e-22
0
0
0
0
0
0
0
0
0
0
0
0
0
0
0
0
0
0
0
0
0
0
0
0
0
0
0
0
0
0
0
3.295024796e-27
5.210630584e-27
5.8760036e-28
-9.885290594e-28
2.391624203e-29
4.62054846e-28
7.056217729e-27
4.646286783e-26
3.691828195e-26
-4.054211378e-27
-2.779337246e-29
-2.980035841e-30
2.484134599e-24
-7.909181461e-24
-3.832689474e-25
1.904942226e-25
-7.033886456e-25
-7.721747575e-29
4.291632278e-25
4.459094597e-25
-7.84126995e-26
-7.235853481e-26
-1.231241477e-25
-5.570568397e-25
8.590927464e-24
7.608669995e-23
1.532992771e-22
3.541816951e-22
0
0
0
0
0
0
0
0
0
0
0
0
0
0
0
0
0
0
0
0
0
0
0
0
0
0
0
0
0
0
0
0
-1.545626182e-27
1.918247388e-28
-9.558891311e-28
3.616140778e-28
4.995414188e-28
4.878859112e-28
4.185229839e-28
1.715870722e-28
-2.750842808e-27
-2.297730347e-29
-1.235861162e-30
8.650491391e-30
-1.983859386e-26
-4.24216623e-26
-8.436028557e-25
2.985000808e-26
-6.992041351e-25
-1.357797796e-26
4.519500548e-25
4.300305862e-25
-7.472780956e-26
-6.703264287e-26
-1.463245205e-25
-3.144405509e-24
1.058548009e-23
8.662054639e-23
9.466175676e-23
1.064052993e-22
0
-2.24900012e-22
0
0
0
0
0
0
0
0
0
0
0
0
0
0
0
0
0
0
0
0
0
0
0
0
0
0
0
0
0
0
-5.224910472e-29
2.603032707e-28
5.489393114e-28
5.887588405e-28
5.979369348e-28
5.45192038e-28
3.968051455e-28
-5.255155108e-28
-1.815602803e-29
-3.900823643e-30
5.145925665e-30
-1.627758302e-27
9.369203815e-27
7.950544407e-26
-8.33285603e-27
-6.451653449e-26
-8.637437272e-28
-1.222782704e-26
4.525328742e-25
4.495676764e-25
-7.805559835e-26
-7.410661627e-26
-1.281572797e-25
-2.606979323e-24
1.022616136e-23
9.47491108e-23
9.695096757e-23
8.831416513e-23
-1.490511065e-26
-3.995407166e-22
0
0
0
0
0
0
0
0
0
0
0
0
0
0
0
0
0
0
0
0
0
0
0
0
0
0
0
0
0
0
5.274579156e-28
5.597900627e-28
5.82542491e-28
6.080335989e-28
5.585915667e-28
4.645153086e-28
6.224570549e-29
-7.045317154e-30
-2.477400309e-30
-2.940399964e-29
5.688013692e-28
3.922575393e-27
1.902651926e-26
-2.674028175e-25
-1.782807692e-25
2.631928249e-28
-6.151797634e-27
-3.371844906e-27
4.363216031e-25
4.63010036e-25
-9.092704453e-26
-7.522191255e-26
-1.132907551e-25
-1.462157817e-24
-2.518238073e-26
1.185595846e-23
8.792673833e-23
8.756791186e-23
-1.600740923e-26
-3.989112984e-22
0
0
0
0
0
0
0
0
0
0
0
0
0
0
0
0
0
0
0
0
0
0
0
0
0
0
0
0
0
0
5.399051963e-28
5.540814764e-28
5.483420551e-28
5.423569143e-28
5.032250877e-28
5.994351872e-29
-6.136367116e-31
-6.061331993e-30
-4.294538302e-29
9.095007036e-30
2.775830216e-29
6.99365172e-27
3.090769276e-27
-8.694931535e-25
3.676590825e-27
5.166807609e-28
-5.779924419e-27
1.001779629e-24
3.68398775e-25
4.48373982e-25
1.390027462e-25
-2.029921438e-26
-7.39328414e-26
-2.577010607e-25
-1.924351375e-24
1.098155118e-23
8.7451665e-23
8.737126994e-23
-1.29803444e-27
0
0
0
0
0
0
0
0
0
0
0
0
0
0
0
0
0
0
0
0
0
0
0
0
0
0
0
0
0
0
0
5.350859177e-28
5.360703071e-28
5.308458924e-28
1.120990028e-28
3.34782846e-29
2.623991974e-29
-1.312513585e-29
-1.5821576e-29
-1.542292076e-31
1.787099707e-28
-4.069820198e-28
7.475521037e-27
1.413789735e-25
4.12344507e-27
2.636791449e-27
1.25286844e-27
-5.414189074e-27
1.100100318e-24
3.576708341e-25
4.657978718e-25
-1.549543073e-25
-2.893969081e-26
-7.688679272e-26
-2.152171783e-25
-3.359552883e-24
1.102342924e-23
8.724574241e-23
8.711718053e-23
4.807029229e-27
-1.538716856e-26
-3.985109277e-22
0
0
0
0
0
0
0
0
0
0
0
0
0
0
0
0
0
0
0
0
0
0
0
0
0
0
0
0
0
1.386450164e-28
1.071858157e-28
-1.742301288e-29
-5.007964654e-29
1.605759822e-29
2.27261742e-30
-1.510019654e-29
-6.643110987e-31
1.941120684e-29
2.136597678e-29
2.773423349e-28
-5.359309937e-27
-8.73806154e-25
1.682938723e-27
1.3712416e-27
6.417880409e-28
-5.368538694e-27
-1.091034112e-24
4.087568514e-25
4.671522055e-25
-1.518815122e-25
-2.136784101e-26
-8.225176026e-26
-1.706373577e-25
-3.476574471e-24
1.114810727e-23
8.745096202e-23
8.693639752e-23
2.53522363e-27
-1.649012675e-26
-3.995243435e-22
0
0
0
0
0
0
0
0
0
0
0
0
0
0
0
0
0
0
0
0
0
0
0
0
0
0
0
0
0
-9.659167577e-31
-2.635546792e-30
-1.017070278e-29
9.747864047e-30
1.920061029e-30
-1.694810289e-29
-2.052686091e-30
1.189274663e-29
1.86340838e-29
1.942143708e-29
1.531416425e-29
2.200048684e-28
1.026630657e-29
1.219020121e-27
1.358655549e-27
2.238413247e-28
-4.070921255e-27
1.24671039e-24
3.662878779e-25
4.847340865e-25
-1.545037315e-25
-3.20532642e-26
-8.073646177e-26
-1.407058568e-25
-2.501633175e-24
1.125621272e-23
8.758288716e-23
8.674213497e-23
3.097504232e-22
-1.61260201e-26
0
0
0
0
0
0
0
0
0
0
0
0
0
0
0
0
0
0
0
0
0
0
0
0
0
0
0
0
0
0
4.591204622e-29
1.276310074e-29
-3.447470885e-30
-1.348717968e-29
-1.888675514e-29
-3.276199822e-30
1.159712317e-29
1.798523309e-29
1.76589914e-29
4.930055269e-28
-4.118939598e-27
-6.09464434e-25
5.177132261e-28
1.412005908e-27
1.739127451e-27
-1.437947559e-27
4.409910391e-27
5.559812443e-25
3.637382377e-25
4.757488445e-25
-1.440134775e-25
-4.784578992e-27
-7.981833251e-26
-1.150774179e-25
-1.98869622e-24
9.825170131e-24
9.340705489e-23
8.534179198e-23
-3.205829342e-22
-1.136438289e-27
0
0
0
0
0
0
0
0
0
0
0
0
0
0
0
0
0
0
0
0
0
0
0
0
0
0
0
0
0
0
6.1096879e-31
-8.370070068e-31
2.993256312e-30
-8.686376235e-30
6.525404832e-30
1.051427053e-29
1.205124599e-29
1.188237184e-29
1.44834798e-29
-2.838678021e-27
1.375724476e-27
5.003464568e-29
2.752112007e-27
1.066080242e-27
1.220882165e-27
-4.646454393e-27
-4.252521333e-26
3.976107057e-25
3.579478144e-25
-4.871472197e-27
-7.423639224e-26
-9.362723125e-28
-8.544582299e-26
-9.233249842e-26
-1.245864316e-24
7.559981822e-25
5.475354682e-24
7.657106231e-23
-2.407827369e-22
4.24527163e-27
-1.554536126e-26
-3.992552851e-22
0
0
0
0
0
0
0
0
0
0
0
0
0
0
0
0
0
0
0
0
0
0
0
0
0
0
0
0
)
;

boundaryField
{
    inletCH4
    {
        type            calculated;
        value           uniform 0;
    }
    wallOutside
    {
        type            calculated;
        value           uniform 0;
    }
    wallTube
    {
        type            calculated;
        value           nonuniform List<scalar> 
61
(
-1.380000262e-98
-1.39154364e-98
-3.413249367e-98
-1.727320833e-93
-1.386133065e-88
-1.066620331e-83
-7.991208289e-79
-5.89399825e-74
-4.311331232e-69
-3.144262779e-64
-2.294120169e-59
-1.676955961e-54
-1.229582358e-49
-9.051782781e-45
-6.690840003e-40
-4.96544425e-35
-3.698154963e-30
-2.762834985e-25
-2.068824985e-20
-4.405638663e-13
-8.634030632e-10
-1.869694864e-16
-1.06171693e-16
-4.758889035e-17
-1.687356812e-17
2.384410813e-15
7.919164733e-13
-5.350063476e-12
7.557209096e-11
2.009472883e-10
-2.595625197e-11
-2.130091349e-12
-1.048210373e-11
-2.182631938e-11
-4.143886496e-11
-5.919824448e-11
-2.582175238e-11
1.57861757e-12
-1.314880261e-11
2.215831605e-11
8.631251067e-10
2.38331498e-16
1.433461085e-16
-1.171157695e-17
-3.183142852e-17
4.406192475e-15
-5.333169789e-12
2.04258171e-10
1.50226122e-10
-3.510713622e-10
-1.414415821e-11
-3.344147249e-11
-1.53886615e-11
-5.374069016e-11
-5.514915348e-11
2.78819499e-13
-1.598182371e-11
3.823925862e-11
2.415117236e-10
-2.244963723e-10
-7.069835828e-11
)
;
    }
    inletPilot
    {
        type            calculated;
        value           uniform 0;
    }
    inletAir
    {
        type            calculated;
        value           uniform 0;
    }
    outlet
    {
        type            calculated;
        value           nonuniform List<scalar> 
71
(
-6.981537317e-29
-7.089986358e-29
-6.822855519e-29
-6.72808378e-29
-2.990228316e-29
-5.2773296e-29
-6.63432843e-29
-6.950722754e-29
-6.808043409e-29
-6.297209992e-29
-6.37002401e-29
-7.055623028e-29
-7.181426646e-29
-6.794458733e-29
-7.978136627e-29
-6.412574015e-29
-5.932706932e-29
-5.583183856e-29
-5.181768837e-29
-2.168476153e-29
-2.85435265e-27
1.358750622e-27
3.419592333e-29
2.738229443e-27
1.052663096e-27
1.207249765e-27
-4.660033693e-27
-4.253827418e-26
3.976126376e-25
3.579470011e-25
-4.868114587e-27
-7.42315351e-26
-9.321911216e-28
-8.544549077e-26
-9.233442905e-26
-1.245861498e-24
7.559840059e-25
5.475105831e-24
7.656993363e-23
-2.407814973e-22
4.244818416e-27
-1.554425363e-26
-3.99254628e-22
0
0
0
0
0
0
0
0
0
0
0
0
0
0
0
0
0
0
0
0
0
0
0
0
0
0
0
0
)
;
    }
    axis
    {
        type            empty;
    }
    frontAndBack_pos
    {
        type            wedge;
    }
    frontAndBack_neg
    {
        type            wedge;
    }
}


// ************************************************************************* //
