/*--------------------------------*- C++ -*----------------------------------*\
  =========                 |
  \\      /  F ield         | OpenFOAM: The Open Source CFD Toolbox
   \\    /   O peration     | Website:  https://openfoam.org
    \\  /    A nd           | Version:  10
     \\/     M anipulation  |
\*---------------------------------------------------------------------------*/
FoamFile
{
    format      ascii;
    class       volScalarField;
    location    "0.0250188088";
    object      ddt0(rho,k);
}
// * * * * * * * * * * * * * * * * * * * * * * * * * * * * * * * * * * * * * //

dimensions      [1 -1 -3 0 0 0 0];

internalField   nonuniform List<scalar> 
5170
(
-8.057279598
11.02056604
0.2830585491
-8.268404841
1.760629654
-3.414796882
10.84773702
25.25007368
0.4472323613
1.04243154
-47.97806868
-59.57448297
-50.07200471
-5.558564179
-4.184609769
51.10014937
23.32011724
-67.30162253
-2.575811788
-5.462808397
54.10682075
132.0443207
300.2886892
10.674456
-7.474023508
-119.2811981
-162.1037678
-65.26620971
-12.38252823
-2.383056993
-29.3514947
-130.8220386
-853.5434351
-38.36401054
-5.137858668
100.1281336
141.9175562
241.7156709
39.69118753
-6.324012861
57.98502985
113.256662
336.2315329
-12.74927725
6.062168833
-48.2768737
-7.555098211
152.7611368
-157.1259449
10.84406647
-67.90656795
-78.91752953
2.866937431
34.9074582
1.23673768
-6.068353985
-40.55215292
-58.14244439
175.4832862
-5.749847762
28.62761093
10.01843564
-43.24772913
158.0514954
-3.721352348
26.00607926
21.65399091
-8.901565683
22.41367635
1.011575044
5.219014979
53.47637509
7.388132242
-106.1342008
0.8875128147
-24.50068863
-28.94720014
10.29409018
-162.4452954
-3.176958261
-7.918067897
-26.44057515
3.50337258
-3.680693588
-2.163981034
10.49067363
3.661282871
-17.03301821
172.1720028
0.1552743005
8.163182248
9.024735357
-7.698282989
71.42872781
-4.118654667
5.348803817
10.3672836
1.412548109
-127.149688
-10.13959032
0.1091611414
0.1381936733
0.200759534
-0.09847030945
-0.07536813454
-0.004826801285
-0.01599622314
0.02900747577
-0.0082304999
0.0535160543
0.001841559137
0.09015695003
0.01057054955
0.06250573732
-0.001777244913
0.01245023369
0.07799974076
0.04689614893
0.03190946314
0.0007307310205
-0.005113706593
-0.01654617806
-0.03182256775
-0.006603679947
-0.002962029219
-0.002223174997
-0.02549639812
-0.0247441109
0.01562265119
-7.788237475e-05
-0.001737797224
-0.004578043369
0.01506089867
0.1417813824
0.005753743569
-0.0008354775334
-0.01388286099
0.01545451273
-0.03277607912
0.008831965202
0.001932340593
-0.002148241521
0.01136551131
0.2261292199
0.03624582157
0.004586960697
0.06381262227
0.06701102465
0.5137076489
0.02703851783
0.003295082928
0.05002720435
0.007772642401
-0.3652652834
-0.0691930731
0.001640565478
0.005149859452
0.07008780435
-1.210537705
0.02023525407
0.01713996773
0.2209625097
0.4221399503
4.074167085
0.4938703975
0.005521825504
0.3315377076
0.2133808949
3.585331469
-0.04956783201
0.05449741191
-0.7459399628
-0.5270930147
-15.21355302
-1.781239159
0.1059817195
-0.3562379746
-1.640709229
-2.730690639
0.7846763561
0.1609007232
0.8769363435
3.544479793
17.80678286
2.236162443
-0.02065401475
0.3323745077
2.477982878
7.252797588
0.1194026947
-0.03021606693
-0.139406053
0.2693150563
-4.15429814
-0.7446737583
-2.433346918
0.3858834567
0.8191796356
-11.91189699
-0.5337859865
14.98545689
-1.614818024
-0.6384717496
-33.01894509
-161.2142399
-23.59507375
4.405556645
-128.3030006
8.302421119
166.1409393
3.41697156
16.89524189
138.461871
312.6026524
224.2891095
21.84213321
15.85979257
269.439329
181.5383134
401.556464
-26.29506371
-12.51867564
-74.95491208
-219.3011058
62.59390737
-11.07166007
-53.21577985
-312.9212767
-36.96671473
115.6513237
-7.558522889
16.222676
-17.91162468
193.9731643
187.4864123
9.465172759
79.57053925
326.4943257
203.8483332
122.2789297
32.18223238
132.9771095
363.8254049
287.3638077
201.664905
73.25554773
111.1651296
158.3815641
136.9897746
35.9921411
104.031464
152.1037154
54.20473764
4.430564226
-104.6452443
-226.8624444
-601.993899
-439.5942146
-265.0365146
-162.3203663
-570.5616905
-271.0786756
-222.0425433
-193.5642151
-92.75752604
30.48652307
-72.18331734
-52.44781422
34.60999215
39.64273999
-200.729972
-71.55643821
6.054117156
54.37946623
82.42851495
515.2614394
437.1318676
270.0284653
75.87040739
-147.8917996
-350.8103066
-362.0499393
-431.9495332
-456.5779648
-382.5174857
-300.3322381
-193.6194828
-40.07303891
60.15584908
93.50722682
532.5081164
391.8988963
125.1488783
-291.8766689
-577.2185856
-296.0562641
-605.1351116
-1151.887967
-1834.365523
-2700.222657
-2983.4932
-3555.663035
-4727.600948
-6345.923125
-8389.390319
-11415.86265
-11331.20921
-11352.87225
-11176.99587
-10492.61094
-8743.948051
-8585.163602
-8118.321063
-7654.03316
-7042.383461
-4834.105234
-4878.902283
-4870.915002
-4859.395427
-4867.404953
-3621.395418
-3526.645771
-3112.099806
-2236.315045
-1311.874163
1999.837201
2083.622978
2144.563663
1999.402078
1759.988131
2212.803826
2188.315889
2184.287867
2168.970996
2075.355185
1882.684645
1924.119312
1893.781816
1889.552302
1880.931428
1457.308377
1481.425409
1460.094074
1456.731645
1455.137316
1070.67354
1057.359154
1056.567832
1053.56825
1032.437048
757.5453947
769.2713866
759.5629466
762.0304775
743.0561753
579.1008072
576.9597699
578.204513
570.593055
585.0018355
439.2594335
449.8784532
447.9335792
441.203989
452.1915906
335.7168131
336.9046168
332.0463808
333.1330853
342.2096126
233.3953266
234.1120042
234.0379849
234.2141613
232.8785524
149.4039077
152.7633296
154.0643904
149.6828102
156.5617544
94.34177861
92.91987554
94.27736549
93.94656811
95.5735661
56.51060289
55.02154928
57.12926621
55.41852974
60.39187333
29.15104493
35.23894421
34.55458628
32.7936117
32.09021805
22.86638896
19.92646877
19.64798068
22.53063586
19.37369119
13.87064625
12.83662022
13.40189905
13.75089824
13.69644144
8.289042571
9.148408219
9.544533849
8.607154184
10.96089267
7.987163916
6.013942098
6.613745912
6.508192416
8.823594429
5.392773833
5.03828296
5.199410212
4.897746781
7.333669177
5.141161861
3.966155823
4.167024827
4.416939708
4.840396069
3.482661575
3.702594657
3.681018286
3.634049816
3.122495964
3.539391111
3.049481673
3.081755732
3.126091474
3.109310084
3.058343758
2.638670206
2.582319226
2.703320285
3.347692967
2.7117614
2.225302539
2.316770463
2.240384479
3.412684936
2.230343661
2.031781829
1.994904143
2.210393883
2.336728362
1.771280662
1.991660998
1.880549035
1.854971148
1.897419104
1.581415647
1.780602036
1.892089019
1.757963965
0.9221133831
2.214626825
1.511197566
1.411124762
1.914750112
1.082315664
1.34109944
1.545825723
1.491510109
1.424692243
2.072286672
1.746451459
1.106474979
1.510470282
1.242186733
1.397106998
1.561624806
1.087683637
1.225067759
1.265821533
1.278550846
0.9844587811
1.185203475
1.128477976
1.277184982
0.3693763027
0.9725725538
1.10130899
1.076317084
1.165850259
0.4034288048
0.9627956207
1.037128565
1.058617974
1.069879486
0.4536263588
1.014834218
0.9543223881
0.9724513489
1.037070711
0.5518041791
0.921840206
0.9146098485
0.9226085556
0.9986357565
0.5884428802
0.79026707
0.8553872435
0.9243905736
0.9354618587
0.5518345289
0.7847993322
0.8233169046
0.8704543283
0.8856571542
0.2624846817
0.8260831431
0.7531085414
0.7573677624
0.8725288963
0.3488340664
0.655921065
0.7638563857
0.6643315444
0.7477071142
0.6315857824
0.7019416834
0.6195501436
0.6475970955
0.659181773
0.597825486
0.6087608061
0.6163874417
0.6288795346
0.6028315915
0.553899404
0.5767159913
0.5315304162
0.558869665
0.5420524052
0.5470658289
0.6359112314
0.6313947979
0.6556716374
0.6163455235
0.6442414805
0.4517777839
0.4289341601
0.4356619635
0.4310918997
0.4524249225
486.4272885
-572.9187041
-392.8923722
-272.9625159
122.7768754
87.04852069
206.4766661
130.176112
162.0435038
-6.905714724
-115.8110667
-88.87609761
-203.2503952
-25.25651917
21.84515778
20.06310543
-434.6406841
43.50851932
-909.3677537
-3286.519006
-9247.408306
-10117.25649
-6786.28796
-4974.837025
-323.3675821
1774.989768
2219.67702
1826.734379
1396.639382
1064.946312
783.2557091
518.6301195
413.3531317
298.0796279
235.5454606
142.3012937
90.746485
44.89309565
44.62156097
25.32677205
12.53271819
3.675013196
-0.7128240785
-2.185013451
2.418160963
6.12293204
3.74138177
0.6109958248
-1.29498372
0.9993129209
2.144216184
5.111564518
3.412583075
-0.6479016762
1.406951833
0.9739127735
3.853667801
3.482126087
3.123061916
2.465146389
2.082766913
1.973057922
2.926858386
2.266268279
0.9518002424
0.8180974364
0.8658256052
0.5166958321
0.5902386951
0.3260625045
-369.9501529
27.97880322
-13.36302269
8.582131476
-1.867727189
-53.81493912
56.09028774
-51.9718056
24.40205276
0.1057040233
-90.81509363
150.9600917
-65.56403625
102.2370543
-2.148714094
67.94189389
7.737706119
125.5255419
52.15124942
-43.00350633
226.9610196
105.7153419
127.215796
-88.59022806
-3.267086793
168.1941572
227.9484683
194.4566967
-18.56940596
34.24146039
174.1261161
90.1696707
29.54166814
48.16059987
86.99807881
106.4766183
12.0458186
41.19085518
-28.34535646
-19.77971485
98.2801495
61.79619286
-48.00455157
-8.092719579
-51.22356845
8.403080041
62.60161638
-118.6487018
-9.67047704
-112.1436318
-38.63536133
-54.72389325
-9.487756674
92.08947444
-91.69526546
-69.79916006
-120.8927096
52.8130033
-5.544922168
-54.94717801
-80.08257532
-69.06994769
-12.69498596
-98.480771
-55.3035304
-76.96878906
-82.02278751
17.91914902
-77.62339361
-110.6841828
86.05296779
28.66268751
-25.93975703
-178.4200303
-268.1074301
-250.3643284
-320.3960624
-511.8992522
-511.9572933
-435.5386322
-257.6087475
-173.9393469
-152.1449659
-181.6667329
-166.0094952
-89.42932782
-56.09093257
-27.07520951
-80.49355528
-213.9321208
-1014.883596
-1363.483201
-1730.244627
-2075.151809
-2104.74272
-4253.423648
-6907.811035
-10189.69468
-13632.48949
-10615.82806
-9944.144715
-10515.99454
-11017.90564
-12021.42684
-13344.16068
-9754.000879
-8840.962899
-8401.627052
-8622.385042
-7707.027966
-6871.322581
-7269.625309
-6292.252972
-4899.518939
-4409.599133
-4349.844737
-2817.733298
-2160.83999
-1907.19955
-1716.621334
-255.789462
46.71097553
240.9352222
332.7338583
321.6923277
1652.270823
1655.826442
1644.232665
1578.761261
1444.957052
2050.359673
2033.921427
1968.585223
1867.063999
1714.596957
1849.847983
1815.279563
1755.287692
1655.491989
1527.596395
1431.548322
1403.035479
1350.769835
1276.904036
1179.429127
1029.592326
1012.560803
976.1888529
924.9534684
860.2907312
744.2336783
734.3715097
711.5135889
678.6710482
639.0673316
571.0896855
558.9114195
544.4470611
525.1877264
499.9432267
443.181844
436.8069653
427.7112757
416.128885
399.3115295
336.0252806
330.3622011
327.2131263
318.206125
309.0623041
234.7862987
235.5487267
233.0099281
229.2871174
223.1476238
155.6562645
155.4243616
155.7678549
153.3273271
150.9161995
96.57492326
97.88119705
97.61682282
97.94981547
96.01705304
59.23246338
59.3190513
59.9399666
59.90390024
59.76719198
34.30551023
35.76377784
36.7728225
36.37986794
36.96309174
21.40035619
22.21898027
22.65685219
22.82143722
22.92693939
14.06587284
14.53430354
14.29284709
14.97061673
14.74997843
10.02551472
9.802050354
9.793268515
10.10587736
10.06626189
7.557797911
6.988071565
7.234320838
7.126514293
7.403441913
6.033848424
5.424301963
5.515422332
5.608228943
5.634000849
4.598536887
4.465625904
4.527110524
4.563338158
4.604772084
3.585349665
3.738983179
3.92323105
3.748309621
3.970584348
3.191503441
3.15208194
3.404577888
3.194660978
3.385279922
2.958939388
2.74117368
2.891025011
2.764279807
2.918612007
2.717429469
2.391055116
2.464329618
2.466313155
2.483938404
2.20898836
2.172289615
2.116701402
2.250607231
2.158166882
1.929057642
1.914026522
1.974419063
1.978246036
1.991862989
1.499511025
1.801655003
1.8316163
1.819197015
1.852677385
1.502968666
1.652569325
1.712890466
1.659445852
1.739957946
1.681463704
1.51541443
1.526478738
1.564486165
1.556375019
1.362939179
1.370015324
1.408571844
1.399321382
1.435692824
1.278273206
1.242246524
1.284309822
1.273535152
1.30945451
0.9194755925
1.183451303
1.164848149
1.192688424
1.207937837
0.8814859362
1.106944907
1.097671873
1.124961321
1.133233518
0.8627895332
1.053182267
1.053972952
1.065714399
1.089093298
0.8730613921
0.9876008956
1.005988422
1.020823273
1.02447588
0.8342072526
0.9545984091
0.952485727
0.965980681
0.982160505
0.7817917091
0.9242934447
0.8853515511
0.9266938053
0.9288914509
0.6601272364
0.8576485454
0.8606869013
0.8635307363
0.8846231689
0.6592075575
0.8008149037
0.8022133159
0.8116179093
0.8249909767
0.6983678833
0.7263783163
0.7340658202
0.743586678
0.7542746151
0.6382665897
0.6601989669
0.6659158791
0.676330315
0.6826291369
0.597209442
0.6190591847
0.6287657958
0.6309440271
0.6385496095
0.5462363372
0.5365070057
0.5450841789
0.5352218006
0.5422288128
0.62817296
0.6184128157
0.6163519528
0.605682268
0.5992544676
0.4194997292
0.3876578309
0.3527575144
0.3099411247
0.264447108
-0.06079357391
0.001990907842
-0.001213561301
-0.003868622244
-0.007714578003
-0.008476142356
-0.00749790781
-0.006589499119
-0.006106376205
-0.005549242362
-0.005294409198
-0.005188346204
-0.005731805627
-0.008042192664
-0.01066629185
-0.01052509152
-0.0101226353
-0.009621663
-0.008956067926
-0.008233178508
-0.007267010747
-0.006135575708
-0.004941158238
-0.003793986662
-0.002569922552
-0.001565809997
-0.0005707658364
0.0003792025246
0.001255388455
0.002053060024
0.002405879621
0.002613234911
0.002856685209
0.002994140064
0.003002166597
0.002924093294
0.00288602247
0.002818751293
0.002638503403
0.002427321897
0.002223993968
0.002011705596
0.001783339413
0.001638570744
0.001417210736
0.001141919103
0.0009572394444
0.0007618113838
0.0006165006698
0.0004475600551
0.0003176487331
0.0001821529905
5.863627828e-05
-3.285536884e-05
2.67741964e-05
9.448451246e-05
5.126619434e-05
-2.129605822e-05
-2.828868253e-05
-8.511256319e-05
0.004237370975
-0.02537030105
-0.0297842585
-0.0422246569
-0.04012194495
-0.03835873901
-0.0343481989
-0.02934797728
-0.02416657458
-0.01974271058
-0.01702441039
-0.01428409262
-0.01141886833
-0.006243115738
-0.0004005173223
0.002124666485
0.00379916871
0.004999795782
0.006035461665
0.006931453001
0.007765873819
0.008339111084
0.008662368262
0.008769924679
0.008587943071
0.008924006583
0.008883355927
0.008765381296
0.008557941424
0.008293983415
0.007981174846
0.007620146155
0.007224200643
0.006815618411
0.006281266302
0.005935941597
0.005522558347
0.005066498455
0.004609953935
0.004163666438
0.003751115562
0.003323580123
0.00299547652
0.00266549304
0.002335345055
0.002018401216
0.001713398317
0.001448131132
0.001199965188
0.0009862266646
0.0007993514408
0.0006480347735
0.0005398349317
0.0004665598532
0.000265552646
6.429125925e-05
-1.029303657e-05
-9.340132633e-05
-0.0001298849985
-7.688452539e-05
-1.120566942
-0.2939295468
-0.1342543718
-0.1241233014
-0.1420348009
-0.1366655542
-0.1192426485
-0.09944572768
-0.0786171471
-0.05937274348
-0.04221107645
-0.02943529185
-0.01918672335
-0.01267794995
-0.007911995708
-0.0045620974
-0.002468941814
-0.0006168035108
0.001084827522
0.002452938507
0.00313068766
0.003004193116
0.002760515456
0.002533488486
0.002478217505
0.002106139918
0.00194978495
0.001804450158
0.001673219456
0.001555811565
0.001459085829
0.001382424121
0.001321501162
0.001276581499
0.001255797964
0.001236050376
0.001153189662
0.001057643314
0.000962933455
0.000866265816
0.0007786215853
0.0007010148125
0.0006273711525
0.0005554147364
0.0004835606285
0.0004345724102
0.0003934209788
0.0003470585805
0.0002992799915
0.0002513949159
0.0002065875772
0.0001663066176
0.0001211999259
6.834197159e-05
2.242668075e-05
-2.121577388e-05
-6.156282165e-05
-0.0001579160265
-0.0002759815279
1.034739741e-05
-12.23093934
-3.23934628
-0.384641807
-0.3351914452
-0.3464686683
-0.3187544757
-0.2732434826
-0.2295246923
-0.1871042999
-0.1512056866
-0.117678748
-0.08804564264
-0.06524515049
-0.04972771879
-0.03897560036
-0.03168715332
-0.02596900848
-0.02132737763
-0.01783185822
-0.0152064039
-0.01321530808
-0.01134601821
-0.009773254467
-0.008449877156
-0.007294933067
-0.006314514209
-0.005478010358
-0.004714868894
-0.0039328816
-0.00326181113
-0.002663517166
-0.002119044022
-0.001672107526
-0.001322086475
-0.00103778837
-0.000813632793
-0.0006269047922
-0.0004430907517
-0.0002990668975
-0.000188797209
-0.0001052652675
-0.0001768539192
-0.0001563898194
-8.972141604e-05
-3.164242793e-05
-1.196953271e-05
-1.964130063e-05
1.973002687e-05
5.452102679e-05
7.37819899e-05
8.160685943e-05
7.85813615e-05
7.018687286e-05
4.509526984e-05
2.621560751e-05
-6.079186744e-06
-3.453280273e-05
-0.000151839858
-0.0002293924332
1.101413164e-05
-10.48423623
-6.514967164
-2.339239924
-0.9351334488
-0.7040974129
-0.5881216483
-0.4902394851
-0.4061605181
-0.327308371
-0.2573684721
-0.1989512635
-0.151898057
-0.1148377021
-0.0865306424
-0.06559517399
-0.05094463229
-0.04081174623
-0.03405137299
-0.02947926805
-0.02605477087
-0.02307972628
-0.02023879364
-0.01775608981
-0.01558217014
-0.01366802629
-0.01202254963
-0.01057912552
-0.00933613009
-0.008326958066
-0.007391453196
-0.006539205585
-0.005760957567
-0.005049493166
-0.004401060409
-0.003793304698
-0.003232450777
-0.00271723608
-0.002258281786
-0.001853025371
-0.001492914702
-0.001166561196
-0.0007512489235
-0.0005019643423
-0.0003251600921
-0.000190774374
-7.201500875e-05
2.427063474e-05
0.0001210031127
0.0001469185217
0.0001514766625
0.0001492574369
0.0001328817362
0.0001133882374
8.366162386e-05
6.326406667e-05
3.806241653e-05
2.550476557e-05
-2.101286539e-05
6.644423879e-06
0.0001563844632
7.552277166
-4.881377643
-5.194131563
-2.709622867
-1.176253034
-0.8284659981
-0.7035239345
-0.6030484176
-0.497275382
-0.3961074844
-0.305148353
-0.2291895202
-0.1686461107
-0.1227688517
-0.08894352483
-0.06534221845
-0.04959450244
-0.03884136055
-0.03147422504
-0.02614703663
-0.02208021193
-0.01884096922
-0.01612149678
-0.01377060204
-0.01182486096
-0.01020327912
-0.008746066733
-0.007512173758
-0.006477984196
-0.005551495949
-0.004736299683
-0.004052468356
-0.003455400309
-0.002924796944
-0.002450374031
-0.002038763877
-0.001679696983
-0.001372446862
-0.001107253127
-0.0008734842879
-0.0006631714444
-0.0004737315239
-0.0003163506141
-0.0001896777626
-0.0001094361641
-5.693985582e-05
1.439937394e-05
2.895436259e-05
6.557818651e-05
9.665423741e-05
8.966546676e-05
7.313307887e-05
5.468369322e-05
3.213525074e-05
2.164176855e-05
1.436910901e-05
2.968343733e-05
7.869461478e-05
0.0002210535458
0.0001933118803
9.311925578
10.74474965
-2.554897166
-11.61709616
-2.166031659
-1.042937898
-0.896333376
-0.7713098996
-0.647002545
-0.5256995291
-0.4106736257
-0.3115079937
-0.2303955649
-0.1677666226
-0.1219254928
-0.0896457513
-0.06721703402
-0.05156997973
-0.04116399315
-0.03398048489
-0.02849912759
-0.02415428907
-0.02060864631
-0.01758591898
-0.01504555635
-0.01290260827
-0.01106688823
-0.009526923218
-0.008180646117
-0.007016844742
-0.006039531584
-0.005175895749
-0.004424950028
-0.003787455885
-0.003226857898
-0.002740004011
-0.002316045147
-0.001950230215
-0.001628483805
-0.001346446563
-0.001097134127
-0.0008792762007
-0.0006939424396
-0.0005268140735
-0.0003494246226
-0.0002196982047
-0.0001676963671
-0.0001715892003
-0.0001631681687
-0.0001121340179
-7.388022281e-05
-5.335264874e-05
-6.029830388e-05
-6.117189429e-05
-6.870159885e-05
-5.675567225e-05
-2.389145667e-05
5.788250046e-05
0.0003343761809
-0.001542419432
-12.20352768
-32.22874123
-53.97201214
-35.50810246
-15.05301616
-0.6937648526
-1.083292373
-0.8970336414
-0.7614962779
-0.6253477564
-0.4935142124
-0.3729873091
-0.2748512164
-0.1989599393
-0.1437762036
-0.1052130632
-0.07858138565
-0.060784705
-0.04891965559
-0.04036904818
-0.03418389249
-0.02942108603
-0.02544410137
-0.02205371569
-0.01901965443
-0.01641848534
-0.01418677631
-0.01225691959
-0.01058061635
-0.009145775927
-0.00790767864
-0.006819992598
-0.005895652868
-0.005082488705
-0.00437107165
-0.003766184389
-0.003229102517
-0.00276725876
-0.002352083261
-0.001991704151
-0.001668872505
-0.001391231642
-0.001151077825
-0.0009426073115
-0.0007883011753
-0.0005761212721
-0.0004194317544
-0.0003268039512
-0.000278678717
-0.0002690402329
-0.0002675356656
-0.000232585329
-0.0002002324354
-0.0001811687919
-0.0001728237188
-0.0001407742433
-7.127224229e-05
7.534455407e-05
0.0005983459375
0.002124594172
-42.01358793
-41.64943077
-55.44149458
-97.21628779
-52.32624725
-0.8101667411
0.6016443517
-0.812169392
-0.8030607343
-0.6913553946
-0.5531885199
-0.4201242533
-0.3040461375
-0.2168288292
-0.1532448865
-0.1102363959
-0.08229549965
-0.06421969468
-0.05220754372
-0.04402010557
-0.03798345426
-0.03311295506
-0.02912638224
-0.02562017393
-0.02244362362
-0.01960394994
-0.01704034574
-0.0148049612
-0.01285271428
-0.01115144371
-0.009673921216
-0.008400702113
-0.007302081025
-0.006338704092
-0.005496462092
-0.004769988978
-0.004126812651
-0.003556097667
-0.003057809722
-0.002620167486
-0.002229412678
-0.001890832904
-0.001619326772
-0.001333502765
-0.001130332785
-0.0009895921638
-0.0008334276782
-0.0006257316881
-0.0004862502762
-0.0003975819056
-0.0003681689786
-0.0003654277342
-0.0003609714118
-0.0003023085235
-0.0002830604243
-0.0002302427253
-0.000157175105
4.517072534e-05
0.0007906406195
0.001709159917
-17.63298257
-41.14945
-60.69863755
-95.61268393
-81.56247372
-4.454143447
11.41970343
0.3384107932
-0.7203653485
-0.7096861541
-0.5839253661
-0.4500780305
-0.3201442231
-0.2231081035
-0.1527448668
-0.1065633175
-0.07833617816
-0.06204004348
-0.05137519779
-0.04404136343
-0.03905649832
-0.03510505037
-0.03156277834
-0.02824339355
-0.02517299319
-0.02228363805
-0.01954651663
-0.0170717598
-0.01489790088
-0.01298428755
-0.01131011293
-0.009854244973
-0.008591773368
-0.007492756237
-0.006525570764
-0.005680790336
-0.004937688612
-0.004282441831
-0.003709657855
-0.0032034165
-0.002757772073
-0.002369887022
-0.002026844691
-0.001720728263
-0.001463127982
-0.001245090579
-0.001065188545
-0.0009334325815
-0.0008070487816
-0.0006530438362
-0.000544524906
-0.0004617185582
-0.0004527541154
-0.0004317061389
-0.000397329844
-0.0003215991893
-0.0002435575993
-5.611000612e-05
0.0003447465623
-0.002095902605
-34.72897477
-151.9152388
-78.22404585
-112.5832443
-87.22019156
39.28348268
56.07748432
3.318113533
-0.4819244411
-0.6204438872
-0.5661275649
-0.4410152787
-0.3126549424
-0.2131935833
-0.1425110109
-0.094410397
-0.06749847496
-0.05334803823
-0.04556418493
-0.0408696902
-0.03772547243
-0.0354267387
-0.03297369678
-0.03025569791
-0.02742146774
-0.02458837572
-0.0218025457
-0.01919315531
-0.01682741155
-0.01471095932
-0.01284551502
-0.01120515505
-0.009773706454
-0.00852431863
-0.007437313675
-0.006486039988
-0.005664274009
-0.004934195351
-0.004299404537
-0.00373246637
-0.003240217629
-0.002800366312
-0.002419474668
-0.002074933023
-0.001782755071
-0.001527661576
-0.00131979024
-0.001133233462
-0.0009936461969
-0.0008779792521
-0.0007889770318
-0.0006597940496
-0.0005795612957
-0.0005398640398
-0.0004861201389
-0.0003821037476
-0.0002698268837
-4.13772672e-05
0.0002256747103
-0.001329136325
29.46306485
-129.7287004
-96.8183742
-138.9628418
-96.50933635
56.73576297
132.8908931
21.94491827
0.9051054581
-0.4204382745
-0.4741316619
-0.3851259338
-0.2757299955
-0.178546627
-0.1118058456
-0.06804332555
-0.04631346799
-0.03611480514
-0.03120422506
-0.0311770923
-0.03309991542
-0.03343592407
-0.03260871456
-0.03110005999
-0.02900751682
-0.0265157539
-0.02381496831
-0.02114402704
-0.01864455758
-0.01635015279
-0.0143023845
-0.01248867591
-0.010899711
-0.009506633878
-0.008294745731
-0.007242941119
-0.006328044122
-0.005535253662
-0.00483084799
-0.004216867137
-0.003669627389
-0.003188405088
-0.002764889819
-0.002390018611
-0.002070556825
-0.001791011196
-0.001561865671
-0.001353374411
-0.001181707785
-0.001025015019
-0.0009255680755
-0.0008248449844
-0.0007614261938
-0.0006123890955
-0.000579686886
-0.0004525663117
-0.0003607301227
-0.0001140249528
6.364295297e-05
-0.0006364379329
-48.45842449
-127.9594971
-143.9518808
-162.0382345
-127.6904462
77.36247102
238.1312658
64.90568466
4.346916198
0.002995647431
-0.2900771342
-0.2751753004
-0.2002148244
-0.1165495652
-0.05732746223
-0.02126647379
-0.005581315975
-0.008712486318
-0.01139337426
-0.01296523569
-0.02056518774
-0.02671238003
-0.02902623165
-0.02980444945
-0.02925597795
-0.02748000179
-0.02523751432
-0.02271062956
-0.02014835764
-0.01773917
-0.01554508153
-0.01359407258
-0.01187463036
-0.01036617259
-0.009049136932
-0.007911248778
-0.006916825877
-0.006058402463
-0.005300507208
-0.004641683102
-0.00405261256
-0.003534508769
-0.003084977844
-0.002687763787
-0.002347433048
-0.002035146615
-0.001775172605
-0.001543962035
-0.001360936407
-0.001187894528
-0.001067075859
-0.0009397916363
-0.0008591371855
-0.0007447733978
-0.0006550110278
-0.000522320993
-0.0003983731041
-0.0001863435791
-9.256767126e-05
-0.0001948969603
-121.5608767
-196.7409147
-214.3208956
-301.0575486
-180.649788
120.5207721
358.7355939
148.5392611
16.81905063
1.436643371
0.04252254493
-0.07310093805
-0.0546895889
0.004239942033
0.04315155771
0.05684192637
0.05701975592
0.04207439029
0.0261098365
0.01722408972
0.00199626262
-0.0129234995
-0.02056744283
-0.02526632266
-0.02713586885
-0.02701062256
-0.02564545599
-0.02352921767
-0.02113476283
-0.01871457708
-0.01643858643
-0.01437445261
-0.0125525401
-0.01096046133
-0.009585847099
-0.008388162204
-0.007350000466
-0.006438967744
-0.005653553456
-0.004957805731
-0.004356308288
-0.003817799561
-0.003358012629
-0.002938506881
-0.002578841276
-0.00224179071
-0.001968999903
-0.001718900018
-0.00153677621
-0.001338514647
-0.001201248599
-0.001053717966
-0.00095333567
-0.0008131515362
-0.0007018088202
-0.0005237108697
-0.0003449857623
-6.488756107e-05
5.798394515e-05
6.810113341e-05
-370.5366197
-488.5128094
-456.5194753
-372.997037
-117.7241747
273.2226997
438.7158859
227.0801189
50.14827923
5.308146579
0.6883873667
0.2283655071
0.1551183391
0.1596830025
0.1640866229
0.160013854
0.1409863923
0.106669578
0.08068457962
0.06066126824
0.03225597453
0.00819494761
-0.006881189036
-0.01661017699
-0.02192768043
-0.02425211301
-0.02441522616
-0.02320431013
-0.02128360108
-0.01905851593
-0.01683345656
-0.01477052491
-0.01291935447
-0.01129384667
-0.009878400057
-0.008647784763
-0.007582596502
-0.006657338882
-0.005856419474
-0.005157348117
-0.004550579385
-0.004013566845
-0.003545498971
-0.003120082488
-0.002755336
-0.002414020113
-0.002147221351
-0.001877159054
-0.001674946784
-0.001473415453
-0.001326933924
-0.001166406915
-0.001052825521
-0.000894141696
-0.0007723610329
-0.0005781366699
-0.0004079120372
-0.000163267109
-0.000211629463
0.0001842364776
-455.8033117
-560.0662333
-472.8381917
-161.4710273
205.8491961
510.0214735
443.7195221
304.1279603
104.5914932
18.71087165
2.421426768
0.6734033092
0.4180813068
0.339952511
0.2958750074
0.2525694115
0.2075842271
0.1839405014
0.1526329978
0.1070664216
0.06455311602
0.03361672906
0.01164778844
-0.003995662879
-0.01360115441
-0.01882210026
-0.02108237668
-0.02123536123
-0.02013904382
-0.01842537236
-0.0165043993
-0.01459807906
-0.01282536061
-0.01124368269
-0.009851772354
-0.008645231011
-0.007599317703
-0.006696748997
-0.005917114626
-0.005235853016
-0.004646504027
-0.004119006886
-0.003662316394
-0.003241453747
-0.002877031307
-0.002545820611
-0.002271411686
-0.00200581464
-0.00179893495
-0.001588637061
-0.001438174275
-0.001267378765
-0.001148311929
-0.0009839696738
-0.0008598310845
-0.0006739697661
-0.0005403571031
-0.0004102206777
-0.0007400913103
0.0001983661477
-445.1831922
-513.8395527
-335.8270906
151.1439264
282.0530917
434.8899687
320.4425785
253.9635848
181.3822248
48.55088734
6.282202574
1.257682397
0.6247727796
0.4801620182
0.3819780701
0.345396311
0.3132131288
0.2625226059
0.2066294791
0.1512694927
0.1025006793
0.06348012546
0.033386561
0.01220531594
-0.001934557343
-0.01067255635
-0.01539642212
-0.01730677526
-0.01743812366
-0.01655866786
-0.01517208424
-0.01361955288
-0.01208936846
-0.01068220132
-0.009418806551
-0.008319492729
-0.007360263486
-0.006530410865
-0.005809184938
-0.005176480484
-0.0046253092
-0.004127366461
-0.00368942543
-0.003293237591
-0.002951369914
-0.002629849641
-0.002360547542
-0.002095934808
-0.001890547627
-0.001676791671
-0.00152796718
-0.001348940522
-0.00121998444
-0.00103465653
-0.0008882726281
-0.0006610125987
-0.0004632207219
-0.0002537455927
-0.0005713928674
0.0002378789997
-555.8485531
-782.1910062
-301.9590981
-296.4618417
555.8988478
232.552573
109.1368166
173.9652964
214.7684062
87.47564488
13.28708848
1.764135334
0.9621123769
0.6853180014
0.5108090598
0.4231468875
0.3554454817
0.3031584229
0.2465569839
0.1873627161
0.1335161643
0.08898015261
0.05420135028
0.02871397535
0.01092941389
-0.0007530492676
-0.007781736468
-0.01152577868
-0.01305257306
-0.01323822247
-0.01265300922
-0.01167794526
-0.01059519739
-0.009519225396
-0.008523333932
-0.007625029853
-0.006835285893
-0.006139073399
-0.005523962979
-0.00497267518
-0.004483571035
-0.004039613052
-0.003647059053
-0.003283949844
-0.002964502749
-0.002661823711
-0.002406355647
-0.002153776702
-0.00195561123
-0.001746197946
-0.001596436472
-0.001409927424
-0.001277968236
-0.001087150867
-0.0009353447342
-0.0006995663111
-0.0005036436097
-0.0003280503564
-0.0007320536691
0.0002693990631
-2096.169706
-345.4415116
829.0755222
-261.2631519
-791.1337861
-376.6675589
-172.3166206
32.33393631
118.6811103
100.3159775
17.36040885
0.5147510559
0.4061893775
0.7173959965
0.6087559097
0.4532998516
0.3795950465
0.3234927979
0.2681505342
0.2108088646
0.1551446891
0.1083320962
0.07107852857
0.04337824707
0.02353466975
0.009982284847
0.001127725475
-0.004305335232
-0.007344800753
-0.008724079263
-0.009106828242
-0.008914436863
-0.008441288515
-0.00784134254
-0.00721965638
-0.00661600108
-0.00605378791
-0.005531828759
-0.005059986379
-0.00462424783
-0.004233346034
-0.003864762057
-0.003532014204
-0.003213983183
-0.002929699667
-0.002654329384
-0.002417021712
-0.002183801397
-0.001996195314
-0.001795614947
-0.001646537671
-0.001459341321
-0.001335007319
-0.00114985664
-0.001016487126
-0.000825483942
-0.0007271037745
-0.0007486578739
-0.001407730164
0.0002362136832
-4708.916495
-5237.407898
-7105.071162
-3226.677086
-1375.017721
-903.57149
-404.1869252
-135.7752168
-29.05979874
8.540057247
4.694092451
-3.540986637
-1.859498607
0.0165768954
0.5360810777
0.5279796841
0.4058335206
0.3375276183
0.2785168335
0.2190107477
0.164322213
0.1183945062
0.08221218066
0.05434840059
0.03418020827
0.01998632429
0.009912340543
0.003249844949
-0.0009439724681
-0.003447119409
-0.004829209257
-0.005478320491
-0.0056894816
-0.005674751313
-0.005523898686
-0.005280901638
-0.005007500933
-0.004715604885
-0.004424462123
-0.004138941136
-0.00386872951
-0.003594591537
-0.003333519036
-0.003067563978
-0.002825261697
-0.002584348131
-0.002371936798
-0.002155254881
-0.001984548563
-0.001795637576
-0.001649499413
-0.00146678503
-0.001335018775
-0.001130804311
-0.0009720499565
-0.0007400823059
-0.0005733107486
-0.0004951285682
-0.001086528333
0.0002628124148
-10361.72154
-9665.123065
-5801.214226
-3021.696457
-2165.067149
-1261.286916
-676.7796467
-375.0403151
-219.4693464
-134.4346785
-79.87507048
-36.97618322
-12.03419117
-2.849022299
-0.2444855424
0.3893787232
0.447604636
0.3599664517
0.2861808164
0.2242335911
0.1672268891
0.1206333353
0.08478363311
0.05851416822
0.03956661254
0.02553852546
0.01599658173
0.009349416337
0.004641527923
0.00152961192
-0.0005482802678
-0.001964154513
-0.002813086551
-0.003370691535
-0.003688615022
-0.003845775983
-0.003878269651
-0.003832615198
-0.003739413296
-0.003607054536
-0.003451308856
-0.003273647726
-0.003089920566
-0.002884702057
-0.002691932295
-0.00248505145
-0.002304275674
-0.002109738303
-0.001955037641
-0.001773864754
-0.001633034446
-0.001455983665
-0.001323677455
-0.001114982336
-0.0009331865564
-0.0006730177167
-0.0004672855922
-0.0003379326012
-0.0008867611626
0.0003220750709
-7155.231461
-5910.251927
-4125.312123
-3086.650006
-2013.73651
-1297.292694
-832.997882
-545.6317317
-367.8456831
-253.433456
-173.7057592
-112.4753335
-50.49730548
-14.66539742
-3.173522009
-0.3471106759
0.2785996126
0.3551935467
0.2963949876
0.2298956372
0.1731687804
0.1232765092
0.08596507114
0.06001504547
0.04085992858
0.02799101651
0.01891662686
0.01241046724
0.008218812093
0.005087978457
0.002747718225
0.001030673585
-0.0002724287474
-0.001236890432
-0.001928147129
-0.002426358899
-0.002748633069
-0.002939859017
-0.003036419708
-0.003051994539
-0.003005575199
-0.002917157474
-0.002808513523
-0.002670268309
-0.002521078232
-0.002353387016
-0.00220686629
-0.002044627796
-0.001904167136
-0.001731351334
-0.001605551866
-0.001436281777
-0.001311276719
-0.001113257975
-0.001005419205
-0.0008454786743
-0.0008178022295
-0.0009843739917
-0.001751174315
0.0002880526431
-3928.935617
-3271.20667
-2570.707645
-2014.800089
-1518.447883
-1115.103461
-808.4479574
-590.9068463
-432.5349581
-316.4855721
-228.8891977
-160.7901772
-108.0445312
-49.47669353
-13.70230261
-2.569523274
-0.3239809241
0.1862909738
0.2501713088
0.2105685069
0.1653661403
0.1204317513
0.08213155138
0.05674449672
0.03852617039
0.02576604198
0.01795099115
0.01241281664
0.0087371981
0.006321079743
0.004391016095
0.002810565478
0.001463972623
0.0003516127044
-0.0005317501082
-0.001233431793
-0.001759923746
-0.002136399292
-0.002385762043
-0.002527766325
-0.002589839747
-0.002583419217
-0.002535631042
-0.002451660777
-0.002340655256
-0.002213795623
-0.002089166644
-0.001948942282
-0.001820607255
-0.001667100155
-0.001554604464
-0.001393470749
-0.001275087024
-0.001092872218
-0.0009607546056
-0.0007945847487
-0.0007362739055
-0.0008876537074
-0.001612590501
0.0002839352235
-1560.902571
-1392.558379
-1264.750042
-1040.509865
-892.8105294
-751.2039517
-618.9905941
-502.1345407
-401.6317866
-315.9633018
-243.0197681
-181.1840851
-129.3606005
-87.56308767
-41.33270896
-11.23428364
-1.931113123
-0.2516511702
0.1170895935
0.1647133939
0.1463087276
0.1103813931
0.07728386368
0.05447920335
0.03519777537
0.02127982333
0.0144115456
0.00985410479
0.006682563272
0.005095219209
0.003927579394
0.002921364883
0.001996410562
0.001114592246
0.0002673598089
-0.0004617423906
-0.001063601068
-0.001539366639
-0.001875020929
-0.002097155097
-0.002226679918
-0.002279676787
-0.002282613461
-0.002233963248
-0.002158806347
-0.002063874306
-0.001963595326
-0.001834533918
-0.001719584643
-0.001584919252
-0.00147359064
-0.001317865549
-0.00118793206
-0.001016409624
-0.0007861911598
-0.00053719826
-0.0003298857977
-0.0002892895083
-0.0008558534381
0.0003704692648
233.2533025
98.45258623
-69.8540138
-263.8888369
-278.8008274
-320.8603072
-334.9076111
-323.9116505
-296.3784228
-258.1924962
-214.7483114
-170.4800541
-129.0219309
-92.67028107
-63.02388408
-30.6099587
-8.139040404
-1.291350059
-0.174261437
0.06706347487
0.1030756079
0.0874076368
0.07054726366
0.05027371441
0.03215067824
0.01903316284
0.01019353334
0.005913831662
0.003327494772
0.002142693989
0.00182729299
0.001476132885
0.001318573924
0.0008608204748
0.0003437897609
-0.0002240098939
-0.0007653247648
-0.001217704485
-0.001557031376
-0.001804560098
-0.001966203366
-0.002048977781
-0.002069113984
-0.00205013283
-0.001999558008
-0.001923015658
-0.001838035025
-0.001731835951
-0.001639740284
-0.001513885878
-0.001408303302
-0.001266918577
-0.001151962315
-0.0009647573655
-0.0008618755108
-0.0007345751361
-0.0007055358209
-0.0009286286346
-0.001570697599
0.0003662771131
1236.836756
968.4670533
686.5204602
429.7423116
135.945741
20.20742794
-77.07099342
-140.6621749
-170.6219939
-174.3473696
-160.9206089
-137.9318803
-111.2022998
-84.84961403
-61.05398138
-41.16822751
-20.47361483
-5.322755693
-0.8063147828
-0.116426196
0.02671749117
0.05802695136
0.05201865998
0.04035532179
0.02627872441
0.01627287522
0.007895320186
0.00236745011
-0.0001054930193
-0.001072686039
-0.001042190411
-0.0006591066897
-0.0003517619161
-0.0002071503063
-0.0002652569018
-0.0005297043568
-0.0008625308401
-0.001174567135
-0.001449334562
-0.00166836278
-0.001813332354
-0.001897088803
-0.001923960124
-0.001913863822
-0.001874372337
-0.00180986464
-0.001734468285
-0.001638945968
-0.001555181483
-0.001440635241
-0.001343183278
-0.001211952715
-0.001093515524
-0.0009987880456
-0.0009461760188
-0.0009267937764
-0.001057534491
-0.001429461763
-0.002028658381
0.000312233187
1502.683059
1236.165795
957.2235389
696.0468802
470.2613651
222.3450176
91.45342167
-3.572925051
-64.00623251
-94.27105248
-102.3489716
-96.76783908
-83.75590209
-67.82412452
-51.87557776
-37.35870017
-25.19372343
-12.08910209
-3.034741083
-0.4453934365
-0.07166912542
0.005615122264
0.02960947462
0.0264115628
0.02013075069
0.01187270202
0.005559399139
0.0008484416496
-0.002435311166
-0.003510836159
-0.003538090979
-0.002958361718
-0.002240771125
-0.001694756598
-0.001330680522
-0.001260131289
-0.001297040418
-0.001421549628
-0.001568301809
-0.001697846584
-0.001781143934
-0.001826629916
-0.001828350419
-0.00181736385
-0.001779859064
-0.001712097436
-0.001641123674
-0.001545499535
-0.00145646655
-0.001348584439
-0.001253672038
-0.001128275105
-0.001033317266
-0.0008219741899
-0.0006535522745
-0.0004740956557
-0.0003758171215
-0.0004770279093
-0.001075537807
0.0003775070406
1352.234233
1134.681595
905.4122007
683.2453774
485.8556596
325.1977384
166.5181096
71.13852066
6.82064412
-30.75458589
-50.16706293
-55.96150445
-53.17961664
-45.86489726
-37.03492832
-28.36147399
-20.51908202
-14.19133232
-6.238018043
-1.453257263
-0.2204485633
-0.04484903639
-0.005550559031
0.009999904326
0.009713211981
0.006804002195
0.002424982105
-0.0009042676453
-0.003306250172
-0.004841102953
-0.005117786848
-0.004681158167
-0.003925381655
-0.003161473767
-0.002549080911
-0.002158154194
-0.001933134006
-0.001862872719
-0.001856015027
-0.001862628114
-0.001865640788
-0.001859457264
-0.001815610987
-0.001763831854
-0.001718116435
-0.001639835561
-0.001561291893
-0.001471460819
-0.001379292861
-0.001273922763
-0.001178585998
-0.001048310708
-0.0009113740984
-0.0007346742862
-0.0005640421232
-0.0003595267655
-0.0002277548062
-0.0003313234161
-0.0009039321874
0.0004453114313
1053.238052
894.988784
728.5105073
565.811007
417.5608394
291.3007428
190.6899593
103.6332644
50.23559863
13.85238942
-7.64977602
-19.25460376
-23.4787774
-23.23544533
-20.65287646
-17.12164607
-13.44764236
-10.03978959
-7.440232737
-3.0873415
-0.6375766004
-0.1081316381
-0.03008683946
-0.01022045693
-0.0008874286439
0.000852411777
-0.0007137582508
-0.002642018957
-0.004046423564
-0.005135248794
-0.005602606879
-0.005402377326
-0.004850560296
-0.004147061845
-0.003491833362
-0.002943569015
-0.002569641045
-0.002336059927
-0.002184142542
-0.002081636238
-0.001996077109
-0.00192675901
-0.001854326838
-0.001769356803
-0.001685143719
-0.001602704751
-0.001513099213
-0.001419465391
-0.001330476546
-0.001227092076
-0.00113308868
-0.001015913243
-0.0009593056776
-0.0009090791218
-0.0009079001696
-0.0009581259117
-0.001184205212
-0.00158936965
-0.001694070448
0.0003871543591
776.324291
671.701511
561.0380559
451.8176999
350.6316339
261.7559715
187.2375892
127.3019525
77.47831956
47.69363901
25.61338926
11.3418072
2.137690401
-2.827755496
-5.031144738
-5.563712617
-5.214996956
-4.504428107
-3.707491894
-3.17203549
-1.042907959
-0.1963384691
-0.04411990238
-0.01949406379
-0.01118350766
-0.006477990959
-0.004208674866
-0.003938759461
-0.004451185406
-0.004874836163
-0.005295698345
-0.005296034626
-0.004977682962
-0.004500321611
-0.003949555107
-0.003474175196
-0.003059805687
-0.002740340022
-0.002490787857
-0.002299633864
-0.002140488768
-0.002002221596
-0.001888115827
-0.001782202314
-0.001668695786
-0.001565833925
-0.00146435359
-0.001365256647
-0.001271978254
-0.001170976317
-0.001075183909
-0.0009749217156
-0.0008795439041
-0.000796580239
-0.0007560661159
-0.000784779813
-0.0009477486552
-0.001279646536
-0.001369452914
0.0003533568788
585.8995062
519.8911553
448.4258767
377.807642
309.9148255
247.4211819
192.4583634
145.9978735
107.556168
72.92582967
52.151641
35.60869477
23.71128919
15.00328936
9.129417177
5.269346513
2.772487637
1.16369388
0.1346788506
-0.4614489796
-0.846010748
-0.2232816811
-0.01945472754
-0.01138842014
-0.010237111
-0.008056929923
-0.00649957561
-0.005228887576
-0.004489124148
-0.004277337372
-0.004405938239
-0.004525878041
-0.004448669072
-0.004193927042
-0.003899150467
-0.003560474418
-0.003236901129
-0.002943093642
-0.00267911141
-0.002448889416
-0.002253808001
-0.002072882914
-0.001918991163
-0.001780962891
-0.001653748659
-0.001535309899
-0.001419750467
-0.001312656183
-0.00120689081
-0.001096587924
-0.0009832563612
-0.0008738000738
-0.0006420699384
-0.0004263847336
-0.0001878353393
5.353708434e-05
0.0002648478975
0.0001508644093
-0.0003166391755
0.0002841915613
466.910884
424.6243582
378.3601915
329.4451321
280.5151794
234.2174236
191.8379343
154.0444187
121.4061172
94.13541324
67.80444813
50.5917021
36.87752766
26.54741586
18.68073033
12.86713211
8.602465124
5.487000132
3.239376908
1.671410387
0.6247198049
0.0671136409
0.0259016181
0.009063243308
-0.003240116946
-0.005165079482
-0.00474355992
-0.004498169828
-0.004201275187
-0.003792659804
-0.003165017259
-0.003193349457
-0.00328066921
-0.003329060672
-0.003315901905
-0.00321533592
-0.00306396528
-0.002884896971
-0.002681316824
-0.002481340288
-0.002283543991
-0.002095547559
-0.001926683884
-0.001775683434
-0.001637074979
-0.001512586209
-0.001399678943
-0.001291429396
-0.001182881294
-0.001074030576
-0.0009598730536
-0.0008004444263
-0.0007079907339
-0.0005707378742
-0.0004222342059
-0.0003175786783
-0.0003122279191
-0.0006990999731
-0.0002680028416
0.001334335957
378.1005127
349.334606
316.8590768
281.9852906
246.1001763
210.7728043
177.0957956
146.1846448
118.7557177
95.16696291
75.47259
56.59604168
42.97218056
32.35576066
24.12488678
17.67698404
12.63713651
8.723401649
5.717632854
3.466342915
1.859841039
0.790757124
0.1578440129
0.02238546027
0.001813403781
-0.0023824505
-0.002643364828
-0.00229975153
-0.001996452982
-0.002065227249
-0.002042054231
-0.001712880895
-0.001917910065
-0.002187993106
-0.002418620481
-0.002567177942
-0.002616829664
-0.002579751626
-0.002483927374
-0.002343753675
-0.002187737733
-0.002033200573
-0.001872987252
-0.001729322964
-0.001595252453
-0.001477686681
-0.001364937831
-0.001256551499
-0.001145812565
-0.00102819691
-0.0009520155414
-0.0009378566415
-0.0009347977235
-0.0009519595705
-0.001033733244
-0.001251402181
-0.001660711036
-0.002264660411
-0.001067141357
0.0008201118409
294.3856164
275.2365555
252.6266948
227.9011764
201.8664568
175.6872529
150.1964327
126.1729985
104.3667388
85.24926112
68.92064533
55.34515335
42.99481268
33.16385972
25.23032547
18.91390036
13.93509139
9.989550191
6.892251683
4.49907074
2.710505316
1.440159328
0.6244295649
0.1229843819
0.002801399524
0.002261977948
-0.0002624864545
-0.001037626997
-0.0006046178493
-6.893000335e-05
-0.000200794162
-0.0006792826593
-0.0007161328231
-0.001115507332
-0.001504125039
-0.001834138303
-0.002062632787
-0.002166395693
-0.002180608045
-0.002119636448
-0.002015626833
-0.001895827863
-0.001765516941
-0.001638220906
-0.001514670531
-0.001398969403
-0.001284968858
-0.001175407348
-0.001073281836
-0.0009894247528
-0.000890813069
-0.0007746462489
-0.0006801825082
-0.0006093104949
-0.0005659125506
-0.0006003818583
-0.0007201199096
-0.001015343528
-0.0007342008895
-0.000619498316
214.5539619
202.2860217
187.5138671
170.9551208
153.1981435
135.0928771
117.2196199
100.3133156
84.70364184
70.56575829
58.12805731
47.36329721
38.13564131
29.88677678
23.41791745
18.04189895
13.66187675
10.0745599
7.174235526
4.87652888
3.111836479
1.801636623
0.8824965222
0.3259502087
0.07433096414
0.0123926324
0.008343516468
0.004300104581
0.001419536569
0.0008235331735
0.0007720988146
0.0006436666193
3.866431338e-05
-0.0002425857893
-0.000767644479
-0.001226931494
-0.001577948066
-0.001795619554
-0.001882259173
-0.001887151734
-0.001830735178
-0.001732633612
-0.001618345692
-0.001502346885
-0.001388108649
-0.001277667622
-0.001173925634
-0.001071117425
-0.0009566853463
-0.0008764270447
-0.0006727680288
-0.0004629666553
-0.0002398065583
1.030190645e-05
0.000315455037
0.0006281794057
0.0008392247861
0.0001726315009
0.0005064700998
0.001178395204
145.8954567
138.9610321
130.1644979
119.9811251
108.9487899
97.40476259
85.89043037
74.73276089
64.22477774
54.56131777
45.85964883
38.18417259
31.56830376
26.03889261
20.67014078
16.14500607
12.36094798
9.268569738
6.735411496
4.698499678
3.092644636
1.858747575
0.950221866
0.3333330621
0.08694645645
0.01866817606
0.0190819714
0.006512064396
0.003470280541
0.002046876998
0.001563459988
0.001304977447
0.0009395809769
0.0002305127188
-0.0002032755103
-0.0007294419289
-0.001149118061
-0.00143802965
-0.001587273983
-0.001631177307
-0.001605762
-0.001540374243
-0.001451891784
-0.001354581852
-0.001256548998
-0.001163533182
-0.001072870476
-0.0009647583267
-0.000905829433
-0.0007598684926
-0.0006881031616
-0.0005791089383
-0.0004448614565
-0.0003120046158
-0.0001922300201
-0.0001605428087
-0.0002942660358
-0.0008949930092
0.0001523550622
0.0008230524013
94.26945619
90.51463606
85.79293135
80.11471467
73.73338745
66.97258301
60.03898671
53.18542949
46.58366715
40.35504133
34.57365442
29.26424522
24.41980762
19.96773273
16.10643216
12.93363022
10.14940458
7.799691939
5.787500573
4.106847115
2.740203001
1.664177903
0.8453030519
0.2684847305
-0.07456350748
-0.1768992988
-0.05950275174
-0.0002589355558
0.002728976337
0.002786242118
0.002250260963
0.001835756142
0.001388745688
0.0008475386002
0.0001279325843
-0.0003247975433
-0.0007731112269
-0.001110173257
-0.001315371063
-0.001402403582
-0.001408326451
-0.00137212373
-0.001312427505
-0.001242276485
-0.001161366208
-0.001067158205
-0.0009605413322
-0.0009119349576
-0.0008550659805
-0.0008421375368
-0.0008447423353
-0.0008597227658
-0.0009048099668
-0.001007688604
-0.001197734398
-0.001528508837
-0.001941718141
-0.00217040594
-0.0003499853363
0.0003115395619
58.83199141
57.25531419
54.91672154
51.96996536
48.56764711
44.81341362
40.86142523
36.83119014
32.82629203
28.93426378
25.21899724
21.73168997
18.52508645
15.65383456
13.23469748
10.62527554
8.341306049
6.379127994
4.758610934
3.403422012
2.281596523
1.380987965
0.6679190306
0.1519594872
-0.171701636
-0.3135307157
-0.2369261051
-0.07329824721
-0.004141412937
0.001395013114
0.001864729303
0.001582476692
0.001347338161
0.0009826182956
0.0005007113048
-6.210314942e-05
-0.000510619493
-0.0008604627673
-0.001104185145
-0.001237004793
-0.001273072655
-0.001250145849
-0.001190743536
-0.001108702701
-0.001007338344
-0.0008938854956
-0.0008465409157
-0.0007837740172
-0.0006814019449
-0.0005787327772
-0.0005095523159
-0.0004591589472
-0.0004298874832
-0.0004273917454
-0.0004404744143
-0.0004905469872
-0.0005945269866
-0.0009626007299
1.523400923e-05
0.0002571293225
36.46740881
35.94479102
34.87221094
33.45070092
31.73906335
29.71501304
27.53517505
25.19154787
22.80514576
20.43988742
18.10990449
15.80957479
13.59705914
11.49042293
9.458375297
7.718102801
6.232764323
4.87365362
3.69051549
2.654040969
1.773345973
1.042852838
0.4556699781
0.01556713661
-0.281350579
-0.4428527522
-0.4894682307
-0.1886190822
-0.03804529777
-0.0003061725583
0.001929889001
0.001535040513
0.001228607551
0.0009910863049
0.0006452967037
0.0002059091373
-0.0001077089215
-0.0004493670695
-0.0007268575861
-0.000906392137
-0.0009851350369
-0.0009830813788
-0.0009308469372
-0.000855602971
-0.0007761628985
-0.0007713370016
-0.0006852030155
-0.0004839943566
-0.0003158448407
-0.0001533010189
3.607419763e-05
0.0002488523237
0.0004998019175
0.0007765892554
0.001081300711
0.001310086344
0.001299036059
0.0005664886436
0.0005763726452
0.0004411493179
23.03751987
22.80686643
22.36382532
21.73324118
20.85402004
19.82261354
18.62164194
17.30047853
15.89898969
14.41352436
12.91380165
11.43747733
9.986214209
8.585971537
7.288186765
6.177265577
4.935216388
3.827875982
2.853925452
2.024105656
1.317697183
0.7261767508
0.2432020645
-0.129537353
-0.3906161802
-0.5528131564
-0.6212365712
-0.455204846
-0.1299312978
-0.003746469857
0.002283758946
0.002750922411
0.002065674126
0.001600983184
0.001193348431
0.0007257503683
0.0002208911175
-3.254500229e-05
-0.0002217384899
-0.000382921806
-0.0005144606104
-0.0005789279291
-0.0006072305981
-0.0006265381339
-0.0006500892132
-0.0005750985724
-0.0004523791522
-0.0004147794184
-0.0003313176858
-0.0002222479374
-8.778098237e-05
6.689957036e-05
0.0002508400727
0.0004387733733
0.0006243304429
0.0006795984115
0.0005546922161
6.296554622e-05
0.000545945024
0.0004673516907
15.01616075
14.93389289
14.80192394
14.49958774
14.10177942
13.56218337
12.90664265
12.15217707
11.28868757
10.35085436
9.365411865
8.354364223
7.335398279
6.328866127
5.343198674
4.364039945
3.53109662
2.798095416
2.113090335
1.493471674
0.938811736
0.4605987858
0.06113231883
-0.2535530632
-0.481156111
-0.6303678928
-0.6963584979
-0.6637992048
-0.4482310763
-0.1167366298
-0.007134706428
0.00158478066
0.002740653727
0.002436793421
0.001952773527
0.001438528912
0.0008947168249
0.000366505012
5.217887904e-05
-0.0001633198815
-0.0002908181728
-0.0004072751418
-0.0004719830611
-0.0004956802487
-0.000477485952
-0.0004534100466
-0.0004587844172
-0.0004649756881
-0.0004753021423
-0.0004957014924
-0.0005237293431
-0.000582849939
-0.0006593136817
-0.0007791874697
-0.0008985046847
-0.001001626566
-0.001005158365
-0.0007630410295
0.0002450287132
0.000276518222
10.26013382
10.23208192
10.22102206
10.08481926
9.887306479
9.606874599
9.214822369
8.758592169
8.214190753
7.616014582
6.971176975
6.287796977
5.585238604
4.867039943
4.157870518
3.482762473
2.879741671
2.221580225
1.62556283
1.093521851
0.6354791709
0.239803921
-0.08975834799
-0.3407464638
-0.5459937911
-0.681156319
-0.7511353113
-0.7425337262
-0.6565635937
-0.2871657343
-0.07192475854
-0.002634944355
0.00232928133
0.002808188197
0.002430754259
0.002066483515
0.001618087005
0.001122626384
0.0006043608806
0.0002595694507
1.335441185e-05
-0.0001336843914
-0.0002065279512
-0.0002322225208
-0.0002150446827
-0.0001940045458
-0.0001721215945
-0.0001598719515
-0.0001603570595
-0.0001845599099
-0.0002104110356
-0.0002649121677
-0.0003236488302
-0.000411579537
-0.0005083967604
-0.0006848522879
-0.0009334331633
-0.0005021476327
0.0001760658738
0.0001277508359
7.381166611
7.4519522
7.44440725
7.394656834
7.297888245
7.127424545
6.899886355
6.599148103
6.24104122
5.821077171
5.359045136
4.864045792
4.340061182
3.793414354
3.240705565
2.688389303
2.137391777
1.645070121
1.19882493
0.790281391
0.4229451865
0.09649859783
-0.1806796968
-0.4058909879
-0.5821827791
-0.7074984487
-0.779374559
-0.7906689364
-0.7280397474
-0.6218825502
-0.195062814
-0.01959352545
0.002448179369
0.003744151567
0.003427086902
0.003004191579
0.002546257031
0.002026993893
0.001521530326
0.0009752330806
0.0006131028949
0.000392172025
0.0002949049816
0.0003111887302
0.0003096522036
0.0003185728665
0.0003615405528
0.0004284325187
0.0005202449709
0.0006195994706
0.0007457561734
0.0008938037928
0.001075847585
0.001252040357
0.001376616049
0.001218465413
0.0005769258164
0.0002643722206
0.0003760337392
0.0002081646691
5.717016281
5.751431469
5.75661499
5.736703165
5.687761817
5.569383898
5.432295198
5.216210455
4.962530702
4.649092081
4.298645215
3.911655691
3.496262312
3.06655486
2.625557232
2.188173709
1.768567475
1.381288557
0.9780060501
0.6106560732
0.2823694015
-0.002868552753
-0.2470205666
-0.4484279464
-0.6055941565
-0.723204943
-0.796372333
-0.8241667167
-0.8027292612
-0.7289251289
-0.4666639854
-0.1159763077
-0.0007873152258
0.004521472853
0.004804355054
0.004129539369
0.003497526653
0.002915695573
0.002344935372
0.001884935577
0.001453783597
0.001112436174
0.000866347155
0.0006690844586
0.0006157661947
0.0006195103752
0.0006641087584
0.00074042004
0.0008618764979
0.001007185294
0.001184765735
0.00136611055
0.001565635616
0.001736210452
0.001902730053
0.00204503831
0.001934262271
0.0008453061684
0.0006170456699
0.000400109926
4.656455884
4.67657547
4.691144011
4.678341375
4.637047255
4.557336676
4.439834196
4.279662736
4.077660512
3.83533533
3.559506175
3.249996315
2.917064375
2.566767554
2.204537813
1.83433515
1.467656818
1.104785496
0.7742834666
0.471634914
0.1923269025
-0.0536403003
-0.2644996443
-0.4450686537
-0.5886446811
-0.7001773962
-0.7755039772
-0.8151225511
-0.8126494469
-0.7599747869
-0.643442746
-0.3394643894
-0.07737559391
0.000219828245
0.004962354893
0.005016728149
0.004734733159
0.004098428439
0.003331869674
0.002580936188
0.001920604239
0.001381773223
0.000974562306
0.0006841161441
0.0005070007623
0.0004089078715
0.0003706337852
0.0003606340002
0.0003897331384
0.000423046396
0.0004744909857
0.0005054095528
0.000559511188
0.0006521825471
0.0009094030332
0.001329730393
0.001583742832
0.0007856026314
0.0006329229806
0.0004552217393
3.8998899
3.939074349
3.954710403
3.932806693
3.906927806
3.846200035
3.75216855
3.626313488
3.456878953
3.258969128
3.018307498
2.754267267
2.474137721
2.180527822
1.870761765
1.559106023
1.25399357
0.9589256803
0.6825629334
0.4065836159
0.1552002902
-0.06844237396
-0.2608596517
-0.4245683435
-0.5619132279
-0.6698189794
-0.7472028976
-0.7930783458
-0.8054405791
-0.778390013
-0.6995498708
-0.5869213306
-0.1920999534
-0.02030424089
0.01090758204
0.00995828543
0.008129039112
0.006979601836
0.005913463759
0.004781305483
0.003681100085
0.0027229568
0.001926168838
0.001302271604
0.000837902511
0.0004841936618
0.0002275392645
2.958982993e-05
-0.0001184603285
-0.0002320361422
-0.0002904222704
-0.0002936945646
-0.0001760271053
0.0001020545639
0.0005273638175
0.000806456829
0.0005510778636
0.000530066742
0.0004455607443
0.0002914153281
3.330705139
3.370949951
3.35966579
3.363494709
3.32421716
3.277726795
3.198095198
3.087259276
2.951175579
2.784739177
2.595213817
2.383712395
2.147528125
1.896949493
1.642749818
1.38014804
1.114261816
0.8509028348
0.5936476917
0.3556662769
0.1372886422
-0.06115723016
-0.2374142472
-0.3918256191
-0.5228705918
-0.6295845419
-0.7084511269
-0.7615531266
-0.7878740891
-0.7790066747
-0.734798611
-0.6498597638
-0.4137107069
-0.09406642876
0.009911445119
0.01376929189
0.01319356501
0.01190689623
0.01049398701
0.009023532541
0.007546380614
0.006133342106
0.004858907149
0.003598219633
0.002689046901
0.002004676103
0.001508552304
0.001147897128
0.0009093655529
0.0007771182999
0.0007563778676
0.0008417662852
0.001039043536
0.001190945732
0.001160417935
0.0008285268343
0.0006154727498
0.0003775457625
0.0002070034785
7.313792641e-05
2.859749947
2.905751324
2.897299239
2.898127224
2.876639897
2.835667288
2.778691676
2.690753819
2.583529292
2.447978355
2.288926207
2.105729116
1.906807497
1.698732834
1.476341145
1.242945303
1.009389867
0.7801479716
0.5577654626
0.3469539335
0.1472517975
-0.03648754029
-0.2041557761
-0.351298262
-0.4784664045
-0.5799077553
-0.6595687159
-0.7142900628
-0.7445524977
-0.7484226619
-0.7221441401
-0.6587638327
-0.5472798702
-0.2953978589
-0.05510423306
0.01371522802
0.01578914522
0.01453723233
0.01332139689
0.01200536713
0.01065482536
0.009387313472
0.008245836556
0.007324393746
0.006352779647
0.005449780441
0.004687292877
0.004077279137
0.003649055175
0.003375994824
0.003249724741
0.003176220782
0.003025453773
0.002619130151
0.001943161391
0.00133989856
0.0008468329521
0.0003583520044
0.0001601744846
2.233655351e-05
2.514527772
2.516217727
2.53601745
2.528889468
2.516519831
2.490937685
2.43930862
2.376111498
2.284641714
2.174739974
2.042334415
1.894269693
1.730515449
1.544956057
1.347963612
1.151281582
0.9477957509
0.7414538796
0.5377442785
0.3411182774
0.1562248563
-0.01387364297
-0.1679343752
-0.3050654622
-0.4236939399
-0.5225704324
-0.6014047005
-0.6578829207
-0.6930753528
-0.7064736953
-0.6949681473
-0.6529211272
-0.5683461166
-0.443814082
-0.1305738116
0.008076019549
0.02203215641
0.01548554953
0.01266816766
0.01083606198
0.009617416554
0.008660595343
0.007879882385
0.00723785466
0.006687980986
0.006152322626
0.005656036906
0.005176700562
0.004763603063
0.004370725366
0.003992486178
0.003553536727
0.003062032337
0.002636962201
0.002531882066
0.002488896861
0.00133102857
0.0005149975891
0.0002688186995
0.000194362964
2.238818758
2.235145658
2.250576958
2.251018383
2.245994743
2.223246254
2.188713776
2.134488931
2.062448293
1.96940508
1.859081837
1.728433641
1.584092745
1.426929503
1.262101581
1.085476505
0.9004241898
0.7141729578
0.5310729775
0.3532249843
0.1851534035
0.0309337686
-0.1147353462
-0.2457378674
-0.360192545
-0.4575126619
-0.5368088884
-0.5968326072
-0.6380723602
-0.6612587854
-0.6629399608
-0.6410806883
-0.5897768596
-0.50355972
-0.3026136226
-0.05481223745
0.02135955612
0.02094769275
0.01342070082
0.01084902521
0.009221728035
0.007774972588
0.00656605008
0.00555165573
0.004782301215
0.004214870146
0.003777426798
0.003366260858
0.002997057378
0.002603937303
0.002211512063
0.001895116689
0.002007377278
0.002586053123
0.003653336468
0.004641040551
0.001947413312
0.0008200604408
0.0004921704642
0.0004459943323
2.008244556
2.027374797
2.034500742
2.039578572
2.035522174
2.01856143
1.992054188
1.948957205
1.89008411
1.814751231
1.721082283
1.610484138
1.484420865
1.343608662
1.192780343
1.033025694
0.8694247203
0.7040560401
0.5400875563
0.379464104
0.2238701659
0.07212716523
-0.06262132829
-0.1858611196
-0.295141972
-0.3924233494
-0.4695972894
-0.5321475655
-0.5780616953
-0.6078047957
-0.6186153446
-0.6093904493
-0.5753288763
-0.5081581494
-0.4009616917
-0.1750802235
-0.005427880956
0.03224065135
0.02337294735
0.01887538281
0.01587283172
0.01352146998
0.01140607124
0.009474878264
0.007708452413
0.006161395084
0.004922814406
0.003927377838
0.003189551899
0.002682688167
0.002530927063
0.002834032938
0.003702809909
0.00503344728
0.006222620927
0.005762946768
0.0022522272
0.001000855888
0.0006392905826
0.0005703721946
1.860725563
1.872919637
1.887063538
1.888301653
1.886114698
1.874039039
1.849889388
1.814234738
1.76217173
1.695836426
1.613926115
1.516311006
1.407379481
1.287513198
1.150542545
1.004699141
0.8621324119
0.7136351277
0.563329166
0.4141906545
0.2698172132
0.133524074
0.003323320594
-0.1194588348
-0.2285612526
-0.3234934025
-0.4042263536
-0.4698386495
-0.5214701084
-0.5579643835
-0.5784374232
-0.5808339362
-0.5624523623
-0.5166799741
-0.4325116039
-0.3091054559
-0.05574271884
0.0422127234
0.03680051767
0.03000314347
0.02759723929
0.02454522337
0.02194552989
0.01953278721
0.01721871932
0.01490628444
0.01277871675
0.01094227796
0.009274186566
0.008285230565
0.008121365426
0.008259761191
0.008674348309
0.009063058686
0.008708751972
0.005030825739
0.002012609847
0.0009013496793
0.0005486349639
0.0004599600831
1.711764163
1.744014833
1.743906034
1.755706835
1.747862996
1.742127335
1.720278935
1.690679087
1.648116058
1.591297868
1.521487754
1.43683081
1.338188135
1.225629155
1.105776701
0.9816821557
0.8490697469
0.7087436382
0.5694786706
0.4324696221
0.2982379995
0.1679945575
0.04216422553
-0.06969603451
-0.1730550443
-0.2659174527
-0.344632264
-0.4112898867
-0.4657341485
-0.5071117963
-0.5347103339
-0.5471762074
-0.5427548581
-0.5176359602
-0.4663324217
-0.3805393999
-0.1959749202
-0.004022205495
0.04826615861
0.04044518172
0.0359057582
0.03372975024
0.03121651152
0.02903862545
0.02700421877
0.02489749756
0.02271023257
0.02059967711
0.01893042543
0.01739621452
0.0159329507
0.01481023356
0.01358736221
0.01174705651
0.008641577517
0.003761510685
0.001389095146
0.0005395073147
0.0002463894632
0.0001647285805
1.580675445
1.595952255
1.600855099
1.610368502
1.609830501
1.600202789
1.587443072
1.560946595
1.524649963
1.476428672
1.414231193
1.340275502
1.254963387
1.160931219
1.059634401
0.9401792173
0.8160903416
0.6971934387
0.5745984892
0.4491906129
0.3252876129
0.2063289707
0.0945778132
-0.01287201252
-0.1139701121
-0.2041626548
-0.28499797
-0.3532044738
-0.4068832044
-0.4590574375
-0.4925872247
-0.5160544544
-0.5222500356
-0.5132691985
-0.4825578016
-0.4188102939
-0.3159213081
-0.0723962269
0.04252987068
0.03913901926
0.03686658734
0.03512299317
0.03421466839
0.03233070172
0.03088298137
0.02964709937
0.02803525673
0.02620566566
0.02446036867
0.02267190968
0.02070207223
0.01841400498
0.01552070405
0.01163815496
0.006598545917
0.002406384315
0.000697906319
9.771532626e-05
-0.0001154892019
-0.0001759055696
1.437864551
1.45344896
1.467240387
1.470944285
1.473625734
1.470269174
1.457628396
1.439679357
1.409952367
1.370925177
1.319419382
1.257975023
1.184814631
1.100489032
1.006479705
0.9064162085
0.8049015403
0.6953847578
0.580571555
0.4664124221
0.3537683911
0.2439481326
0.1369546443
0.03349211836
-0.05859985531
-0.1441333762
-0.2212635837
-0.2889571743
-0.3489087511
-0.4001647252
-0.4405871985
-0.4710911046
-0.4898932592
-0.4961954475
-0.4867369843
-0.4572188014
-0.4015398286
-0.2518824182
-0.03591521363
0.02967285713
0.02902829345
0.02960956072
0.02950762802
0.02920324785
0.02824623074
0.02765364678
0.026917028
0.02573099432
0.02426384238
0.02248446928
0.02026374023
0.01737286891
0.01357924838
0.008945133025
0.004046224579
0.001299008432
0.0001714844496
-0.0002681573286
-0.0003798842283
-0.0004014567509
1.315404889
1.329071967
1.343977778
1.3506855
1.354031243
1.354993349
1.346153056
1.333578497
1.311052801
1.279535564
1.23804738
1.185957669
1.124248557
1.053513979
0.9762660734
0.891670979
0.7929584427
0.6901531722
0.5924244157
0.4921608418
0.3899979445
0.2893913819
0.1916955931
0.09859627967
0.00854700227
-0.07721960304
-0.1564276176
-0.2270682095
-0.2912588841
-0.3481988286
-0.3949515668
-0.4334283699
-0.4613619106
-0.4788217219
-0.4826955469
-0.4706104094
-0.437714241
-0.3750104737
-0.1824524717
-0.008589048107
0.0181205281
0.01977184436
0.02070212728
0.02123444445
0.02128456468
0.02115279663
0.02098876441
0.02031735403
0.01912267114
0.01750517442
0.01537436243
0.01255347838
0.009029084557
0.005144546664
0.001935920089
0.0003923314664
-0.0002700354215
-0.0004446319255
-0.0005732268838
-0.0005739569301
1.218814061
1.23732818
1.248051302
1.259522373
1.265456068
1.267165147
1.26560752
1.255448376
1.241528524
1.214974777
1.183404193
1.13989967
1.08749692
1.026221148
0.9562710514
0.8791323175
0.7985998039
0.7133314196
0.6219444583
0.5283587604
0.4328640099
0.3376297233
0.2428760254
0.1495496108
0.05755105027
-0.02324747277
-0.1004283605
-0.171985212
-0.2360081811
-0.2959949407
-0.3487268766
-0.3931944007
-0.4295601775
-0.4560586532
-0.4716451773
-0.4737665806
-0.4580561881
-0.4134617839
-0.3460886032
-0.09065125711
0.007275017988
0.008404410724
0.01084099492
0.01212501733
0.01277334521
0.01305733012
0.0131419014
0.0127387863
0.01181138059
0.01048049788
0.008741312073
0.006580997927
0.0041101847
0.001711161148
0.0001529791058
-0.0003065038007
-0.0005288845554
-0.0007691652481
-0.001058730042
-0.001129907266
1.150488326
1.164048187
1.179014992
1.186132618
1.196655422
1.197649164
1.198155345
1.192347891
1.179356921
1.1613013
1.132854279
1.097545226
1.052778814
0.9998779046
0.9384386987
0.868833563
0.7926416259
0.7129605001
0.6291623817
0.5412400818
0.4515547584
0.3629530456
0.274668086
0.187997388
0.1048306182
0.02053377739
-0.05979072855
-0.1368252926
-0.2032576655
-0.2667647728
-0.3234907221
-0.3725394532
-0.414155758
-0.4470544266
-0.4702895345
-0.4816477193
-0.4789915084
-0.4560900492
-0.405516028
-0.2622342854
-0.05458024974
0.003366044653
0.002538227983
0.004213197495
0.005278389779
0.005793153739
0.005961834979
0.005752571836
0.005094364075
0.004080324896
0.002836073223
0.001476429363
0.0003355632841
-0.0003935135826
-0.0008287763669
-0.001118635039
-0.001416368298
-0.001948784496
-0.002698538334
-0.003079525377
1.09660615
1.111945978
1.125042387
1.13382276
1.142226734
1.144998456
1.146384816
1.142166609
1.132221302
1.116781407
1.092990524
1.060943069
1.020853454
0.9729299838
0.9177838878
0.8583149556
0.7919053121
0.7157100178
0.6350662796
0.556144988
0.4743824251
0.3900956547
0.3044791431
0.2188527425
0.1350320101
0.05230293445
-0.02243246807
-0.09570826719
-0.1632032324
-0.227711549
-0.2861072327
-0.3371872807
-0.381505401
-0.4214757806
-0.4479827235
-0.4675627672
-0.4762043853
-0.4701144883
-0.4388483233
-0.3734372388
-0.1300249178
-0.008693667231
-0.0008504104558
-0.000931962584
-5.238038951e-05
0.000597270552
0.0007524148003
0.0007170457679
0.0004461160766
-1.851910601e-06
-0.0005168369356
-0.001052230466
-0.001794743879
-0.002167990161
-0.002869208032
-0.003848541093
-0.004808497562
-0.005881149964
-0.007878233317
-0.009399820103
1.047303613
1.05583997
1.068782928
1.077811237
1.085364193
1.089056634
1.091355398
1.087212925
1.081209605
1.067528227
1.047349768
1.020126373
0.9848249436
0.9426374926
0.8921408686
0.8358483347
0.772635245
0.7062588182
0.6357642768
0.5601472121
0.4808429744
0.4011604087
0.3204957054
0.2402273569
0.1606706717
0.08288076134
0.003322932192
-0.06881507644
-0.1380048123
-0.2029681525
-0.2630341185
-0.3170824812
-0.3645997482
-0.4057075601
-0.4389116744
-0.4643606189
-0.4806056425
-0.4870365742
-0.4803187348
-0.4581151098
-0.3456156689
-0.09752666908
-0.01455520004
-0.006899143884
-0.003889560736
-0.002447806925
-0.001836470807
-0.001789010546
-0.002076327825
-0.002567673607
-0.003145687114
-0.004554759888
-0.00640871112
-0.007561688965
-0.009312730608
-0.01331073665
-0.01719311621
-0.01938232901
-0.01916562349
-0.0186682791
0.9929150686
1.004359357
1.017124466
1.024598987
1.03220893
1.037313946
1.037685764
1.038219676
1.032088159
1.021707248
1.004417341
0.9806611988
0.9495460991
0.911259487
0.8666103166
0.8164576337
0.7611565873
0.6996530506
0.6313930928
0.5596832253
0.4874611159
0.4148781745
0.3395737097
0.2628323083
0.1860371039
0.1101269619
0.03597916276
-0.03330751377
-0.1021091263
-0.1633837562
-0.2211528456
-0.2745915325
-0.3214650282
-0.3624533562
-0.3964180354
-0.4232960716
-0.4427615858
-0.4558969843
-0.4631712061
-0.4642495726
-0.4530553725
-0.2979393878
-0.08161691
-0.02628467144
-0.01562212961
-0.01108380401
-0.008346808868
-0.007891527253
-0.00832012658
-0.00953885263
-0.01154975939
-0.0153096676
-0.02166113464
-0.02744940983
-0.02824622456
-0.02551164096
-0.02190625718
-0.01902074421
-0.01766611099
-0.01734147171
0.9404705525
0.9553732584
0.9626137433
0.9739557229
0.9792571577
0.9844002792
0.9877120183
0.9874618818
0.9839576486
0.975261758
0.9610406605
0.9409948642
0.9138743297
0.8802914479
0.8410254407
0.7952645256
0.7442228221
0.6886191582
0.6294911476
0.5664756408
0.4992077338
0.4295653988
0.3568506035
0.2831768608
0.209484731
0.1367624057
0.06506224482
-0.009421877027
-0.07770491148
-0.1388792542
-0.1992632283
-0.2528239208
-0.2979518391
-0.3375074307
-0.3739239309
-0.3938090957
-0.4109912951
-0.4220293106
-0.428717127
-0.4341365225
-0.4353486499
-0.4363653965
-0.1806011164
-0.07012281166
-0.05688113309
-0.03912813033
-0.0287349542
-0.02768464438
-0.03045347162
-0.03649993077
-0.03840848992
-0.03728774534
-0.03167854063
-0.02654066104
-0.02336682486
-0.02041846752
-0.01816431609
-0.01653419862
-0.01565291814
-0.01553018747
0.8900021445
0.9035167853
0.9120115527
0.9207786693
0.9266340855
0.9318612489
0.9354716461
0.9360514119
0.9336528868
0.9275272097
0.9165104382
0.8996919524
0.8753550668
0.8454087325
0.8100700765
0.7709058003
0.7225959509
0.6702315215
0.6128151506
0.5508367508
0.485696471
0.4202810225
0.3532399279
0.2852516502
0.2163350855
0.1474804654
0.07998494501
0.01500310594
-0.04622555745
-0.1045244655
-0.156808262
-0.2029460578
-0.2426615255
-0.2744604676
-0.2990071339
-0.315382878
-0.3248015115
-0.3279822804
-0.3281192127
-0.3297365319
-0.3386516051
-0.3686312424
-0.3609428368
-0.1639791319
-0.09320752626
-0.08778917789
-0.07485403325
-0.06013803311
-0.04796372124
-0.03721145294
-0.032715654
-0.02862602731
-0.02524491833
-0.02226001999
-0.01952181638
-0.01714032015
-0.0154918974
-0.01441153452
-0.01389707617
-0.01388622371
0.8330547859
0.8454449317
0.8539373754
0.8615998049
0.8686131733
0.873984596
0.8773641381
0.8792388603
0.8775511221
0.8729214611
0.8631707487
0.8486411467
0.8286610175
0.8036084534
0.7724738694
0.7344626386
0.693466038
0.6485927215
0.599138339
0.5452008182
0.487860923
0.4286691466
0.3671352483
0.3029353274
0.2377069064
0.1732772458
0.1097909336
0.04843555541
-0.0129990785
-0.06400841728
-0.1111290019
-0.1521798291
-0.1868348474
-0.213908148
-0.2336341391
-0.2451433317
-0.2493643846
-0.2468037734
-0.240881905
-0.2347862742
-0.2338472491
-0.2421342383
-0.2675545852
-0.2719335352
-0.148701154
-0.08429661868
-0.06377296558
-0.05074576741
-0.0396268211
-0.03130558146
-0.02614220134
-0.02303136591
-0.02070904347
-0.01878246586
-0.01684200351
-0.01482655418
-0.01332383361
-0.01239391772
-0.01205385482
-0.01210658278
0.7650941672
0.7733659398
0.7841922571
0.7905900534
0.7982271411
0.8031388883
0.8075719386
0.8096945221
0.8097597485
0.8055748078
0.7980983089
0.7850622409
0.7665815238
0.7436034547
0.7150440889
0.6822683231
0.6455933099
0.6053328464
0.561690563
0.5135609347
0.460444308
0.4051482185
0.347869881
0.2908496756
0.2341467654
0.1777549601
0.122861192
0.07146438298
0.02489892209
-0.01630705415
-0.0552593118
-0.08792024816
-0.1131279367
-0.1300348123
-0.1388740047
-0.1473261763
-0.1392565493
-0.1326894085
-0.1231674364
-0.1149583114
-0.1135186954
-0.1223068102
-0.1404520878
-0.1656659659
-0.1273942121
-0.08844528197
-0.05407864558
-0.04288408635
-0.03219099196
-0.02468963742
-0.01977036001
-0.01717326176
-0.01582541751
-0.01498233165
-0.01387401221
-0.01241040928
-0.01110491538
-0.01024429381
-0.01004332898
-0.01014499411
0.6908273355
0.7014688382
0.707702425
0.7138298425
0.7202912732
0.7237013911
0.7282914838
0.7302409395
0.7310754034
0.7288525495
0.7230659814
0.7134340359
0.6994559026
0.6810067584
0.6585255336
0.62957007
0.5976730149
0.5626482317
0.5252675368
0.4844338621
0.4414110539
0.3980584174
0.3539584278
0.3087256394
0.2618558965
0.2155779868
0.1710434053
0.1283855776
0.08800137909
0.04740425862
0.01687091069
-0.01067819471
-0.02693075861
-0.04708174772
-0.05589016263
-0.05961775438
-0.0577755558
-0.05170205805
-0.04245249487
-0.03334407449
-0.02868012764
-0.03361470218
-0.05123102055
-0.07861899118
-0.08513964046
-0.05452224106
-0.04076096784
-0.03325638743
-0.02532088322
-0.01904264439
-0.01482356409
-0.01214568706
-0.01130450222
-0.01110193964
-0.01063025383
-0.009785461393
-0.009015258091
-0.008613724485
-0.008570420953
-0.008732794352
0.6434079363
0.6507677502
0.6549451612
0.661134795
0.6654975332
0.6713698176
0.676491668
0.6809234865
0.6840390096
0.6839745052
0.6806713708
0.6726166665
0.6597755321
0.6426740435
0.6217363211
0.5975846471
0.5719698778
0.5446283768
0.5147155037
0.4821112757
0.4491962432
0.4152691289
0.3784679886
0.3378334662
0.2945582094
0.2531486542
0.2142067344
0.1778080011
0.1452835109
0.1165593713
0.09880003169
0.07551490686
0.05871163616
0.04802976644
0.04315998965
0.04294866873
0.04729683382
0.05401445042
0.06189457977
0.06794101723
0.06902328068
0.06083140888
0.03969939252
0.006340453081
-0.0254926585
-0.03055317234
-0.02948136378
-0.02604072326
-0.0191539031
-0.01505237982
-0.01241678659
-0.01030917599
-0.009191900467
-0.009120674818
-0.008968168918
-0.008594024844
-0.008282717945
-0.008163029847
-0.008237757466
-0.008456072399
0.5389820021
0.5387659014
0.5375170991
0.5346833707
0.5320685758
0.5296079906
0.5280183636
0.5275436714
0.5268717851
0.5260698995
0.5246786125
0.5231905946
0.5197731315
0.5141574629
0.5059477408
0.4958779402
0.4846481757
0.4731449631
0.4614952388
0.4454908739
0.4254266024
0.4048899483
0.3854957629
0.3672063384
0.3484078716
0.3297426098
0.3109457166
0.291715094
0.2713526884
0.2487754984
0.2232517088
0.2056271643
0.1866598504
0.1700079857
0.1562433423
0.1462237916
0.1406583777
0.1391138762
0.1392902487
0.1401063404
0.1380242679
0.1282198398
0.1065257098
0.07274655019
0.03268143773
7.71363819e-05
-0.0142789682
-0.01738699895
-0.01575135975
-0.01228790515
-0.01119662479
-0.01098225145
-0.009629377608
-0.008927035543
-0.008829961037
-0.008639177259
-0.008512963339
-0.008537890489
-0.00869293241
-0.008937425285
0.5848208601
0.568210586
0.5509958863
0.539452887
0.5399742886
0.5537378705
0.572713631
0.5913315333
0.6164951222
0.6353235132
0.6444690844
0.6470086999
0.6442821211
0.6352737431
0.6206864006
0.6008325555
0.578118634
0.5566570392
0.5392275979
0.5292036161
0.5200958863
0.5075349473
0.4850055225
0.4657149099
0.4449166331
0.4180385942
0.3888050461
0.3598624266
0.3325271218
0.306184922
0.2806350034
0.2601614031
0.2312633588
0.2110515055
0.1972216676
0.1865369899
0.1765853996
0.1688034908
0.1677605975
0.1742370087
0.182290714
0.1842008012
0.1729959302
0.1435951721
0.0966323687
0.05185870085
0.01124243085
-0.006113124435
-0.01286634547
-0.01111262751
-0.009717757506
-0.01070752504
-0.01143718908
-0.009676228041
-0.009462995011
-0.009308944283
-0.009153746242
-0.009200913679
-0.009283644163
-0.009538525394
0.2316824858
0.2720510564
0.2983853406
0.30644365
0.3014800188
0.2905951271
0.2804147978
0.2717122939
0.2656230241
0.2596073934
0.2543660754
0.2517079407
0.2526993721
0.2583301751
0.2752247443
0.2987097225
0.3297475209
0.3670058663
0.4080266052
0.4424513264
0.4580804724
0.4527288714
0.4374274919
0.4270792481
0.4299377565
0.442396088
0.4572870479
0.4623139845
0.4587284429
0.4522054737
0.4415642078
0.4251249241
0.409743614
0.3965694875
0.3771299667
0.3551365712
0.3236932515
0.295790543
0.283447948
0.283992527
0.2883607778
0.2899077548
0.2829637507
0.2602141556
0.2189694631
0.1623337319
0.09257620715
0.02329895281
-0.004872022106
-0.007661487749
-0.008309700156
-0.008903718227
-0.01034655608
-0.01160003241
-0.01157294585
-0.01150250395
-0.01115259401
-0.01100772321
-0.01116733178
-0.01144469005
)
;

boundaryField
{
    inletCH4
    {
        type            calculated;
        value           nonuniform List<scalar> 5(-9.259257157 0.8285300256 0.02142893377 -4.668895653 3.172048146);
    }
    wallOutside
    {
        type            calculated;
        value           nonuniform List<scalar> 
70
(
-8.511256319e-05
-7.688452539e-05
1.034739741e-05
1.101413164e-05
0.0001563844632
0.0001933118803
-0.001542419432
0.002124594172
0.001709159917
-0.002095902605
-0.001329136325
-0.0006364379329
-0.0001948969603
6.810113341e-05
0.0001842364776
0.0001983661477
0.0002378789997
0.0002693990631
0.0002362136832
0.0002628124148
0.0003220750709
0.0002880526431
0.0002839352235
0.0003704692648
0.0003662771131
0.000312233187
0.0003775070406
0.0004453114313
0.0003871543591
0.0003533568788
0.0002841915613
0.001334335957
0.0008201118409
-0.000619498316
0.001178395204
0.0008230524013
0.0003115395619
0.0002571293225
0.0004411493179
0.0004673516907
0.000276518222
0.0001277508359
0.0002081646691
0.000400109926
0.0004552217393
0.0002914153281
7.313792641e-05
2.233655351e-05
0.000194362964
0.0004459943323
0.0005703721946
0.0004599600831
0.0001647285805
-0.0001759055696
-0.0004014567509
-0.0005739569301
-0.001129907266
-0.003079525377
-0.009399820103
-0.0186682791
-0.01734147171
-0.01553018747
-0.01388622371
-0.01210658278
-0.01014499411
-0.008732794352
-0.008456072399
-0.008937425285
-0.009538525394
-0.01144469005
)
;
    }
    wallTube
    {
        type            calculated;
        value           nonuniform List<scalar> 
61
(
1.760629654
1.04243154
-4.184609769
-5.462808397
-7.474023508
-2.383056993
-5.137858668
-6.324012861
6.062168833
10.84406647
1.23673768
-5.749847762
-3.721352348
1.011575044
0.8875128147
-3.176958261
-2.163981034
0.1552743005
-4.118654667
-10.13959032
486.4272885
0.1091611414
-0.004826801285
0.001841559137
0.01245023369
-0.005113706593
-0.002223174997
-0.001737797224
-0.0008354775334
0.001932340593
0.004586960697
0.003295082928
0.001640565478
0.01713996773
0.005521825504
0.05449741191
0.1059817195
0.1609007232
-0.02065401475
-0.03021606693
-2.433346918
-0.07536813454
0.0535160543
-0.001777244913
0.0007307310205
-0.002962029219
-7.788237475e-05
0.005753743569
0.008831965202
0.03624582157
0.02703851783
-0.0691930731
0.02023525407
0.4938703975
-0.04956783201
-1.781239159
0.7846763561
2.236162443
0.1194026947
-0.7446737583
-0.5337859865
)
;
    }
    inletPilot
    {
        type            calculated;
        value           nonuniform List<scalar> 5(0.07118950707 0.05142290996 0.0906553537 -0.04249316923 -0.09052420315);
    }
    inletAir
    {
        type            calculated;
        value           nonuniform List<scalar> 
60
(
0.0005912091852
0.0002458964078
-0.0001063233116
4.250126346e-05
3.851760258e-05
2.501613623e-05
-6.690994153e-05
1.737458413e-05
-1.922342886e-05
2.676961799e-05
-1.950394519e-05
-2.03969775e-05
1.621575979e-05
-6.094159069e-06
-9.470806818e-06
2.125132135e-06
5.791393305e-06
1.256353132e-05
1.663660817e-05
2.379354273e-05
3.042826872e-05
3.631911906e-05
4.32704569e-05
5.008469432e-05
5.719494315e-05
6.478808373e-05
7.280577648e-05
8.126296382e-05
8.980510054e-05
9.811229713e-05
0.0001061417531
0.0001139052961
0.0001213536826
0.0001281244415
0.0001338837765
0.000138669943
0.0001423785388
0.0001445439684
0.0001447721238
0.0001431793471
0.0001400641382
0.0001351237993
0.0001282719007
0.0001193094181
0.0001080558862
9.651604976e-05
8.429211591e-05
7.046938151e-05
5.596653873e-05
4.130196062e-05
2.698723333e-05
1.304100192e-05
-1.693452825e-07
-1.237575617e-05
-2.322416729e-05
-3.233411734e-05
-3.971539835e-05
-4.526841016e-05
-4.919476788e-05
-4.936830019e-05
)
;
    }
    outlet
    {
        type            calculated;
        value           nonuniform List<scalar> 
71
(
0.4823303841
0.4695118367
0.4723308515
0.468581761
0.4791756703
0.4036562693
0.4540815752
0.4258719834
0.3906431899
0.3477887525
0.301901501
0.2691597076
0.3095373004
0.3357741789
0.3439997208
0.3388863873
0.3280120712
0.3174734132
0.3091727193
0.302547083
0.2820276876
0.2718135979
0.2690782278
0.2697091687
0.2750763723
0.2916326572
0.3150905609
0.3454523403
0.383332424
0.4242909183
0.4582795644
0.4734915198
0.467742178
0.4443961304
0.4316443921
0.4342546068
0.4466528535
0.4610017019
0.4658741275
0.4622909511
0.455408878
0.4449908925
0.4282374007
0.4128406354
0.3955298829
0.37731034
0.3550522244
0.3235977521
0.2956416608
0.2833748522
0.2839113484
0.2882993817
0.2898544171
0.282919895
0.2601832289
0.2189487417
0.1623232329
0.09257191151
0.02329749281
-0.004872910821
-0.007662289969
-0.008310459124
-0.008904472102
-0.01034729191
-0.01160075587
-0.01157363082
-0.0115031642
-0.01115322415
-0.01100833329
-0.01116792877
-0.01144529112
)
;
    }
    axis
    {
        type            empty;
    }
    frontAndBack_pos
    {
        type            wedge;
    }
    frontAndBack_neg
    {
        type            wedge;
    }
}


// ************************************************************************* //
