/*--------------------------------*- C++ -*----------------------------------*\
  =========                 |
  \\      /  F ield         | OpenFOAM: The Open Source CFD Toolbox
   \\    /   O peration     | Website:  https://openfoam.org
    \\  /    A nd           | Version:  10
     \\/     M anipulation  |
\*---------------------------------------------------------------------------*/
FoamFile
{
    format      ascii;
    class       volScalarField;
    location    "0.0250188088";
    object      p_0;
}
// * * * * * * * * * * * * * * * * * * * * * * * * * * * * * * * * * * * * * //

dimensions      [1 -1 -2 0 0 0 0];

internalField   nonuniform List<scalar> 
5170
(
100896.1392
100896.9489
100898.577
100900.1592
100904.2486
100847.3196
100847.4427
100847.7042
100847.696
100848.2394
100817.4446
100817.4695
100817.5717
100817.5891
100817.787
100800.3899
100800.4284
100800.4839
100800.5614
100800.4326
100775.6402
100775.6651
100775.7013
100775.8284
100775.6653
100748.5952
100748.6483
100748.6329
100748.7439
100748.5384
100721.5251
100721.5821
100721.5486
100721.6742
100721.461
100695.0576
100695.1022
100695.0784
100695.1767
100694.9791
100668.2582
100668.3035
100668.2515
100668.3722
100668.1781
100641.6887
100641.752
100641.6745
100641.8481
100641.5979
100616.8049
100616.8558
100616.8187
100616.9101
100616.6866
100592.0257
100592.0875
100592.0642
100592.0726
100591.8868
100566.6445
100566.6851
100566.6598
100566.6983
100566.537
100541.4325
100541.4829
100541.4324
100541.472
100541.3159
100516.844
100516.8777
100516.849
100516.8793
100516.7259
100492.8678
100492.916
100492.869
100492.9128
100492.7693
100469.1975
100469.2322
100469.2372
100469.249
100469.1177
100445.8749
100445.9165
100445.8823
100446.1127
100446.1186
100420.3356
100421.0167
100421.6848
100422.0262
100422.0129
100382.6017
100383.1447
100386.155
100392.9191
100406.4259
100037.1853
100035.1939
100036.6079
100036.0015
100037.7813
100025.2181
100025.0616
100025.2442
100025.0117
100025.0266
100023.0017
100022.9914
100022.9652
100022.939
100022.9114
100020.8976
100020.9074
100020.8716
100020.8507
100020.8401
100018.5812
100018.5763
100018.5725
100018.5458
100018.5243
100016.735
100016.7262
100016.7304
100016.7114
100016.6996
100014.8761
100014.8738
100014.8878
100014.8842
100014.8625
100013.2442
100013.2435
100013.2579
100013.2397
100013.2219
100011.6513
100011.6434
100011.6469
100011.6426
100011.6313
100010.093
100010.0912
100010.0965
100010.1034
100010.0922
100008.5767
100008.5772
100008.5821
100008.5822
100008.5745
100007.0573
100007.0583
100007.0625
100007.0603
100007.0518
100005.5862
100005.5807
100005.5817
100005.5781
100005.5697
100004.1234
100004.1365
100004.1387
100004.0523
100004.0489
100002.6629
100002.6162
100002.6494
100002.6261
100002.5915
100000.9503
100000.8764
100001.1318
100001.2248
100001.1658
99999.68331
99999.66618
99999.69436
99999.72129
99999.67936
99997.80158
99997.87464
99997.92631
99997.97796
99997.96212
99996.70556
99996.8764
99997.06126
99997.23093
99997.04277
99988.99395
99991.00438
99991.46181
99991.65555
99992.41324
100055.5977
100053.5143
100048.5206
100036.7573
100029.5234
100007.0638
100007.0667
100007.825
100005.8986
100006.4966
100005.8457
100005.7525
100006.0729
100005.3054
100004.7163
100004.3051
100004.2587
100004.3747
100004.5017
100003.0192
100004.4132
100004.2456
100004.3534
100003.9369
100003.099
100004.2892
100004.1539
100004.2624
100003.9485
100002.9042
100004.713
100004.6192
100004.5054
100003.8489
100003.1833
100004.5489
100004.4128
100004.3061
100003.6448
100002.966
100004.3482
100004.4911
100004.3411
100003.6316
100003.0288
100005.0561
100004.985
100004.6565
100003.9464
100003.355
100005.7595
100005.692
100005.2594
100004.5625
100003.8758
100007.0668
100006.8145
100006.2187
100005.5057
100004.9196
100008.7662
100008.1381
100007.3657
100006.6495
100006.0869
100010.6176
100009.7159
100008.9293
100008.2765
100007.8305
100012.9373
100011.4987
100011.0627
100010.4907
100009.9829
100016.3946
100014.8856
100014.3871
100013.6932
100013.1148
100019.9383
100018.9672
100018.4778
100017.904
100017.4029
100026.6053
100025.0879
100024.8361
100024.3492
100023.9504
100029.6728
100029.013
100028.6592
100028.1684
100027.6546
100035.612
100034.1022
100033.5637
100032.8048
100031.8731
100025.5867
100024.6598
100024.0519
100023.1419
100022.1127
100025.7137
100024.54
100023.7869
100022.8535
100021.8434
100020.3164
100019.4443
100018.8944
100018.1307
100017.341
100014.6025
100014.065
100013.8102
100013.4171
100012.9906
100010.128
100009.8311
100009.7633
100009.5867
100009.3772
100007.2172
100007.0466
100007.0469
100006.9663
100006.8891
100005.3567
100005.2458
100005.2827
100005.2834
100005.2555
100004.4439
100004.1418
100004.1845
100004.2307
100004.2352
100003.9338
100003.8755
100003.906
100003.925
100003.9263
100004.1828
100003.9586
100004.0077
100004.025
100004.0404
100004.4363
100004.3401
100004.3614
100004.379
100004.3787
100004.9727
100004.7633
100004.7989
100004.8155
100004.8186
100005.2986
100005.2349
100005.2468
100005.2546
100005.2602
100005.8057
100005.5687
100005.5991
100005.6177
100005.6015
100005.8949
100005.8251
100005.8369
100005.8416
100005.8419
100006.1323
100005.9539
100005.9757
100005.984
100005.9729
100006.0722
100006.0074
100006.0124
100006.0161
100006.0171
100006.1995
100006.0198
100006.0178
100006.0108
100006.0174
100006.0431
100006.0031
100006.0076
100006.014
100006.0036
100006.1486
100006.0052
100006.0203
100006.0248
100006.0214
100006.0861
100006.0524
100006.0617
100006.0585
100006.0628
100006.2058
100006.0931
100006.1066
100006.1101
100006.1171
100006.1965
100006.1689
100006.177
100006.1722
100006.1761
100006.3066
100006.2098
100006.2238
100006.2246
100006.225
100006.2636
100006.2346
100006.2414
100006.2401
100006.2383
100006.2968
100006.2091
100006.2174
100006.2197
100006.22
100006.1785
100006.1599
100006.1649
100006.1637
100006.1597
100006.1275
100006.0585
100006.0716
100006.0709
100006.0756
100005.9583
100005.9344
100005.939
100005.9377
100005.9423
100005.8282
100005.7627
100005.7728
100005.7752
100005.7738
100005.596
100005.5725
100005.5789
100005.5754
100005.5863
100005.4044
100005.3485
100005.3572
100005.3598
100005.3588
100005.1342
100005.1119
100005.118
100005.1172
100005.1137
100004.908
100004.8546
100004.8627
100004.8658
100004.8641
100004.6068
100004.5968
100004.5981
100004.5971
100004.5997
100004.3705
100004.3221
100004.3337
100004.3321
100004.3358
100004.0754
100004.0549
100004.0587
100004.0602
100004.0628
100003.8314
100003.7879
100003.795
100003.7968
100003.8001
100003.5373
100003.5214
100003.5248
100003.525
100003.5288
100003.2968
100003.256
100003.2636
100003.2633
100003.2693
100002.9988
100002.9849
100002.9882
100002.9887
100002.987
100002.7416
100002.7071
100002.7132
100002.7142
100002.7118
100002.43
100002.4192
100002.4208
100002.4211
100002.4199
100002.1426
100002.111
100002.1169
100002.1169
100002.1171
100001.8236
100001.8111
100001.8141
100001.815
100001.8143
100001.503
100001.474
100001.48
100001.4791
100001.4813
100001.2153
100001.2058
100001.2079
100001.2076
100001.2086
100000.8624
100000.8374
100000.8419
100000.8421
100000.8418
100000.6941
100000.6826
100000.6846
100000.6848
100000.6857
99999.84865
99999.82618
99999.83709
99999.84953
99999.865
100001.9172
100005.647
100003.7075
100002.2883
100002.42
100002.4643
100002.7
100002.4742
100002.505
100002.8248
100003.3641
100004.5208
100005.7104
100007.3622
100009.5003
100012.5302
100016.9977
100023.4337
100027.2115
100030.9812
100021.3275
100021.2686
100016.8016
100012.6024
100009.1128
100006.8036
100005.2814
100004.2314
100003.9837
100003.9947
100004.3667
100004.8024
100005.2371
100005.6319
100005.8401
100005.9918
100006.0059
100005.9998
100006.0194
100006.0227
100006.0475
100006.0831
100006.1726
100006.2164
100006.2464
100006.2131
100006.1743
100006.0557
100005.927
100005.7776
100005.5485
100005.3593
100005.1311
100004.8675
100004.5958
100004.3237
100004.0487
100003.7846
100003.514
100003.2482
100002.9932
100002.7218
100002.427
100002.1181
100001.812
100001.4769
100001.2042
100000.8441
100000.6882
99999.8901
99994.29198
100000.2786
99999.54323
100000.8827
100000.549
100004.1458
100002.4007
100000.6975
100001.184
100001.444
100002.5617
100002.6419
100000.8565
100001.9133
100001.3359
100001.8685
100001.377
100000.1971
100001.2243
100001.5015
100001.3992
100001.1721
100000.937
100000.6881
100000.9
100001.7649
100001.2735
100000.7656
100000.9892
100000.9628
100001.9879
100001.2713
100001.0478
100000.9348
100001.08
100001.8511
100001.4048
100001.0321
100000.7635
100000.8687
100001.8303
100001.4373
100001.0858
100000.7788
100000.8149
100002.1422
100001.8437
100001.4967
100001.2423
100001.3042
100002.7352
100002.4265
100001.9942
100001.9258
100001.9597
100004.0119
100003.4026
100002.9527
100002.8831
100002.3248
100005.142
100004.6252
100004.3453
100003.9941
100003.5108
100006.9226
100006.2265
100005.8583
100005.6042
100005.1813
100009.0892
100008.6033
100008.1999
100007.8094
100007.3174
100012.1038
100011.7473
100011.4597
100011.0119
100010.7295
100016.4719
100015.9129
100015.4608
100015.0497
100014.5956
100023.0612
100022.5708
100022.0604
100021.5454
100020.9662
100026.7038
100026.1523
100025.7945
100025.7653
100025.8343
100029.5656
100028.2268
100027.0086
100025.8308
100024.3351
100020.2285
100018.9532
100017.8702
100017.0069
100016.4102
100020.2952
100019.2186
100018.3789
100017.8056
100017.4358
100015.994
100015.0709
100014.3111
100013.7287
100013.3532
100012.1451
100011.4659
100010.8744
100010.4153
100010.0865
100008.8852
100008.5133
100008.183
100007.9084
100007.6706
100006.7211
100006.5569
100006.3892
100006.2284
100006.0729
100005.225
100005.1687
100005.0959
100005.0124
100004.9185
100004.2748
100004.2622
100004.2467
100004.2155
100004.1777
100003.9671
100003.9662
100003.9617
100003.9468
100003.9253
100004.0528
100004.0463
100004.0354
100004.0305
100004.0108
100004.392
100004.3808
100004.3748
100004.3628
100004.3512
100004.8234
100004.8144
100004.8059
100004.7957
100004.7851
100005.2615
100005.2501
100005.2452
100005.2352
100005.2246
100005.6097
100005.6064
100005.5973
100005.5899
100005.5787
100005.8399
100005.831
100005.8263
100005.8155
100005.8046
100005.9663
100005.9635
100005.9541
100005.9434
100005.9316
100006.0059
100005.9967
100005.9935
100005.9809
100005.9731
100006.0078
100006.0013
100005.9959
100005.9883
100005.9802
100006.0049
100006.0028
100005.9951
100005.9911
100005.9827
100006.0204
100006.0165
100006.0119
100006.009
100006.0017
100006.0584
100006.0547
100006.0509
100006.0481
100006.0429
100006.1118
100006.108
100006.1044
100006.1009
100006.0975
100006.1733
100006.1696
100006.1677
100006.1632
100006.1596
100006.2202
100006.2181
100006.2138
100006.21
100006.2059
100006.2366
100006.2341
100006.2313
100006.2279
100006.2232
100006.2167
100006.2145
100006.212
100006.2088
100006.2063
100006.1603
100006.1598
100006.1563
100006.1549
100006.1513
100006.0706
100006.0677
100006.0649
100006.0638
100006.0599
100005.9381
100005.9347
100005.934
100005.9306
100005.9293
100005.773
100005.7709
100005.7706
100005.7675
100005.7663
100005.5791
100005.5748
100005.5746
100005.5718
100005.5713
100005.3578
100005.3571
100005.3562
100005.3545
100005.3538
100005.1156
100005.116
100005.1152
100005.1143
100005.1135
100004.8644
100004.8639
100004.8637
100004.8628
100004.8624
100004.5987
100004.5977
100004.5978
100004.5973
100004.5969
100004.3341
100004.3328
100004.3328
100004.3326
100004.3323
100004.061
100004.0599
100004.0598
100004.0597
100004.0596
100003.7979
100003.7967
100003.7966
100003.7965
100003.7966
100003.5263
100003.5252
100003.5251
100003.5251
100003.5248
100003.2657
100003.2639
100003.2639
100003.2636
100003.2635
100002.9878
100002.9879
100002.9873
100002.9874
100002.9866
100002.7129
100002.7133
100002.7126
100002.7128
100002.7117
100002.4204
100002.42
100002.42
100002.4192
100002.4184
100002.1168
100002.1163
100002.116
100002.1154
100002.1148
100001.8139
100001.8132
100001.8124
100001.8117
100001.8109
100001.48
100001.4795
100001.4791
100001.4786
100001.4782
100001.2072
100001.2062
100001.2052
100001.2044
100001.2031
100000.842
100000.8417
100000.8412
100000.8407
100000.84
100000.6853
100000.6857
100000.686
100000.6858
100000.6841
99999.92507
99999.95327
99999.98251
100000.0141
100000.0448
100001.3094
100001.4019
100001.452
100001.5025
100001.5477
100001.5853
100001.6319
100001.6737
100001.7247
100001.7675
100001.8114
100001.8575
100001.8999
100001.941
100001.983
100002.0221
100002.0588
100002.0922
100002.1222
100002.1487
100002.1715
100002.1904
100002.2038
100002.2112
100002.2123
100002.2075
100002.1965
100002.1785
100002.1537
100002.1218
100002.0827
100002.0368
100001.9839
100001.9248
100001.8614
100001.7933
100001.7211
100001.6473
100001.5752
100001.5042
100001.4361
100001.3751
100001.3224
100001.2795
100001.2494
100001.2335
100001.2321
100001.2449
100001.2734
100001.3159
100001.3719
100001.439
100001.5146
100001.5956
100001.6792
100001.7585
100001.8334
100001.8918
100001.9507
100001.9758
100001.2441
100001.3811
100001.4221
100001.4557
100001.4976
100001.5422
100001.5889
100001.6318
100001.6771
100001.7208
100001.7658
100001.8079
100001.85
100001.8916
100001.9312
100001.9687
100002.0048
100002.0383
100002.0695
100002.0981
100002.1232
100002.1446
100002.1616
100002.1739
100002.1812
100002.1826
100002.1774
100002.1653
100002.1461
100002.1197
100002.086
100002.0453
100001.9976
100001.9437
100001.8841
100001.8199
100001.7523
100001.6826
100001.6125
100001.5437
100001.4782
100001.4182
100001.3654
100001.3222
100001.2902
100001.2712
100001.2663
100001.2763
100001.3012
100001.3404
100001.3925
100001.4559
100001.528
100001.6054
100001.6858
100001.7625
100001.8353
100001.8945
100001.9491
100001.9762
100001.1925
100001.2599
100001.3351
100001.3497
100001.4008
100001.4186
100001.464
100001.4998
100001.5354
100001.5785
100001.6184
100001.6597
100001.7032
100001.7455
100001.7888
100001.8306
100001.8719
100001.9116
100001.9496
100001.9851
100002.0179
100002.0476
100002.0738
100002.0958
100002.1123
100002.1231
100002.1284
100002.1272
100002.1192
100002.1041
100002.0817
100002.0522
100002.0155
100001.9721
100001.9225
100001.8676
100001.8083
100001.7459
100001.6819
100001.6181
100001.5562
100001.4983
100001.4464
100001.4025
100001.3685
100001.3461
100001.3365
100001.3407
100001.3589
100001.3908
100001.4355
100001.491
100001.5556
100001.6257
100001.6995
100001.7704
100001.8386
100001.8948
100001.9482
100001.9757
100001.0803
100001.1199
100001.1525
100001.1676
100001.2063
100001.2362
100001.2789
100001.3136
100001.3511
100001.3901
100001.4301
100001.4706
100001.5114
100001.5537
100001.5967
100001.6403
100001.6848
100001.729
100001.7729
100001.8161
100001.8581
100001.8979
100001.9353
100001.9696
100002.0001
100002.0259
100002.0466
100002.0615
100002.0701
100002.0718
100002.0666
100002.0538
100002.0336
100002.006
100001.9714
100001.9304
100001.8838
100001.8326
100001.7782
100001.7221
100001.6659
100001.6117
100001.5613
100001.5169
100001.4801
100001.4531
100001.4371
100001.4333
100001.4422
100001.464
100001.4978
100001.5425
100001.5961
100001.6557
100001.7195
100001.7819
100001.8428
100001.8934
100001.9425
100001.9694
100000.7699
100000.818
100000.8599
100000.9
100000.9502
100000.9833
100001.0322
100001.0663
100001.1091
100001.1445
100001.1845
100001.2234
100001.266
100001.3116
100001.359
100001.4079
100001.4588
100001.5106
100001.5631
100001.6157
100001.6681
100001.7197
100001.7703
100001.8188
100001.8651
100001.9078
100001.9465
100001.9803
100002.0085
100002.0304
100002.0454
100002.053
100002.0531
100002.0453
100002.0298
100002.0068
100001.9767
100001.9404
100001.8988
100001.8531
100001.8049
100001.756
100001.7081
100001.6635
100001.6237
100001.5912
100001.5672
100001.5536
100001.5508
100001.5596
100001.5795
100001.6099
100001.6495
100001.6956
100001.7468
100001.7981
100001.8491
100001.8915
100001.9334
100001.958
100000.8532
100000.8454
100000.8393
100000.8205
100000.8473
100000.8492
100000.8812
100000.8989
100000.927
100000.9544
100000.9863
100001.0222
100001.0608
100001.0994
100001.1399
100001.1852
100001.2363
100001.2892
100001.3439
100001.4015
100001.4611
100001.5218
100001.5834
100001.6447
100001.7057
100001.765
100001.8221
100001.8761
100001.9256
100001.9702
100002.0086
100002.04
100002.064
100002.0796
100002.0867
100002.0849
100002.0746
100002.056
100002.0298
100001.9972
100001.9592
100001.9175
100001.8737
100001.8298
100001.7877
100001.7498
100001.7175
100001.6932
100001.6776
100001.672
100001.6764
100001.691
100001.7144
100001.7447
100001.7807
100001.8181
100001.8584
100001.8912
100001.9256
100001.9455
100000.865
100000.8918
100000.8087
100000.7924
100000.7601
100000.7357
100000.7364
100000.745
100000.7506
100000.7674
100000.7894
100000.8138
100000.8466
100000.8802
100000.9204
100000.9665
100001.0126
100001.0594
100001.1146
100001.1765
100001.2417
100001.3098
100001.3808
100001.4544
100001.5291
100001.6049
100001.6801
100001.7544
100001.8259
100001.8941
100001.9571
100002.014
100002.0639
100002.1051
100002.1377
100002.1602
100002.1728
100002.1752
100002.1676
100002.1507
100002.1253
100002.0929
100002.0548
100002.0131
100001.9695
100001.9266
100001.8861
100001.8507
100001.8216
100001.7999
100001.787
100001.7842
100001.7898
100001.8026
100001.821
100001.8425
100001.8698
100001.8952
100001.9233
100001.9399
100000.8278
100000.813
100000.7083
100000.665
100000.6146
100000.6112
100000.6096
100000.616
100000.6255
100000.6326
100000.654
100000.6729
100000.6958
100000.7261
100000.7589
100000.7968
100000.841
100000.8904
100000.9415
100000.9929
100001.0547
100001.1239
100001.1971
100001.2764
100001.3587
100001.4448
100001.5337
100001.624
100001.7143
100001.8034
100001.8894
100001.9714
100002.0466
100002.1144
100002.1732
100002.2215
100002.2592
100002.2849
100002.2987
100002.3004
100002.2903
100002.2695
100002.2393
100002.202
100002.158
100002.111
100002.0629
100002.0176
100001.9765
100001.9353
100001.9044
100001.8826
100001.8701
100001.8655
100001.8684
100001.8768
100001.8918
100001.9072
100001.9284
100001.9422
100000.8595
100000.8058
100000.7733
100000.7132
100000.6538
100000.619
100000.6388
100000.6292
100000.6354
100000.6351
100000.6383
100000.647
100000.655
100000.6671
100000.6878
100000.7102
100000.7395
100000.7765
100000.8189
100000.8681
100000.9242
100000.9831
100001.0501
100001.1248
100001.2077
100001.2979
100001.3948
100001.4959
100001.6
100001.706
100001.8117
100001.9163
100002.0158
100002.1101
100002.1956
100002.2708
100002.3347
100002.3853
100002.4222
100002.4435
100002.4499
100002.4405
100002.4205
100002.3929
100002.3467
100002.295
100002.2396
100002.1835
100002.1281
100002.0759
100002.0291
100001.9903
100001.9596
100001.938
100001.925
100001.9198
100001.9224
100001.928
100001.9416
100001.9528
100001.2339
100001.1601
100001.0795
100001.0206
100000.8529
100000.876
100000.8328
100000.8658
100000.8311
100000.8384
100000.8062
100000.7984
100000.7873
100000.7698
100000.7643
100000.7632
100000.7664
100000.7771
100000.7976
100000.8261
100000.8645
100000.9133
100000.9706
100001.0363
100001.1112
100001.1961
100001.2909
100001.3938
100001.5043
100001.6204
100001.7407
100001.8625
100001.9828
100002.0996
100002.2094
100002.3098
100002.3981
100002.4722
100002.5304
100002.5712
100002.5937
100002.5986
100002.5869
100002.5603
100002.5195
100002.4685
100002.4095
100002.3464
100002.2807
100002.2167
100002.1559
100002.102
100002.0554
100002.0184
100001.9906
100001.9722
100001.963
100001.9594
100001.9661
100001.9751
100002.014
100002
100001.8619
100001.557
100001.3316
100001.4175
100001.387
100001.3539
100001.3339
100001.2855
100001.2083
100001.1902
100001.1285
100001.0762
100001.0216
100000.9875
100000.9533
100000.9237
100000.9023
100000.8978
100000.9055
100000.928
100000.9642
100001.0114
100001.0709
100001.1445
100001.2318
100001.3314
100001.4427
100001.5632
100001.6915
100001.8242
100001.9591
100002.0922
100002.2208
100002.3408
100002.4493
100002.5433
100002.6203
100002.6788
100002.717
100002.7356
100002.7343
100002.7152
100002.6793
100002.6301
100002.5697
100002.502
100002.4291
100002.3556
100002.2832
100002.2165
100002.1561
100002.1056
100002.0644
100002.0342
100002.0145
100002.0027
100002.0032
100002.0101
100002.5002
100002.4508
100002.366
100002.2766
100002.3483
100002.1544
100002.1662
100002.1386
100002.0331
100001.9812
100001.8765
100001.7943
100001.7044
100001.6148
100001.5195
100001.432
100001.3537
100001.2786
100001.1836
100001.1336
100001.096
100001.0746
100001.075
100001.0892
100001.1181
100001.1677
100001.2358
100001.3213
100001.4233
100001.5393
100001.6668
100001.8031
100001.9446
100002.0879
100002.2288
100002.3636
100002.4881
100002.5989
100002.6928
100002.7675
100002.8213
100002.8535
100002.8639
100002.8538
100002.8242
100002.7786
100002.7185
100002.6487
100002.571
100002.4908
100002.4096
100002.333
100002.2615
100002.1999
100002.1476
100002.1076
100002.0787
100002.0601
100002.0553
100002.0606
100003.5862
100003.3445
100003.4038
100003.3346
100003.4289
100003.4621
100003.3698
100003.2099
100003.1222
100003.0469
100002.8491
100002.692
100002.5568
100002.4141
100002.2645
100002.11
100001.96
100001.8187
100001.6943
100001.5439
100001.4525
100001.3709
100001.3183
100001.2844
100001.2696
100001.2813
100001.3168
100001.376
100001.4571
100001.5577
100001.6749
100001.8056
100001.9459
100002.092
100002.239
100002.3829
100002.5188
100002.6428
100002.7507
100002.84
100002.9078
100002.9532
100002.9753
100002.9749
100002.953
100002.9123
100002.8549
100002.7852
100002.7054
100002.6211
100002.534
100002.4503
100002.3706
100002.3007
100002.2397
100002.192
100002.156
100002.1318
100002.1228
100002.1269
100004.9304
100004.9706
100004.6806
100004.9095
100004.8048
100004.8447
100004.8014
100004.6823
100004.542
100004.4396
100004.1588
100003.9228
100003.7057
100003.4883
100003.2455
100003.0023
100002.7771
100002.5577
100002.3607
100002.145
100001.9753
100001.8222
100001.6992
100001.6007
100001.5301
100001.4911
100001.4823
100001.5031
100001.5519
100001.6265
100001.7237
100001.8399
100001.9708
100002.1122
100002.2589
100002.406
100002.5484
100002.6811
100002.7998
100002.9007
100002.9807
100003.0379
100003.071
100003.0805
100003.0666
100003.0323
100002.9791
100002.9117
100002.8322
100002.7465
100002.6564
100002.5685
100002.4836
100002.4082
100002.3412
100002.2882
100002.247
100002.219
100002.2071
100002.2104
100007.1256
100006.9449
100006.8526
100006.8299
100006.9216
100006.8645
100006.7584
100006.6888
100006.4141
100006.2311
100005.9014
100005.5724
100005.23
100004.8906
100004.5376
100004.1909
100003.8573
100003.543
100003.2472
100002.9164
100002.6561
100002.4181
100002.2084
100002.032
100001.8928
100001.7907
100001.7259
100001.6979
100001.7052
100001.7452
100001.8145
100001.9089
100002.0238
100002.1542
100002.2948
100002.4398
100002.5837
100002.721
100002.8464
100002.9558
100003.0452
100003.1123
100003.1551
100003.1737
100003.1679
100003.1404
100003.0925
100003.029
100002.9517
100002.867
100002.7764
100002.6872
100002.5998
100002.5216
100002.4514
100002.3954
100002.351
100002.3209
100002.3071
100002.3102
100010.5352
100010.0617
100010.0043
100009.8446
100009.8425
100009.8453
100009.6553
100009.2955
100009.2728
100008.7706
100008.1992
100007.6619
100007.0994
100006.5701
100006.0632
100005.5678
100005.11
100004.686
100004.2198
100003.8192
100003.4432
100003.0985
100002.7979
100002.5385
100002.3229
100002.152
100002.026
100001.9443
100001.9052
100001.9058
100001.9424
100002.0105
100002.1049
100002.2202
100002.3503
100002.4892
100002.6305
100002.7685
100002.8972
100003.0118
100003.1078
100003.1824
100003.233
100003.2594
100003.261
100003.2402
100003.198
100003.1393
100003.0657
100002.9837
100002.8948
100002.8067
100002.7194
100002.6411
100002.5699
100002.5132
100002.4677
100002.4371
100002.4226
100002.4259
100014.3427
100013.862
100013.7932
100013.6107
100013.6281
100013.5605
100013.1734
100012.5931
100011.9353
100011.2383
100010.5545
100009.8441
100009.1235
100008.4111
100007.7488
100007.1307
100006.4986
100005.889
100005.3147
100004.7785
100004.2805
100003.8291
100003.4279
100003.0788
100002.7827
100002.5408
100002.3526
100002.2167
100002.131
100002.092
100002.0957
100002.1369
100002.2099
100002.3086
100002.4264
100002.5569
100002.6931
100002.8289
100002.9577
100003.0745
100003.1742
100003.2536
100003.3098
100003.3421
100003.3497
100003.3348
100003.2981
100003.2445
100003.1754
100003.0976
100003.012
100002.9268
100002.8417
100002.7655
100002.6955
100002.6403
100002.5954
100002.5658
100002.5517
100002.5557
100020.1857
100019.7476
100019.5673
100019.4471
100019.2329
100018.7414
100017.9194
100016.8291
100015.7453
100014.6377
100013.5482
100012.506
100011.4775
100010.4868
100009.538
100008.6486
100007.8147
100007.032
100006.3037
100005.6319
100005.0192
100004.4674
100003.9782
100003.5525
100003.1901
100002.8906
100002.6524
100002.4734
100002.3506
100002.28
100002.2571
100002.2762
100002.3311
100002.4153
100002.5219
100002.6438
100002.774
100002.9059
100003.0327
100003.1491
100003.2497
100003.3313
100003.3904
100003.4265
100003.4382
100003.4279
100003.3959
100003.3471
100003.2828
100003.2096
100003.1285
100003.0478
100002.9666
100002.8942
100002.8274
100002.7753
100002.7326
100002.7053
100002.6924
100002.6976
100025.0133
100024.7675
100023.7094
100024.3096
100024.1011
100022.9677
100021.5233
100020.066
100018.6045
100017.1163
100015.6675
100014.2972
100013.0059
100011.7909
100010.6718
100009.6309
100008.6662
100007.7739
100006.9511
100006.1966
100005.5118
100004.8981
100004.355
100003.8835
100003.4818
100003.1489
100002.8822
100002.679
100002.5356
100002.4475
100002.4097
100002.4162
100002.4604
100002.5355
100002.6342
100002.7496
100002.8743
100003.0017
100003.1251
100003.239
100003.338
100003.419
100003.4784
100003.5156
100003.5294
100003.5218
100003.4932
100003.4485
100003.3886
100003.3205
100003.2444
100003.1691
100003.0931
100003.026
100002.9638
100002.9164
100002.8771
100002.8534
100002.8424
100002.8491
100020.9598
100023.4246
100024.4136
100025.4167
100025.1896
100024.0104
100022.5526
100021.0102
100019.4169
100017.8076
100016.2137
100014.7187
100013.3224
100012.0441
100010.8732
100009.8016
100008.8106
100007.8951
100007.0559
100006.2917
100005.604
100004.9913
100004.4527
100003.987
100003.5917
100003.2648
100003.0036
100002.8051
100002.6654
100002.58
100002.5436
100002.5503
100002.5936
100002.6667
100002.7626
100002.8744
100002.995
100003.118
100003.2368
100003.3463
100003.4415
100003.5191
100003.5761
100003.6118
100003.6251
100003.6183
100003.5915
100003.5498
100003.4937
100003.4304
100003.3597
100003.2904
100003.2204
100003.1598
100003.1033
100003.0616
100003.0269
100003.0075
100002.9991
100003.0075
100016.7836
100018.328
100019.3142
100019.5257
100019.2962
100018.7427
100017.9825
100017.0721
100016.0605
100014.9941
100013.8911
100012.7948
100011.7485
100010.7531
100009.8167
100008.932
100008.1036
100007.3241
100006.5958
100005.9261
100005.3195
100004.7767
100004.2995
100003.8874
100003.5388
100003.2534
100003.0277
100002.8599
100002.7459
100002.6816
100002.6617
100002.6807
100002.7324
100002.8104
100002.9082
100003.0192
100003.1368
100003.2552
100003.3683
100003.4715
100003.5603
100003.632
100003.6836
100003.7153
100003.7257
100003.7176
100003.6909
100003.6509
100003.5979
100003.5391
100003.4738
100003.411
100003.3477
100003.2942
100003.2444
100003.2094
100003.1799
100003.1656
100003.1603
100003.1706
100017.3103
100017.353
100017.1464
100016.7774
100016.2105
100015.533
100014.7796
100013.9809
100013.1545
100012.3069
100011.4576
100010.5988
100009.7624
100008.9697
100008.2327
100007.5447
100006.8983
100006.2993
100005.7397
100005.22
100004.7442
100004.3193
100003.9489
100003.6281
100003.3626
100003.1486
100002.9846
100002.8698
100002.7996
100002.7706
100002.7788
100002.8188
100002.8852
100002.9725
100003.0746
100003.1859
100003.3005
100003.4132
100003.5188
100003.6135
100003.6933
100003.7562
100003.7999
100003.8249
100003.8302
100003.8188
100003.7908
100003.7515
100003.7008
100003.6462
100003.5862
100003.5301
100003.4739
100003.4282
100003.3858
100003.358
100003.3344
100003.3256
100003.3236
100003.3359
100013.0874
100012.9147
100012.6772
100012.3805
100011.9866
100011.5278
100011.0294
100010.5036
100009.9586
100009.4022
100008.8329
100008.2598
100007.6774
100007.1169
100006.5805
100006.0836
100005.6309
100005.2032
100004.8134
100004.4511
100004.1139
100003.8169
100003.5598
100003.3426
100003.1657
100003.0318
100002.939
100002.8833
100002.8636
100002.8755
100002.9153
100002.9791
100003.0618
100003.1588
100003.2649
100003.3753
100003.485
100003.5898
100003.6854
100003.7687
100003.8369
100003.8885
100003.9219
100003.938
100003.9364
100003.9203
100003.8898
100003.8502
100003.8015
100003.7508
100003.6964
100003.6472
100003.5986
100003.5611
100003.5264
100003.5064
100003.4891
100003.4861
100003.4875
100003.5018
100009.8323
100009.525
100009.2867
100009.004
100008.6721
100008.3073
100007.9303
100007.5546
100007.1823
100006.811
100006.4423
100006.0799
100005.7269
100005.3697
100005.0281
100004.7195
100004.4321
100004.1743
100003.9418
100003.7324
100003.5402
100003.3683
100003.2261
100003.1098
100003.0248
100002.9707
100002.9449
100002.9466
100002.9738
100003.0228
100003.0913
100003.1752
100003.2706
100003.3736
100003.48
100003.5858
100003.6871
100003.7806
100003.863
100003.9323
100003.9862
100004.0242
100004.0454
100004.0512
100004.0415
100004.0197
100003.9862
100003.9462
100003.8994
100003.8528
100003.8041
100003.7621
100003.7214
100003.6924
100003.6659
100003.6538
100003.6431
100003.6459
100003.6508
100003.6669
100007.4411
100007.217
100006.9658
100006.6795
100006.3864
100006.0873
100005.7773
100005.4771
100005.1919
100004.9278
100004.6838
100004.4572
100004.2417
100004.0388
100003.8487
100003.6717
100003.5238
100003.3932
100003.2879
100003.1999
100003.1257
100003.0676
100003.0212
100002.9957
100002.9893
100003.0012
100003.0329
100003.0819
100003.1465
100003.2245
100003.3126
100003.4098
100003.5109
100003.6139
100003.7148
100003.8112
100003.8997
100003.9782
100004.0444
100004.097
100004.1347
100004.1578
100004.1657
100004.1605
100004.1424
100004.1151
100004.0787
100004.0386
100003.9941
100003.952
100003.9095
100003.8752
100003.8428
100003.8227
100003.8046
100003.8005
100003.7963
100003.8048
100003.8132
100003.831
100005.9018
100005.7237
100005.5181
100005.2595
100004.9887
100004.746
100004.4441
100004.2124
100003.9813
100003.777
100003.5977
100003.444
100003.3164
100003.2117
100003.1255
100003.0528
100002.9924
100002.9594
100002.9394
100002.9364
100002.9496
100002.9703
100003.0008
100003.0381
100003.0877
100003.1472
100003.2185
100003.2985
100003.3865
100003.4807
100003.5778
100003.6766
100003.7753
100003.8705
100003.9598
100004.0414
100004.113
100004.1734
100004.2209
100004.2554
100004.276
100004.2837
100004.2786
100004.2629
100004.2371
100004.205
100004.1667
100004.1275
100004.0861
100004.0494
100004.0138
100003.9877
100003.9639
100003.9527
100003.9429
100003.9466
100003.9488
100003.9628
100003.9742
100003.9934
100004.8008
100004.6548
100004.4826
100004.3047
100004.1125
100003.9027
100003.7067
100003.5253
100003.3552
100003.2083
100003.0834
100002.9855
100002.913
100002.863
100002.8329
100002.822
100002.8264
100002.8467
100002.8846
100002.9325
100002.9944
100003.0676
100003.1431
100003.2241
100003.3064
100003.3944
100003.4859
100003.5807
100003.6774
100003.7733
100003.8689
100003.9607
100004.0476
100004.1283
100004.2006
100004.2634
100004.3152
100004.3556
100004.3838
100004.4
100004.4041
100004.3976
100004.3808
100004.3562
100004.3245
100004.2894
100004.2509
100004.2139
100004.1771
100004.1467
100004.1187
100004.1012
100004.0862
100004.0839
100004.0822
100004.0934
100004.1015
100004.1205
100004.1345
100004.1549
100004.1189
100004.0356
100003.9307
100003.8031
100003.6679
100003.5292
100003.3888
100003.2616
100003.1579
100003.0239
100002.9555
100002.9057
100002.876
100002.8659
100002.8745
100002.899
100002.9404
100002.9917
100003.0595
100003.1366
100003.2237
100003.3179
100003.4173
100003.5158
100003.6139
100003.7103
100003.8064
100003.901
100003.992
100004.0796
100004.1622
100004.2396
100004.3092
100004.3709
100004.4228
100004.4649
100004.4962
100004.5168
100004.5265
100004.5261
100004.5158
100004.4975
100004.4716
100004.4408
100004.4057
100004.37
100004.3333
100004.3004
100004.2694
100004.2464
100004.2266
100004.2179
100004.2116
100004.2178
100004.2237
100004.2416
100004.255
100004.2781
100004.2942
100004.3152
100003.8864
100003.8288
100003.7551
100003.6662
100003.5747
100003.4876
100003.3938
100003.3069
100003.2326
100003.1764
100003.1349
100003.1125
100003.1083
100003.1214
100003.15
100003.1938
100003.2487
100003.3178
100003.3897
100003.4788
100003.5677
100003.6662
100003.7649
100003.8649
100003.9605
100004.0524
100004.1401
100004.2233
100004.3003
100004.372
100004.4363
100004.4937
100004.5428
100004.5832
100004.6145
100004.6362
100004.6485
100004.6515
100004.6456
100004.6318
100004.6106
100004.584
100004.5525
100004.5189
100004.4835
100004.4498
100004.4172
100004.3902
100004.3663
100004.3514
100004.3402
100004.3401
100004.3421
100004.356
100004.3686
100004.3922
100004.4098
100004.4361
100004.4535
100004.4747
100003.9866
100003.9451
100003.8956
100003.8386
100003.7679
100003.7061
100003.6542
100003.6001
100003.555
100003.522
100003.5045
100003.5001
100003.5089
100003.5313
100003.5663
100003.6126
100003.6695
100003.7332
100003.8073
100003.8799
100003.9664
100004.0484
100004.1376
100004.2213
100004.3052
100004.3824
100004.4536
100004.5172
100004.5755
100004.6266
100004.6708
100004.7076
100004.7363
100004.757
100004.7695
100004.7739
100004.7704
100004.7598
100004.7424
100004.7195
100004.6918
100004.6611
100004.628
100004.595
100004.5624
100004.5333
100004.5068
100004.4871
100004.4712
100004.4648
100004.4619
100004.4698
100004.4792
100004.4997
100004.5177
100004.5456
100004.5663
100004.5947
100004.6126
100004.6333
100004.3297
100004.299
100004.2642
100004.2251
100004.184
100004.1344
100004.09
100004.0547
100004.0253
100004.0028
100003.9902
100003.9894
100003.9987
100004.0178
100004.0461
100004.0832
100004.128
100004.1791
100004.2347
100004.2949
100004.3547
100004.4216
100004.484
100004.5497
100004.611
100004.6688
100004.7197
100004.7641
100004.8012
100004.8329
100004.8574
100004.8753
100004.8864
100004.8905
100004.8883
100004.8798
100004.8654
100004.846
100004.8221
100004.7949
100004.7652
100004.7346
100004.7037
100004.6747
100004.6475
100004.6251
100004.6061
100004.5945
100004.5869
100004.5886
100004.5933
100004.6082
100004.6236
100004.649
100004.6708
100004.7015
100004.7238
100004.7529
100004.7704
100004.7901
100004.7671
100004.7411
100004.7117
100004.6838
100004.6514
100004.6152
100004.5826
100004.5549
100004.53
100004.5105
100004.4961
100004.4887
100004.4894
100004.497
100004.5113
100004.5318
100004.5577
100004.5886
100004.6227
100004.6607
100004.6985
100004.7378
100004.7806
100004.8201
100004.8593
100004.8955
100004.9275
100004.9533
100004.973
100004.9869
100004.9956
100004.9987
100004.9967
100004.9895
100004.9776
100004.9615
100004.9414
100004.9184
100004.8929
100004.8661
100004.8385
100004.8118
100004.7861
100004.7636
100004.7437
100004.7293
100004.7185
100004.7151
100004.7153
100004.7241
100004.7352
100004.7555
100004.7751
100004.8036
100004.8274
100004.8592
100004.8816
100004.9103
100004.9265
100004.9448
100005.2095
100005.188
100005.1633
100005.1356
100005.106
100005.0751
100005.0432
100005.0124
100004.9835
100004.9603
100004.9405
100004.9243
100004.913
100004.9072
100004.906
100004.9088
100004.9156
100004.9258
100004.9392
100004.9542
100004.9721
100004.9882
100005.0069
100005.0271
100005.045
100005.0625
100005.0773
100005.0884
100005.0945
100005.0964
100005.094
100005.0878
100005.0779
100005.0647
100005.0485
100005.0298
100005.0091
100004.9871
100004.9642
100004.9416
100004.9194
100004.8992
100004.8809
100004.8662
100004.8546
100004.8484
100004.8455
100004.8494
100004.8563
100004.8707
100004.8864
100004.91
100004.9318
100004.9615
100004.9854
100005.0164
100005.0375
100005.0645
100005.0787
100005.0952
100005.5641
100005.544
100005.521
100005.4947
100005.4661
100005.4354
100005.4046
100005.3701
100005.3378
100005.3092
100005.2824
100005.2583
100005.2367
100005.2183
100005.2034
100005.1915
100005.1822
100005.1755
100005.171
100005.169
100005.1673
100005.1689
100005.1667
100005.1712
100005.1735
100005.1772
100005.1802
100005.1814
100005.1797
100005.1744
100005.1664
100005.1559
100005.1434
100005.1291
100005.1134
100005.0966
100005.0792
100005.0617
100005.0445
100005.0285
100005.0138
100005.0014
100004.9913
100004.9849
100004.9813
100004.9825
100004.9865
100004.9964
100005.0081
100005.0262
100005.0444
100005.0694
100005.0913
100005.1202
100005.1424
100005.1713
100005.1898
100005.2143
100005.2259
100005.2406
100005.7908
100005.771
100005.749
100005.7234
100005.6954
100005.6651
100005.6327
100005.6028
100005.574
100005.5414
100005.5103
100005.4805
100005.4522
100005.4255
100005.4012
100005.3794
100005.3593
100005.3414
100005.3254
100005.3111
100005.2991
100005.2867
100005.279
100005.2658
100005.2628
100005.2553
100005.2525
100005.2477
100005.2435
100005.2364
100005.228
100005.2179
100005.207
100005.1955
100005.1836
100005.1718
100005.1602
100005.1494
100005.1395
100005.1312
100005.1244
100005.1201
100005.1178
100005.1188
100005.122
100005.1293
100005.1383
100005.1522
100005.1667
100005.1865
100005.205
100005.2293
100005.2496
100005.276
100005.2951
100005.3205
100005.3356
100005.3567
100005.3654
100005.3782
100005.9165
100005.8979
100005.8774
100005.8542
100005.8284
100005.801
100005.7715
100005.7411
100005.7088
100005.6764
100005.6441
100005.6123
100005.5815
100005.5517
100005.523
100005.4961
100005.4709
100005.4473
100005.4255
100005.4053
100005.3871
100005.3707
100005.3552
100005.343
100005.3281
100005.3221
100005.313
100005.3087
100005.3035
100005.2992
100005.2931
100005.2868
100005.28
100005.2735
100005.2674
100005.2619
100005.2571
100005.2535
100005.251
100005.2501
100005.2506
100005.2532
100005.2574
100005.2643
100005.2724
100005.2838
100005.2959
100005.3117
100005.327
100005.3465
100005.3636
100005.3857
100005.4028
100005.4255
100005.4406
100005.4619
100005.473
100005.4906
100005.4964
100005.5076
100005.9592
100005.9433
100005.9245
100005.9039
100005.8809
100005.856
100005.8295
100005.8016
100005.7726
100005.7429
100005.7127
100005.6825
100005.6525
100005.6231
100005.5946
100005.5674
100005.5416
100005.5168
100005.4939
100005.4728
100005.4534
100005.4362
100005.4204
100005.4073
100005.3947
100005.3842
100005.3791
100005.3736
100005.3723
100005.3708
100005.3702
100005.3688
100005.3676
100005.3669
100005.3668
100005.3677
100005.3694
100005.3722
100005.376
100005.3812
100005.3875
100005.3954
100005.4041
100005.4148
100005.426
100005.4394
100005.4525
100005.4683
100005.4827
100005.5003
100005.5147
100005.5332
100005.5464
100005.5647
100005.5754
100005.5922
100005.5995
100005.6134
100005.6166
100005.6264
100005.9694
100005.9558
100005.9401
100005.9225
100005.9029
100005.8816
100005.8587
100005.8344
100005.809
100005.7828
100005.7559
100005.7289
100005.7019
100005.6754
100005.6494
100005.6243
100005.6005
100005.5779
100005.5568
100005.5374
100005.5199
100005.5042
100005.4911
100005.4789
100005.4706
100005.4606
100005.4572
100005.4546
100005.4554
100005.4583
100005.4625
100005.4664
100005.4706
100005.475
100005.4802
100005.4861
100005.4929
100005.5005
100005.5089
100005.5183
100005.5282
100005.5393
100005.5505
100005.563
100005.5751
100005.5888
100005.6013
100005.6157
100005.6278
100005.6426
100005.6535
100005.6682
100005.6771
100005.691
100005.6975
100005.7103
100005.7139
100005.725
100005.726
100005.7349
100005.9745
100005.963
100005.9501
100005.9356
100005.9194
100005.9017
100005.8825
100005.8623
100005.8409
100005.8185
100005.7956
100005.7727
100005.7497
100005.727
100005.7048
100005.6835
100005.6633
100005.6445
100005.6267
100005.6107
100005.5965
100005.5843
100005.5736
100005.5655
100005.5578
100005.5551
100005.5485
100005.5528
100005.5532
100005.5601
100005.5667
100005.5753
100005.5831
100005.5915
100005.6001
100005.6095
100005.6193
100005.6299
100005.6408
100005.6523
100005.6639
100005.6761
100005.688
100005.7005
100005.7122
100005.7247
100005.7354
100005.7476
100005.7568
100005.7684
100005.7757
100005.7866
100005.7916
100005.8017
100005.8046
100005.814
100005.8148
100005.8236
100005.823
100005.8314
100005.9956
100005.9861
100005.9757
100005.9636
100005.9504
100005.9357
100005.92
100005.9031
100005.8854
100005.8673
100005.8489
100005.8297
100005.8106
100005.7918
100005.7736
100005.756
100005.7392
100005.7238
100005.7095
100005.6966
100005.6854
100005.676
100005.6683
100005.6624
100005.6586
100005.6557
100005.6564
100005.6553
100005.6629
100005.6672
100005.677
100005.6866
100005.6974
100005.7076
100005.7181
100005.7288
100005.7399
100005.7514
100005.7629
100005.7747
100005.7863
100005.7981
100005.8092
100005.8206
100005.8307
100005.8413
100005.8498
100005.8595
100005.866
100005.8746
100005.8789
100005.8866
100005.8887
100005.8958
100005.896
100005.9031
100005.9019
100005.9091
100005.9078
100005.9158
100006.0378
100006.03
100006.0216
100006.0118
100006.0009
100005.989
100005.976
100005.9621
100005.9475
100005.9326
100005.916
100005.8992
100005.8837
100005.8681
100005.8529
100005.8383
100005.8246
100005.8119
100005.8004
100005.79
100005.7811
100005.7736
100005.7678
100005.7634
100005.7608
100005.7595
100005.7604
100005.7617
100005.7651
100005.773
100005.7804
100005.7909
100005.8019
100005.8128
100005.8235
100005.8341
100005.8449
100005.8558
100005.8666
100005.8775
100005.888
100005.8985
100005.9081
100005.9178
100005.926
100005.9347
100005.941
100005.9486
100005.9528
100005.9593
100005.9613
100005.967
100005.9671
100005.9724
100005.9711
100005.9769
100005.9747
100005.9814
100005.9798
100005.9881
100006.0921
100006.0857
100006.078
100006.0697
100006.06
100006.0497
100006.0385
100006.0266
100006.0141
100006.001
100005.9882
100005.9757
100005.9623
100005.9492
100005.9364
100005.9241
100005.9124
100005.9014
100005.8916
100005.8828
100005.8749
100005.8684
100005.863
100005.8591
100005.8566
100005.856
100005.8553
100005.8582
100005.858
100005.8651
100005.8703
100005.8796
100005.8888
100005.8995
100005.909
100005.9187
100005.928
100005.9376
100005.9468
100005.9562
100005.9649
100005.9737
100005.9815
100005.9895
100005.9959
100006.0029
100006.0077
100006.0137
100006.0166
100006.0217
100006.0227
100006.0272
100006.0265
100006.031
100006.0293
100006.0346
100006.0324
100006.0389
100006.0377
100006.046
100006.1545
100006.1482
100006.1411
100006.1331
100006.1244
100006.115
100006.105
100006.0943
100006.0832
100006.0716
100006.0601
100006.0485
100006.0363
100006.0244
100006.0127
100006.0014
100005.9906
100005.9805
100005.9711
100005.9626
100005.955
100005.9485
100005.9431
100005.9387
100005.9357
100005.9336
100005.9331
100005.9321
100005.935
100005.9338
100005.9414
100005.9448
100005.9536
100005.9616
100005.9706
100005.9783
100005.9862
100005.9938
100006.0012
100006.0086
100006.0155
100006.0224
100006.0285
100006.0349
100006.04
100006.0459
100006.0498
100006.0551
100006.0574
100006.0621
100006.0629
100006.0674
100006.0668
100006.0715
100006.0702
100006.0759
100006.0742
100006.0813
100006.0808
100006.0891
100006.2001
100006.1941
100006.1871
100006.1795
100006.1715
100006.1629
100006.1537
100006.1442
100006.134
100006.1237
100006.1131
100006.1016
100006.0903
100006.0793
100006.0684
100006.0577
100006.0474
100006.0374
100006.028
100006.0194
100006.0115
100006.0043
100005.998
100005.9925
100005.9881
100005.9846
100005.9822
100005.9805
100005.9799
100005.9802
100005.9805
100005.9858
100005.9889
100005.9956
100006.002
100006.0086
100006.0144
100006.0204
100006.026
100006.0319
100006.0373
100006.043
100006.048
100006.0537
100006.0582
100006.0637
100006.0674
100006.0727
100006.0754
100006.0807
100006.0822
100006.0878
100006.0881
100006.0942
100006.0938
100006.1008
100006.0999
100006.1077
100006.1073
100006.1152
100006.2189
100006.2127
100006.2066
100006.1995
100006.192
100006.1838
100006.1751
100006.166
100006.1566
100006.1468
100006.1366
100006.1264
100006.1165
100006.1056
100006.0948
100006.0842
100006.0737
100006.0637
100006.054
100006.0448
100006.0362
100006.0283
100006.021
100006.0145
100006.0087
100006.0039
100005.9998
100005.9967
100005.9935
100005.9924
100005.9895
100005.9912
100005.993
100005.9971
100006.0016
100006.007
100006.0116
100006.0164
100006.0209
100006.0259
100006.0306
100006.0359
100006.0407
100006.0462
100006.0508
100006.0566
100006.0609
100006.067
100006.0705
100006.0771
100006.0799
100006.087
100006.0892
100006.0968
100006.0981
100006.1062
100006.1065
100006.1148
100006.1145
100006.1214
100006.202
100006.1973
100006.1918
100006.186
100006.1792
100006.1722
100006.1643
100006.156
100006.1472
100006.1379
100006.1281
100006.1182
100006.1074
100006.0965
100006.086
100006.0753
100006.0648
100006.0545
100006.0445
100006.0348
100006.0258
100006.0173
100006.0092
100006.0018
100005.9952
100005.9892
100005.9841
100005.9792
100005.976
100005.9719
100005.9715
100005.9673
100005.9707
100005.9705
100005.9749
100005.9784
100005.983
100005.9868
100005.991
100005.9953
100005.9999
100006.005
100006.01
100006.0158
100006.021
100006.0276
100006.0328
100006.0399
100006.0449
100006.0526
100006.0571
100006.0654
100006.0693
100006.0779
100006.081
100006.0899
100006.092
100006.1008
100006.1022
100006.1107
100006.1479
100006.1434
100006.1383
100006.1327
100006.1265
100006.1196
100006.1123
100006.1044
100006.096
100006.0871
100006.0778
100006.0681
100006.0582
100006.0485
100006.0383
100006.028
100006.0178
100006.0077
100005.9979
100005.9883
100005.979
100005.9703
100005.962
100005.9544
100005.9473
100005.9407
100005.935
100005.9301
100005.9258
100005.9225
100005.9193
100005.9183
100005.9158
100005.9188
100005.9194
100005.9235
100005.927
100005.9315
100005.9353
100005.94
100005.9445
100005.9501
100005.9554
100005.9619
100005.9677
100005.9751
100005.9812
100005.9895
100005.9956
100006.0047
100006.0104
100006.0201
100006.0252
100006.0352
100006.0395
100006.0497
100006.0527
100006.0627
100006.0649
100006.0743
100006.0572
100006.0529
100006.0483
100006.0431
100006.0375
100006.0312
100006.0245
100006.0173
100006.0095
100006.0014
100005.9928
100005.9839
100005.9748
100005.9654
100005.9555
100005.9458
100005.9361
100005.9265
100005.917
100005.9078
100005.8988
100005.8904
100005.8825
100005.875
100005.8682
100005.862
100005.8563
100005.8515
100005.8472
100005.8441
100005.8411
100005.8402
100005.838
100005.8392
100005.8407
100005.8442
100005.8481
100005.8528
100005.8571
100005.8622
100005.8672
100005.8733
100005.8791
100005.8861
100005.8926
100005.9006
100005.9075
100005.9164
100005.9234
100005.9331
100005.9397
100005.95
100005.956
100005.9665
100005.9717
100005.9822
100005.9859
100005.996
100005.9985
100006.0078
100005.9257
100005.9222
100005.918
100005.9134
100005.9083
100005.9027
100005.8967
100005.8902
100005.8833
100005.8759
100005.8683
100005.8602
100005.852
100005.8433
100005.8349
100005.8262
100005.8176
100005.809
100005.8006
100005.7924
100005.7845
100005.7769
100005.7701
100005.7632
100005.7573
100005.7518
100005.7471
100005.743
100005.7398
100005.7369
100005.7356
100005.7335
100005.7348
100005.7327
100005.7373
100005.7388
100005.7442
100005.7487
100005.754
100005.7593
100005.765
100005.7714
100005.7777
100005.7851
100005.792
100005.8004
100005.8075
100005.8168
100005.8239
100005.8338
100005.8406
100005.8509
100005.8571
100005.8675
100005.8728
100005.8831
100005.8868
100005.8966
100005.899
100005.9079
100005.7633
100005.7602
100005.7566
100005.7526
100005.7483
100005.7435
100005.7383
100005.7327
100005.7268
100005.7205
100005.7139
100005.707
100005.6999
100005.6927
100005.6856
100005.6781
100005.6706
100005.6633
100005.6561
100005.6491
100005.6425
100005.6361
100005.6303
100005.6249
100005.6201
100005.6158
100005.6122
100005.6093
100005.6071
100005.6056
100005.6046
100005.6047
100005.6049
100005.6071
100005.6077
100005.6134
100005.6166
100005.6228
100005.628
100005.6344
100005.6402
100005.6473
100005.6537
100005.6614
100005.6683
100005.6767
100005.6838
100005.6928
100005.6998
100005.7094
100005.7159
100005.7258
100005.7317
100005.7415
100005.7464
100005.7561
100005.7595
100005.7688
100005.771
100005.7791
100005.5685
100005.5661
100005.5631
100005.5598
100005.5563
100005.5523
100005.5481
100005.5435
100005.5386
100005.5334
100005.5281
100005.5225
100005.5167
100005.5109
100005.5046
100005.4985
100005.4925
100005.4866
100005.481
100005.4755
100005.4704
100005.4656
100005.4612
100005.4574
100005.4539
100005.4512
100005.4488
100005.4472
100005.4461
100005.4459
100005.446
100005.4473
100005.4484
100005.4518
100005.4531
100005.4584
100005.4627
100005.4693
100005.4754
100005.4821
100005.4884
100005.4956
100005.5022
100005.5098
100005.5166
100005.5247
100005.5315
100005.5399
100005.5464
100005.555
100005.5609
100005.5696
100005.5749
100005.5833
100005.5877
100005.5959
100005.599
100005.6069
100005.6088
100005.6157
100005.3518
100005.3498
100005.3475
100005.3449
100005.3421
100005.339
100005.3356
100005.332
100005.3282
100005.3241
100005.3199
100005.3155
100005.311
100005.3064
100005.3018
100005.2976
100005.2931
100005.2888
100005.2847
100005.2808
100005.2772
100005.2739
100005.2711
100005.2686
100005.2667
100005.2653
100005.2644
100005.2642
100005.2646
100005.2654
100005.2671
100005.2689
100005.2721
100005.2744
100005.2797
100005.2816
100005.2894
100005.294
100005.3013
100005.3076
100005.3146
100005.3213
100005.3281
100005.3353
100005.3418
100005.3493
100005.3555
100005.3632
100005.3689
100005.3767
100005.382
100005.3897
100005.3942
100005.4017
100005.4052
100005.4127
100005.4149
100005.422
100005.4231
100005.4294
100005.1122
100005.1107
100005.109
100005.1071
100005.105
100005.1027
100005.1003
100005.0976
100005.0948
100005.0918
100005.0887
100005.0856
100005.0823
100005.079
100005.0759
100005.0726
100005.0693
100005.0663
100005.0635
100005.0609
100005.0587
100005.0568
100005.0553
100005.0541
100005.0536
100005.0534
100005.0537
100005.0547
100005.0562
100005.0581
100005.0606
100005.0636
100005.0671
100005.0711
100005.0755
100005.0805
100005.085
100005.0924
100005.0984
100005.106
100005.1124
100005.1197
100005.1261
100005.1333
100005.1394
100005.1465
100005.1522
100005.1592
100005.1644
100005.1712
100005.1756
100005.1821
100005.1857
100005.192
100005.1946
100005.2006
100005.2023
100005.2079
100005.2087
100005.2136
100004.8614
100004.8604
100004.8592
100004.8579
100004.8564
100004.8548
100004.8531
100004.8513
100004.8493
100004.8472
100004.8451
100004.8429
100004.8408
100004.8386
100004.8365
100004.8343
100004.8326
100004.8308
100004.8293
100004.8281
100004.8271
100004.8264
100004.8261
100004.8262
100004.8267
100004.8277
100004.8292
100004.8311
100004.8331
100004.8362
100004.8395
100004.8434
100004.8472
100004.8522
100004.8563
100004.8628
100004.866
100004.874
100004.8793
100004.887
100004.8932
100004.9006
100004.9063
100004.9135
100004.9189
100004.9256
100004.9306
100004.9369
100004.9413
100004.9473
100004.951
100004.9567
100004.9598
100004.9651
100004.9675
100004.9727
100004.9741
100004.9791
100004.9798
100004.9843
100004.5964
100004.5957
100004.5949
100004.5941
100004.5931
100004.5921
100004.591
100004.5897
100004.5885
100004.5872
100004.5858
100004.5844
100004.5831
100004.5817
100004.5804
100004.5793
100004.5784
100004.5774
100004.5767
100004.5762
100004.576
100004.5761
100004.5766
100004.5774
100004.5786
100004.5802
100004.5823
100004.5847
100004.5876
100004.5909
100004.5947
100004.5987
100004.6032
100004.6078
100004.6132
100004.6178
100004.6246
100004.6284
100004.6368
100004.6425
100004.6498
100004.656
100004.6627
100004.6688
100004.6746
100004.6806
100004.6855
100004.6912
100004.6953
100004.7007
100004.7039
100004.709
100004.7114
100004.7162
100004.7178
100004.7225
100004.7233
100004.7278
100004.7281
100004.7322
100004.3321
100004.3316
100004.3312
100004.3307
100004.3301
100004.3294
100004.3288
100004.328
100004.3273
100004.3265
100004.3257
100004.3249
100004.3242
100004.3235
100004.3229
100004.3224
100004.3219
100004.3218
100004.3218
100004.322
100004.3225
100004.3232
100004.3243
100004.3257
100004.3274
100004.3294
100004.3319
100004.3347
100004.3379
100004.3414
100004.3453
100004.3495
100004.354
100004.3586
100004.3639
100004.3686
100004.3748
100004.3791
100004.3855
100004.3914
100004.3978
100004.4042
100004.4102
100004.4162
100004.4216
100004.4271
100004.4317
100004.4369
100004.4407
100004.4455
100004.4485
100004.453
100004.4554
100004.4596
100004.4611
100004.4653
100004.4661
100004.4701
100004.4705
100004.4741
100004.0594
100004.0591
100004.0588
100004.0585
100004.0581
100004.0576
100004.0572
100004.0567
100004.0561
100004.0556
100004.055
100004.0545
100004.054
100004.0536
100004.0532
100004.0529
100004.0527
100004.0529
100004.053
100004.0534
100004.0539
100004.0547
100004.0558
100004.0572
100004.0588
100004.0608
100004.0631
100004.0657
100004.0686
100004.0719
100004.0755
100004.0794
100004.0835
100004.088
100004.0924
100004.0978
100004.1017
100004.1085
100004.111
100004.1192
100004.1239
100004.1312
100004.1359
100004.1426
100004.147
100004.1529
100004.1569
100004.1623
100004.1657
100004.1706
100004.1734
100004.1778
100004.18
100004.1841
100004.1857
100004.1896
100004.1905
100004.1942
100004.1947
100004.1979
100003.7963
100003.7961
100003.7959
100003.7956
100003.7953
100003.795
100003.7947
100003.7943
100003.7939
100003.7935
100003.7931
100003.7927
100003.7924
100003.7921
100003.7919
100003.7917
100003.7917
100003.7916
100003.7918
100003.7922
100003.7927
100003.7934
100003.7944
100003.7957
100003.7972
100003.799
100003.8011
100003.8034
100003.806
100003.8088
100003.812
100003.8154
100003.819
100003.8229
100003.8269
100003.8313
100003.8355
100003.8402
100003.8444
100003.8493
100003.8541
100003.8596
100003.8644
100003.87
100003.8743
100003.8796
100003.8833
100003.8881
100003.8913
100003.8958
100003.8983
100003.9025
100003.9045
100003.9083
100003.9098
100003.9134
100003.9142
100003.9177
100003.9181
100003.9211
100003.5247
100003.5243
100003.524
100003.5236
100003.5232
100003.5227
100003.5222
100003.5216
100003.521
100003.5204
100003.5197
100003.5191
100003.5184
100003.5178
100003.5171
100003.5165
100003.516
100003.5155
100003.5153
100003.5151
100003.5151
100003.5152
100003.5155
100003.516
100003.5167
100003.5176
100003.5188
100003.5202
100003.522
100003.5241
100003.5263
100003.5286
100003.5314
100003.5343
100003.5374
100003.5404
100003.5444
100003.5473
100003.5521
100003.5542
100003.5598
100003.5645
100003.5694
100003.5744
100003.5788
100003.5836
100003.5875
100003.5922
100003.5956
100003.6
100003.6029
100003.6071
100003.6095
100003.6135
100003.6153
100003.6191
100003.6202
100003.6237
100003.6244
100003.6274
100003.2631
100003.2628
100003.2623
100003.2618
100003.2613
100003.2607
100003.26
100003.2594
100003.2586
100003.2578
100003.257
100003.2561
100003.2553
100003.2544
100003.2535
100003.2527
100003.2518
100003.2511
100003.2505
100003.2499
100003.2494
100003.249
100003.2487
100003.2486
100003.2487
100003.249
100003.2494
100003.2501
100003.2511
100003.2522
100003.2536
100003.2553
100003.2571
100003.2591
100003.2612
100003.2637
100003.2661
100003.2692
100003.2715
100003.2754
100003.2773
100003.282
100003.2849
100003.2896
100003.2929
100003.2974
100003.3005
100003.3048
100003.3077
100003.3117
100003.3142
100003.318
100003.3202
100003.3236
100003.3253
100003.3285
100003.3296
100003.3326
100003.3332
100003.3356
100002.9863
100002.9855
100002.9848
100002.984
100002.9831
100002.9821
100002.981
100002.9798
100002.9785
100002.9771
100002.9757
100002.9741
100002.9725
100002.9709
100002.9692
100002.9675
100002.9657
100002.964
100002.962
100002.9601
100002.9586
100002.9571
100002.9557
100002.9544
100002.9532
100002.9523
100002.9514
100002.9508
100002.9504
100002.9502
100002.9503
100002.9506
100002.9511
100002.9519
100002.9528
100002.9541
100002.9555
100002.9574
100002.9589
100002.9617
100002.9632
100002.9664
100002.97
100002.9744
100002.9781
100002.9824
100002.9858
100002.9901
100002.9934
100002.9976
100003.0006
100003.0048
100003.0074
100003.0115
100003.0136
100003.0175
100003.0189
100003.0224
100003.0233
100003.0261
100002.7115
100002.7106
100002.7098
100002.7089
100002.7079
100002.7067
100002.7055
100002.7041
100002.7027
100002.7012
100002.6995
100002.6978
100002.696
100002.6942
100002.6923
100002.6904
100002.6884
100002.6864
100002.6845
100002.6829
100002.6811
100002.6791
100002.6772
100002.6754
100002.6738
100002.6723
100002.671
100002.6698
100002.6689
100002.668
100002.6675
100002.6669
100002.6668
100002.6672
100002.6678
100002.668
100002.6687
100002.6697
100002.6713
100002.6723
100002.6749
100002.6757
100002.679
100002.6812
100002.6846
100002.6877
100002.6911
100002.6944
100002.6976
100002.701
100002.7039
100002.7073
100002.7099
100002.7131
100002.7151
100002.7181
100002.7194
100002.7221
100002.7229
100002.7245
100002.4177
100002.4165
100002.4153
100002.4139
100002.4124
100002.4107
100002.4089
100002.4069
100002.4047
100002.4024
100002.4
100002.3974
100002.3946
100002.3918
100002.3891
100002.3863
100002.3829
100002.3796
100002.3766
100002.3725
100002.3685
100002.3655
100002.3623
100002.3592
100002.3562
100002.3533
100002.3506
100002.3481
100002.3458
100002.3437
100002.3419
100002.3404
100002.3392
100002.3384
100002.3378
100002.3375
100002.3376
100002.3381
100002.3386
100002.34
100002.3409
100002.3433
100002.344
100002.3485
100002.3513
100002.3556
100002.3588
100002.3632
100002.3664
100002.371
100002.3741
100002.3786
100002.3814
100002.3857
100002.3882
100002.3922
100002.3939
100002.3975
100002.3985
100002.4011
100002.1141
100002.1132
100002.1121
100002.111
100002.1097
100002.1082
100002.1067
100002.105
100002.1031
100002.1012
100002.0991
100002.097
100002.0946
100002.0923
100002.0901
100002.0877
100002.085
100002.0823
100002.0795
100002.0773
100002.0759
100002.0734
100002.0707
100002.0681
100002.0656
100002.0632
100002.0609
100002.0588
100002.0568
100002.0551
100002.0536
100002.0524
100002.0513
100002.0506
100002.05
100002.0498
100002.0498
100002.0504
100002.0508
100002.0522
100002.0528
100002.0555
100002.056
100002.0596
100002.0607
100002.0648
100002.067
100002.071
100002.0735
100002.0774
100002.08
100002.0838
100002.0862
100002.0897
100002.0917
100002.0947
100002.0961
100002.0983
100002.0993
100002.1004
100001.8098
100001.8084
100001.8068
100001.805
100001.8031
100001.8009
100001.7986
100001.796
100001.7932
100001.7903
100001.7871
100001.7835
100001.7795
100001.7757
100001.7725
100001.7691
100001.7648
100001.7604
100001.7563
100001.7519
100001.7459
100001.7405
100001.7367
100001.7326
100001.7288
100001.7251
100001.7216
100001.7183
100001.7152
100001.7124
100001.7099
100001.7079
100001.7061
100001.7046
100001.7037
100001.7035
100001.7026
100001.7025
100001.7033
100001.704
100001.7055
100001.7066
100001.7093
100001.7104
100001.7145
100001.718
100001.7217
100001.7258
100001.7296
100001.7338
100001.7375
100001.7418
100001.7451
100001.7493
100001.7522
100001.7559
100001.7582
100001.7612
100001.7625
100001.7643
100001.4776
100001.4767
100001.4759
100001.4749
100001.4738
100001.4726
100001.4713
100001.47
100001.4686
100001.4671
100001.4655
100001.4639
100001.4621
100001.4603
100001.4584
100001.4566
100001.4548
100001.4528
100001.4508
100001.4489
100001.4485
100001.4491
100001.4475
100001.4456
100001.4439
100001.4422
100001.4407
100001.4392
100001.4379
100001.4367
100001.4357
100001.4346
100001.4337
100001.4334
100001.4331
100001.433
100001.433
100001.4333
100001.4341
100001.4349
100001.4364
100001.4376
100001.44
100001.4416
100001.4445
100001.4461
100001.4491
100001.4518
100001.4544
100001.4573
100001.4595
100001.4625
100001.4644
100001.4671
100001.4686
100001.471
100001.472
100001.4737
100001.4743
100001.4748
100001.2015
100001.1995
100001.1973
100001.1948
100001.1921
100001.189
100001.1858
100001.1822
100001.1785
100001.1745
100001.1703
100001.1659
100001.161
100001.156
100001.1515
100001.1473
100001.1424
100001.1371
100001.1321
100001.127
100001.1198
100001.1114
100001.1044
100001.0998
100001.0959
100001.092
100001.0885
100001.0853
100001.0823
100001.0797
100001.0772
100001.075
100001.0731
100001.0716
100001.0706
100001.0698
100001.0693
100001.0693
100001.0696
100001.0705
100001.0713
100001.0732
100001.0743
100001.0772
100001.078
100001.0825
100001.0852
100001.089
100001.0921
100001.0958
100001.0989
100001.1025
100001.1055
100001.1088
100001.1114
100001.1143
100001.1165
100001.1186
100001.1203
100001.1214
100000.8391
100000.838
100000.8368
100000.8356
100000.8344
100000.8335
100000.8326
100000.832
100000.8315
100000.8312
100000.831
100000.8309
100000.8309
100000.831
100000.831
100000.8309
100000.8306
100000.83
100000.8292
100000.8289
100000.8311
100000.8345
100000.8374
100000.838
100000.8376
100000.8377
100000.8378
100000.838
100000.838
100000.838
100000.8378
100000.8376
100000.8373
100000.8369
100000.8365
100000.8358
100000.8349
100000.8347
100000.8345
100000.8345
100000.8349
100000.8359
100000.8365
100000.8381
100000.8387
100000.8403
100000.8403
100000.842
100000.8421
100000.8433
100000.8434
100000.8443
100000.8444
100000.8449
100000.845
100000.8453
100000.8454
100000.8452
100000.8455
100000.8447
100000.68
100000.6736
100000.6668
100000.66
100000.653
100000.6459
100000.6385
100000.6308
100000.6226
100000.6136
100000.6041
100000.5945
100000.5851
100000.5756
100000.5661
100000.5561
100000.5448
100000.5328
100000.5217
100000.5113
100000.5004
100000.4894
100000.4793
100000.4709
100000.4649
100000.4603
100000.4567
100000.4536
100000.4509
100000.4485
100000.4463
100000.4442
100000.4423
100000.4404
100000.4388
100000.4371
100000.4358
100000.4347
100000.4339
100000.4334
100000.4334
100000.4335
100000.4343
100000.435
100000.4367
100000.4375
100000.4406
100000.4426
100000.4449
100000.4472
100000.4494
100000.4518
100000.4538
100000.456
100000.4578
100000.4597
100000.4613
100000.4627
100000.4639
100000.4649
100000.0692
100000.0799
100000.0823
100000.083
100000.0841
100000.0859
100000.0883
100000.0914
100000.0951
100000.0995
100000.1045
100000.1102
100000.1167
100000.1242
100000.133
100000.1428
100000.1543
100000.1668
100000.179
100000.1913
100000.2035
100000.2151
100000.2262
100000.236
100000.2432
100000.248
100000.2517
100000.2545
100000.2567
100000.2582
100000.2591
100000.2596
100000.2595
100000.2587
100000.2583
100000.2574
100000.2559
100000.2542
100000.2521
100000.2499
100000.2475
100000.2451
100000.2429
100000.2405
100000.2383
100000.2356
100000.2328
100000.2292
100000.2261
100000.223
100000.2203
100000.2176
100000.2154
100000.213
100000.2113
100000.2092
100000.208
100000.206
100000.2055
100000.2035
)
;

boundaryField
{
    inletCH4
    {
        type            zeroGradient;
    }
    wallOutside
    {
        type            zeroGradient;
    }
    wallTube
    {
        type            zeroGradient;
    }
    inletPilot
    {
        type            zeroGradient;
    }
    inletAir
    {
        type            zeroGradient;
    }
    outlet
    {
        type            totalPressure;
        rho             rho;
        psi             none;
        gamma           1;
        p0              uniform 100000;
        value           uniform 100000;
    }
    axis
    {
        type            empty;
    }
    frontAndBack_pos
    {
        type            wedge;
    }
    frontAndBack_neg
    {
        type            wedge;
    }
}


// ************************************************************************* //
