/*--------------------------------*- C++ -*----------------------------------*\
  =========                 |
  \\      /  F ield         | OpenFOAM: The Open Source CFD Toolbox
   \\    /   O peration     | Website:  https://openfoam.org
    \\  /    A nd           | Version:  10
     \\/     M anipulation  |
\*---------------------------------------------------------------------------*/
FoamFile
{
    format      binary;
    class       decomposedBlockData;
    location    "/home/zhouyuchen/Desktop/FastChemistrySolver-OpenFOAM-10/EC-CCM/OpenFOAM-10/Sandia/processors6/0.02499901733/C2H2";
    object      C2H2;
}
// * * * * * * * * * * * * * * * * * * * * * * * * * * * * * * * * * * * * * //


// Processor0

1678
(/*--------------------------------*- C++ -*----------------------------------*\
  =========                 |
  \\      /  F ield         | OpenFOAM: The Open Source CFD Toolbox
   \\    /   O peration     | Website:  https://openfoam.org
    \\  /    A nd           | Version:  10
     \\/     M anipulation  |
\*---------------------------------------------------------------------------*/
FoamFile
{
    format      ascii;
    class       volScalarField;
    location    "0.02499901733";
    object      C2H2;
}
// * * * * * * * * * * * * * * * * * * * * * * * * * * * * * * * * * * * * * //

dimensions      [0 0 0 0 0 0 0];

internalField   uniform 0;

boundaryField
{
    inletCH4
    {
        type            fixedValue;
        value           nonuniform List<scalar> 0();
    }
    wallOutside
    {
        type            zeroGradient;
    }
    wallTube
    {
        type            zeroGradient;
    }
    inletPilot
    {
        type            fixedValue;
        value           nonuniform List<scalar> 0();
    }
    inletAir
    {
        type            fixedValue;
        value           nonuniform List<scalar> 0();
    }
    outlet
    {
        type            zeroGradient;
    }
    axis
    {
        type            empty;
    }
    frontAndBack_pos
    {
        type            wedge;
    }
    frontAndBack_neg
    {
        type            wedge;
    }
    procBoundary0to2
    {
        type            processor;
        value           uniform 0;
    }
    procBoundary0to4
    {
        type            processor;
        value           uniform 0;
    }
}


// ************************************************************************* //
)

// Processor1

3457
(dimensions      [0 0 0 0 0 0 0];

internalField   nonuniform List<scalar> 
860
(
0
0
0
0
0
0
0
0
0
0
0
0
0
0
0
0
0
0
0
0
0
0
0
0
0
0
0
0
0
0
0
0
0
0
0
0
0
0
0
0
0
0
0
0
0
0
0
0
0
0
0
0
0
0
0
0
0
0
0
0
0
0
0
0
0
0
0
0
0
0
0
0
0
0
0
0
0
0
0
0
0
0
0
0
0
0
0
0
0
0
0
0
0
0
0
0
0
0
0
0
0
0
0
0
0
0
0
0
0
0
0
0
0
0
0
0
0
0
0
0
0
0
0
0
0
0
0
0
0
0
0
0
0
0
0
0
0
0
0
0
0
0
0
0
0
0
0
0
0
0
0
0
0
0
0
0
0
0
0
0
0
0
0
0
0
0
0
0
0
0
0
0
0
0
0
0
0
0
0
0
0
0
0
0
0
0
0
0
0
0
0
0
0
0
0
0
0
0
0
0
0
0
0
0
0
0
0
0
0
0
0
0
0
0
0
0
0
0
0
0
0
0
0
0
0
0
0
0
0
0
0
0
0
0
0
0
0
0
0
0
0
0
0
0
0
0
0
0
0
0
0
0
0
0
0
0
0
0
0
0
0
0
0
0
0
0
0
0
0
0
0
0
0
0
0
0
0
0
0
0
0
0
0
0
0
0
0
0
0
0
0
0
0
0
0
0
0
0
0
0
0
0
0
0
0
0
0
0
0
0
0
0
0
0
0
0
0
0
0
0
0
0
0
0
0
0
0
0
0
0
0
0
0
0
0
0
0
0
0
0
0
0
0
0
0
0
0
0
0
0
0
0
0
0
0
0
0
0
0
0
0
0
0
0
0
0
0
0
0
0
0
0
0
0
0
0
0
0
0
0
0
0
0
0
0
0
0
0
0
0
0
0
0
0
0
0
0
0
0
0
0
0
0
0
0
0
0
0
0
0
0
0
0
0
0
0
0
0
0
0
0
0
0
0
0
0
0
0
0
0
0
0
0
0
0
0
0
0
0
0
2.94069893e-16
0
0
0
0
0
0
0
0
0
0
0
0
0
0
0
0
0
0
0
0
0
0
0
0
0
0
0
0
0
0
0
0
0
0
0
0
0
0
0
0
0
0
0
2.430932864e-14
0
0
0
0
0
0
0
0
0
0
0
0
0
0
0
0
0
0
0
0
0
0
0
0
0
0
0
0
0
0
0
0
0
0
0
0
0
0
0
0
0
0
0
7.438665114e-14
0
0
0
0
0
0
0
0
0
0
0
0
0
0
0
0
0
0
0
0
0
0
0
0
0
0
0
0
0
0
0
0
0
0
0
0
0
0
0
0
0
0
0
1.421766415e-13
0
0
0
0
0
0
0
0
0
0
0
0
0
0
0
0
0
0
0
0
0
0
0
0
0
0
0
0
0
0
0
0
0
0
0
0
0
0
0
0
0
0
0
2.181915698e-13
0
0
0
0
0
0
0
0
0
0
0
0
0
0
0
0
0
0
0
0
0
0
0
0
0
0
0
0
0
0
0
0
0
0
0
0
0
0
0
0
0
0
0
2.981624066e-13
1.016727429e-17
0
0
0
0
0
0
0
0
0
0
0
0
0
0
0
0
0
0
0
0
0
0
0
0
0
0
0
0
0
0
0
0
0
0
0
0
0
0
0
0
0
0
4.058215209e-13
6.401886918e-15
0
0
0
0
0
0
0
0
0
0
0
0
0
0
0
0
0
0
0
0
0
0
0
0
0
0
0
0
0
0
0
0
0
0
0
0
0
0
0
0
0
0
5.830015039e-13
2.573621745e-14
0
0
0
0
0
0
0
0
0
0
0
0
0
0
0
0
0
0
0
0
0
0
0
0
0
0
0
0
0
0
0
0
0
0
0
0
0
0
0
0
0
0
9.319360666e-13
8.348109296e-14
0
0
0
0
0
0
0
0
0
0
0
0
0
0
0
0
0
0
0
0
0
0
0
0
0
0
0
0
0
0
0
0
0
0
0
0
0
0
0
0
0
0
1.713129144e-12
2.243854812e-13
0
0
0
0
0
0
0
0
3.783305987e-12
5.573052409e-13
9.833688424e-15
0
0
0
0
1.093039217e-11
1.435415703e-12
1.150289337e-13
0
0
0
0
)
;

boundaryField
{
    inletCH4
    {
        type            fixedValue;
        value           nonuniform List<scalar> 0();
    }
    wallOutside
    {
        type            zeroGradient;
    }
    wallTube
    {
        type            zeroGradient;
    }
    inletPilot
    {
        type            fixedValue;
        value           nonuniform List<scalar> 0();
    }
    inletAir
    {
        type            fixedValue;
        value           uniform 0;
    }
    outlet
    {
        type            zeroGradient;
    }
    axis
    {
        type            empty;
    }
    frontAndBack_pos
    {
        type            wedge;
    }
    frontAndBack_neg
    {
        type            wedge;
    }
    procBoundary1to2
    {
        type            processor;
        value           uniform 0;
    }
    procBoundary1to3
    {
        type            processor;
        value           nonuniform List<scalar> 
22
(
0
0
0
0
0
0
0
0
2.470510294e-14
1.613463672e-13
3.847739163e-13
6.559115966e-13
9.347226811e-13
1.229009156e-12
1.510903399e-12
1.797153933e-12
2.231268435e-12
3.046515769e-12
4.766898695e-12
9.210548746e-12
2.489541259e-11
1.039130226e-10
)
;
    }
    procBoundary1to5
    {
        type            processor;
        value           nonuniform List<scalar> 7(4.50335177e-11 4.323713951e-12 4.260923929e-13 0 0 0 0);
    }
}
)

// Processor2

1303
(dimensions      [0 0 0 0 0 0 0];

internalField   uniform 0;

boundaryField
{
    inletCH4
    {
        type            fixedValue;
        value           nonuniform List<scalar> 0();
    }
    wallOutside
    {
        type            zeroGradient;
    }
    wallTube
    {
        type            zeroGradient;
    }
    inletPilot
    {
        type            fixedValue;
        value           nonuniform List<scalar> 0();
    }
    inletAir
    {
        type            fixedValue;
        value           nonuniform List<scalar> 0();
    }
    outlet
    {
        type            zeroGradient;
    }
    axis
    {
        type            empty;
    }
    frontAndBack_pos
    {
        type            wedge;
    }
    frontAndBack_neg
    {
        type            wedge;
    }
    procBoundary2to0
    {
        type            processor;
        value           uniform 0;
    }
    procBoundary2to1
    {
        type            processor;
        value           uniform 0;
    }
    procBoundary2to4
    {
        type            processor;
        value           uniform 0;
    }
    procBoundary2to5
    {
        type            processor;
        value           nonuniform List<scalar> 
16
(
0
0
0
0
0
0
0
0
9.302031803e-15
2.258467934e-13
2.894144718e-13
0
0
0
0
0
)
;
    }
}
)

// Processor3

13248
(dimensions      [0 0 0 0 0 0 0];

internalField   nonuniform List<scalar> 
861
(
0
0
0
0
0
0
0
0
0
0
0
0
0
0
0
0
0
0
0
0
0
0
0
0
0
0
0
0
0
0
0
0
0
0
0
0
0
0
0
0
0
0
0
0
0
0
0
0
0
0
0
0
0
0
0
0
0
0
0
0
0
0
0
0
0
0
0
0
0
0
0
0
0
0
0
0
0
0
0
0
0
0
0
0
0
0
0
0
0
0
0
0
0
1.758712843e-13
8.916847113e-13
3.216038777e-13
2.053843147e-12
1.664566554e-11
1.162315397e-10
5.478759944e-10
0
7.048060524e-15
0
6.233947551e-16
3.801659537e-15
4.627185038e-15
8.997911588e-15
6.994093984e-15
8.160558463e-15
6.355913553e-15
5.741766673e-15
1.047575941e-14
4.956508035e-15
4.652525497e-15
3.715407841e-15
2.936186469e-15
4.974026931e-15
2.086199145e-15
1.576751311e-15
9.643961928e-16
0
1.149261413e-15
3.97194421e-16
0
9.057513987e-15
0
0
3.030229101e-15
0
0
0
0
0
1.840180122e-11
0
2.913188237e-09
1.145509047e-10
0
0
1.017161027e-08
1.180099333e-08
1.584504128e-09
0
6.821530309e-09
2.928031074e-10
2.358975242e-09
9.252591167e-09
7.941475136e-09
4.922147009e-09
2.151271681e-10
1.865275997e-10
3.140443005e-09
2.973092575e-09
2.533755704e-10
3.745023649e-10
3.15133072e-10
0
1.254232218e-10
1.224801958e-10
1.86516107e-10
1.164803231e-10
1.981062428e-11
7.529492762e-11
2.059763233e-10
4.480931858e-10
2.928505112e-10
1.102482076e-10
1.231277035e-10
2.575061481e-10
4.543291672e-10
4.058281622e-10
2.005268874e-10
1.941337197e-10
3.475067758e-10
4.097116041e-10
3.762149833e-10
3.145222987e-10
3.069919999e-10
3.852397705e-10
3.66559891e-10
2.963219439e-10
3.426543321e-10
3.45648787e-10
3.517472135e-10
3.203510877e-10
2.475444048e-10
3.030404545e-10
3.101328311e-10
2.939815256e-10
2.693615329e-10
5.935530226e-10
4.499992022e-10
3.090614208e-10
2.593503559e-10
2.217018377e-10
3.791423316e-08
2.532594986e-08
4.039913526e-09
9.529884883e-10
6.160239737e-11
1.669821986e-11
1.238355839e-10
1.813906149e-09
2.564464527e-08
3.186951924e-07
7.26524447e-10
5.657659398e-09
8.269119668e-08
1.098920524e-06
1.19344609e-05
4.656399007e-09
3.265034033e-08
3.893499931e-07
3.853395517e-06
2.677955689e-05
1.812699637e-08
1.144853166e-07
1.139867187e-06
8.789279721e-06
4.321779886e-05
5.695767589e-08
3.306566644e-07
2.837978883e-06
1.778698008e-05
7.049940899e-05
1.610530106e-07
8.746056204e-07
6.446057075e-06
3.291874501e-05
0.0001099901538
4.173680873e-07
2.097668105e-06
1.30196989e-05
5.429148523e-05
0.0001539273718
9.94632033e-07
4.540221775e-06
2.331243145e-05
7.957243328e-05
0.0001925672734
2.202900272e-06
8.949724961e-06
3.760292687e-05
0.0001068519085
0.0002271554892
4.577517059e-06
1.623599869e-05
5.613813041e-05
0.0001370665784
0.0002657157219
9.05777914e-06
2.763083877e-05
7.953030375e-05
0.0001720665161
0.0003123095485
1.785966687e-05
4.462668432e-05
0.0001083004888
0.0002126494284
0.0003646716728
3.280425285e-05
6.801177667e-05
0.0001427186962
0.0002577628838
0.0004182740165
5.71203373e-05
9.936424138e-05
0.000183408608
0.0003070917468
0.0004730188644
9.388317916e-05
0.0001402797463
0.0002311518953
0.0003612347778
0.0005309410419
0.0001430526539
0.0001916707
0.00028706838
0.0004213367623
0.0005930650981
0.0002080426093
0.0002561691103
0.0003517357261
0.0004852774938
0.0006538399978
0.0002825440775
0.0003268921266
0.000416397308
0.0005409861143
0.0006951925806
0.0003559089305
0.000394274898
0.0004712011896
0.0005747038995
0.0006953309041
0.0004210380468
0.0004498504624
0.0005058408466
0.0005763625731
0.0006502106294
0.000464075804
0.000479766353
0.0005088200919
0.0005421973374
0.000572241647
0.0004597602693
0.0004644712792
0.0004726042558
0.0004802164555
0.0004836736403
0.0004096340897
0.0004093861479
0.0004079267898
0.0004039779497
0.0003963196764
0.0003371446894
0.0003353615449
0.0003309994931
0.0003238060542
0.0003136281236
0.0002609597121
0.000259139886
0.0002549062699
0.0002483412577
0.0002395775531
1.100974575e-06
5.123283345e-05
7.683784856e-05
9.78234222e-05
0.000151143247
0.0002191912597
0.0002763587213
0.0003109476868
0.0003411804749
0.0003843331808
0.0004409490241
0.0005008956234
0.0005566722506
0.0006111321824
0.0006692919888
0.0007310859951
0.0007879225049
0.0008149853941
0.000781350257
0.0006956406962
0.0005869088128
0.0004822685277
0.0003889416578
0.0003055660047
0.0002329529436
2.395592117e-06
2.205834797e-06
1.306210166e-07
1.171928358e-08
7.181103189e-10
0.000157836274
0.0008179075707
4.700842165e-05
1.40478518e-06
5.741146839e-08
0.0001813062474
0.0004450310776
4.587596276e-05
2.571994762e-06
1.11293658e-07
0.0002041320493
0.0004519097302
0.0008069341613
6.109279377e-05
2.964702895e-06
0.0003193498481
0.0008974151404
0.002432961598
0.000241817356
1.703181473e-05
0.0004380931479
0.001086021472
0.002245979381
0.000288834678
2.665168935e-05
0.0005043726221
0.001027349085
0.001626971614
0.0002491263391
2.891345962e-05
0.0005164396955
0.000877202419
0.001127096126
0.000429460675
5.63610319e-05
0.0005342578028
0.0008774630667
0.001293448209
0.001879378058
0.0002680006827
0.0005860958783
0.0009930146599
0.001617287494
0.002707010719
0.0004401923181
0.0006598663234
0.001119577747
0.001807195737
0.002860934831
0.0005192840119
0.0007291839842
0.001185586454
0.001786015317
0.002525614981
0.0005438641507
0.0007840345122
0.001207776368
0.001710734182
0.002265635342
0.001369775864
0.0008347210058
0.001237387142
0.001715389687
0.002294156902
0.002291536573
0.0008915424184
0.001290897144
0.001779277664
0.002405464507
0.002835212556
0.0009519608926
0.001348262879
0.00183537281
0.002455389221
0.003015311411
0.001001963359
0.001383160763
0.001849320186
0.002440127077
0.002995985769
0.001005616129
0.001332726289
0.001721881295
0.002222846503
0.002595454099
0.0009144735092
0.001091796883
0.001210990132
0.001231845487
0.0005774866099
0.0007639294975
0.0008172829069
0.0007942562638
0.0006682262061
0.0004206166825
0.0006095851028
0.0006035357824
0.0005513306691
0.0004566669923
0.0003372565149
0.0004819490791
0.0004562813294
0.000406370728
0.0003396416636
0.0002671001477
0.0003801707209
0.0003518301877
0.0003111968865
0.0002634966883
0.0002143943696
0.0002958464581
0.0002718622437
0.0002409062784
0.0002063581939
0.0001714614131
0.000225084143
0.0002068526423
0.0001841680468
0.0001592876964
0.0001342022337
1.376386747e-10
9.671383414e-12
4.346198904e-13
0
0
0
0
0
0
0
0
0
0
0
0
0
9.58805084e-09
8.18917081e-10
5.591953507e-11
6.09317353e-12
1.137394825e-12
1.906293435e-13
0
0
0
0
0
0
0
0
0
0
2.94576019e-08
5.415271808e-09
5.354717203e-10
6.730488686e-11
1.486895075e-11
4.87425374e-12
1.844021131e-12
6.249843649e-13
1.054838398e-13
0
0
0
0
0
0
0
5.254143045e-07
1.212509268e-07
1.333123575e-08
1.065980198e-09
1.669753122e-10
4.792779584e-11
1.871133124e-11
7.912868832e-12
3.16994874e-12
1.074758881e-12
2.222297566e-13
0
0
0
0
0
1.747187346e-06
5.263720939e-07
1.275161671e-07
1.439411283e-08
1.678077126e-09
3.627023529e-10
1.202567694e-10
4.761956137e-11
1.947038963e-11
7.596955617e-12
2.620248882e-12
6.836546444e-13
5.331539802e-14
0
0
0
1.649648361e-06
5.785212034e-07
2.709924061e-07
7.75294671e-08
9.92886392e-09
1.647956044e-09
4.552264592e-10
1.651837937e-10
6.530675844e-11
2.55636947e-11
9.349845589e-12
2.989685013e-12
7.092629838e-13
4.360789033e-14
0
0
1.849812429e-06
4.195230745e-07
3.14080942e-07
2.069684602e-07
5.386864894e-08
7.370514932e-09
1.541963461e-09
4.852039082e-10
1.809397896e-10
6.923556583e-11
2.543099599e-11
8.551155638e-12
2.450456744e-12
4.844808003e-13
5.202439111e-15
0
4.290065005e-06
4.251613531e-07
3.190023711e-07
3.327129333e-07
1.983191284e-07
3.64521631e-08
5.643274216e-09
1.42486804e-09
4.752710976e-10
1.726652744e-10
6.185162775e-11
2.077132666e-11
6.247037788e-12
1.530203325e-12
2.102191655e-13
0
2.375916451e-05
1.613407687e-06
5.433372767e-07
5.204449188e-07
4.683251524e-07
1.692786845e-07
2.32208046e-08
4.274642479e-09
1.198493607e-09
3.981771213e-10
1.356425225e-10
4.429531755e-11
1.331015038e-11
3.478246125e-12
6.683845899e-13
2.470510294e-14
4.639703651e-05
3.396594245e-06
6.155280914e-07
6.31789145e-07
7.164008386e-07
4.791901314e-07
9.437765424e-08
1.276477577e-08
2.857485602e-09
8.426973358e-10
2.684873943e-10
8.407091391e-11
2.472491787e-11
6.553659361e-12
1.420413261e-12
1.613463672e-13
6.350980687e-05
5.654089999e-06
5.811911269e-07
5.954709188e-07
9.081077657e-07
8.873905978e-07
2.923518806e-07
4.107433039e-08
7.136603974e-09
1.763485055e-09
5.042007908e-10
1.471037404e-10
4.138060721e-11
1.082477842e-11
2.466518116e-12
3.847739163e-13
7.52038785e-05
7.792654102e-06
7.03051959e-07
5.014139968e-07
1.089166047e-06
1.351343674e-06
7.026041844e-07
1.118550762e-07
1.70526016e-08
3.458567898e-09
8.607480491e-10
2.29096729e-10
6.078062307e-11
1.551851244e-11
3.626008448e-12
6.559115966e-13
0.0001983525988
2.259615325e-05
2.125285372e-06
5.700206401e-07
1.398645085e-06
2.014851606e-06
1.385658594e-06
2.807616352e-07
3.892087847e-08
6.474997915e-09
1.335291545e-09
3.142463202e-10
7.777727538e-11
1.941960707e-11
4.657732683e-12
9.347226811e-13
0.0003666253396
4.726390683e-05
5.128804438e-06
7.832551179e-07
1.848626357e-06
2.980377065e-06
2.408595764e-06
7.059674512e-07
8.864224326e-08
1.25850264e-08
2.067942126e-09
4.121500697e-10
9.331880421e-11
2.276372915e-11
5.620678274e-12
1.229009156e-12
0.000504533837
7.384694955e-05
9.125660922e-06
1.210408083e-06
2.629039798e-06
4.398674553e-06
3.718844401e-06
1.481358861e-06
2.068627627e-07
2.55912396e-08
3.211347587e-09
5.16746251e-10
1.055398705e-10
2.529928643e-11
6.451325833e-12
1.510903399e-12
0.0005909760037
9.63552874e-05
1.330243936e-05
1.922040159e-06
4.48544047e-06
6.584614805e-06
5.228269122e-06
2.488889839e-06
4.566213675e-07
5.399098007e-08
5.098104475e-09
6.327821197e-10
1.162857256e-10
2.779817594e-11
7.313815097e-12
1.797153933e-12
0.0006222030888
0.0001074050321
1.558974659e-05
3.99520019e-06
8.942909634e-06
9.726092113e-06
6.814982957e-06
3.353776727e-06
8.836841273e-07
1.150647224e-07
9.126582334e-09
9.011421655e-10
1.486417803e-10
3.429766221e-11
8.935668405e-12
2.231268435e-12
0.0005325323465
8.806237479e-05
1.286578102e-05
1.261459459e-05
1.622278654e-05
1.332386101e-05
8.258717077e-06
4.026057889e-06
1.405671312e-06
2.77486896e-07
2.696239642e-08
2.305225164e-09
2.885510258e-10
5.408751142e-11
1.266233352e-11
3.046515769e-12
0.0001393211005
2.760814041e-05
2.553987849e-05
3.123754837e-05
2.526050244e-05
1.671948909e-05
9.569332251e-06
4.743529058e-06
1.971050437e-06
6.065246837e-07
1.078490188e-07
1.050381289e-08
9.435510242e-10
1.201215423e-10
2.197593631e-11
4.766898695e-12
0.0002062154156
0.0001104611616
7.2851993e-05
4.929981734e-05
3.18449257e-05
1.93031726e-05
1.082444111e-05
5.534576417e-06
2.536915568e-06
1.000983588e-06
2.969091486e-07
5.140565863e-08
4.95203098e-09
4.394364158e-10
5.400584745e-11
9.210548746e-12
0.0002210692956
0.0001389300699
8.879212133e-05
5.658238065e-05
3.522262181e-05
2.105758304e-05
1.1932413e-05
6.344143096e-06
3.127339976e-06
1.400571635e-06
5.44435824e-07
1.598637503e-07
2.732498579e-08
2.549056278e-09
2.160069443e-10
2.489541259e-11
0.0001937154378
0.0001320518199
8.790581004e-05
5.714362932e-05
3.606200828e-05
2.193676918e-05
1.278227502e-05
7.091627091e-06
3.715779954e-06
1.813333585e-06
8.041014034e-07
3.088777158e-07
8.937709954e-08
1.484850706e-08
1.309106545e-09
1.039130226e-10
0.0001634001361
0.0001169680958
8.086264786e-05
5.414145326e-05
3.510191227e-05
2.197231266e-05
1.324272598e-05
7.657440232e-06
4.223427108e-06
2.19954484e-06
1.063422198e-06
4.641497948e-07
1.741637529e-07
4.877411721e-08
7.675263657e-09
6.215616231e-10
0.0001348718352
9.997501428e-05
7.126964942e-05
4.908354329e-05
3.272019189e-05
2.110947866e-05
1.315350552e-05
7.897025019e-06
4.547515638e-06
2.492249271e-06
1.283850365e-06
6.098172825e-07
2.591445472e-07
9.363709785e-08
2.487948135e-08
3.615371761e-09
0.0001075675053
8.13093275e-05
)
;

boundaryField
{
    inletCH4
    {
        type            fixedValue;
        value           uniform 0;
    }
    wallOutside
    {
        type            zeroGradient;
    }
    wallTube
    {
        type            zeroGradient;
    }
    inletPilot
    {
        type            fixedValue;
        value           uniform 0;
    }
    inletAir
    {
        type            fixedValue;
        value           uniform 0;
    }
    outlet
    {
        type            zeroGradient;
    }
    axis
    {
        type            empty;
    }
    frontAndBack_pos
    {
        type            wedge;
    }
    frontAndBack_neg
    {
        type            wedge;
    }
    procBoundary3to1
    {
        type            processor;
        value           nonuniform List<scalar> 
22
(
0
0
0
0
0
0
0
0
0
0
2.94069893e-16
2.430932864e-14
7.438665114e-14
1.421766415e-13
2.181915698e-13
2.981624066e-13
4.058215209e-13
5.830015039e-13
9.319360666e-13
1.713129144e-12
3.783305987e-12
1.093039217e-11
)
;
    }
    procBoundary3to5
    {
        type            processor;
        value           nonuniform List<scalar> 
30
(
0.0001920446512
0.0001906103456
0.0001873386594
0.0001823325934
0.0001757631652
0.0001708981535
0.0001652722061
0.0001523956992
0.000136512739
0.0001191567946
0.0001016322143
4.50335177e-11
5.930603105e-05
4.221382926e-05
2.89747273e-05
1.924123953e-05
1.237752922e-05
7.690854437e-06
4.598251469e-06
2.628671721e-06
1.423059989e-06
7.193218826e-07
3.324663937e-07
1.359845661e-07
4.656893596e-08
2.608455217e-10
1.146088546e-08
8.292711023e-05
5.930603105e-05
6.434753592e-05
)
;
    }
}
)

// Processor4

8657
(dimensions      [0 0 0 0 0 0 0];

internalField   nonuniform List<scalar> 
862
(
4.03584011e-12
4.04745317e-12
4.065708508e-12
4.087193488e-12
4.113574984e-12
1.020584304e-12
1.024950984e-12
1.03186743e-12
1.040356275e-12
1.050833455e-12
2.344015241e-13
2.356938543e-13
2.37831552e-13
2.405534169e-13
2.439674013e-13
4.636871347e-14
4.680279469e-14
4.759911159e-14
4.859762138e-14
4.979598604e-14
7.762514808e-15
7.824532214e-15
7.925753881e-15
8.052130895e-15
8.209692978e-15
5.212171087e-16
5.316623646e-16
5.476090877e-16
5.638273571e-16
5.811376854e-16
0
0
0
0
0
0
0
0
0
0
0
0
0
0
0
3.788350476e-19
3.719940387e-19
5.242237118e-19
8.769977146e-19
1.433727607e-18
6.905065253e-17
6.910394821e-17
6.925070034e-17
6.949815466e-17
6.981700648e-17
2.321934318e-16
2.326313339e-16
2.335538109e-16
2.347541723e-16
2.358970485e-16
5.583402572e-16
5.566248586e-16
5.528836849e-16
5.468586971e-16
5.375885849e-16
6.448928042e-16
6.381650639e-16
6.290900683e-16
6.195744232e-16
6.086213278e-16
7.78679646e-16
7.740445325e-16
7.655522517e-16
7.546293877e-16
7.407792098e-16
7.897968949e-16
7.89641712e-16
7.930426326e-16
8.051266794e-16
8.201999614e-16
9.484044975e-16
9.446142455e-16
9.366453165e-16
9.24982711e-16
9.096834026e-16
7.788418382e-16
7.756442772e-16
7.687473509e-16
7.585728715e-16
7.454790915e-16
5.507831947e-16
5.502356348e-16
5.489837584e-16
5.470891761e-16
5.446506256e-16
4.759192178e-16
4.764768887e-16
4.775009574e-16
4.782107641e-16
4.767631715e-16
4.161741316e-12
1.066907977e-12
2.486854821e-13
5.121272518e-14
8.435816003e-15
6.258936943e-16
0
0
0
1.796060366e-18
6.993977885e-17
2.360561961e-16
5.270684938e-16
5.945255225e-16
7.240584686e-16
8.26581815e-16
8.967086002e-16
7.351881433e-16
5.429930382e-16
4.720672299e-16
4.361594056e-12
4.516787232e-12
4.523703855e-12
4.419682073e-12
4.235195589e-12
1.126505117e-12
1.175856127e-12
1.183748407e-12
1.160284015e-12
1.114212835e-12
2.64846753e-13
2.791685956e-13
2.831017715e-13
2.792766112e-13
2.695677672e-13
5.537670848e-14
5.933570691e-14
6.05592704e-14
5.978936759e-14
5.763202869e-14
9.229211852e-15
9.87825196e-15
1.01070199e-14
1.00099336e-14
9.800545212e-15
7.532505955e-16
9.010600254e-16
9.453876097e-16
9.064544429e-16
8.657580856e-16
0
0
0
0
0
0
0
0
0
0
0
0
0
0
0
2.0431213e-18
2.737562157e-18
3.59214594e-18
3.578149971e-18
3.063841347e-18
6.965564014e-17
6.916728724e-17
6.764404652e-17
6.352105636e-17
5.5167558e-17
2.346602841e-16
2.30892596e-16
2.228654272e-16
2.042971058e-16
1.578539345e-16
5.045217918e-16
4.43697726e-16
3.174357205e-16
2.398644338e-16
1.865100911e-16
5.554418541e-16
5.037415225e-16
4.557525389e-16
4.083129074e-16
3.597549795e-16
6.804929873e-16
6.23571023e-16
5.759896583e-16
5.415559253e-16
5.36936459e-16
8.241118995e-16
8.053243334e-16
7.877655423e-16
7.717021121e-16
7.295365126e-16
8.751638489e-16
8.37216038e-16
7.960303534e-16
7.514054411e-16
7.041801521e-16
7.199517436e-16
6.924995235e-16
6.627165115e-16
6.317487483e-16
6.001477255e-16
5.416630483e-16
5.369734404e-16
5.277692126e-16
5.120274064e-16
4.934848701e-16
4.628571531e-16
4.599327311e-16
4.591188515e-16
4.541017869e-16
4.504524863e-16
0
0
0
0
0
0
0
0
0
0
0
0
0
0
0
0
0
0
0
0
0
0
0
0
0
0
0
0
0
0
0
0
0
0
0
0
0
0
0
0
0
0
0
0
0
0
0
0
0
0
0
0
0
0
8.878465959e-16
0
0
0
0
0
0
0
0
0
0
0
0
0
0
0
0
0
0
0
0
0
0
0
0
0
0
0
3.96010325e-12
3.55302166e-12
3.077122705e-12
2.575015707e-12
2.080064416e-12
1.616769452e-12
1.202257017e-12
8.511836379e-13
5.774504534e-13
3.800760415e-13
2.354289249e-13
1.326199185e-13
6.963308372e-14
2.936690408e-14
0
0
1.737413168e-17
0
0
0
0
0
0
0
0
0
0
0
1.044335562e-12
9.400181462e-13
8.150153193e-13
6.803291805e-13
5.447489085e-13
4.139190658e-13
2.934447974e-13
1.932941783e-13
1.270545703e-13
8.15284132e-14
4.612803576e-14
2.089792811e-14
9.657550589e-15
2.586065387e-15
0
0
0
0
0
0
0
0
0
0
0
0
0
0
2.531644574e-13
2.27526925e-13
1.96642483e-13
1.628860973e-13
1.273891717e-13
9.136747117e-14
5.76509099e-14
3.225303104e-14
2.124058153e-14
1.336866206e-14
6.188589583e-15
2.203197608e-15
6.784654501e-16
0
0
0
0
0
0
0
0
0
0
0
0
0
0
0
5.414220421e-14
4.871105512e-14
4.194744203e-14
3.405424118e-14
2.525449201e-14
1.62421759e-14
8.38980498e-15
4.451070986e-15
2.855355336e-15
1.606197397e-15
5.968727143e-16
1.257117901e-16
0
0
0
0
0
0
0
0
0
0
0
0
0
0
0
0
9.357022208e-15
8.445359187e-15
7.133562568e-15
5.52465583e-15
3.906613886e-15
2.171259856e-15
8.956869467e-16
2.718728854e-16
1.010474593e-16
1.256096428e-17
1.052106569e-17
8.697310742e-19
0
0
0
0
0
0
0
0
0
0
0
0
0
0
0
0
8.007780864e-16
6.660442435e-16
5.192184686e-16
5.526863486e-16
3.866066219e-16
1.929997861e-16
6.239212109e-17
0
0
0
0
0
0
0
0
0
0
0
0
0
0
0
0
0
0
0
0
0
0
9.542152344e-18
3.976558749e-17
4.176778798e-17
2.693522857e-17
6.044996542e-18
0
0
0
0
0
0
0
0
0
0
0
0
0
0
0
0
0
0
0
0
0
0
0
1.259752982e-18
2.200625601e-18
1.696438628e-18
0
0
0
0
0
0
0
0
0
0
0
0
0
0
0
0
0
0
0
0
0
0
0
0
4.652618138e-21
8.239551007e-20
0
0
0
0
0
0
0
0
0
0
0
0
0
0
0
0
0
0
0
0
0
0
0
0
0
0
2.067014265e-18
3.286095252e-19
0
0
0
0
0
0
0
0
0
0
0
0
0
0
0
0
0
0
0
0
0
0
0
0
0
0
4.087754328e-17
1.912270814e-17
0
0
0
0
0
2.330952311e-19
6.012902651e-20
0
0
0
0
0
0
0
0
0
0
0
0
0
0
0
0
0
0
0
3.278869832e-17
0
0
0
0
2.749108493e-17
2.379721965e-17
1.490526836e-17
4.06413685e-18
1.330518801e-18
0
0
0
0
0
0
0
0
0
0
0
0
0
0
0
0
0
0
1.34373696e-16
8.70017503e-17
5.627370909e-17
7.336967755e-17
1.186289947e-16
8.505460556e-17
4.712156903e-17
1.139700145e-17
8.114294411e-18
4.903653993e-18
2.703067369e-19
0
0
0
0
0
0
0
0
0
0
0
0
0
0
0
0
0
3.063852041e-16
2.714712257e-16
3.072884156e-16
3.126970273e-16
2.628891615e-16
1.936089627e-16
1.132404954e-16
3.189215076e-17
7.037487702e-18
2.046868075e-19
5.618584404e-18
1.07066521e-19
1.417434552e-19
0
0
0
0
0
0
0
0
0
0
0
0
0
0
0
5.368625539e-16
5.246913111e-16
4.666395546e-16
3.921966947e-16
3.107556901e-16
2.200125129e-16
1.24105285e-16
6.744755704e-17
2.923540197e-17
4.062030206e-18
1.237274444e-18
2.274406665e-18
0
0
0
0
0
0
0
0
0
0
0
0
0
0
0
0
6.742454106e-16
6.078352767e-16
5.358331011e-16
4.588339246e-16
3.679097115e-16
2.641931041e-16
1.922677651e-16
1.341267697e-16
7.7054851e-17
2.142090634e-17
3.978621967e-18
9.892061038e-19
0
0
0
0
0
0
0
0
0
0
0
0
0
0
0
0
6.50005641e-16
5.896493238e-16
5.261483354e-16
4.482893224e-16
3.546408923e-16
2.868104442e-16
2.276093031e-16
1.655966028e-16
9.726664094e-17
3.411595399e-17
2.212590701e-17
7.823550647e-18
6.881195871e-20
0
0
0
0
0
0
0
0
0
0
0
0
0
0
0
5.624852966e-16
5.089726865e-16
4.432245194e-16
3.863344086e-16
3.373134085e-16
2.875372691e-16
2.292268829e-16
1.580747379e-16
7.620290503e-17
1.194589387e-17
7.556130117e-18
1.397501883e-18
0
0
0
0
0
0
0
0
0
0
0
0
0
0
0
0
4.581676088e-16
4.258652512e-16
4.001290847e-16
3.723518727e-16
3.363488156e-16
2.882362262e-16
2.25670641e-16
1.488040719e-16
6.993491582e-17
3.714118578e-17
1.338912149e-17
2.766348415e-18
0
0
0
0
0
0
0
0
0
0
0
0
0
0
0
0
4.442891954e-16
4.333837678e-16
4.144934869e-16
3.839568753e-16
3.389729527e-16
2.772961101e-16
1.978414777e-16
1.096347572e-16
5.789358856e-17
2.027408593e-17
3.425951576e-18
0
0
0
0
0
0
0
0
0
0
0
0
0
0
0
0
0
)
;

boundaryField
{
    inletCH4
    {
        type            fixedValue;
        value           nonuniform List<scalar> 0();
    }
    wallOutside
    {
        type            zeroGradient;
    }
    wallTube
    {
        type            zeroGradient;
    }
    inletPilot
    {
        type            fixedValue;
        value           nonuniform List<scalar> 0();
    }
    inletAir
    {
        type            fixedValue;
        value           nonuniform List<scalar> 0();
    }
    outlet
    {
        type            zeroGradient;
    }
    axis
    {
        type            empty;
    }
    frontAndBack_pos
    {
        type            wedge;
    }
    frontAndBack_neg
    {
        type            wedge;
    }
    procBoundary4to0
    {
        type            processor;
        value           uniform 0;
    }
    procBoundary4to2
    {
        type            processor;
        value           uniform 0;
    }
    procBoundary4to5
    {
        type            processor;
        value           nonuniform List<scalar> 
46
(
1.521203861e-11
1.525158867e-11
1.530484171e-11
1.536133512e-11
1.542661732e-11
1.557605405e-11
1.6243393e-11
1.671573392e-11
1.665785373e-11
1.620885735e-11
1.548156283e-11
0
0
0
0
0
0
0
0
0
0
0
1.059832232e-14
1.059832232e-14
1.165552079e-14
0
0
1.443330912e-11
1.292330097e-11
1.118237991e-11
9.366853138e-12
7.59360536e-12
5.946313556e-12
4.483629244e-12
3.229825266e-12
2.2559517e-12
1.513561785e-12
9.696495165e-13
5.77734561e-13
3.280966757e-13
1.60084247e-13
1.343687748e-14
1.415567478e-14
5.27388939e-15
0
0
)
;
    }
}
)

// Processor5

15370
(dimensions      [0 0 0 0 0 0 0];

internalField   nonuniform List<scalar> 
862
(
0.0001920446512
0.0001906103456
0.0001873386594
0.0001823325934
0.0001757631652
0.0001385011571
0.0001374983782
0.0001351847276
0.0001316539833
0.0001270486544
9.78096459e-05
9.713673435e-05
9.558144683e-05
9.320991069e-05
9.012380364e-05
6.807837686e-05
6.76403218e-05
6.662655352e-05
6.508006902e-05
6.306784401e-05
4.682101465e-05
4.654190717e-05
4.589476995e-05
4.490622135e-05
4.361853674e-05
3.175883713e-05
3.158443702e-05
3.11788567e-05
3.055782268e-05
2.974734192e-05
2.114116403e-05
2.103465862e-05
2.078567635e-05
2.040311541e-05
1.990269399e-05
1.37297227e-05
1.366649621e-05
1.351757911e-05
1.328773445e-05
1.298630421e-05
8.654782053e-06
8.618520431e-06
8.532242802e-06
8.398346595e-06
8.222270632e-06
5.277413498e-06
5.257413054e-06
5.209223862e-06
5.133951781e-06
5.034681119e-06
3.106411505e-06
3.095841985e-06
3.069970447e-06
3.029250813e-06
2.975382643e-06
1.762290219e-06
1.75695343e-06
1.743634329e-06
1.722482632e-06
1.694407468e-06
9.6175316e-07
9.591923773e-07
9.526386269e-07
9.421173823e-07
9.281006933e-07
5.037025532e-07
5.025431763e-07
4.994770101e-07
4.944877884e-07
4.878128376e-07
2.524802947e-07
2.51991368e-07
2.506375064e-07
2.483958001e-07
2.453815238e-07
1.207996175e-07
1.206108339e-07
1.200520949e-07
1.191051367e-07
1.17823736e-07
5.504124535e-08
5.497663771e-08
5.476391469e-08
5.439135913e-08
5.388300968e-08
2.384070351e-08
2.382238705e-08
2.374910917e-08
2.361427004e-08
2.342813198e-08
9.8039844e-09
9.800620472e-09
9.778588943e-09
9.734533302e-09
9.672631385e-09
3.824473421e-09
3.824854892e-09
3.819558416e-09
3.80701676e-09
3.788848131e-09
1.41433999e-09
1.415134379e-09
1.414444874e-09
1.411595588e-09
1.407183291e-09
4.954149452e-10
4.959300556e-10
4.961552265e-10
4.958183369e-10
4.951287976e-10
1.643719262e-10
1.646274322e-10
1.648653808e-10
1.649842582e-10
1.650539978e-10
5.156428633e-11
5.167146188e-11
5.179855068e-11
5.190983959e-11
5.202734465e-11
1.521203861e-11
1.525158867e-11
1.530484171e-11
1.536133512e-11
1.542661732e-11
0.0001708981535
0.0001236984401
8.79000464e-05
6.162645493e-05
4.270034717e-05
2.917255489e-05
1.955069891e-05
1.277680673e-05
8.1018724e-06
4.96820217e-06
2.940238807e-06
1.676680933e-06
9.196137148e-07
4.839880015e-07
2.437800944e-07
1.172134495e-07
5.367908908e-08
2.337347954e-08
9.664697641e-09
3.791697173e-09
1.41053497e-09
4.97153413e-10
1.660233491e-10
5.242725488e-11
1.557605405e-11
0.0001652722061
0.0001523956992
0.000136512739
0.0001191567946
0.0001016322143
0.0001199569472
0.0001111921654
0.0001002968727
8.833435551e-05
7.618807578e-05
8.549328222e-05
7.969699849e-05
7.239969933e-05
6.43200675e-05
5.604925e-05
6.011002191e-05
5.634951012e-05
5.154563629e-05
4.617197138e-05
4.061771664e-05
4.176243912e-05
3.935981879e-05
3.62399305e-05
3.270925486e-05
2.902083736e-05
2.86075919e-05
2.709873715e-05
2.510052783e-05
2.280936097e-05
2.038855817e-05
1.92236581e-05
1.829741292e-05
1.704017787e-05
1.55770813e-05
1.401292657e-05
1.259765697e-05
1.204568436e-05
1.127308432e-05
1.035891974e-05
9.369793579e-06
8.010587742e-06
7.693320536e-06
7.232286098e-06
6.676664294e-06
6.068049431e-06
4.92597086e-06
4.750969102e-06
4.485017783e-06
4.157989006e-06
3.795213855e-06
2.923336255e-06
2.831054452e-06
2.683153028e-06
2.497255251e-06
2.288327768e-06
1.671637119e-06
1.625305995e-06
1.546158546e-06
1.444270764e-06
1.328204034e-06
9.193854747e-07
8.973753293e-07
8.567078926e-07
8.029599621e-07
7.408676921e-07
4.852357661e-07
4.75441181e-07
4.554423472e-07
4.282221768e-07
3.963104849e-07
2.451241173e-07
2.411064987e-07
2.317334567e-07
2.185421095e-07
2.028335584e-07
1.18220042e-07
1.1674213e-07
1.125752979e-07
1.064797366e-07
9.909744113e-08
5.43132759e-08
5.385254562e-08
5.210405839e-08
4.942721735e-08
4.612484393e-08
2.372857122e-08
2.362606797e-08
2.293688974e-08
2.182292285e-08
2.042024877e-08
9.845531997e-09
9.845451616e-09
9.591615562e-09
9.153322015e-09
8.588689977e-09
3.876473566e-09
3.893699486e-09
3.806864808e-09
3.644122372e-09
3.429033793e-09
1.447383106e-09
1.46045312e-09
1.433110892e-09
1.376201967e-09
1.298798847e-09
5.120945076e-10
5.191907814e-10
5.114579687e-10
4.927755609e-10
4.664482244e-10
1.71685535e-10
1.749019426e-10
1.729453235e-10
1.67172194e-10
1.587122419e-10
5.443427629e-11
5.572207209e-11
5.530555609e-11
5.363633347e-11
5.107571729e-11
1.6243393e-11
1.671573392e-11
1.665785373e-11
1.620885735e-11
1.548156283e-11
4.50335177e-11
4.323713951e-12
4.260923929e-13
0
0
0
0
2.608455217e-10
1.743114354e-11
1.431259304e-12
5.405662297e-14
0
0
0
5.930603105e-05
4.221382926e-05
2.89747273e-05
1.924123953e-05
1.237752922e-05
7.690854437e-06
4.598251469e-06
2.628671721e-06
1.423059989e-06
7.193218826e-07
3.324663937e-07
1.359845661e-07
4.656893596e-08
1.146088546e-08
1.494184664e-09
9.704144894e-11
5.8391588e-12
3.414173542e-13
0
0
0
8.292711023e-05
6.434753592e-05
4.841412662e-05
3.531929326e-05
2.496518816e-05
1.707328166e-05
1.129174063e-05
7.22441784e-06
4.457984521e-06
2.638522252e-06
1.486183288e-06
7.879754959e-07
3.871986754e-07
1.723230289e-07
6.698237765e-08
2.137334148e-08
4.744885219e-09
5.35814737e-10
3.055818398e-11
1.558271e-12
1.471324139e-14
0
0
6.311750734e-05
4.992773445e-05
3.831779121e-05
2.8560413e-05
2.067988552e-05
1.453552947e-05
9.893090626e-06
6.506101944e-06
4.122423904e-06
2.511542563e-06
1.461208866e-06
8.046076697e-07
4.142529262e-07
1.959958777e-07
8.30422312e-08
3.023351857e-08
8.808509674e-09
1.704933823e-09
1.582614849e-10
7.573865115e-12
2.306516337e-13
0
0
4.706184688e-05
3.784419552e-05
2.956859578e-05
2.246759493e-05
1.660601213e-05
1.193152465e-05
8.320827032e-06
5.614062956e-06
3.651826108e-06
2.279666285e-06
1.361735216e-06
7.727278686e-07
4.124225492e-07
2.042050041e-07
9.196775795e-08
3.65749519e-08
1.224494001e-08
3.170177689e-09
5.120255415e-10
3.694770141e-11
1.33388505e-12
0
0
3.451745462e-05
2.815990521e-05
2.234939567e-05
1.726764587e-05
1.298803291e-05
9.503928218e-06
6.755688997e-06
4.653476241e-06
3.094201705e-06
1.977725231e-06
1.208664237e-06
7.023298219e-07
3.854190978e-07
1.974888229e-07
9.300464453e-08
3.935212744e-08
1.445597755e-08
4.365464743e-09
9.912363999e-10
1.313735256e-10
7.331587482e-12
1.224188924e-13
0
2.492439055e-05
2.058762221e-05
1.655742811e-05
1.297106497e-05
9.896765662e-06
7.348874998e-06
5.303328985e-06
3.711526737e-06
2.511146746e-06
1.635178911e-06
1.01987795e-06
6.055237606e-07
3.39499199e-07
1.78566283e-07
8.69629533e-08
3.850959119e-08
1.510888146e-08
5.034685654e-09
1.331968883e-09
2.528292455e-10
2.564670589e-11
9.201385282e-13
0
1.766962789e-05
1.474725238e-05
1.198953624e-05
9.49766102e-06
7.328995498e-06
5.504819811e-06
4.019103313e-06
2.84678302e-06
1.951064318e-06
1.289062434e-06
8.168515493e-07
4.936540013e-07
2.824478217e-07
1.514917533e-07
7.563929049e-08
3.463323668e-08
1.424207118e-08
5.099553513e-09
1.497987641e-09
3.217413525e-10
4.660241653e-11
3.053725437e-12
9.302031803e-15
1.223683105e-05
1.030010827e-05
8.44708656e-06
6.750428672e-06
5.255076609e-06
3.982047093e-06
2.933268189e-06
2.096622096e-06
1.450595184e-06
9.68385528e-07
6.211068608e-07
3.805403572e-07
2.212364324e-07
1.209849856e-07
6.157242851e-08
2.892058549e-08
1.232349105e-08
4.646200988e-09
1.477643651e-09
3.618217202e-10
6.63535717e-11
7.203294687e-12
2.258467934e-13
8.23477871e-06
6.980024475e-06
5.764508685e-06
4.638816769e-06
3.636157542e-06
2.774152784e-06
2.057464766e-06
1.480796081e-06
1.031851159e-06
6.940661899e-07
4.489457601e-07
2.778631806e-07
1.635084268e-07
9.078886202e-08
4.707949446e-08
2.256825242e-08
9.888231072e-09
3.877991581e-09
1.315486186e-09
3.490156763e-10
5.473630113e-11
6.385379705e-12
2.894144718e-13
5.362526884e-06
4.572196833e-06
3.797854033e-06
3.073510637e-06
2.422479096e-06
1.858157116e-06
1.385423343e-06
1.002385763e-06
7.02243299e-07
4.750276029e-07
3.091637838e-07
1.927393362e-07
1.144349851e-07
6.424750977e-08
3.381988835e-08
1.649648346e-08
7.387349587e-09
2.984359528e-09
1.051130572e-09
2.939670051e-10
4.854046612e-11
0
0
3.370433994e-06
2.888381802e-06
2.411013073e-06
1.960364557e-06
1.552059654e-06
1.195600433e-06
8.950835698e-07
6.50191826e-07
4.573077116e-07
3.106052293e-07
2.030493775e-07
1.272365237e-07
7.604411986e-08
4.30727725e-08
2.294022175e-08
1.137230268e-08
5.185722211e-09
2.148057558e-09
7.839727824e-10
2.37481385e-10
4.212675159e-11
0
0
2.041227541e-06
1.757184636e-06
1.473004266e-06
1.202431288e-06
9.554865519e-07
7.385363147e-07
5.546368118e-07
4.040745721e-07
2.850095735e-07
1.94137946e-07
1.273121621e-07
8.007499941e-08
4.808307081e-08
2.740877243e-08
1.47281792e-08
7.396242975e-09
3.429202292e-09
1.44747837e-09
5.398714815e-10
1.644882381e-10
2.883647489e-11
0
0
1.189547537e-06
1.028118916e-06
8.650097518e-07
7.084645282e-07
5.646391048e-07
4.375810245e-07
3.293826496e-07
2.404640202e-07
1.699338679e-07
1.159736811e-07
7.621378383e-08
4.806018233e-08
2.895955527e-08
1.659078891e-08
8.97992647e-09
4.55543006e-09
2.142912806e-09
9.188555502e-10
3.497552681e-10
1.085846541e-10
2.371539591e-11
0
0
6.659429078e-07
5.776071251e-07
4.875013149e-07
4.003763613e-07
3.198509117e-07
2.483700457e-07
1.872662097e-07
1.369016882e-07
9.686483807e-08
6.618531492e-08
4.355380232e-08
2.751410371e-08
1.662163695e-08
9.558206095e-09
5.202233383e-09
2.660735111e-09
1.266353559e-09
5.52100756e-10
2.120957039e-10
6.48134485e-11
1.075555278e-11
0
0
3.574132878e-07
3.109762271e-07
2.631741196e-07
2.166335292e-07
1.733873915e-07
1.348388946e-07
1.017827649e-07
7.447416567e-08
5.273126565e-08
3.605398617e-08
2.374497412e-08
1.501826357e-08
9.089751874e-09
5.242388841e-09
2.866356251e-09
1.475808674e-09
7.085939074e-10
3.128114533e-10
1.207699048e-10
3.680468623e-11
4.314435621e-12
0
0
1.834889109e-07
1.601013557e-07
1.358118244e-07
1.120098369e-07
8.978516589e-08
6.990265065e-08
5.280810057e-08
3.866042287e-08
2.738369153e-08
1.872939342e-08
1.23408998e-08
7.811719803e-09
4.73469582e-09
2.736987384e-09
1.501864715e-09
7.773106177e-10
3.758667152e-10
1.674517478e-10
6.434759116e-11
1.862319361e-11
1.422271382e-12
0
0
8.990889338e-08
7.865592668e-08
6.686593109e-08
5.524081349e-08
4.433694792e-08
3.455024763e-08
2.611661564e-08
1.912647608e-08
1.355018899e-08
9.269255447e-09
6.109236133e-09
3.869293814e-09
2.347711383e-09
1.359631499e-09
7.48262933e-10
3.88930493e-10
1.890656898e-10
8.421549489e-11
3.331409357e-11
8.25267604e-12
0
0
0
4.196809685e-08
3.680876707e-08
3.135508892e-08
2.594484395e-08
2.084815857e-08
1.625952495e-08
1.229684002e-08
9.008114557e-09
6.382630844e-09
4.366483359e-09
2.87839793e-09
1.823782639e-09
1.107501587e-09
6.422739957e-10
3.542397516e-10
1.845888333e-10
8.981622309e-11
3.962490546e-11
1.540716367e-11
2.378303233e-12
0
0
1.863340627e-08
1.638409031e-08
1.39847261e-08
1.158974472e-08
9.323771753e-09
7.277439078e-09
5.506421526e-09
4.035011673e-09
2.859376756e-09
1.956274454e-09
1.28977819e-09
8.174694858e-10
4.967240564e-10
2.883511524e-10
1.592889691e-10
8.313267421e-11
4.044255539e-11
1.768567572e-11
6.996934911e-12
1.962086441e-12
0
0
7.860089387e-09
6.929109402e-09
5.926534364e-09
4.919444755e-09
3.962428604e-09
3.095473057e-09
2.343593783e-09
1.717867078e-09
1.217531489e-09
8.330105647e-10
5.492804468e-10
3.482063284e-10
2.116746618e-10
1.229471979e-10
6.799183668e-11
3.551008274e-11
1.722191966e-11
7.353344545e-12
2.184951083e-12
5.715876811e-13
0
0
3.147604339e-09
2.78215383e-09
2.384650077e-09
1.982738326e-09
1.59905201e-09
1.250342775e-09
9.472553503e-10
6.946187689e-10
4.923764552e-10
3.368885636e-10
2.221427983e-10
1.408164621e-10
8.561011547e-11
4.971819396e-11
2.750103543e-11
1.434656224e-11
6.896336619e-12
2.778954123e-12
4.127926932e-13
3.566457573e-14
0
1.19589917e-09
1.059937964e-09
9.104996034e-10
7.583837829e-10
6.124675067e-10
4.793918175e-10
3.634277419e-10
2.665870831e-10
1.889508871e-10
1.292757609e-10
8.521113327e-11
5.397355777e-11
3.278338003e-11
1.90029929e-11
1.040274356e-11
5.416314105e-12
2.575458442e-12
1.009199602e-12
8.426727882e-14
1.787339119e-14
0
4.30844412e-10
3.829295171e-10
3.296908369e-10
2.751008451e-10
2.224717109e-10
1.743055436e-10
1.322157819e-10
9.69839002e-11
6.867081647e-11
4.695406868e-11
3.091288779e-11
1.952952926e-11
1.182114177e-11
6.799808909e-12
3.633796852e-12
1.875187922e-12
8.741326676e-13
3.362162815e-13
7.095592793e-14
1.059832232e-14
1.470701814e-10
1.310855961e-10
1.131190325e-10
9.455736516e-11
7.656433116e-11
6.002877067e-11
4.553462401e-11
3.336959379e-11
2.356910108e-11
1.608296845e-11
1.05511399e-11
6.615547707e-12
3.966836095e-12
2.232279892e-12
1.107247952e-12
5.586229456e-13
2.465346525e-13
8.278231915e-14
1.165552079e-14
4.747397372e-11
4.241871322e-11
3.666001466e-11
3.066963811e-11
2.486263201e-11
1.950668161e-11
1.478717074e-11
1.08094174e-11
7.606663846e-12
5.155462225e-12
3.35354649e-12
2.063011292e-12
1.211858077e-12
6.441719494e-13
2.423982832e-13
1.189997504e-13
4.786908943e-14
4.911209419e-15
0
1.443330912e-11
1.292330097e-11
1.118237991e-11
9.366853138e-12
7.59360536e-12
5.946313556e-12
4.483629244e-12
3.229825266e-12
2.2559517e-12
1.513561785e-12
9.696495165e-13
5.77734561e-13
3.280966757e-13
1.60084247e-13
1.343687748e-14
1.415567478e-14
5.27388939e-15
0
)
;

boundaryField
{
    inletCH4
    {
        type            fixedValue;
        value           nonuniform List<scalar> 0();
    }
    wallOutside
    {
        type            zeroGradient;
    }
    wallTube
    {
        type            zeroGradient;
    }
    inletPilot
    {
        type            fixedValue;
        value           nonuniform List<scalar> 0();
    }
    inletAir
    {
        type            fixedValue;
        value           nonuniform List<scalar> 0();
    }
    outlet
    {
        type            zeroGradient;
    }
    axis
    {
        type            empty;
    }
    frontAndBack_pos
    {
        type            wedge;
    }
    frontAndBack_neg
    {
        type            wedge;
    }
    procBoundary5to1
    {
        type            processor;
        value           nonuniform List<scalar> 7(1.093039217e-11 1.435415703e-12 1.150289337e-13 0 0 0 0);
    }
    procBoundary5to2
    {
        type            processor;
        value           uniform 0;
    }
    procBoundary5to3
    {
        type            processor;
        value           nonuniform List<scalar> 
30
(
0.0002609597121
0.000259139886
0.0002549062699
0.0002483412577
0.0002395775531
0.0002329529436
0.000225084143
0.0002068526423
0.0001841680468
0.0001592876964
0.0001342022337
6.215616231e-10
7.126964942e-05
4.908354329e-05
3.272019189e-05
2.110947866e-05
1.315350552e-05
7.897025019e-06
4.547515638e-06
2.492249271e-06
1.283850365e-06
6.098172825e-07
2.591445472e-07
9.363709785e-08
2.487948135e-08
3.615371761e-09
3.615371761e-09
0.0001075675053
8.13093275e-05
8.13093275e-05
)
;
    }
    procBoundary5to4
    {
        type            processor;
        value           nonuniform List<scalar> 
46
(
4.03584011e-12
4.04745317e-12
4.065708508e-12
4.087193488e-12
4.113574984e-12
4.161741316e-12
4.361594056e-12
4.516787232e-12
4.523703855e-12
4.419682073e-12
4.235195589e-12
0
0
0
0
0
0
0
0
0
0
0
0
8.878465959e-16
8.878465959e-16
0
0
3.96010325e-12
3.55302166e-12
3.077122705e-12
2.575015707e-12
2.080064416e-12
1.616769452e-12
1.202257017e-12
8.511836379e-13
5.774504534e-13
3.800760415e-13
2.354289249e-13
1.326199185e-13
6.963308372e-14
2.936690408e-14
0
0
1.737413168e-17
0
0
)
;
    }
}
)