/*--------------------------------*- C++ -*----------------------------------*\
  =========                 |
  \\      /  F ield         | OpenFOAM: The Open Source CFD Toolbox
   \\    /   O peration     | Website:  https://openfoam.org
    \\  /    A nd           | Version:  10
     \\/     M anipulation  |
\*---------------------------------------------------------------------------*/
FoamFile
{
    format      binary;
    class       decomposedBlockData;
    location    "/home/zhouyuchen/Desktop/FastChemistrySolver-OpenFOAM-10/EC-CCM/OpenFOAM-10/Sandia/processors6/0.02499901733/C2H5";
    object      C2H5;
}
// * * * * * * * * * * * * * * * * * * * * * * * * * * * * * * * * * * * * * //


// Processor0

6511
(/*--------------------------------*- C++ -*----------------------------------*\
  =========                 |
  \\      /  F ield         | OpenFOAM: The Open Source CFD Toolbox
   \\    /   O peration     | Website:  https://openfoam.org
    \\  /    A nd           | Version:  10
     \\/     M anipulation  |
\*---------------------------------------------------------------------------*/
FoamFile
{
    format      ascii;
    class       volScalarField;
    location    "0.02499901733";
    object      C2H5;
}
// * * * * * * * * * * * * * * * * * * * * * * * * * * * * * * * * * * * * * //

dimensions      [0 0 0 0 0 0 0];

internalField   nonuniform List<scalar> 
864
(
8.429680764e-12
5.692497848e-13
0
0
0
0
0
0
0
0
0
0
0
0
0
0
0
0
0
0
0
0
0
0
0
0
0
0
0
0
0
0
1.973349124e-11
5.747065261e-12
0
0
0
0
0
0
0
0
0
0
0
0
0
0
0
0
0
0
0
0
0
0
0
0
0
0
0
0
0
0
2.212769356e-11
8.721189222e-12
8.02583698e-13
0
0
0
0
0
0
0
0
0
0
0
0
0
0
0
0
0
0
0
0
0
0
0
0
0
0
0
0
0
4.16153547e-11
1.948520564e-11
5.501113428e-12
0
0
0
0
0
0
0
0
0
0
0
0
0
0
0
0
0
0
0
0
0
0
0
0
0
0
0
0
0
3.937099836e-11
2.249715532e-11
8.790536567e-12
9.137679693e-13
0
0
0
0
0
0
0
0
0
0
0
0
0
0
0
0
0
0
0
0
0
0
0
0
0
0
0
0
4.071719765e-11
3.609873486e-11
1.744680349e-11
5.00260824e-12
0
0
0
0
0
0
0
0
0
0
0
0
0
0
0
0
0
0
0
0
0
0
0
0
0
0
0
0
3.998137386e-11
3.934240738e-11
2.184589914e-11
8.31701429e-12
7.780996139e-13
0
0
0
0
0
0
0
0
0
0
0
0
0
0
0
0
0
0
0
0
0
0
0
0
0
0
0
2.941543715e-11
3.558527044e-11
2.335504873e-11
1.120654211e-11
2.651873806e-12
0
0
0
0
0
0
0
0
0
0
0
0
0
0
0
0
0
0
0
0
0
0
0
0
0
0
0
2.719463016e-11
4.009761457e-11
3.775429851e-11
2.037406711e-11
7.559167915e-12
6.157338172e-13
0
0
0
0
0
0
0
0
0
0
0
0
0
0
0
0
0
0
0
0
0
0
0
0
0
0
2.427488348e-11
3.866625928e-11
4.009427418e-11
2.484073734e-11
1.147175702e-11
2.65683499e-12
0
0
0
0
0
0
0
0
0
0
0
0
0
0
0
0
0
0
0
0
0
0
0
0
0
0
0
3.08760532e-11
4.453590419e-11
4.198595249e-11
2.247464406e-11
7.985083738e-12
5.5941781e-13
0
0
0
0
0
0
0
0
0
0
0
0
0
0
0
0
0
0
0
0
0
0
0
0
0
0
2.762031318e-11
4.264218665e-11
4.270382828e-11
2.52316591e-11
1.092242724e-11
2.185928757e-12
0
0
0
0
0
0
0
0
0
0
0
0
0
0
0
0
0
0
0
0
0
0
0
0
0
0
1.901389891e-11
3.423760396e-11
3.921329246e-11
2.716110948e-11
1.415526849e-11
4.258086929e-12
0
0
0
0
0
0
0
0
0
0
0
0
0
0
0
0
0
0
0
0
0
0
0
0
0
5.729257919e-13
0
2.843750241e-11
4.18834945e-11
3.976461564e-11
2.232157551e-11
9.097565384e-12
1.514059798e-12
0
0
0
0
0
0
0
0
0
0
0
0
0
0
0
0
0
0
0
0
0
0
0
0
5.361127813e-13
0
2.676388658e-11
4.165398997e-11
4.229266631e-11
2.628201482e-11
1.246816763e-11
3.331630173e-12
0
0
0
0
0
0
0
0
0
0
0
0
0
0
0
0
0
0
0
0
0
0
0
0
0
0
1.889897262e-11
3.541227786e-11
4.398829774e-11
4.122205431e-11
1.969343963e-11
6.412665821e-12
2.700742155e-13
0
0
0
0
0
0
0
0
0
0
0
0
0
0
0
0
0
0
0
0
0
0
0
6.659497609e-13
5.55429064e-14
0
2.902749472e-11
4.338898385e-11
4.240450924e-11
2.446782638e-11
1.056530864e-11
2.28619288e-12
0
0
0
0
0
0
0
0
0
0
0
0
0
0
0
0
0
0
0
0
0
0
0
1.562544319e-12
4.828916011e-13
0
2.732151163e-11
4.246425215e-11
4.325558608e-11
2.741929077e-11
1.353280322e-11
4.053671172e-12
0
0
0
0
0
0
0
0
0
0
0
0
0
0
0
0
0
0
0
0
0
0
0
1.325460316e-12
1.251361808e-13
0
2.231639155e-11
3.868493659e-11
4.651159869e-11
4.362341097e-11
2.167522804e-11
7.658671543e-12
7.359191145e-13
0
0
0
0
0
0
0
0
0
0
0
0
0
0
0
0
0
0
0
0
0
0
9.68171871e-13
1.855640694e-14
1.295688867e-13
0
3.022725475e-11
4.467358023e-11
4.375793559e-11
2.583837041e-11
1.165806495e-11
2.919970494e-12
0
0
0
0
0
0
0
0
0
0
0
0
0
0
0
0
0
0
0
0
0
0
8.685562983e-13
2.599200585e-13
0
0
2.841886629e-11
4.39460322e-11
4.462442904e-11
2.860647426e-11
1.446176303e-11
4.633004874e-12
3.575531584e-14
0
0
0
0
0
0
0
0
0
0
0
0
0
0
0
0
0
0
0
0
0
1.479117268e-12
1.497895122e-12
3.850971144e-13
0
2.495343219e-11
4.187003713e-11
4.901769763e-11
4.52771581e-11
2.283397136e-11
8.40879976e-12
1.114954265e-12
0
0
0
0
0
0
0
0
0
0
0
0
0
0
0
0
0
0
0
0
0
1.374481507e-12
1.403754231e-12
5.790315465e-13
8.537392995e-13
3.504960505e-12
3.196464736e-11
4.617842846e-11
4.485950033e-11
2.662569806e-11
1.220242898e-11
3.240361962e-12
0
0
0
0
0
0
0
0
0
0
0
0
0
0
0
0
0
0
0
0
0
8.308744838e-13
7.062760844e-13
0
0
0
2.928261087e-11
4.501112673e-11
4.540900167e-11
2.894720891e-11
1.46837445e-11
4.786798523e-12
7.67404746e-14
0
0
0
0
0
0
0
0
0
0
0
0
0
0
0
0
0
0
0
0
5.778881149e-13
3.100246646e-13
0
0
0
2.617804366e-11
4.220734394e-11
4.616299676e-11
3.627928158e-11
1.871252585e-11
6.743331772e-12
5.997520454e-13
0
0
0
0
0
0
0
0
0
0
0
0
0
0
0
0
0
0
0
0
6.868468861e-13
7.979175742e-13
4.558619712e-13
6.670688821e-15
0
1.950235874e-11
3.667009098e-11
4.59859542e-11
4.222918806e-11
2.387197553e-11
1.011990448e-11
2.151530638e-12
0
0
0
0
0
0
0
0
0
0
0
0
0
0
0
0
0
0
0
0
8.466909308e-13
1.232884021e-12
1.176838616e-12
2.333759626e-13
3.015407663e-13
2.418501514e-12
3.060184392e-11
4.553188871e-11
4.502451587e-11
2.78503076e-11
1.359208215e-11
4.138134004e-12
0
0
0
0
0
0
0
0
0
0
0
0
0
0
0
0
0
0
0
0
)
;

boundaryField
{
    inletCH4
    {
        type            fixedValue;
        value           nonuniform List<scalar> 0();
    }
    wallOutside
    {
        type            zeroGradient;
    }
    wallTube
    {
        type            zeroGradient;
    }
    inletPilot
    {
        type            fixedValue;
        value           nonuniform List<scalar> 0();
    }
    inletAir
    {
        type            fixedValue;
        value           nonuniform List<scalar> 0();
    }
    outlet
    {
        type            zeroGradient;
    }
    axis
    {
        type            empty;
    }
    frontAndBack_pos
    {
        type            wedge;
    }
    frontAndBack_neg
    {
        type            wedge;
    }
    procBoundary0to2
    {
        type            processor;
        value           nonuniform List<scalar> 
32
(
5.426472839e-12
0
0
0
0
0
0
0
0
0
0
0
0
0
0
0
0
0
0
0
0
0
0
0
0
0
0
0
0
0
0
0
)
;
    }
    procBoundary0to4
    {
        type            processor;
        value           nonuniform List<scalar> 
27
(
2.145039832e-11
3.939181488e-11
3.764184913e-11
4.206853348e-11
3.847688115e-11
2.889834477e-11
2.601124979e-11
9.45673029e-12
0
0
1.373430567e-12
8.382322526e-13
7.284253087e-13
1.663528012e-12
1.510832472e-12
8.782476451e-13
1.035510371e-12
1.552997363e-12
1.353656635e-12
9.53918232e-13
7.598969883e-13
9.913853291e-13
9.329381267e-13
6.975604363e-13
5.953996263e-13
5.91997539e-13
6.100460931e-13
)
;
    }
}


// ************************************************************************* //
)

// Processor1

1085
(dimensions      [0 0 0 0 0 0 0];

internalField   uniform 0;

boundaryField
{
    inletCH4
    {
        type            fixedValue;
        value           nonuniform List<scalar> 0();
    }
    wallOutside
    {
        type            zeroGradient;
    }
    wallTube
    {
        type            zeroGradient;
    }
    inletPilot
    {
        type            fixedValue;
        value           nonuniform List<scalar> 0();
    }
    inletAir
    {
        type            fixedValue;
        value           uniform 0;
    }
    outlet
    {
        type            zeroGradient;
    }
    axis
    {
        type            empty;
    }
    frontAndBack_pos
    {
        type            wedge;
    }
    frontAndBack_neg
    {
        type            wedge;
    }
    procBoundary1to2
    {
        type            processor;
        value           uniform 0;
    }
    procBoundary1to3
    {
        type            processor;
        value           uniform 0;
    }
    procBoundary1to5
    {
        type            processor;
        value           uniform 0;
    }
}
)

// Processor2

3522
(dimensions      [0 0 0 0 0 0 0];

internalField   nonuniform List<scalar> 
861
(
0
0
0
0
0
0
0
0
0
0
0
0
0
0
0
0
0
0
0
0
0
0
0
0
0
0
0
0
0
0
0
0
0
0
0
0
0
0
0
0
0
0
0
0
0
0
0
0
0
0
0
0
0
0
0
0
0
0
0
0
0
0
0
0
0
0
0
0
0
0
0
0
0
0
0
0
0
0
0
0
0
0
0
0
0
0
0
0
0
0
0
0
0
0
0
0
0
0
0
0
0
0
0
0
0
0
0
0
0
0
0
0
0
0
0
0
0
0
0
0
0
0
0
0
0
0
0
0
0
0
0
0
0
0
0
0
0
0
0
0
0
0
0
0
0
0
0
0
0
0
0
0
0
0
0
0
0
0
0
0
0
0
0
0
0
0
0
0
0
0
0
0
0
0
0
0
0
0
0
0
0
0
0
0
0
0
0
0
0
0
0
0
0
0
0
0
0
0
0
0
0
0
0
0
0
0
0
0
0
0
0
0
0
0
0
0
0
0
0
0
0
0
0
0
0
0
0
0
0
0
0
0
0
0
0
0
0
0
0
0
0
0
0
0
0
0
0
0
0
0
0
0
0
0
0
0
0
0
0
0
0
0
0
0
0
0
0
0
0
0
0
0
0
0
0
0
0
0
0
0
0
0
0
0
0
0
0
0
0
0
0
0
0
0
0
0
0
0
0
0
0
0
0
0
0
0
0
0
0
0
0
0
0
0
0
0
0
0
0
0
0
0
0
0
0
0
0
0
0
0
0
0
0
0
0
0
0
0
0
0
0
0
0
0
0
0
0
0
0
0
0
0
0
0
0
0
0
0
0
0
0
0
0
0
0
0
0
0
0
0
0
0
0
0
0
0
0
0
0
0
0
0
0
0
0
0
0
0
0
0
0
0
0
0
0
0
0
0
0
0
0
0
0
0
0
0
0
0
0
0
0
0
0
0
0
0
0
0
0
0
0
0
0
0
0
0
0
0
0
0
0
0
0
0
0
0
0
0
0
0
0
0
0
0
0
0
0
0
0
0
0
0
0
0
0
0
0
0
0
0
0
0
0
0
0
0
0
0
0
0
0
0
0
0
0
0
0
0
0
0
0
0
0
0
0
0
0
0
0
0
0
0
0
0
0
0
0
0
0
0
0
0
0
0
0
0
0
0
0
0
0
0
0
0
0
1.438980322e-12
0
0
0
0
0
0
0
0
0
0
0
0
0
0
0
0
0
0
0
0
0
0
0
0
0
0
0
0
0
0
0
0
0
0
0
0
4.636873307e-12
0
0
0
0
0
0
0
0
0
0
0
0
0
0
0
0
0
0
0
0
0
0
0
0
0
0
0
0
0
0
0
0
0
0
0
0
1.234935719e-11
2.354264388e-12
0
0
0
0
0
0
0
0
0
0
0
0
0
0
0
0
0
0
0
0
0
0
0
0
0
0
0
0
0
0
0
0
0
0
0
1.988566214e-11
8.085801627e-12
6.023510078e-14
0
0
0
0
0
0
0
0
0
0
0
0
0
0
0
0
0
0
0
0
0
0
0
0
0
0
0
0
0
0
0
0
0
0
2.855030795e-11
1.502622501e-11
4.138235648e-12
0
0
0
0
0
0
0
0
0
0
0
0
0
0
0
0
0
0
0
0
0
0
0
0
0
0
0
0
0
0
0
0
0
0
0
0
0
0
0
0
0
0
0
0
0
0
0
0
0
0
0
0
0
0
0
0
0
0
0
0
0
0
0
0
0
0
0
0
0
0
0
0
0
0
0
0
0
0
0
0
0
0
0
0
0
0
0
0
0
0
0
0
0
0
0
0
0
0
0
0
0
0
0
0
0
0
0
0
0
0
0
0
0
0
0
0
0
0
0
0
0
0
0
0
0
0
0
0
0
0
0
1.43402044e-13
0
0
0
0
0
0
0
0
0
0
0
0
0
0
0
0
0
0
0
0
0
0
0
0
0
0
0
0
0
0
0
5.426472839e-12
0
0
0
0
0
0
0
0
0
0
0
0
0
0
0
0
0
0
0
0
0
0
0
0
0
0
0
0
0
0
0
)
;

boundaryField
{
    inletCH4
    {
        type            fixedValue;
        value           nonuniform List<scalar> 0();
    }
    wallOutside
    {
        type            zeroGradient;
    }
    wallTube
    {
        type            zeroGradient;
    }
    inletPilot
    {
        type            fixedValue;
        value           nonuniform List<scalar> 0();
    }
    inletAir
    {
        type            fixedValue;
        value           nonuniform List<scalar> 0();
    }
    outlet
    {
        type            zeroGradient;
    }
    axis
    {
        type            empty;
    }
    frontAndBack_pos
    {
        type            wedge;
    }
    frontAndBack_neg
    {
        type            wedge;
    }
    procBoundary2to0
    {
        type            processor;
        value           nonuniform List<scalar> 
32
(
8.429680764e-12
5.692497848e-13
0
0
0
0
0
0
0
0
0
0
0
0
0
0
0
0
0
0
0
0
0
0
0
0
0
0
0
0
0
0
)
;
    }
    procBoundary2to1
    {
        type            processor;
        value           uniform 0;
    }
    procBoundary2to4
    {
        type            processor;
        value           nonuniform List<scalar> 10(3.75438854e-11 3.803591029e-11 1.549796544e-11 2.801300192e-12 2.801300192e-12 0 0 4.602172346e-12 7.634337787e-12 1.915981869e-11);
    }
    procBoundary2to5
    {
        type            processor;
        value           nonuniform List<scalar> 
16
(
0
0
0
0
0
0
0
0
0
0
1.735307591e-12
1.366475527e-11
1.605091819e-11
2.695346921e-11
3.006405699e-11
2.357444572e-11
)
;
    }
}
)

// Processor3

10058
(dimensions      [0 0 0 0 0 0 0];

internalField   nonuniform List<scalar> 
861
(
0
0
0
0
0
0
0
0
0
0
0
0
0
0
0
0
0
0
0
0
0
0
0
0
0
0
0
0
0
0
0
0
0
0
0
0
0
0
0
0
0
0
0
0
0
0
0
0
0
0
0
0
0
0
0
0
0
0
0
0
0
0
0
0
0
0
0
0
0
0
0
0
0
0
0
0
0
0
0
0
0
0
0
0
0
0
0
0
0
0
0
0
0
0
0
0
0
0
0
6.500862338e-11
0
2.298448397e-25
0
1.006196124e-24
1.074109217e-24
1.011658205e-25
8.246322598e-25
7.308397085e-25
9.712220215e-25
4.566122208e-25
1.976613814e-25
4.269784622e-25
3.186457802e-25
2.647893287e-25
1.4482975e-25
0
1.707007967e-25
4.819737517e-26
1.097891866e-26
0
0
4.476262807e-28
0
0
0
0
0
0
0
0
0
0
0
0
0
0
0
0
0
0
0
0
0
0
0
0
0
0
0
0
0
0
0
0
0
0
0
0
0
0
0
0
0
0
0
0
0
0
0
0
0
0
0
0
0
0
0
0
0
0
0
0
0
0
0
0
0
0
0
0
1.52588072e-12
0
0
0
0
1.893453924e-09
4.099196426e-10
5.699592534e-11
5.385207566e-13
0
0
0
2.101650004e-10
3.500569737e-09
5.843987234e-08
0
2.514928052e-11
7.008981357e-10
7.28093064e-09
7.984105719e-08
0
8.480697448e-11
1.223064875e-09
9.787894558e-09
7.040526128e-08
0
1.691215287e-10
1.554730902e-09
1.084283462e-08
5.7412035e-08
1.374878862e-11
2.6982864e-10
1.751682421e-09
1.112965161e-08
4.950351833e-08
4.330475597e-11
4.041204191e-10
2.103527695e-09
1.136397954e-08
4.764704701e-08
9.562342183e-11
5.924608185e-10
2.611926538e-09
1.188043422e-08
4.933717427e-08
1.689818688e-10
7.366069147e-10
3.18959224e-09
1.260063e-08
5.109092677e-08
2.280391273e-10
6.894252106e-10
3.680740423e-09
1.28633648e-08
4.939171681e-08
3.343767825e-10
9.816016087e-10
4.09382515e-09
1.307390937e-08
4.806272341e-08
5.20186419e-10
1.402439906e-09
4.527315184e-09
1.38110636e-08
4.96018022e-08
6.77854881e-10
1.78885093e-09
5.010487173e-09
1.501956437e-08
5.266901682e-08
9.184154294e-10
2.170720875e-09
5.500371402e-09
1.626453899e-08
5.511658004e-08
1.336202642e-09
2.568101125e-09
6.125659571e-09
1.794683811e-08
5.833935364e-08
1.83441386e-09
3.189321929e-09
7.006149596e-09
2.012831425e-08
6.203072494e-08
2.158223414e-09
3.730803376e-09
8.71189666e-09
2.553418195e-08
6.829217948e-08
3.021111399e-09
4.825281394e-09
1.10624368e-08
2.995111571e-08
8.09792849e-08
4.261596215e-09
6.454743355e-09
1.343652076e-08
3.968995667e-08
1.043143119e-07
7.031329991e-09
1.077740818e-08
2.302359772e-08
5.64257647e-08
1.412275324e-07
1.208704289e-08
1.714920874e-08
3.182950501e-08
6.595604519e-08
1.418085651e-07
1.978348428e-08
2.481659557e-08
3.759330628e-08
6.229458805e-08
1.071248164e-07
2.486903993e-08
2.804033474e-08
3.546943367e-08
4.802382184e-08
6.71769952e-08
2.030689383e-08
2.157403932e-08
2.427784491e-08
2.835040989e-08
3.36823834e-08
1.104997424e-08
1.132263913e-08
1.185515536e-08
1.253146679e-08
1.323379202e-08
4.53903973e-09
4.572250985e-09
4.598693423e-09
4.588681902e-09
4.559604556e-09
2.08649139e-07
3.126996167e-07
2.531167362e-07
1.910332788e-07
1.651526494e-07
1.643121154e-07
1.683728813e-07
1.634679275e-07
1.458151038e-07
1.33846337e-07
1.324880803e-07
1.349977977e-07
1.359898964e-07
1.377061319e-07
1.402494299e-07
1.475766843e-07
1.695949248e-07
2.131569561e-07
2.82345926e-07
2.504421288e-07
1.595361058e-07
8.576230946e-08
3.810538456e-08
1.381234177e-08
4.524076879e-09
5.587733823e-07
7.3827422e-08
3.189619902e-09
1.040309547e-10
8.613484758e-12
1.206178832e-06
1.355330287e-05
7.783778314e-07
2.463005553e-08
1.172074299e-09
8.497565993e-07
6.105523886e-06
6.042371268e-07
3.248841793e-08
4.43965172e-09
5.529262853e-07
3.010050488e-06
7.675903193e-07
6.273246024e-08
3.499915742e-09
5.032289237e-07
2.776541905e-06
9.982295245e-06
9.810462468e-07
6.877461643e-08
5.131023038e-07
3.084943165e-06
1.522439409e-05
1.90255932e-06
1.731137322e-07
5.089780601e-07
2.957821663e-06
1.38567297e-05
2.06031919e-06
2.347629646e-07
4.622899415e-07
2.40657927e-06
9.792863053e-06
1.689256717e-06
2.293208942e-07
3.89922494e-07
1.865663943e-06
6.849463655e-06
3.754931801e-06
5.467631663e-07
3.460655778e-07
1.607903597e-06
5.799233962e-06
7.804506907e-06
1.252147182e-06
3.335030502e-07
1.537545626e-06
5.477395629e-06
1.087408298e-05
1.937983155e-06
3.306188314e-07
1.459472501e-06
5.17162597e-06
1.228134709e-05
2.388325676e-06
3.26578849e-07
1.397594288e-06
4.626705598e-06
1.184509489e-05
2.871001893e-06
3.205129832e-07
1.314352636e-06
4.176589616e-06
1.089952558e-05
4.518253611e-06
3.169301973e-07
1.2375826e-06
3.897541523e-06
1.010724449e-05
6.450679499e-06
3.239657784e-07
1.201290381e-06
3.721266257e-06
9.457526173e-06
8.111395383e-06
3.612625199e-07
1.265870798e-06
3.736247115e-06
9.319881185e-06
8.670874096e-06
4.434393243e-07
1.48388694e-06
4.258136545e-06
1.014614551e-05
6.851007115e-06
5.804582089e-07
1.83568596e-06
5.124271414e-06
1.184907509e-05
3.397892437e-06
4.681711032e-07
1.258530507e-06
2.759232722e-06
5.274532242e-06
7.275376164e-06
2.573525809e-07
5.368190787e-07
9.86183183e-07
1.471186754e-06
1.686621682e-06
1.186547941e-07
1.884984029e-07
2.67576125e-07
3.197912777e-07
3.008461281e-07
4.604216661e-08
5.702428391e-08
6.298485419e-08
6.040093185e-08
4.875924275e-08
1.503343482e-08
1.561374078e-08
1.460079203e-08
1.222995672e-08
9.109626518e-09
4.615642702e-09
4.364729674e-09
3.770695935e-09
2.985682875e-09
2.170435992e-09
1.115262204e-12
1.514268109e-12
0
0
0
0
0
0
0
0
0
0
0
0
0
0
2.367309786e-11
4.044347031e-11
0
0
0
0
0
0
0
0
0
0
0
0
0
0
1.258883797e-10
2.679968919e-15
0
0
0
0
0
0
0
0
0
0
0
0
0
0
8.887752058e-10
5.998106935e-11
1.209324541e-11
0
0
0
0
0
0
0
0
0
0
0
0
0
5.462157515e-09
3.59016722e-10
8.00584426e-12
7.130692522e-12
0
0
0
0
0
0
0
0
0
0
0
0
1.203151207e-08
1.639762876e-09
2.06903503e-10
7.512237343e-11
5.511065058e-12
0
0
0
0
0
0
0
0
0
0
0
1.485729972e-08
4.303141799e-09
8.419195615e-10
8.833731799e-11
3.17842429e-11
1.314287548e-12
0
0
0
0
0
0
0
0
0
0
1.797103425e-08
5.066392305e-09
2.534148927e-09
3.649954622e-10
1.192955243e-10
2.384716134e-11
1.560652035e-13
0
0
0
0
0
0
0
0
0
4.932953576e-08
4.558772907e-09
5.735697684e-09
1.400984127e-09
1.627872504e-10
8.798876548e-11
8.131964119e-12
0
0
0
0
0
0
0
0
0
1.310413773e-07
9.969346649e-09
7.931589368e-09
4.064147285e-09
6.337701087e-10
6.364833351e-11
2.992254372e-11
1.924485489e-12
0
0
0
0
0
0
0
0
2.341473314e-07
2.072922047e-08
5.576254459e-09
1.09488693e-08
2.106234561e-09
2.469817013e-10
1.028043266e-10
1.189830851e-11
0
0
0
0
0
0
0
0
3.23858054e-07
3.326149017e-08
4.85899686e-09
2.373357421e-08
6.022303874e-09
7.768302893e-10
7.046306343e-11
3.085058889e-11
2.298169603e-12
0
0
0
0
0
0
0
4.298054325e-07
5.032242136e-08
7.360722482e-09
2.813365971e-08
1.50406805e-08
2.198174918e-09
2.272671108e-10
6.259687892e-11
6.459247793e-12
0
0
0
0
0
0
0
7.27564777e-07
9.456725851e-08
1.209455158e-08
1.827898468e-08
3.679476993e-08
5.790492445e-09
6.682571693e-10
1.589102928e-10
1.287293207e-11
2.029065425e-13
0
0
0
0
0
0
1.140682957e-06
1.665828593e-07
2.189859513e-08
1.341068389e-08
7.794418729e-08
1.229724181e-08
1.546732989e-09
3.437229915e-10
2.728917975e-11
9.275247535e-13
0
0
0
0
0
0
1.57010486e-06
2.540957171e-07
3.672095636e-08
1.705738191e-08
8.471499865e-08
1.650843243e-08
2.293060047e-09
3.134464801e-10
3.564094244e-11
1.377282371e-12
0
0
0
0
0
0
1.779637001e-06
3.096971614e-07
7.954300864e-08
2.615254628e-07
1.009821491e-07
1.552043704e-08
2.116219891e-09
2.780856356e-10
3.530654483e-11
9.98679485e-13
0
0
0
0
0
0
1.410072896e-06
2.40093197e-07
7.580420789e-08
3.31801449e-07
6.699064058e-08
9.579936875e-09
1.158263193e-09
7.739706983e-11
2.35678042e-11
1.8993158e-12
0
0
0
0
0
0
7.478011983e-07
2.806804187e-07
1.112784661e-06
1.955415229e-07
3.188685266e-08
4.076330788e-09
4.607891274e-10
8.758719009e-11
1.352709865e-11
1.068100257e-11
6.621988897e-13
0
0
0
0
0
6.648585946e-06
2.161776274e-06
4.463968492e-07
7.967985412e-08
1.15529189e-08
1.522674014e-09
2.180599718e-10
5.1894022e-11
1.426375906e-11
1.225266139e-11
8.419032837e-12
6.413032024e-13
0
0
0
0
1.249866025e-06
4.337707352e-07
1.072506113e-07
2.042399752e-08
3.364310796e-09
5.34219352e-10
7.946721654e-11
2.785123483e-11
1.126677356e-11
7.22142734e-12
1.282090483e-11
7.834374954e-12
5.640418e-13
0
0
0
1.958559139e-07
7.450800084e-08
2.079935976e-08
4.704944607e-09
9.576507261e-10
1.91243778e-10
3.850543974e-11
1.092269957e-11
3.754171184e-12
3.249918476e-12
8.411886348e-13
1.154822064e-11
7.671620346e-12
5.357220051e-13
0
0
3.02023515e-08
1.278383849e-08
4.19467728e-09
1.17945869e-09
3.136900016e-10
8.532756457e-11
2.696941494e-11
6.754603075e-12
3.493184117e-12
2.817919894e-12
1.654231996e-12
1.239169148e-12
1.186576843e-11
6.798391006e-12
8.166939073e-13
0
5.602453987e-09
2.641263963e-09
1.037087901e-09
3.671296974e-10
1.250872802e-10
3.991105301e-11
1.363628174e-11
4.693600446e-12
3.67610294e-12
3.533247903e-12
2.916581695e-12
1.64783397e-12
2.271896884e-12
1.348468653e-11
8.778779386e-12
1.642778759e-12
1.361797151e-09
7.049108191e-10
)
;

boundaryField
{
    inletCH4
    {
        type            fixedValue;
        value           uniform 0;
    }
    wallOutside
    {
        type            zeroGradient;
    }
    wallTube
    {
        type            zeroGradient;
    }
    inletPilot
    {
        type            fixedValue;
        value           uniform 0;
    }
    inletAir
    {
        type            fixedValue;
        value           uniform 0;
    }
    outlet
    {
        type            zeroGradient;
    }
    axis
    {
        type            empty;
    }
    frontAndBack_pos
    {
        type            wedge;
    }
    frontAndBack_neg
    {
        type            wedge;
    }
    procBoundary3to1
    {
        type            processor;
        value           uniform 0;
    }
    procBoundary3to5
    {
        type            processor;
        value           nonuniform List<scalar> 
30
(
1.643256171e-09
1.636591438e-09
1.614261005e-09
1.570289284e-09
1.507525085e-09
1.46266486e-09
1.43889512e-09
1.302861663e-09
1.093389456e-09
8.549493491e-10
6.26001523e-10
0
3.122772414e-10
1.356257841e-10
5.459754983e-11
2.205635466e-11
9.281752052e-12
1.636844885e-12
2.013233634e-12
2.576239347e-12
1.228382521e-12
2.189219255e-12
1.750695347e-12
3.352612329e-12
1.169887553e-11
0
4.8630794e-12
4.080774161e-10
3.122772414e-10
2.329382523e-10
)
;
    }
}
)

// Processor4

14809
(dimensions      [0 0 0 0 0 0 0];

internalField   nonuniform List<scalar> 
862
(
0
0
0
0
0
0
0
0
0
0
0
0
0
0
0
0
0
0
0
0
1.418974589e-14
1.408345935e-14
1.388805136e-14
1.354074289e-14
1.297807342e-14
1.309090274e-14
1.258606059e-14
1.150542851e-14
9.911385198e-15
7.901899603e-15
1.047667002e-14
9.96149444e-15
8.841454392e-15
7.126944134e-15
4.872911743e-15
7.569218554e-15
7.205277034e-15
6.488998717e-15
5.526013829e-15
4.284692602e-15
2.084217666e-14
2.047280539e-14
1.980412621e-14
1.908224877e-14
1.84731685e-14
5.25275883e-14
5.18518771e-14
5.043549209e-14
4.838174072e-14
4.575147216e-14
7.18725116e-14
7.102558016e-14
6.924862398e-14
6.669346638e-14
6.348602971e-14
8.912393446e-14
8.839455919e-14
8.686105733e-14
8.467051684e-14
8.202793096e-14
1.061461875e-13
1.054740883e-13
1.04080245e-13
1.021181904e-13
9.980245042e-14
1.146591324e-13
1.140397589e-13
1.128418348e-13
1.108810833e-13
1.078838066e-13
1.451878605e-13
1.440279147e-13
1.41539819e-13
1.378403114e-13
1.330110753e-13
1.958418925e-13
1.940044359e-13
1.90013548e-13
1.840758385e-13
1.769069663e-13
2.384412706e-13
2.362069778e-13
2.313904568e-13
2.242352287e-13
2.148220311e-13
2.388854251e-13
2.363257636e-13
2.307844757e-13
2.225578096e-13
2.118372289e-13
2.615485347e-13
2.592391306e-13
2.542481083e-13
2.468663926e-13
2.373487841e-13
3.520031794e-13
3.507531479e-13
3.48170482e-13
3.445519256e-13
3.402655988e-13
0
0
0
0
1.231902232e-14
6.762367956e-15
3.164548857e-15
3.142417608e-15
1.80463718e-14
4.350422416e-14
6.088164536e-14
8.007328831e-14
9.837690988e-14
1.052014111e-13
1.29100248e-13
1.713106037e-13
2.07014552e-13
2.031914606e-13
2.298074758e-13
3.370412115e-13
0
0
0
0
0
0
0
0
0
0
0
0
0
0
3.887441655e-16
1.181652005e-15
3.428013364e-15
3.981286617e-15
3.945709472e-15
2.567737522e-15
1.080118078e-14
7.964900795e-15
4.585248765e-15
1.094311868e-15
4.860506909e-16
5.028325206e-15
2.80067519e-15
8.001637461e-16
6.552081087e-16
7.32456613e-16
9.607878018e-16
5.019619206e-16
6.654812413e-16
7.448803639e-16
6.899156292e-16
1.266911303e-15
1.807165588e-16
2.305633989e-16
4.399499995e-16
2.703519977e-16
1.684239914e-14
1.466745682e-14
1.343834718e-14
1.098761731e-14
7.537114574e-15
3.937806006e-14
3.26490888e-14
2.563302528e-14
1.849109459e-14
1.186639751e-14
5.635214733e-14
4.923962408e-14
4.229166681e-14
3.626128256e-14
3.262253291e-14
7.681190934e-14
7.249717364e-14
6.915497148e-14
6.947792893e-14
7.589316866e-14
9.684142905e-14
9.688874958e-14
8.316242626e-14
7.491587563e-14
6.901473761e-14
1.006833141e-13
9.286337035e-14
8.436510322e-14
7.618334197e-14
6.874256114e-14
1.226298053e-13
1.116605931e-13
1.000591154e-13
8.798804309e-14
7.562657425e-14
1.622426197e-13
1.461926651e-13
1.292497157e-13
1.127673456e-13
9.481767625e-14
1.949781436e-13
1.736668764e-13
1.505167943e-13
1.252927024e-13
9.951490993e-14
1.90294792e-13
1.675104922e-13
1.434563974e-13
1.194604167e-13
9.757797326e-14
2.187224238e-13
2.002248121e-13
1.798030837e-13
1.648557757e-13
1.535649132e-13
3.308105172e-13
3.218500175e-13
3.143971853e-13
3.080446615e-13
3.026023098e-13
3.75438854e-11
3.803591029e-11
1.549796544e-11
2.801300192e-12
2.630014993e-11
3.301960975e-11
1.862296184e-11
6.268307612e-12
0
2.634990944e-11
4.02299842e-11
3.904136933e-11
1.834133728e-11
4.602172346e-12
4.206484622e-12
4.386961289e-12
2.85036669e-11
3.502922223e-11
2.065100615e-11
7.634337787e-12
1.799499538e-12
0
2.691866265e-11
4.072230002e-11
3.870002312e-11
1.915981869e-11
5.338431612e-13
0
1.077200207e-11
3.048090715e-11
3.57136036e-11
2.145039832e-11
1.946920995e-12
2.30269853e-12
1.548037037e-12
0
2.764319974e-11
4.139098988e-11
3.939181488e-11
1.224614488e-12
1.478353644e-12
4.411551167e-13
0
2.153673669e-11
3.555541666e-11
3.764184913e-11
4.44706925e-13
1.232796844e-12
1.746079441e-12
1.292656001e-12
1.52325964e-12
0
2.850005238e-11
4.206853348e-11
5.240144755e-13
8.07507559e-13
1.29024527e-12
1.767880652e-12
2.106134548e-12
1.55993898e-12
0
2.423433997e-11
3.847688115e-11
1.189572381e-12
1.283348803e-12
1.457620947e-12
2.079854662e-12
2.440214244e-12
1.648063736e-12
1.077809571e-12
0
2.889834477e-11
8.818696958e-13
1.20235697e-12
1.108048352e-12
1.222516184e-12
1.841152272e-12
2.385738293e-12
2.612024057e-12
2.093184546e-12
0
2.601124979e-11
0
0
1.861523431e-15
0
1.399450872e-16
4.942438428e-16
4.698417545e-16
3.044376275e-15
1.236458708e-14
3.244965672e-14
5.915315803e-14
9.671181028e-14
1.691355679e-13
2.498516131e-13
3.342751955e-13
3.716402328e-13
4.07549088e-13
3.982811748e-13
4.100876856e-13
4.193658177e-13
3.998091782e-13
5.356764041e-13
9.788940954e-13
1.418254123e-12
1.711941598e-12
1.040754935e-12
0
9.45673029e-12
0
0
0
1.857262526e-16
7.472662624e-16
6.185847128e-16
1.298035896e-16
3.542519702e-15
1.69169681e-14
4.182515286e-14
6.854932202e-14
1.0111143e-13
1.583128837e-13
2.107669028e-13
2.550341802e-13
2.636156807e-13
2.60483125e-13
2.040350843e-13
1.39573474e-13
8.765740079e-14
5.239490942e-14
2.377722054e-13
5.221400256e-13
1.274483659e-12
1.697788854e-12
9.405520489e-13
4.643354366e-13
0
5.238183649e-16
0
1.622540214e-16
6.670027323e-16
7.405358539e-16
6.770690535e-16
1.623917867e-15
9.172710409e-15
2.443296846e-14
4.277567126e-14
6.008431708e-14
8.258123617e-14
1.260595507e-13
1.6333046e-13
1.929779041e-13
1.913368463e-13
1.828636729e-13
1.277137783e-13
5.504035569e-14
8.974168633e-15
0
1.366885556e-13
3.785977448e-13
1.050724495e-12
1.588279035e-12
2.046731763e-12
1.318339459e-12
0
4.579243459e-16
5.832602063e-16
6.558866819e-16
6.406778389e-16
5.26555356e-16
1.031346248e-16
3.987577561e-15
1.456872688e-14
2.754542011e-14
4.070196075e-14
5.373034627e-14
7.768573068e-14
1.072636413e-13
1.275153669e-13
1.453634244e-13
1.400381677e-13
1.386816089e-13
1.054437518e-13
4.935074534e-14
3.948233466e-14
1.538093981e-14
1.397668349e-13
3.13711793e-13
9.267217656e-13
1.425349552e-12
2.053408477e-12
2.040987177e-12
1.373430567e-12
6.681785445e-16
7.127052832e-16
6.551606312e-16
4.752233212e-16
0
8.98032465e-16
4.699770814e-15
1.277923059e-14
2.1262363e-14
2.830261651e-14
3.475242509e-14
5.586161222e-14
7.525962728e-14
8.390072474e-14
9.204589026e-14
8.001474579e-14
7.713936126e-14
4.950083783e-14
2.805333872e-15
9.548150922e-15
1.007562594e-13
1.118786068e-13
2.434234983e-13
6.394606269e-13
1.271853485e-12
1.753076195e-12
1.136358597e-12
8.382322526e-13
7.281038536e-16
6.574971364e-16
4.531001945e-16
0
0
1.118320454e-15
6.747637428e-15
1.211193261e-14
1.665156132e-14
2.055094853e-14
2.586096375e-14
3.858031802e-14
4.912845268e-14
4.971205216e-14
3.395691302e-14
4.340861883e-14
4.070863412e-14
2.497102872e-14
0
2.618033094e-16
4.090869066e-14
9.466849113e-15
6.605905299e-14
2.380815483e-13
8.356745837e-13
1.293082489e-12
1.852785291e-12
7.284253087e-13
5.608850349e-16
4.049793688e-16
0
0
2.649183565e-16
2.537921535e-15
6.412624305e-15
9.915877077e-15
1.301692253e-14
1.798277013e-14
2.261975854e-14
3.2850627e-14
3.867235991e-14
3.691943729e-14
2.467308637e-14
3.158384763e-14
2.873791251e-14
1.725186821e-14
0
0
3.145278856e-14
0
1.065578065e-14
1.490973339e-13
7.176898355e-13
1.133916762e-12
1.682520238e-12
1.663528012e-12
7.207011768e-16
1.269986721e-16
0
0
5.787981159e-16
4.829346302e-15
9.503182099e-15
1.464995769e-14
2.018709369e-14
2.711954159e-14
3.526926592e-14
4.519586413e-14
5.267830091e-14
5.582665112e-14
5.441831718e-14
5.136755026e-14
4.159190637e-14
2.336487705e-14
0
0
3.022045714e-14
0
4.139775713e-15
1.282922237e-13
5.945144706e-13
1.113615588e-12
1.629858864e-12
1.510832472e-12
3.430515549e-15
1.080083682e-16
1.145236713e-16
2.487558793e-15
1.502526292e-14
1.342837586e-14
2.141023149e-14
3.209996532e-14
4.833919889e-14
6.03877165e-14
7.810397209e-14
9.542439793e-14
1.11960993e-13
1.257812558e-13
1.329522283e-13
1.266160334e-13
1.073507125e-13
6.837614904e-14
4.217168757e-15
5.845336578e-16
3.311913086e-14
0
1.143823679e-14
9.474678351e-14
3.813061143e-13
8.088794536e-13
1.081259864e-12
8.782476451e-13
6.433952501e-15
5.58336075e-15
8.026559494e-15
1.452566385e-14
2.31708333e-14
3.503955672e-14
5.150430163e-14
7.419881054e-14
1.001116298e-13
1.245535903e-13
1.553928969e-13
1.900441077e-13
2.257672815e-13
2.552277443e-13
2.647726965e-13
2.681450178e-13
2.503960619e-13
2.034632779e-13
1.186445331e-13
8.155747707e-14
1.180991579e-13
5.532384115e-14
5.761467763e-14
7.715542928e-14
1.744763205e-13
6.304754558e-13
8.237337591e-13
1.035510371e-12
3.153630391e-14
4.124648598e-14
3.53794489e-14
3.990731769e-14
5.118664603e-14
6.881630329e-14
9.441105415e-14
1.242102133e-13
1.533126449e-13
1.952973609e-13
2.421602574e-13
2.933869947e-13
3.470103086e-13
4.121891616e-13
4.161408001e-13
4.204074787e-13
4.029199796e-13
3.549875331e-13
2.664661823e-13
2.250870799e-13
2.607929815e-13
2.170556239e-13
1.610781364e-13
1.442051144e-13
2.201753902e-13
7.122021516e-13
1.049406273e-12
1.552997363e-12
6.146583267e-14
5.575521218e-14
5.598693185e-14
6.244172156e-14
7.594401151e-14
9.862728119e-14
1.276239856e-13
1.613513645e-13
1.96469596e-13
2.430573932e-13
2.976593699e-13
3.577557247e-13
4.194952271e-13
4.75026865e-13
4.963232039e-13
4.985307431e-13
4.775907963e-13
4.275561165e-13
3.393276757e-13
3.003865611e-13
3.402352022e-13
3.339006113e-13
2.197207517e-13
1.772510047e-13
2.265707482e-13
6.798418142e-13
9.517755574e-13
1.353656635e-12
6.320475532e-14
6.000818735e-14
6.10003591e-14
6.690430178e-14
8.243389486e-14
1.021277938e-13
1.251488016e-13
1.501605644e-13
1.876255278e-13
2.318109051e-13
2.809893503e-13
3.331160426e-13
3.844994093e-13
4.28197421e-13
4.478617474e-13
4.508085917e-13
4.325868723e-13
3.879791555e-13
3.115150531e-13
2.890652841e-13
3.495703984e-13
3.611151167e-13
2.359291713e-13
1.744065538e-13
1.818517207e-13
4.788782775e-13
7.406061064e-13
9.53918232e-13
6.173202078e-14
5.640162573e-14
5.460036562e-14
5.897687194e-14
6.677603115e-14
7.659306936e-14
8.704732375e-14
1.127990079e-13
1.436441184e-13
1.792722692e-13
2.189820901e-13
2.60691661e-13
2.945124082e-13
3.223808657e-13
3.358413513e-13
3.363047596e-13
3.212988634e-13
2.860688533e-13
2.260837037e-13
2.262657855e-13
3.141275276e-13
3.527568203e-13
2.326988186e-13
1.688630217e-13
1.521078194e-13
3.178491892e-13
6.299484946e-13
7.598969883e-13
6.398005196e-14
5.378320056e-14
4.455233495e-14
3.950199036e-14
3.8399709e-14
3.784869551e-14
5.098976409e-14
6.814235613e-14
8.894676934e-14
1.128429798e-13
1.392462447e-13
1.679314114e-13
1.96474417e-13
2.051673889e-13
2.115313563e-13
2.108616369e-13
1.992215034e-13
1.70715512e-13
1.313803036e-13
1.576791355e-13
2.761349345e-13
3.429105108e-13
2.405519755e-13
1.784991618e-13
1.355520549e-13
1.660087839e-13
6.722669797e-13
9.913853291e-13
7.537062515e-14
5.592099471e-14
3.842669661e-14
2.569979964e-14
1.620862628e-14
1.92557502e-14
2.49624774e-14
3.317163845e-14
4.331889594e-14
5.479052017e-14
6.739992142e-14
7.750604384e-14
9.641533976e-14
1.057154226e-13
1.116895635e-13
1.128923088e-13
1.065923516e-13
8.719944602e-14
6.390001211e-14
1.114539104e-13
2.570333407e-13
3.358512026e-13
2.466465618e-13
1.936917265e-13
1.592216721e-13
2.058701485e-13
6.629186971e-13
9.329381267e-13
7.242764834e-14
4.707373813e-14
2.819769206e-14
1.406581834e-14
1.183681671e-14
1.132701416e-14
1.256439508e-14
1.513689767e-14
1.818341312e-14
2.104393585e-14
2.322766448e-14
2.53210425e-14
3.334292545e-14
4.3125257e-14
5.113838293e-14
5.500797912e-14
5.223913152e-14
3.801717573e-14
2.266168677e-14
7.971731099e-14
2.342520594e-13
3.187031565e-13
2.346597263e-13
1.848777058e-13
1.496955616e-13
1.845662697e-13
5.849304747e-13
6.975604363e-13
7.637928959e-14
5.591525795e-14
4.663886078e-14
4.044375876e-14
3.716224805e-14
3.652395277e-14
3.724358358e-14
3.796982324e-14
3.790537855e-14
3.649434267e-14
3.299315829e-14
4.002493357e-14
4.358022874e-14
4.802271432e-14
5.125324642e-14
4.98256215e-14
3.895731843e-14
1.309845118e-14
8.833282298e-15
9.115035282e-14
2.206610307e-13
2.907944572e-13
1.987307237e-13
1.492839837e-13
1.183245625e-13
1.468853008e-13
4.966288706e-13
5.953996263e-13
1.452408411e-13
1.381570279e-13
1.336805696e-13
1.321732839e-13
1.326536743e-13
1.334729265e-13
1.327026806e-13
1.285166307e-13
1.191743715e-13
1.013199037e-13
9.623192914e-14
1.009553388e-13
1.082162423e-13
1.133052513e-13
1.127140172e-13
1.028774529e-13
7.889735645e-14
3.463237821e-14
2.420779808e-14
1.03147366e-13
2.089038475e-13
2.567220587e-13
1.455848962e-13
1.032677301e-13
8.184368696e-14
1.034921005e-13
3.542288593e-13
5.91997539e-13
2.978457887e-13
2.948863002e-13
2.932522574e-13
2.914236968e-13
2.874031622e-13
2.788951466e-13
2.636930809e-13
2.402421606e-13
2.060559129e-13
1.691467637e-13
1.849543157e-13
1.938215353e-13
2.034552586e-13
2.069592508e-13
1.997104215e-13
1.777174717e-13
1.374311598e-13
7.762691568e-14
5.656386211e-14
1.37336987e-13
2.101740264e-13
2.368231958e-13
1.13868511e-13
6.963190001e-14
5.064600237e-14
6.738073997e-14
2.61767908e-13
6.100460931e-13
)
;

boundaryField
{
    inletCH4
    {
        type            fixedValue;
        value           nonuniform List<scalar> 0();
    }
    wallOutside
    {
        type            zeroGradient;
    }
    wallTube
    {
        type            zeroGradient;
    }
    inletPilot
    {
        type            fixedValue;
        value           nonuniform List<scalar> 0();
    }
    inletAir
    {
        type            fixedValue;
        value           nonuniform List<scalar> 0();
    }
    outlet
    {
        type            zeroGradient;
    }
    axis
    {
        type            empty;
    }
    frontAndBack_pos
    {
        type            wedge;
    }
    frontAndBack_neg
    {
        type            wedge;
    }
    procBoundary4to0
    {
        type            processor;
        value           nonuniform List<scalar> 
27
(
8.429680764e-12
1.973349124e-11
2.212769356e-11
4.16153547e-11
3.937099836e-11
4.071719765e-11
3.998137386e-11
2.941543715e-11
2.719463016e-11
2.427488348e-11
0
0
0
5.729257919e-13
5.361127813e-13
0
6.659497609e-13
1.562544319e-12
1.325460316e-12
9.68171871e-13
8.685562983e-13
1.479117268e-12
1.374481507e-12
8.308744838e-13
5.778881149e-13
6.868468861e-13
8.466909308e-13
)
;
    }
    procBoundary4to2
    {
        type            processor;
        value           nonuniform List<scalar> 10(2.855030795e-11 1.502622501e-11 4.138235648e-12 0 0 0 0 0 1.43402044e-13 5.426472839e-12);
    }
    procBoundary4to5
    {
        type            processor;
        value           nonuniform List<scalar> 
46
(
0
0
0
0
0
0
0
0
0
0
0
2.437615407e-11
0
0
0
3.329197462e-12
3.042734953e-12
1.957386582e-12
1.957386582e-12
1.569992596e-12
6.47780734e-13
6.47780734e-13
9.200787469e-14
9.200787469e-14
4.527655079e-13
9.306746349e-13
9.306746349e-13
0
0
0
1.541900662e-15
8.589881837e-17
0
0
0
2.952618055e-15
1.313815702e-14
2.856182401e-14
4.699559296e-14
1.386664222e-13
2.387394379e-13
3.551824468e-13
4.464621133e-13
5.642567924e-13
6.832477022e-13
6.832477022e-13
)
;
    }
}
)

// Processor5

13340
(dimensions      [0 0 0 0 0 0 0];

internalField   nonuniform List<scalar> 
862
(
1.643256171e-09
1.636591438e-09
1.614261005e-09
1.570289284e-09
1.507525085e-09
6.216965697e-10
6.164804348e-10
6.028027168e-10
5.803324225e-10
5.497889108e-10
2.419899337e-10
2.393229748e-10
2.328077449e-10
2.227561569e-10
2.09894403e-10
9.453818444e-11
9.361059266e-11
9.192974088e-11
8.826218804e-11
8.361798116e-11
3.685731287e-11
3.607865995e-11
3.516796971e-11
3.415378803e-11
3.234493043e-11
1.403425596e-11
1.408087311e-11
1.427246864e-11
1.387685806e-11
1.324017645e-11
6.271856754e-12
6.223216592e-12
6.108609489e-12
5.923164703e-12
5.678674479e-12
2.98104271e-12
2.963984214e-12
2.925769912e-12
2.86891771e-12
2.799232851e-12
1.736745687e-12
1.734180543e-12
1.727684251e-12
1.716370834e-12
1.694144175e-12
1.293567432e-12
1.296343374e-12
1.302050424e-12
1.309987912e-12
1.319191638e-12
1.071150542e-12
1.078355952e-12
1.094410875e-12
1.119538319e-12
1.153207128e-12
9.089996518e-13
9.158043219e-13
9.304659894e-13
9.52199207e-13
9.804413e-13
6.546252223e-13
6.608133546e-13
6.739649572e-13
6.931432424e-13
7.176653786e-13
4.181470083e-13
4.222037919e-13
4.306755526e-13
4.426720395e-13
4.56996941e-13
2.164168398e-13
2.188746754e-13
2.227347077e-13
2.246367026e-13
2.243825519e-13
5.492439559e-14
5.160910227e-14
4.597711179e-14
3.679730058e-14
2.860087707e-14
0
0
0
0
0
2.119364456e-14
2.095521889e-14
2.044768899e-14
1.97575734e-14
1.895943904e-14
3.757358305e-15
3.440641819e-15
2.591023849e-15
2.505804022e-15
1.601926236e-15
0
0
0
0
0
0
0
0
0
0
0
0
0
0
0
2.028121092e-14
1.925078223e-14
1.72648938e-14
1.4597398e-14
1.153089939e-14
5.759961209e-15
5.660969596e-15
5.468128448e-15
5.156393683e-15
4.527449939e-15
0
0
0
0
0
1.46266486e-09
5.290616375e-10
2.014126788e-10
8.058888974e-11
3.102170101e-11
1.275663967e-11
5.506641003e-12
2.744357835e-12
1.698327914e-12
1.331598044e-12
1.181440559e-12
1.003437589e-12
7.378928615e-13
4.690224453e-13
2.221850646e-13
2.16436871e-14
0
1.799316382e-14
0
0
0
0
9.486701319e-15
3.921476969e-15
0
1.43889512e-09
1.302861663e-09
1.093389456e-09
8.549493491e-10
6.26001523e-10
5.126412969e-10
4.579696728e-10
3.836880866e-10
3.029873661e-10
2.292687826e-10
1.93949681e-10
1.738525456e-10
1.444208931e-10
1.10928515e-10
8.788473131e-11
7.794496659e-11
7.147982718e-11
5.955917644e-11
4.646771454e-11
3.460282854e-11
2.974367595e-11
2.609476723e-11
2.301989575e-11
1.925894639e-11
1.507581319e-11
1.229870121e-11
1.116374267e-11
9.910146098e-12
8.400551703e-12
6.743958794e-12
5.351659747e-12
4.90042355e-12
4.360841105e-12
3.959873168e-12
3.439888821e-12
2.69297508e-12
2.55631827e-12
2.408081571e-12
2.2151915e-12
2.0675312e-12
1.716389116e-12
1.702459088e-12
1.684104964e-12
1.682912101e-12
1.720717317e-12
1.352203227e-12
1.396284739e-12
1.452823785e-12
1.534714024e-12
1.632476217e-12
1.225114554e-12
1.286639904e-12
1.357492484e-12
1.464114433e-12
1.606377543e-12
1.040507e-12
1.105214116e-12
1.177860172e-12
1.274592916e-12
1.376179774e-12
7.724977524e-13
8.359606988e-13
8.657996727e-13
9.014287125e-13
9.530432441e-13
4.917694203e-13
5.109783522e-13
5.080078903e-13
5.143226269e-13
5.347002467e-13
2.21858074e-13
2.107771029e-13
1.981845663e-13
2.030548834e-13
2.407577676e-13
1.627337358e-14
1.731440912e-14
2.914240572e-14
5.852684014e-14
6.344508023e-14
0
1.433971863e-14
1.72994969e-14
1.007302956e-14
0
1.688054238e-14
1.010980682e-14
2.740463538e-15
0
0
0
0
0
0
0
0
0
0
0
0
0
0
0
0
2.742844959e-16
0
0
2.824514977e-16
2.516206854e-15
1.874942907e-15
6.953675679e-15
4.735053714e-15
4.074791658e-15
1.741887918e-15
0
3.015879307e-15
0
0
0
0
0
0
0
0
0
0
0
0
0
0
0
0
0
0
0
0
0
0
0
3.122772414e-10
1.356257841e-10
5.459754983e-11
2.205635466e-11
9.281752052e-12
1.636844885e-12
2.013233634e-12
2.576239347e-12
1.228382521e-12
2.189219255e-12
1.750695347e-12
3.352612329e-12
1.169887553e-11
4.8630794e-12
5.253561763e-14
0
0
0
0
0
0
4.080774161e-10
2.329382523e-10
1.227128872e-10
6.078909253e-11
2.853185983e-11
1.316474718e-11
6.241732009e-12
2.686679239e-12
2.415830063e-13
2.319385008e-12
2.225211695e-12
0
1.908689433e-12
2.474125555e-12
6.747276233e-12
1.114828793e-11
3.315983432e-12
0
0
0
0
0
0
1.539932009e-10
9.381812849e-11
5.41587264e-11
2.795301466e-11
1.463570806e-11
6.563977093e-12
3.682822628e-12
1.430273824e-12
0
2.044536991e-12
3.137816693e-12
3.014470018e-12
1.367561949e-12
1.409767819e-12
2.182884776e-12
1.636546916e-11
1.866551033e-11
5.708558669e-12
0
0
0
0
0
6.303896953e-11
3.973346552e-11
2.184083312e-11
1.325301088e-11
7.150460693e-12
4.32122416e-12
2.847046535e-12
1.84803913e-12
1.554093103e-12
2.502214894e-12
3.014902849e-12
3.371317615e-12
1.104975543e-12
2.679289668e-12
8.783811249e-13
2.438526443e-12
1.79913878e-11
2.167264375e-11
6.01177738e-12
0
0
0
0
2.568949977e-11
1.700034861e-11
1.095616775e-11
6.486204933e-12
3.235886174e-12
2.723025594e-12
2.348212317e-12
2.240216799e-12
1.851490759e-12
2.30904178e-12
2.8599512e-12
3.159072459e-12
2.810599771e-12
5.911231506e-13
3.430460982e-12
4.632667242e-12
1.124767883e-11
1.661720054e-11
7.381398518e-12
7.294237271e-13
0
0
0
1.144633443e-11
8.057646527e-12
5.243251489e-12
3.671512399e-12
2.455937085e-12
2.2410944e-12
2.08846455e-12
2.007654679e-12
2.190021203e-12
2.196126107e-12
2.454063007e-12
2.740269651e-12
3.315291976e-12
2.797183335e-12
1.901361891e-12
5.20734595e-13
1.86093888e-12
1.583071989e-11
1.976699143e-11
8.13472744e-12
2.509800585e-13
0
0
5.386295402e-12
4.085086414e-12
3.013074535e-12
2.426899145e-12
2.131122071e-12
2.01160701e-12
2.018159479e-12
2.087509987e-12
2.270087515e-12
2.332460581e-12
2.406992896e-12
2.511915525e-12
2.26385935e-12
1.917198674e-12
0
9.829760938e-13
0
4.765968073e-13
1.886002243e-11
2.254069404e-11
8.284532121e-12
0
0
2.86327017e-12
2.381751102e-12
2.147154022e-12
2.010937145e-12
1.955010583e-12
2.026764935e-12
2.089733334e-12
2.269574443e-12
2.402626587e-12
2.414785574e-12
2.222282492e-12
2.005821659e-12
1.712987297e-12
1.601716344e-12
4.398125278e-13
1.033304108e-12
1.511637456e-12
3.897147997e-12
1.789152213e-11
2.314017081e-11
1.185848513e-11
2.70863621e-12
0
2.017176379e-12
1.919010878e-12
1.879251474e-12
1.945034657e-12
2.198868804e-12
2.247572578e-12
2.490312313e-12
2.403095224e-12
2.239787167e-12
2.186062108e-12
1.822459301e-12
1.55105079e-12
1.178264549e-12
1.08191452e-12
1.027067925e-12
0
1.053522548e-12
0
4.69767814e-13
1.917461291e-11
2.349796535e-11
1.090203933e-11
1.735307591e-12
1.750801541e-12
1.817490505e-12
1.979351016e-12
2.010792089e-12
2.226301754e-12
2.211813579e-12
2.381913622e-12
2.310409544e-12
1.994952012e-12
1.808195331e-12
1.496081003e-12
1.339083884e-12
1.17044193e-12
1.156669871e-12
1.484196033e-12
1.372469473e-12
3.556106424e-12
6.097373199e-12
1.139626967e-11
2.479792339e-11
3.364125284e-11
3.336903052e-11
1.366475527e-11
1.774154989e-12
1.96007343e-12
2.046609275e-12
1.963062382e-12
2.133224861e-12
2.201430211e-12
2.109347783e-12
2.062128832e-12
1.733628002e-12
1.422710475e-12
1.251667644e-12
1.138209029e-12
1.071994799e-12
1.108416838e-12
1.472850491e-12
2.121552399e-12
2.500395253e-12
3.379626225e-12
2.101556303e-12
0
2.224913416e-11
2.93078416e-11
1.605091819e-11
1.820420932e-12
1.9271884e-12
1.929158281e-12
1.693109616e-12
1.585001622e-12
1.64487762e-12
1.649750953e-12
1.66414569e-12
1.391561182e-12
1.122513938e-12
1.003217174e-12
8.597122407e-13
8.353267092e-13
7.438173488e-13
9.477713319e-13
1.440729474e-12
1.193341769e-12
2.657258961e-12
3.223289747e-12
3.884236616e-12
9.287901584e-12
2.493577757e-11
2.695346921e-11
1.530440779e-12
1.572817075e-12
1.36512804e-12
1.153047492e-12
1.02923437e-12
1.10643283e-12
1.129473734e-12
1.182399259e-12
9.773442552e-13
7.067100574e-13
6.607494377e-13
5.615106736e-13
5.880733158e-13
4.757667673e-13
4.541939758e-13
5.47430226e-13
1.627383839e-13
1.34325179e-12
1.883102225e-12
6.147421432e-13
0
2.13990063e-11
3.006405699e-11
1.04691719e-12
1.044976483e-12
7.961088899e-13
5.736119343e-13
4.423516637e-13
5.259018284e-13
5.654715042e-13
6.428498237e-13
4.718832431e-13
2.62473388e-13
2.882699234e-13
1.94967987e-13
2.216623003e-13
1.831354351e-13
2.428269409e-13
4.798300291e-13
8.552432456e-13
7.823597432e-13
1.768760296e-12
1.704189896e-12
9.587176286e-13
7.026372618e-13
2.357444572e-11
5.832112122e-13
4.641961337e-13
3.241718556e-13
1.850898906e-13
1.663973951e-13
1.382226658e-13
1.202713946e-13
1.886583793e-13
1.087660796e-13
4.339103794e-15
7.683467283e-14
0
2.083240432e-14
4.116613908e-14
7.614341806e-14
3.381424178e-13
6.731450846e-13
3.271467896e-13
1.269338077e-12
1.778950939e-12
7.739499704e-13
0
2.437615407e-11
2.028694674e-13
1.279121535e-13
4.383018497e-14
0
4.990220379e-14
3.005728042e-14
1.050474447e-14
6.007946936e-14
1.403719191e-14
0
3.383403723e-14
0
0
2.074908712e-14
9.864809194e-15
1.069854667e-13
3.340635416e-13
1.592461044e-14
1.179003227e-12
2.276878061e-12
2.546500745e-12
2.050721391e-12
0
3.385771441e-14
1.173244758e-14
0
2.99585938e-14
2.513302706e-14
1.82725806e-14
1.29552842e-15
4.644262171e-14
5.566064511e-15
0
2.480005313e-14
0
0
2.29125088e-14
2.720333046e-14
1.593340236e-13
5.441446748e-13
1.117295996e-12
1.313595014e-12
2.143258075e-12
2.561519753e-12
1.383852932e-12
0
0
0
0
4.495459461e-15
0
0
0
4.373363716e-14
4.659675414e-15
0
1.810338768e-14
0
0
2.174046063e-14
2.031724144e-14
1.492768426e-13
5.755978264e-13
1.149343061e-12
1.17025065e-12
2.325076032e-12
3.310274304e-12
3.329197462e-12
0
0
8.77677204e-15
3.145661433e-15
5.178880674e-15
0
6.824582618e-15
9.988125622e-15
0
0
8.536105297e-15
0
0
1.957034224e-14
4.377821324e-15
6.471664167e-14
3.036543144e-13
6.277898235e-13
5.069998525e-13
1.279954858e-12
2.478189248e-12
3.042734953e-12
0
8.472361714e-15
8.860149731e-15
0
0
0
3.065470897e-14
5.593299653e-15
0
0
1.293879606e-15
0
0
2.112008304e-14
1.495128608e-14
1.182928389e-13
3.755117325e-13
7.508125646e-13
1.268314322e-12
1.340808606e-12
1.871248144e-12
1.957386582e-12
4.855137327e-15
5.479473914e-15
0
0
0
0
4.198113064e-14
4.784964409e-15
0
0
0
0
3.140062843e-16
5.196462918e-14
7.646170503e-14
2.202831819e-13
4.373283415e-13
7.859943235e-13
1.286781523e-12
1.193596604e-12
1.569992596e-12
2.629669837e-15
0
0
0
0
1.263763911e-14
3.854717653e-15
0
0
0
0
0
7.19230402e-15
3.503144596e-14
8.250152699e-14
1.516694861e-13
2.603543333e-13
4.307599757e-13
6.77584383e-13
4.795587795e-13
6.47780734e-13
0
0
0
0
0
1.223335254e-14
1.240549274e-15
0
0
0
0
0
3.764577788e-15
1.638683596e-14
3.851640737e-14
5.398442971e-14
7.306635781e-14
9.107685148e-14
1.002607183e-13
9.200787469e-14
0
0
0
0
1.213451183e-14
2.191276512e-15
0
0
0
0
0
0
1.785098265e-14
5.690713316e-14
1.11880124e-13
1.649424366e-13
2.385679296e-13
3.126274287e-13
4.527655079e-13
0
0
0
0
0
2.89933364e-17
5.572984645e-17
0
2.070687449e-15
1.363369442e-14
2.724597151e-15
0
7.248718635e-14
1.577518008e-13
2.596886986e-13
3.671358887e-13
5.133148245e-13
6.714724333e-13
9.306746349e-13
0
0
0
1.541900662e-15
8.589881837e-17
0
0
0
2.952618055e-15
1.313815702e-14
2.856182401e-14
4.699559296e-14
1.386664222e-13
2.387394379e-13
3.551824468e-13
4.464621133e-13
5.642567924e-13
6.832477022e-13
)
;

boundaryField
{
    inletCH4
    {
        type            fixedValue;
        value           nonuniform List<scalar> 0();
    }
    wallOutside
    {
        type            zeroGradient;
    }
    wallTube
    {
        type            zeroGradient;
    }
    inletPilot
    {
        type            fixedValue;
        value           nonuniform List<scalar> 0();
    }
    inletAir
    {
        type            fixedValue;
        value           nonuniform List<scalar> 0();
    }
    outlet
    {
        type            zeroGradient;
    }
    axis
    {
        type            empty;
    }
    frontAndBack_pos
    {
        type            wedge;
    }
    frontAndBack_neg
    {
        type            wedge;
    }
    procBoundary5to1
    {
        type            processor;
        value           uniform 0;
    }
    procBoundary5to2
    {
        type            processor;
        value           nonuniform List<scalar> 
16
(
0
0
0
0
0
0
0
0
0
0
0
1.438980322e-12
4.636873307e-12
1.234935719e-11
1.988566214e-11
2.855030795e-11
)
;
    }
    procBoundary5to3
    {
        type            processor;
        value           nonuniform List<scalar> 
30
(
4.53903973e-09
4.572250985e-09
4.598693423e-09
4.588681902e-09
4.559604556e-09
4.524076879e-09
4.615642702e-09
4.364729674e-09
3.770695935e-09
2.985682875e-09
2.170435992e-09
0
1.037087901e-09
3.671296974e-10
1.250872802e-10
3.991105301e-11
1.363628174e-11
4.693600446e-12
3.67610294e-12
3.533247903e-12
2.916581695e-12
1.64783397e-12
2.271896884e-12
1.348468653e-11
8.778779386e-12
1.642778759e-12
1.642778759e-12
1.361797151e-09
7.049108191e-10
7.049108191e-10
)
;
    }
    procBoundary5to4
    {
        type            processor;
        value           nonuniform List<scalar> 
46
(
0
0
0
0
0
0
0
0
0
0
0
3.75438854e-11
2.630014993e-11
2.634990944e-11
4.206484622e-12
4.206484622e-12
1.799499538e-12
5.338431612e-13
1.946920995e-12
1.946920995e-12
1.224614488e-12
4.44706925e-13
4.44706925e-13
5.240144755e-13
5.240144755e-13
1.189572381e-12
8.818696958e-13
0
0
1.861523431e-15
0
1.399450872e-16
4.942438428e-16
4.698417545e-16
3.044376275e-15
1.236458708e-14
3.244965672e-14
5.915315803e-14
9.671181028e-14
1.691355679e-13
2.498516131e-13
3.342751955e-13
3.716402328e-13
4.07549088e-13
8.818696958e-13
3.982811748e-13
)
;
    }
}
)