/*--------------------------------*- C++ -*----------------------------------*\
  =========                 |
  \\      /  F ield         | OpenFOAM: The Open Source CFD Toolbox
   \\    /   O peration     | Website:  https://openfoam.org
    \\  /    A nd           | Version:  10
     \\/     M anipulation  |
\*---------------------------------------------------------------------------*/
FoamFile
{
    format      binary;
    class       decomposedBlockData;
    location    "/home/zhouyuchen/Desktop/FastChemistrySolver-OpenFOAM-10/EC-CCM/OpenFOAM-10/Sandia/processors6/0.02499901733/ddt0(rho,C)";
    object      ddt0(rho,C);
}
// * * * * * * * * * * * * * * * * * * * * * * * * * * * * * * * * * * * * * //


// Processor0

4418
(/*--------------------------------*- C++ -*----------------------------------*\
  =========                 |
  \\      /  F ield         | OpenFOAM: The Open Source CFD Toolbox
   \\    /   O peration     | Website:  https://openfoam.org
    \\  /    A nd           | Version:  10
     \\/     M anipulation  |
\*---------------------------------------------------------------------------*/
FoamFile
{
    format      ascii;
    class       volScalarField;
    location    "0.02499901733";
    object      ddt0(rho,C);
}
// * * * * * * * * * * * * * * * * * * * * * * * * * * * * * * * * * * * * * //

dimensions      [1 -3 -1 0 0 0 0];

internalField   nonuniform List<scalar> 
864
(
0
0
0
0
0
0
0
0
0
0
0
0
0
0
0
0
0
0
0
0
0
0
0
0
0
0
0
0
0
0
0
0
0
0
0
0
0
0
0
0
0
0
0
0
0
0
0
0
0
0
0
0
0
0
0
0
0
0
0
0
0
0
0
0
0
0
0
0
0
0
0
0
0
0
0
0
0
0
0
0
0
0
0
0
0
0
0
0
0
0
0
0
0
0
0
0
0
0
0
0
0
0
0
0
0
0
0
0
0
0
0
0
0
0
0
0
0
0
0
0
0
0
0
0
0
0
0
0
0
0
0
0
0
0
0
0
0
0
0
0
0
0
0
0
0
0
0
0
0
0
0
0
0
0
0
0
0
0
0
0
0
0
0
0
0
0
0
0
0
0
0
0
0
0
0
0
0
0
0
0
0
0
0
0
0
0
0
0
0
0
0
0
0
0
0
0
0
0
0
0
0
0
0
0
0
0
0
0
0
0
0
0
0
0
0
0
0
0
0
0
0
0
0
0
0
0
0
0
0
0
0
0
0
0
0
0
0
0
0
0
0
0
0
0
0
0
0
0
0
0
0
0
0
0
0
0
0
0
0
0
0
0
0
0
0
0
0
0
0
0
0
0
0
0
0
0
0
0
0
0
0
0
0
0
0
0
0
0
0
0
0
0
0
0
0
0
0
0
0
0
0
0
0
0
0
0
0
0
0
0
0
0
0
0
0
0
0
0
0
0
0
0
0
0
0
0
0
0
0
0
0
0
0
0
0
0
0
0
0
0
0
0
0
0
0
0
0
0
0
0
0
0
0
0
0
0
0
0
0
0
0
0
0
0
0
0
0
0
0
0
0
0
0
0
0
0
0
0
0
0
0
0
0
0
0
0
0
0
0
0
0
0
0
0
0
0
0
0
0
0
0
0
0
0
0
0
0
0
0
0
0
0
0
0
0
0
0
0
0
0
0
0
0
0
0
0
0
0
0
0
0
0
0
0
0
0
0
0
0
0
0
0
0
0
0
0
0
0
0
0
0
0
0
0
0
0
0
0
0
0
0
0
0
0
0
0
0
0
0
0
0
0
0
0
0
0
0
0
0
0
0
0
0
0
0
0
0
0
0
0
0
0
0
0
0
0
0
0
0
0
0
0
0
0
0
0
0
0
0
0
0
0
-6.468695502e-22
0
0
0
0
0
0
0
0
0
0
0
0
0
0
0
0
0
0
0
0
0
0
0
0
0
0
0
0
0
0
0
-9.979794275e-23
0
0
0
0
0
0
0
0
0
0
0
0
0
0
0
0
0
0
0
0
0
0
0
0
0
0
0
0
0
0
0
-1.304435203e-22
0
0
0
0
0
0
0
0
0
0
0
0
0
0
0
0
0
0
0
0
0
0
0
0
0
0
0
0
0
0
0
-7.658044961e-23
-5.189020545e-22
0
0
0
0
0
0
0
0
0
0
0
0
0
0
0
0
0
0
0
0
0
0
0
0
0
0
0
0
0
0
-1.61715829e-23
-6.781305623e-23
0
0
0
0
0
0
0
0
0
0
0
0
0
0
0
0
0
0
0
0
0
0
0
0
0
0
0
0
0
0
-6.677658387e-24
-9.330321511e-25
0
0
0
0
0
0
0
0
0
0
0
0
0
0
0
0
0
0
0
0
0
0
0
0
0
0
0
0
0
0
-5.914699138e-24
-9.387221222e-23
-7.082602171e-22
0
0
0
0
0
0
0
0
0
0
0
0
0
0
0
0
0
0
0
0
0
0
0
0
0
0
0
0
0
5.468115616e-25
-1.875150645e-23
1.432173339e-23
0
0
0
0
0
0
0
0
0
0
0
0
0
0
0
0
0
0
0
0
0
0
0
0
0
0
0
0
0
6.600108176e-25
-1.624148907e-23
1.777719119e-23
0
0
0
0
0
0
0
0
0
0
0
0
0
0
0
0
0
0
0
0
0
0
0
0
0
0
0
0
0
1.428140921e-25
-2.858024518e-24
-2.413428753e-23
0
0
0
0
0
0
0
0
0
0
0
0
0
0
0
0
0
0
0
0
0
0
0
0
0
0
0
0
0
-4.439923716e-25
-2.591579336e-25
2.550124854e-24
-9.063488826e-22
0
0
0
0
0
0
0
0
0
0
0
0
0
0
0
0
0
0
0
0
0
0
0
0
0
0
0
0
)
;

boundaryField
{
    inletCH4
    {
        type            calculated;
        value           nonuniform List<scalar> 0();
    }
    wallOutside
    {
        type            calculated;
        value           uniform 0;
    }
    wallTube
    {
        type            calculated;
        value           nonuniform List<scalar> 0();
    }
    inletPilot
    {
        type            calculated;
        value           nonuniform List<scalar> 0();
    }
    inletAir
    {
        type            calculated;
        value           nonuniform List<scalar> 0();
    }
    outlet
    {
        type            calculated;
        value           nonuniform List<scalar> 
32
(
-2.839453866e-24
-1.61483414e-24
4.012649846e-24
-9.02887025e-22
0
0
0
0
0
0
0
0
0
0
0
0
0
0
0
0
0
0
0
0
0
0
0
0
0
0
0
0
)
;
    }
    axis
    {
        type            empty;
    }
    frontAndBack_pos
    {
        type            wedge;
    }
    frontAndBack_neg
    {
        type            wedge;
    }
    procBoundary0to2
    {
        type            processor;
        value           uniform 0;
    }
    procBoundary0to4
    {
        type            processor;
        value           nonuniform List<scalar> 
27
(
0
0
0
0
0
0
0
0
1.287233171e-26
-1.469690514e-23
8.33082657e-23
1.83533963e-24
-2.206288458e-27
-1.109795444e-30
3.233278318e-31
8.940748794e-31
-6.276558981e-31
-9.440404231e-31
-1.101535698e-30
-3.230514066e-31
7.869696066e-31
1.280620561e-30
-4.321119855e-31
4.354597477e-31
3.794709384e-31
1.510757051e-28
-7.227190952e-32
)
;
    }
}


// ************************************************************************* //
)

// Processor1

1754
(dimensions      [1 -3 -1 0 0 0 0];

internalField   uniform 0;

boundaryField
{
    inletCH4
    {
        type            calculated;
        value           nonuniform List<scalar> 0();
    }
    wallOutside
    {
        type            calculated;
        value           uniform 0;
    }
    wallTube
    {
        type            calculated;
        value           nonuniform List<scalar> 0();
    }
    inletPilot
    {
        type            calculated;
        value           nonuniform List<scalar> 0();
    }
    inletAir
    {
        type            calculated;
        value           uniform 0;
    }
    outlet
    {
        type            calculated;
        value           nonuniform List<scalar> 0();
    }
    axis
    {
        type            empty;
    }
    frontAndBack_pos
    {
        type            wedge;
    }
    frontAndBack_neg
    {
        type            wedge;
    }
    procBoundary1to2
    {
        type            processor;
        value           uniform 0;
    }
    procBoundary1to3
    {
        type            processor;
        value           nonuniform List<scalar> 
22
(
-5.285750549e-68
-2.427688193e-69
-2.739602931e-69
-1.239341391e-67
-1.630919653e-66
-1.027617201e-65
-4.246051989e-65
-1.511115902e-64
-1.33709381e-62
-9.478518581e-62
-3.408805285e-61
-9.244049011e-61
-2.471965571e-60
-6.041302042e-60
-1.254039003e-61
-1.357901137e-61
-4.568391638e-61
-1.696737089e-60
-7.504107301e-60
-3.780193762e-59
-2.143625407e-58
-3.457689998e-59
)
;
    }
    procBoundary1to5
    {
        type            processor;
        value           nonuniform List<scalar> 7(-5.931825537e-77 -9.873675659e-81 -3.020301698e-84 -1.072498375e-87 -3.679272785e-91 -1.198328108e-94 -3.681147302e-98);
    }
}
)

// Processor2

1639
(dimensions      [1 -3 -1 0 0 0 0];

internalField   uniform 0;

boundaryField
{
    inletCH4
    {
        type            calculated;
        value           nonuniform List<scalar> 0();
    }
    wallOutside
    {
        type            calculated;
        value           uniform 0;
    }
    wallTube
    {
        type            calculated;
        value           nonuniform List<scalar> 0();
    }
    inletPilot
    {
        type            calculated;
        value           nonuniform List<scalar> 0();
    }
    inletAir
    {
        type            calculated;
        value           nonuniform List<scalar> 0();
    }
    outlet
    {
        type            calculated;
        value           nonuniform List<scalar> 0();
    }
    axis
    {
        type            empty;
    }
    frontAndBack_pos
    {
        type            wedge;
    }
    frontAndBack_neg
    {
        type            wedge;
    }
    procBoundary2to0
    {
        type            processor;
        value           uniform 0;
    }
    procBoundary2to1
    {
        type            processor;
        value           uniform 0;
    }
    procBoundary2to4
    {
        type            processor;
        value           uniform 0;
    }
    procBoundary2to5
    {
        type            processor;
        value           nonuniform List<scalar> 
16
(
-3.681147302e-98
-1.249141462e-93
-4.244425838e-89
-1.488859927e-84
-1.297100148e-85
-6.221034724e-87
-2.447138479e-88
-1.056829073e-89
-5.581744837e-91
-2.971830857e-92
-9.682185163e-94
-1.794900813e-95
-2.260191432e-97
-2.11618457e-99
-1.576663611e-101
-9.719348997e-104
)
;
    }
}
)

// Processor3

16936
(dimensions      [1 -3 -1 0 0 0 0];

internalField   nonuniform List<scalar> 
861
(
-4.629747894e-111
-8.105976767e-110
-7.9765184e-109
-1.386881186e-107
-7.939717139e-106
-1.686085774e-106
-3.057691903e-105
-3.031724594e-104
-6.413263586e-103
-8.405701659e-101
-6.174697205e-102
-1.168210201e-100
-1.215174962e-99
-3.530059415e-98
-7.857274553e-96
-2.277321175e-97
-4.551293693e-96
-5.23949681e-95
-2.197012222e-93
-6.713589436e-91
-8.481355136e-93
-1.822307546e-91
-2.456090752e-90
-1.473700318e-88
-5.387536062e-86
-3.200470695e-88
-7.550499682e-87
-1.254566104e-85
-1.04020955e-83
-4.145673778e-81
-1.227849768e-83
-3.254002361e-82
-6.950247757e-81
-7.630550998e-79
-3.105973296e-76
-4.80338087e-79
-1.462434333e-77
-4.141828358e-76
-5.782826083e-74
-2.2908427e-71
-1.919487356e-74
-6.855874093e-73
-2.627411372e-71
-4.521955002e-69
-1.675701495e-66
-7.840182036e-70
-3.346451768e-68
-1.756437362e-66
-3.63182545e-64
-1.222092564e-61
-3.269355602e-65
-1.693778325e-63
-1.219507651e-61
-2.974678904e-59
-8.916644048e-57
-1.388415744e-60
-8.837456258e-59
-8.697776704e-57
-2.455348986e-54
-6.517888465e-52
-5.974924823e-56
-4.715775374e-54
-6.260234234e-52
-2.018016086e-49
-4.779064481e-47
-2.590976557e-51
-2.546452937e-49
-4.482092989e-47
-1.627157752e-44
-3.518190815e-42
-1.120626915e-46
-1.377508897e-44
-3.147770453e-42
-1.269230867e-39
-2.600554213e-37
-4.792154592e-42
-7.369718075e-40
-2.142097859e-37
-9.458805314e-35
-1.92993809e-32
-1.984539694e-37
-3.831938483e-35
-1.388258294e-32
-6.641263554e-30
-1.437375946e-27
-7.859065289e-33
-1.93150275e-30
-8.472760748e-28
-4.339429846e-25
-1.073841575e-22
-2.816741524e-28
-8.968157685e-26
-4.75443007e-23
-2.586625065e-20
-8.040980705e-18
-8.783721126e-24
-4.037698825e-21
1.266431739e-14
6.048600337e-15
1.713908569e-15
4.888595343e-13
4.32956281e-13
4.716121625e-13
3.472570295e-13
-4.884303668e-13
-2.723183581e-13
-2.597310095e-13
-1.74667906e-13
-7.539626727e-14
-7.195856168e-14
1.970646911e-14
-2.718532099e-14
-1.957291843e-14
-1.738580002e-15
-1.010075519e-14
-1.277701157e-15
-2.460397639e-14
-4.835834356e-15
-8.472169458e-15
1.667523551e-15
-8.139478441e-16
-4.153723899e-15
-1.784708587e-17
-1.72281856e-15
1.123347327e-15
-2.171326768e-16
-3.634962377e-16
9.207917259e-16
2.62415103e-16
-1.316716389e-14
-2.518481017e-14
3.171868526e-16
-3.016218522e-14
-1.068220591e-13
-6.099926692e-13
1.27605145e-11
9.067684544e-14
-7.325125991e-14
-3.469892889e-12
-4.11996299e-13
-1.105730524e-12
-1.26952973e-12
4.949725381e-13
-3.004569864e-12
-3.378722546e-12
-2.461595962e-12
-3.308276221e-12
-3.261460089e-12
-4.714255623e-12
-6.036286132e-13
1.950636289e-13
-2.337479904e-12
-2.83586152e-12
-3.636196042e-13
-3.588780183e-15
-7.845052286e-16
-8.622833879e-13
-1.946064754e-12
1.379280916e-12
4.280198139e-14
3.021807705e-14
5.448922333e-14
2.332314609e-12
-5.356108634e-14
8.860635634e-16
1.193070207e-14
-8.728783254e-14
-7.231772012e-14
-2.506468494e-15
6.120905591e-15
5.028935186e-15
1.489495686e-14
-3.438528044e-15
1.13353286e-14
1.971582716e-15
1.406328939e-15
8.48018225e-15
1.040867016e-14
4.288576013e-15
-4.497847457e-16
-7.103476525e-16
2.925461948e-15
3.712959212e-15
1.504411508e-15
-1.456030441e-15
7.193768532e-15
2.570335828e-15
1.345354806e-15
-8.326438624e-16
-1.655590504e-15
6.910125459e-14
4.783467696e-14
2.230120478e-14
5.722599188e-15
-2.686039614e-16
-8.494563209e-12
-6.720370444e-12
1.737529217e-14
-1.407003432e-15
-5.898081664e-15
1.266772027e-14
1.161171564e-14
-4.062814217e-16
-2.020410035e-12
2.636741301e-11
1.0744535e-14
-3.506892388e-14
-6.954912129e-14
2.104760935e-11
-7.794874336e-12
2.277333902e-15
-2.267591378e-14
-2.134884931e-12
8.876604904e-12
7.893821569e-11
-1.488233458e-14
1.794766559e-11
-3.689125468e-10
5.306022526e-10
5.41035936e-09
4.095023514e-12
2.809148611e-11
7.186679723e-10
2.178823394e-09
4.462228964e-08
1.411498486e-11
-2.000094789e-11
4.62839229e-10
-2.203898731e-09
-6.991000167e-08
1.352055298e-11
-2.305145882e-11
-8.081620253e-11
-1.411802554e-09
7.073146072e-09
-2.071751697e-11
-2.216972463e-09
-1.850344445e-10
-2.264401679e-09
-7.497933149e-09
2.387925711e-11
-8.571053088e-10
3.136070453e-10
2.02421731e-09
6.921377373e-09
2.792734962e-11
-6.038729056e-11
4.437300922e-10
5.79544254e-09
2.329189399e-08
2.142159112e-11
-5.016588838e-11
-3.836751037e-10
5.312079241e-11
1.82468774e-08
-4.899530507e-13
-4.005136073e-11
-3.58075408e-10
-1.622199208e-09
-2.034336616e-09
-1.770395816e-10
5.656476507e-11
4.784476429e-10
3.646068166e-09
2.306568792e-08
1.066312459e-11
-9.16475109e-11
-7.298452895e-10
-3.550732409e-09
-1.310424825e-08
3.551089565e-11
1.460461784e-10
3.631192808e-10
6.192554498e-10
5.346977212e-09
5.628163502e-11
1.64543363e-10
1.148810435e-09
4.432766644e-09
6.307783804e-09
-4.631541446e-11
-8.783407905e-11
-4.258561624e-10
-2.519053971e-09
-2.010504727e-08
-6.552187353e-10
-1.92176463e-09
-6.267559468e-09
-1.585460987e-08
-5.141040756e-08
-4.203348247e-10
-3.632212011e-10
-6.123657446e-10
-7.587841899e-09
-8.398936221e-08
-1.908958015e-10
1.121790233e-09
7.943971859e-09
3.098864654e-08
7.330256608e-08
-6.372842846e-10
1.762222581e-10
4.646125065e-09
2.136252188e-08
6.777397899e-08
-6.890210397e-10
-3.207771512e-10
5.116673236e-10
4.64534044e-09
1.739194596e-08
-7.28735567e-11
-2.320841501e-10
-1.38197328e-10
3.09245629e-10
2.073311197e-09
2.307319488e-11
-7.658236327e-11
2.714590992e-11
-4.209180606e-11
1.273301709e-10
1.855126925e-11
1.445029838e-11
3.935792243e-12
-4.289199271e-11
4.836248376e-11
-8.24353606e-12
-3.031813574e-12
1.656716078e-10
3.404968229e-08
5.539182885e-07
-7.697858071e-07
3.450852187e-07
-8.201986613e-08
5.155347491e-08
-6.895900614e-08
7.49558206e-08
3.206837608e-09
8.45462764e-08
-6.145219231e-08
6.069462126e-08
2.958637322e-08
-9.333094949e-08
-1.30426303e-07
-3.927976662e-07
3.122897831e-08
1.291301208e-07
3.932076605e-08
5.68390781e-09
4.748520183e-10
4.365439713e-11
-1.981312323e-12
2.378044286e-13
-1.998693342e-14
-1.486092842e-12
-5.415476181e-14
1.122899114e-11
4.235440966e-11
1.894563429e-10
1.175578831e-11
4.113174015e-13
1.571214152e-09
2.173002075e-08
1.263546107e-07
9.616749348e-09
-8.1475837e-12
2.877894406e-07
3.945031308e-06
4.933629659e-05
3.485149023e-06
1.286624749e-07
3.909912746e-06
7.869579061e-07
3.797331679e-06
3.293108702e-07
1.062990378e-08
-4.864329368e-06
-1.811928762e-07
2.895846416e-07
2.202881885e-08
-2.170363316e-10
2.692232694e-06
7.308406347e-08
3.563477534e-08
8.815224742e-08
2.606079549e-08
-2.528939555e-06
3.644896912e-07
2.441338333e-06
1.058858174e-05
2.725906705e-06
2.462628739e-08
7.907079753e-08
3.959179314e-07
-7.991257892e-09
3.511485624e-07
-1.600533268e-07
-2.560511747e-07
-1.945853669e-07
2.521313498e-07
5.828938119e-08
2.065298578e-07
-6.859387268e-08
2.588450358e-07
7.902175974e-08
-1.804816803e-07
5.29901401e-08
2.591334366e-07
-5.876670664e-07
-6.126008929e-06
1.478604955e-06
2.651326328e-07
1.538799718e-06
1.476951205e-07
-1.95826215e-07
-6.87874868e-06
-2.476500995e-08
6.506885536e-07
-7.927210322e-07
-4.400582141e-07
-1.338725564e-06
7.195578754e-08
1.256785075e-06
6.251445131e-07
-1.251605015e-07
-4.439298759e-07
8.067222094e-08
-9.182587705e-07
2.022870928e-07
-1.840457289e-07
-1.015848153e-06
-3.784409937e-07
-1.840493197e-06
-6.669778156e-07
-1.28850644e-06
-5.004673283e-06
-2.849365923e-07
-1.372483258e-06
-4.172360028e-06
-1.402081874e-05
-4.950638374e-05
-1.326665728e-06
-4.778597327e-06
1.167301975e-06
5.812060465e-05
0.0009503587432
-4.247545009e-07
-3.731184973e-06
-1.159432099e-05
-3.833023883e-06
2.032328723e-05
1.915693895e-07
-1.414738271e-07
-2.284095507e-06
-4.890015316e-06
-1.619698642e-06
8.847975709e-08
1.651530832e-07
3.55317209e-08
-4.231476829e-07
-3.87065932e-07
1.569183351e-08
3.876898242e-08
5.029438337e-08
1.845258729e-08
-5.010237686e-09
1.669820023e-09
4.798826346e-09
7.871888242e-09
7.177377355e-09
4.167213034e-09
1.172615591e-10
3.991280719e-10
7.479007977e-10
8.466878877e-10
6.2137538e-10
-4.027969136e-16
-3.869514707e-17
6.109629076e-18
-1.428305744e-17
9.805084862e-19
-2.954096873e-31
-8.022975368e-35
-2.093921056e-38
-5.113740883e-42
-1.163015325e-45
-2.478517935e-49
-4.995549597e-53
-9.597036011e-57
-1.765415988e-60
-3.116622628e-64
-5.285750549e-68
7.818382736e-15
-1.00040983e-15
-3.120746879e-17
-7.805610067e-17
-1.564971521e-29
-4.164982782e-33
-1.201368507e-36
-3.495622842e-40
-9.870057534e-44
-2.64612862e-47
-6.658055476e-51
-1.561545551e-54
-3.408228757e-58
-6.95599104e-62
-1.335995265e-65
-2.427688193e-69
1.404910024e-12
6.828638216e-13
6.634912899e-15
1.020399824e-16
-4.715260288e-30
-1.455099593e-33
-4.841483034e-37
-1.622485717e-40
-5.273824385e-44
-1.622622752e-47
-4.649571833e-51
-1.229826744e-54
-2.995668992e-58
-6.734363503e-62
-1.404996615e-65
-2.739602931e-69
7.951233794e-10
-9.998710798e-13
-1.732625996e-13
2.051154512e-14
-1.608003841e-29
-6.433563986e-33
-2.865771739e-36
-1.29281991e-39
-5.629310579e-43
-2.295703464e-46
-8.583827774e-50
-2.898853342e-53
-8.757440819e-57
-2.358236517e-60
-5.683967148e-64
-1.239341391e-67
4.095323942e-10
7.473479018e-12
-1.426019787e-13
-2.200761745e-13
-6.048701208e-14
-2.557239156e-32
-1.164538354e-35
-5.550822741e-39
-2.620729206e-42
-1.187998007e-45
-5.058570051e-49
-1.987253322e-52
-7.090752067e-56
-2.268686e-59
-6.455081517e-63
-1.630919653e-66
7.99547783e-11
7.177144383e-12
8.053313327e-14
-1.245971448e-13
-2.210041835e-17
-8.604629523e-32
-3.688413361e-35
-1.753917326e-38
-8.497017232e-42
-4.028115478e-45
-1.823962545e-48
-7.753110416e-52
-3.04935986e-55
-1.095174884e-58
-3.548704298e-62
-1.027617201e-65
2.414699962e-09
1.170700954e-10
2.278589308e-12
5.404258317e-15
-1.048733544e-27
-2.52442723e-31
-9.778002069e-35
-4.538546604e-38
-2.219672853e-41
-1.081798741e-44
-5.101485379e-48
-2.284527123e-51
-9.580648482e-55
-3.718154939e-58
-1.320492531e-61
-4.246051989e-65
3.148611574e-07
1.457194501e-08
3.235474541e-10
1.856395146e-14
1.022252711e-12
-3.544598011e-13
-2.637401737e-34
-1.144387755e-37
-5.559137941e-41
-2.760388999e-44
-1.345151451e-47
-6.285796312e-51
-2.773607886e-54
-1.142090101e-57
-4.343765654e-61
-1.511115902e-64
5.25873348e-08
4.197209681e-09
1.780633978e-10
-7.095324857e-14
-1.798004657e-13
-5.283044345e-13
-7.081874467e-14
-7.85358358e-36
-3.654170991e-39
-1.818878306e-42
-9.086184423e-46
-4.411197173e-49
-2.040923405e-52
-8.876483709e-56
-3.58987203e-59
-1.33709381e-62
1.283967853e-08
1.539661618e-09
1.048158121e-10
5.905219927e-12
1.075933407e-13
-3.382482099e-15
-1.130458851e-13
-4.630009636e-35
-1.978473121e-38
-9.729340307e-42
-4.951273601e-45
-2.490090146e-48
-1.206509876e-51
-5.539515698e-55
-2.380640715e-58
-9.478518581e-62
-1.670029802e-08
1.386275539e-09
8.864237462e-10
2.11525146e-10
1.730373748e-11
3.817646344e-13
-1.008595083e-30
-1.848316431e-34
-6.340160218e-38
-2.887248601e-41
-1.450442061e-44
-7.411768766e-48
-3.71021741e-51
-1.779993066e-54
-8.063045178e-58
-3.408805285e-61
-4.631020681e-06
-2.926516078e-07
-1.747132098e-08
-1.561494481e-09
-1.139546851e-10
-3.317811024e-12
-2.229292956e-14
-1.446028432e-14
-2.033984183e-37
-7.705630544e-41
-3.609813392e-44
-1.810098162e-47
-9.11950289e-51
-4.472817632e-54
-2.095016162e-57
-9.244049011e-61
-5.545990559e-07
-9.353840448e-08
-2.173252097e-08
-2.477015335e-09
-1.834311912e-10
-2.996913457e-12
1.353141105e-13
-1.629154976e-13
9.079566011e-15
-2.621526257e-40
-1.047334083e-43
-4.906943723e-47
-2.402362791e-50
-1.169132713e-53
-5.50900973e-57
-2.471965571e-60
-3.077423374e-07
-7.491616024e-08
-1.874458332e-08
-3.500897863e-09
-5.869392317e-10
-4.936613676e-11
-1.274013611e-12
-1.063975537e-13
1.296507806e-14
-1.166797456e-39
-3.435717508e-43
-1.392987487e-46
-6.354824729e-50
-2.968225117e-53
-1.364384472e-56
-6.041302042e-60
-1.656547951e-07
-4.534269865e-08
-1.122300482e-08
-2.115726292e-09
-2.52991515e-10
-1.422314396e-11
-8.863235166e-14
1.670928026e-13
-9.086150281e-37
-7.211039348e-41
-1.259298461e-44
-3.880820665e-48
-1.545779165e-51
-6.702558966e-55
-2.933185367e-58
-1.254039003e-61
-2.288671834e-07
-4.896104971e-08
-1.022353693e-08
-1.395632128e-09
-1.289909755e-10
-5.558049796e-12
4.022363132e-14
-2.396128679e-13
-4.69726451e-36
-4.357921303e-40
-3.858420962e-44
-7.317537007e-48
-2.251614545e-51
-8.504775884e-55
-3.404402283e-58
-1.357901137e-61
-1.083097171e-06
-2.401017529e-07
-4.270175009e-08
-6.049525037e-09
-6.648143499e-10
-5.081815281e-11
-2.640576217e-12
-5.668045602e-13
-1.27016171e-14
-6.908449481e-39
-5.736771819e-43
-5.616059376e-47
-1.127332807e-50
-3.429941719e-54
-1.228817715e-57
-4.568391638e-61
-1.11821983e-05
-2.469385643e-06
-4.007915249e-07
-4.673104986e-08
-4.227917015e-09
-3.067431064e-10
-1.673213793e-11
-2.794510761e-12
-1.143492007e-34
-5.088271527e-38
-9.535330937e-42
-7.408977901e-46
-7.957556355e-50
-1.660471918e-53
-4.966705097e-57
-1.696737089e-60
4.924606314e-05
-1.632234765e-06
-1.748156715e-06
-1.815531572e-07
-4.66780928e-09
2.756020497e-10
2.490799928e-11
1.986081495e-12
1.789343213e-13
-2.144456882e-37
-8.325468496e-41
-1.337195794e-44
-1.009759736e-48
-1.181675649e-52
-2.544141616e-56
-7.504107301e-60
-1.994906774e-06
-3.480852726e-06
-5.643102502e-07
-2.272006305e-08
2.155633047e-09
3.084531012e-10
2.70778411e-11
1.178076624e-12
1.721707079e-13
-6.123706363e-37
-3.778304159e-40
-1.282803667e-43
-1.781927474e-47
-1.347065571e-51
-1.705152688e-55
-3.780193762e-59
-2.295085429e-06
-6.032503305e-07
-3.724799654e-08
5.761001324e-09
1.246532021e-09
1.111664964e-10
-3.137253094e-12
-4.123627663e-13
1.470708824e-14
6.652652768e-22
-1.025619743e-39
-5.659038156e-43
-1.678336653e-46
-2.036145043e-50
-1.577339842e-54
-2.143625407e-58
-2.304619546e-07
-2.065514611e-08
7.701167884e-09
2.306459729e-09
3.03310886e-10
2.468887961e-11
1.310912537e-12
9.352483269e-14
1.668500386e-16
2.565206069e-23
-4.103168351e-41
-3.07616936e-44
-1.520889942e-47
-3.957593494e-51
-4.284738497e-55
-3.457689998e-59
1.36543234e-09
5.914115635e-09
2.239303568e-09
4.180383256e-10
4.871195767e-11
3.892720925e-12
3.357429231e-13
1.988916313e-14
2.111818732e-23
1.240622938e-22
-4.92897443e-22
-2.969812234e-44
-2.011153949e-47
-8.854899375e-51
-2.006627511e-54
-1.949692372e-58
2.672008041e-09
1.223066155e-09
3.190018041e-10
5.20874813e-11
4.916016571e-12
2.083941109e-13
2.36224102e-14
1.017886677e-14
1.065329253e-15
-2.074846193e-22
-2.423326783e-22
2.501220045e-23
-5.016652646e-47
-3.073724759e-50
-1.200889696e-53
-2.350022872e-57
3.689809227e-10
1.354791771e-10
)
;

boundaryField
{
    inletCH4
    {
        type            calculated;
        value           uniform 0;
    }
    wallOutside
    {
        type            calculated;
        value           nonuniform List<scalar> 0();
    }
    wallTube
    {
        type            calculated;
        value           nonuniform List<scalar> 
61
(
-7.939717139e-106
-8.405701659e-101
-7.857274553e-96
-6.713589436e-91
-5.387536062e-86
-4.145673778e-81
-3.105973296e-76
-2.2908427e-71
-1.675701495e-66
-1.222092564e-61
-8.916644048e-57
-6.517888465e-52
-4.779064481e-47
-3.518190815e-42
-2.600554213e-37
-1.92993809e-32
-1.437375946e-27
-1.073841575e-22
-8.040980705e-18
1.713908569e-15
-8.24353606e-12
4.888595343e-13
-2.723183581e-13
1.970646911e-14
-1.277701157e-15
-8.139478441e-16
-2.171326768e-16
-2.518481017e-14
1.27605145e-11
-1.105730524e-12
-2.461595962e-12
1.950636289e-13
-7.845052286e-16
3.021807705e-14
1.193070207e-14
5.028935186e-15
1.406328939e-15
-7.103476525e-16
7.193768532e-15
6.910125459e-14
-8.494563209e-12
-4.884303668e-13
-7.195856168e-14
-1.010075519e-14
1.667523551e-15
1.123347327e-15
-1.316716389e-14
-6.099926692e-13
-4.11996299e-13
-3.378722546e-12
-6.036286132e-13
-3.588780183e-15
4.280198139e-14
8.860635634e-16
6.120905591e-15
1.971582716e-15
-4.497847457e-16
-1.456030441e-15
-1.655590504e-15
-2.686039614e-16
-5.898081664e-15
)
;
    }
    inletPilot
    {
        type            calculated;
        value           uniform 0;
    }
    inletAir
    {
        type            calculated;
        value           uniform 0;
    }
    outlet
    {
        type            calculated;
        value           nonuniform List<scalar> 0();
    }
    axis
    {
        type            empty;
    }
    frontAndBack_pos
    {
        type            wedge;
    }
    frontAndBack_neg
    {
        type            wedge;
    }
    procBoundary3to1
    {
        type            processor;
        value           uniform 0;
    }
    procBoundary3to5
    {
        type            processor;
        value           nonuniform List<scalar> 
30
(
2.911523811e-12
3.78361696e-12
1.587556409e-11
2.687381366e-12
4.931900958e-12
2.790384595e-12
-1.019043426e-13
3.761588597e-12
1.968024753e-11
3.813038131e-11
3.848754483e-11
-5.931825537e-77
1.992659896e-11
2.478387158e-12
3.254366886e-13
8.191468642e-14
1.945501209e-15
-3.265589804e-15
7.357590067e-17
8.417429554e-24
1.092387635e-23
3.688423151e-23
-7.852495925e-53
-5.68898221e-56
-2.942743127e-59
-8.61237072e-72
-9.267407278e-63
2.265881069e-11
1.992659896e-11
6.697490617e-12
)
;
    }
}
)

// Processor4

16151
(dimensions      [1 -3 -1 0 0 0 0];

internalField   nonuniform List<scalar> 
862
(
1.290562282e-37
9.596412029e-38
4.711495485e-38
1.839532782e-38
4.832669001e-38
1.146354153e-37
1.146408862e-37
1.157355263e-37
1.067983843e-37
1.398261181e-37
7.773647711e-38
7.744940825e-38
7.877259559e-38
8.915985946e-38
9.886912315e-38
7.645329625e-38
7.548701362e-38
7.105610564e-38
4.236482762e-38
-1.917762807e-37
2.495541225e-38
1.632549075e-38
1.085842159e-38
4.726706346e-38
-1.572331814e-38
6.593238073e-38
6.990256404e-38
9.519665074e-38
-4.171204979e-38
2.11975407e-37
2.761182711e-37
2.778853592e-37
2.786818972e-37
2.756884359e-37
2.602151348e-37
2.767031679e-37
2.787608046e-37
2.798096739e-37
2.764002515e-37
2.615652257e-37
2.739509359e-37
2.745561076e-37
2.719043986e-37
2.721329319e-37
3.338303683e-37
1.952707302e-36
1.955648784e-36
1.954828618e-36
1.938771551e-36
1.879980872e-36
2.019242025e-36
2.028902019e-36
2.037606048e-36
2.041664072e-36
2.00348117e-36
1.940667127e-36
1.973691417e-36
1.85771609e-36
1.796770703e-36
6.879898482e-37
-2.071499554e-36
-4.306479359e-37
7.960101137e-36
-2.857787636e-35
1.05704112e-34
1.669882288e-33
-6.94728969e-34
-3.036468105e-33
4.199329005e-33
-2.876670836e-32
-5.90183298e-32
1.114501099e-31
-6.664483786e-32
1.169831938e-31
-1.56581041e-31
-1.413543415e-31
1.439727553e-31
-1.646675648e-31
1.578830627e-31
-2.516691665e-31
-5.276739729e-31
3.728540081e-31
-5.023645227e-31
3.553566355e-31
-5.441943612e-31
1.429590706e-31
-4.104752866e-31
2.161030899e-31
-3.732233776e-31
3.782172918e-31
4.101665152e-31
-1.531945126e-31
4.046557199e-31
-2.18694544e-31
3.035398551e-31
5.803196477e-31
-5.767800367e-31
5.45780632e-31
-5.51716105e-31
6.085710484e-31
2.097645665e-37
5.4871779e-38
4.433360771e-38
-8.29320127e-38
-2.483682866e-38
2.211038901e-37
2.573428816e-37
2.548535231e-37
6.904108367e-37
1.798144646e-36
1.714293849e-36
1.572258874e-36
-4.008354022e-34
6.624444069e-32
4.346388097e-31
8.473348872e-31
1.009426786e-30
-9.828686533e-31
-1.092521712e-30
-1.40456782e-30
1.144707304e-37
7.76004926e-38
4.683639327e-38
3.529784755e-38
2.28902355e-38
7.398829544e-38
1.782378118e-38
-3.131440783e-38
-6.589461932e-38
-1.62085563e-37
6.38960436e-38
3.365179661e-38
1.46209249e-38
-2.088271943e-37
1.578964714e-38
-7.436731347e-38
3.516699116e-41
5.451568134e-38
-6.752307328e-38
4.434758648e-38
-1.415638501e-38
-1.862495248e-38
-3.842233738e-38
2.681960619e-37
2.939608307e-37
2.981993474e-37
3.107072144e-37
3.079708038e-37
3.096329962e-37
3.110997166e-37
2.949882309e-37
3.081827355e-37
3.097363232e-37
3.108148986e-37
3.188577806e-37
2.937893244e-37
3.076307319e-37
3.145461294e-37
3.068928004e-37
1.918619335e-36
9.604371424e-37
1.869569621e-36
1.978973112e-36
2.00355836e-36
2.006814878e-36
1.892100816e-36
1.94859504e-36
2.002805886e-36
1.801343447e-36
1.665059915e-36
2.177594915e-36
1.906808656e-36
1.011355547e-36
6.934615471e-38
-1.632732118e-36
-4.275220607e-37
-1.647407368e-36
-3.524481384e-36
4.890518622e-35
3.885117933e-34
-9.651845184e-35
-3.803682971e-34
-2.115047326e-33
-5.762578245e-33
1.329164895e-32
-1.540872829e-32
-1.443902708e-33
3.928871467e-32
2.402806135e-32
2.388348048e-32
-1.030168608e-31
9.864104784e-32
-9.603679413e-32
9.525672984e-32
-1.158757366e-31
-1.391068955e-31
-1.646586962e-31
2.472186777e-31
-3.113670722e-31
-3.380814056e-31
-4.050321984e-31
2.259682863e-31
3.235626858e-31
-3.67329409e-31
5.782406005e-32
1.881996347e-31
-1.490639213e-32
-7.62115106e-32
7.213667318e-32
-3.764125896e-32
5.258615596e-32
-6.466690691e-32
4.794101486e-32
-3.184360318e-31
-3.515239499e-31
3.362508304e-31
3.161253602e-31
-2.939424259e-31
-2.860812769e-31
3.791273969e-31
0
0
0
0
0
0
0
0
0
0
0
0
0
0
0
0
0
0
0
0
0
0
0
0
0
0
-2.286700402e-22
0
0
0
0
0
5.754710549e-24
-1.999823622e-25
0
0
0
0
0
-8.806940065e-24
7.716660416e-24
0
0
0
0
0
-6.49114035e-25
2.685645037e-24
1.965597606e-23
9.067180198e-24
0
0
0
0
-6.726123734e-27
4.016113402e-25
1.446526489e-24
-6.464521163e-24
8.243118466e-23
0
0
0
0
1.06366063e-27
-3.468019814e-26
3.164023927e-25
-6.026627313e-24
7.838632396e-24
1.699534923e-22
0
0
0
-2.010091861e-28
-1.002318066e-27
1.694512099e-26
-2.23758096e-25
-2.502171106e-24
-2.256358697e-23
-4.403280903e-23
0
0
0
9.194914673e-39
7.145308357e-39
1.772145011e-37
2.505456597e-38
2.652094463e-37
-4.681335368e-37
-1.576950852e-36
1.800648362e-34
5.691826852e-33
-9.167933121e-32
1.924577357e-31
-3.449418452e-32
1.562246747e-31
-4.469426235e-31
-8.542366062e-32
8.497364799e-31
-6.27275364e-30
-1.18787193e-30
-1.437258875e-29
7.162361391e-29
2.651169956e-27
1.853338583e-26
-1.053929733e-26
-1.225208918e-23
-2.418098543e-23
0
0
0
-2.1031694e-37
-1.607667243e-37
2.422939383e-38
9.919647937e-39
2.909829025e-37
1.830414798e-37
1.954466488e-35
-3.81863102e-34
6.043157878e-33
-6.990068658e-32
-2.602490231e-32
-7.227669924e-33
-1.962219552e-31
4.680347043e-31
-1.931948113e-32
2.002869134e-31
-3.596789142e-31
-3.079137687e-30
2.880036498e-30
4.634005735e-30
-4.597859775e-30
-3.010677224e-27
3.546782027e-26
6.969468805e-25
3.001899732e-24
-1.532442449e-22
7.098665001e-25
1.287233171e-26
1.685948791e-38
1.471667006e-37
1.755092397e-37
1.681188609e-37
1.131923349e-37
-9.427084124e-36
1.050292649e-34
-4.941539509e-33
6.640010309e-32
-7.534322591e-32
1.400726374e-32
2.424286806e-32
-4.292029231e-31
4.406304889e-31
-6.284348898e-33
6.442450492e-32
1.906935739e-31
-2.825179275e-30
4.481292693e-31
-4.324553845e-30
4.483217293e-30
2.009017735e-29
-7.550448471e-28
8.68386429e-28
1.414782584e-25
1.191141042e-24
0
-1.469690514e-23
2.726950481e-37
3.101870065e-37
3.164058297e-37
2.663228992e-37
-7.993268837e-38
5.585912512e-36
2.211747579e-34
-4.933288325e-33
6.734011782e-32
-8.924665267e-32
-3.839993169e-33
1.647403029e-32
-4.231910013e-31
4.516727019e-31
-4.988265886e-32
8.847335212e-32
-2.092631268e-31
7.867832421e-31
2.447233776e-31
6.123599488e-32
7.144665941e-31
-1.645325994e-31
5.718072411e-30
1.130112457e-28
-5.027767732e-27
-1.668261431e-25
9.609331674e-24
8.33082657e-23
3.135496741e-37
3.156958166e-37
2.445280774e-37
6.083476426e-37
8.919201662e-36
-2.542447131e-34
6.819316896e-33
-7.344077294e-32
6.536469573e-32
7.704159692e-32
1.671947044e-32
-9.842693963e-32
4.131048817e-31
-4.406026031e-31
7.72245912e-33
3.066688284e-32
-1.635736886e-31
2.452407265e-31
1.823567586e-32
4.474608178e-31
-4.993403664e-31
2.081732686e-31
-4.617706246e-31
1.047470027e-31
4.594888728e-29
4.345091525e-28
-8.157618934e-26
1.83533963e-24
3.204851926e-37
3.1995277e-37
2.5922042e-37
1.42561018e-36
1.224090157e-35
-3.172088084e-34
6.602581365e-33
-7.373567849e-32
8.817148878e-32
-1.488748879e-31
3.927389076e-32
2.159352301e-32
-4.027119069e-31
4.59058148e-31
-3.414710869e-32
-2.05100903e-33
-1.568299817e-31
1.7134975e-31
-1.39634135e-31
-9.897976833e-33
-1.986393653e-31
2.113099144e-31
3.741131462e-31
-4.031499392e-31
-1.14108886e-32
5.45217087e-30
-2.884927686e-29
-2.206288458e-27
3.176294803e-37
1.868803265e-36
1.544475001e-36
1.283165219e-35
-3.347706015e-34
6.9873968e-33
-7.357129075e-32
7.915743449e-32
-9.296064287e-32
-2.274281557e-32
-3.262787993e-32
2.667984806e-31
3.907864322e-31
-4.362287715e-31
4.33128845e-32
-4.223515956e-32
-9.085893521e-32
-1.493554153e-32
-1.047845786e-31
-1.135497567e-31
-6.430410304e-32
-7.119068356e-32
-3.199793536e-31
-4.492039919e-31
-2.045417455e-31
9.067740861e-31
2.089538405e-30
-1.109795444e-30
1.961392199e-36
1.578006447e-36
5.250807598e-36
-2.444573637e-34
4.450532154e-33
-4.052688183e-32
-6.951770107e-32
-9.912360787e-32
1.987780797e-31
1.2793599e-32
9.876481635e-33
-2.8886592e-31
2.953590882e-31
-3.461315481e-31
4.415700754e-32
-6.382415686e-32
-3.729044612e-32
1.788461807e-31
-8.387506588e-32
-2.135120456e-32
-2.990654415e-32
-5.829722672e-32
-3.307841235e-31
-3.332876202e-31
-5.700923284e-32
1.439133766e-30
1.163158846e-30
3.233278318e-31
1.67681529e-36
2.108641446e-36
1.012500861e-35
-6.021850375e-34
6.693024065e-33
-4.268676836e-32
-8.437850388e-32
8.12891638e-32
1.716572486e-31
3.155647379e-32
-2.693907927e-31
-2.605566929e-31
2.785715154e-31
-1.040377622e-31
8.686505685e-33
-6.007473711e-32
5.422679883e-32
1.136222815e-31
-1.085420696e-31
7.903521742e-33
-9.965683035e-33
-5.446282172e-32
-4.36042384e-31
-4.014756747e-31
2.5148556e-31
-6.320515313e-32
8.932530693e-31
8.940748794e-31
4.349384068e-37
-1.837651954e-34
-6.887284817e-34
2.229129899e-32
-7.41012299e-32
-6.627039584e-32
-9.785843689e-32
1.971117228e-31
-1.296658585e-32
2.78179218e-31
2.789812342e-31
-2.849742384e-31
2.730571696e-31
9.38794866e-32
-1.376951789e-32
-7.897447415e-32
7.189746011e-32
5.896053271e-32
-1.551141799e-32
1.184146526e-32
-7.065801879e-33
7.331266549e-32
8.567296246e-32
-2.201407374e-31
-4.128392586e-31
-7.162415082e-31
-8.54436886e-31
-6.276558981e-31
2.083236521e-35
-1.450030738e-33
1.440098177e-32
-8.006807627e-32
8.059705659e-32
-1.064580414e-31
2.215731821e-31
-3.145186623e-31
-2.158266441e-32
-2.725840618e-31
-2.677158013e-31
2.684445705e-31
2.512051616e-31
-5.769828716e-32
1.768931437e-32
-7.929550603e-32
7.496125393e-32
-1.521997502e-33
-7.523893001e-33
-1.974879462e-33
-6.496893729e-33
7.236579373e-32
1.370148903e-31
6.83674959e-32
-1.31628422e-31
-6.017390818e-31
-1.074690953e-30
-9.440404231e-31
-5.852136059e-33
1.928848379e-33
-7.2805807e-32
-7.591449766e-32
1.015744633e-31
-2.352714944e-31
-3.213156226e-31
3.198252325e-31
2.657912766e-31
2.812507643e-31
-2.863776205e-31
2.621616945e-31
2.384404244e-31
-4.186213141e-32
7.737524261e-32
7.164906672e-32
5.161517909e-32
-2.474710469e-33
2.300386476e-33
4.337583463e-33
-3.101561218e-33
1.818696208e-32
2.438762228e-31
1.160525195e-31
6.291991106e-32
-6.248217339e-32
-3.748641427e-31
-1.101535698e-30
-5.123369196e-32
6.587641551e-32
-7.163326659e-32
7.68080511e-32
-2.0178364e-31
2.690241917e-31
-2.646392226e-31
-2.263974594e-31
-2.281348722e-31
-2.169354305e-31
-2.401533155e-31
2.624565711e-31
-9.838926106e-32
5.963769618e-33
-3.365813974e-32
7.002621902e-32
6.918007561e-32
-4.877937757e-33
2.871153214e-33
3.573480816e-33
-3.144722878e-33
1.753423791e-32
-9.429122957e-32
1.458986233e-31
1.063799811e-31
9.686189399e-32
7.054840346e-31
-3.230514066e-31
-1.34266171e-32
-9.529492941e-32
-2.321672363e-31
-2.968615896e-31
-3.194682231e-31
-3.26905033e-31
-2.801601651e-31
-2.74221302e-31
-2.692691185e-31
-2.387998216e-31
-1.950957684e-31
-1.56629661e-31
-2.182351084e-31
-2.37377041e-31
1.07322645e-30
9.214632545e-31
2.797713386e-31
1.088963458e-31
2.974286863e-31
3.121376609e-31
1.636489429e-31
9.721558326e-33
6.091196314e-32
3.456929716e-32
-1.187561771e-31
9.75399496e-31
9.398103172e-31
7.869696066e-31
1.281584438e-31
6.359565268e-32
-1.056339673e-31
-5.261557886e-33
-5.340436754e-32
-7.233149523e-32
-4.465816164e-32
-5.015476707e-32
8.152254171e-32
-8.604357634e-32
-1.331759387e-31
1.713940031e-31
-2.947051531e-33
5.78866946e-33
-1.174176387e-32
-4.751268929e-32
-6.77969993e-32
3.124157645e-33
6.748271826e-34
6.528154244e-34
9.639359387e-36
1.614232688e-34
5.122209317e-32
5.844706829e-32
4.626086231e-32
-1.063206229e-31
6.977606595e-31
1.280620561e-30
2.376819286e-31
-3.271253576e-31
1.339607229e-32
-3.249005729e-31
-3.277829197e-31
3.235733732e-31
-3.056343293e-31
3.080559816e-31
-2.919148484e-31
2.686172116e-31
2.523460284e-31
9.449140254e-32
5.943819711e-33
3.878904819e-32
-7.67051444e-32
-4.519968655e-32
-5.657213385e-32
-2.368671008e-35
4.18338621e-33
4.156314639e-33
9.498791243e-34
-2.341411704e-34
5.218529041e-32
6.034736547e-32
6.184896565e-32
8.48444299e-32
1.277881609e-31
-4.321119855e-31
5.827476964e-32
1.954649501e-32
4.413933783e-32
-3.092122318e-31
-2.428875333e-31
-2.834423044e-31
3.143988877e-31
-2.960003273e-31
2.718502395e-31
2.64688787e-31
-2.834990207e-31
2.933671655e-32
-3.377633335e-32
2.85866785e-32
7.497592524e-32
-1.598196864e-32
-5.07701884e-32
4.638181764e-33
4.140329467e-33
3.615688801e-33
5.308556084e-34
-4.139399193e-34
5.119958944e-32
6.000411607e-32
6.058032417e-32
7.797051921e-32
2.546105245e-31
4.354597477e-31
5.784085615e-32
-3.574046668e-31
3.307229927e-31
-3.022088281e-31
2.904718116e-31
2.783681405e-31
-2.6908486e-31
-2.651001431e-31
2.654000228e-31
2.500609501e-31
-2.337497462e-32
-1.942286825e-32
3.012271986e-32
-2.321891656e-32
-7.116433467e-32
-6.969714489e-32
-7.030846183e-32
6.91363106e-33
4.033514193e-33
1.880065099e-33
2.275208614e-32
2.097453892e-33
5.024431363e-32
7.570568325e-32
2.272745653e-31
3.677841148e-31
5.912944705e-31
3.794709384e-31
3.40694423e-31
-2.762830292e-31
-2.865278888e-31
3.242814985e-31
-2.719271337e-31
-2.413686045e-31
-2.673028906e-31
2.721771748e-31
2.465945529e-31
6.32942336e-32
-2.060806466e-32
-1.207532152e-32
2.766915321e-32
-2.506605402e-32
1.912055912e-32
4.043921451e-32
8.366423405e-33
7.72274745e-33
2.614042569e-33
9.804864839e-34
5.057471665e-32
8.187245384e-33
-6.334899335e-32
1.913025837e-30
3.766184797e-29
1.08138079e-28
1.703324655e-28
1.510757051e-28
-3.246634108e-31
3.307609087e-31
-3.037359121e-31
3.160688317e-31
-2.669498159e-31
-2.677083538e-31
2.739899142e-31
2.674418321e-31
-2.863461079e-31
2.817921474e-32
-6.438732813e-33
3.495275635e-32
3.028872125e-33
4.346387161e-33
-6.515032453e-33
-3.256650504e-32
3.327517009e-33
2.135277751e-33
4.197094775e-33
6.356051379e-34
7.403335132e-32
1.983080187e-33
5.306932468e-32
1.100771339e-31
7.56375642e-31
2.901632396e-32
4.831897595e-31
-7.227190952e-32
)
;

boundaryField
{
    inletCH4
    {
        type            calculated;
        value           nonuniform List<scalar> 0();
    }
    wallOutside
    {
        type            calculated;
        value           nonuniform List<scalar> 0();
    }
    wallTube
    {
        type            calculated;
        value           nonuniform List<scalar> 0();
    }
    inletPilot
    {
        type            calculated;
        value           nonuniform List<scalar> 0();
    }
    inletAir
    {
        type            calculated;
        value           nonuniform List<scalar> 0();
    }
    outlet
    {
        type            calculated;
        value           nonuniform List<scalar> 
39
(
-1.620550627e-21
-1.62315366e-21
-1.611879127e-21
-1.614984892e-21
-1.141911216e-21
-9.465896769e-22
-1.571896985e-21
-1.634089992e-21
-1.626581448e-21
-1.625531787e-21
-1.627358776e-21
-1.622263632e-21
-1.624288744e-21
-1.625366595e-21
-1.623897223e-21
-1.619292744e-21
-1.618097979e-21
-1.578748959e-21
-2.2143907e-21
-1.937160408e-21
3.654793183e-22
3.200163507e-22
3.189003293e-22
7.343160753e-22
6.966843192e-22
6.628563956e-22
6.440508211e-22
6.724276727e-22
2.04708897e-21
1.982863116e-21
1.960374304e-21
1.784934223e-21
1.30030607e-21
3.075111729e-24
-1.508194081e-25
-1.856002365e-25
-2.043836831e-25
-3.964625031e-24
-3.075325692e-24
)
;
    }
    axis
    {
        type            empty;
    }
    frontAndBack_pos
    {
        type            wedge;
    }
    frontAndBack_neg
    {
        type            wedge;
    }
    procBoundary4to0
    {
        type            processor;
        value           nonuniform List<scalar> 
27
(
0
0
0
0
0
0
0
0
0
0
0
0
0
0
0
0
-6.468695502e-22
-9.979794275e-23
-1.304435203e-22
-7.658044961e-23
-1.61715829e-23
-6.677658387e-24
-5.914699138e-24
5.468115616e-25
6.600108176e-25
1.428140921e-25
-4.439923716e-25
)
;
    }
    procBoundary4to2
    {
        type            processor;
        value           uniform 0;
    }
    procBoundary4to5
    {
        type            processor;
        value           nonuniform List<scalar> 
46
(
1.009049268e-39
2.591808664e-38
2.919334753e-40
-2.743100615e-39
-1.530121752e-38
-2.07889819e-38
-1.453027981e-38
2.163227888e-38
7.648754465e-38
1.187402453e-37
5.885600176e-38
-5.098411516e-106
-2.325242749e-108
-9.367473587e-111
-9.367473587e-111
-1.620465188e-25
-1.913386592e-26
3.425061856e-28
3.425061856e-28
-9.106517535e-33
4.785663571e-32
4.785663571e-32
4.750720368e-33
4.750720368e-33
1.466928577e-33
1.252998209e-33
1.252998209e-33
-7.976292656e-38
-1.235781984e-37
-2.544589326e-37
-4.584086902e-38
-9.528918573e-39
5.11114837e-37
1.106243506e-35
-1.715453073e-34
-3.043907209e-33
7.632477193e-32
-7.756650378e-32
-7.192121905e-33
-2.683999924e-32
2.598737264e-31
-1.750844087e-32
7.200659565e-33
-2.04105822e-32
3.299496945e-34
3.299496945e-34
)
;
    }
}
)

// Processor5

16765
(dimensions      [1 -3 -1 0 0 0 0];

internalField   nonuniform List<scalar> 
862
(
2.911523811e-12
3.78361696e-12
1.587556409e-11
2.687381366e-12
4.931900958e-12
1.052028694e-12
1.049452009e-12
1.150028662e-12
1.373921353e-12
1.412787046e-12
1.062927139e-13
1.294649844e-13
1.81057081e-13
2.688400913e-13
2.004482039e-13
-6.821390267e-15
-1.03245872e-14
-2.884275096e-15
8.089500364e-15
8.562584701e-14
-6.854868569e-16
1.440988694e-16
7.322463574e-16
5.278161955e-16
-3.547892851e-15
3.084663022e-17
-8.68919607e-18
-4.518293392e-17
-2.118738043e-16
-2.373389142e-16
-2.048621736e-18
1.644422298e-18
3.354681041e-18
1.198410516e-17
2.519697445e-18
1.076028821e-19
-1.276549688e-19
3.439759792e-20
-2.088595152e-19
-1.804839555e-19
1.984373024e-21
-2.085750008e-21
1.177879037e-21
9.424532614e-21
-4.490871687e-21
-6.239136014e-23
-7.407367278e-24
-1.053902008e-22
-6.76950553e-23
-2.211643702e-22
5.239539181e-25
1.852900566e-24
9.433641625e-25
-2.368980363e-24
4.310957061e-24
-3.700691839e-27
2.120282282e-26
1.868253022e-26
-1.194151584e-26
1.163793276e-25
1.373943004e-29
7.542078792e-28
7.3846313e-28
-2.528833481e-28
1.015171618e-27
6.730730421e-30
1.838286408e-29
1.324162932e-29
5.101352126e-30
3.44200896e-30
-1.863954334e-32
-6.083598615e-32
2.379769192e-31
1.471196219e-31
8.173820614e-33
-2.126521414e-33
-4.624230123e-33
-1.967927919e-33
3.319912036e-33
1.613400742e-34
-8.281590779e-35
-1.209600801e-34
-4.05885629e-35
6.884850418e-35
3.633190424e-36
9.28748302e-37
1.67023503e-36
-3.059133915e-36
1.503236044e-37
1.412577987e-37
-4.065973209e-38
-6.006834533e-38
-4.726985452e-38
-7.028385102e-38
-4.349920867e-38
-2.83286519e-38
-2.204751912e-38
-8.518539271e-39
-7.772409714e-40
1.372356899e-38
4.296996696e-38
7.13282996e-38
1.514124802e-37
6.68602885e-38
-6.260826639e-37
2.372919544e-37
-8.081803659e-37
-9.345363355e-37
-9.562962819e-37
-5.897211489e-37
-4.33464632e-38
-4.161091208e-38
-4.002924309e-38
-2.642722364e-38
-3.373169507e-38
1.844615896e-39
1.539103475e-39
1.502928947e-39
5.322913849e-39
1.029716369e-38
1.009049268e-39
2.591808664e-38
2.919334753e-40
-2.743100615e-39
-1.530121752e-38
2.790384595e-12
5.982604143e-13
7.461898353e-13
6.560252905e-14
-4.170489532e-15
-1.321279914e-16
-1.734452499e-18
1.935876192e-19
-9.51069085e-21
-2.913000399e-24
6.926904118e-24
2.717132368e-25
3.975293652e-27
5.674140875e-29
8.884061576e-33
1.754134445e-34
5.513035331e-36
7.691380933e-38
-6.602216217e-38
2.669116539e-38
-1.338503917e-36
1.769560933e-37
-3.908032941e-38
8.161485362e-38
-2.07889819e-38
-1.019043426e-13
3.761588597e-12
1.968024753e-11
3.813038131e-11
3.848754483e-11
3.528389799e-13
7.950659591e-14
1.662274479e-13
1.972473962e-12
5.183080315e-12
3.818788747e-13
1.897342405e-14
-3.43622128e-13
-3.337184978e-12
-1.231482084e-13
3.832860906e-14
4.903600141e-14
2.132593276e-14
-6.867983956e-14
-1.687583827e-13
-3.183969457e-16
-1.460553934e-15
1.669342909e-15
-8.587360066e-16
3.373557372e-15
2.059897009e-16
-2.471443045e-16
9.27470749e-17
-2.028675435e-16
-2.413323898e-16
2.976141295e-18
2.930261613e-17
4.099615649e-17
2.738332149e-17
-6.564916156e-18
-1.004011324e-18
2.881766205e-18
1.206297692e-18
1.970248817e-18
6.402228816e-19
6.597888312e-21
-1.023904718e-20
2.15506168e-20
2.272842142e-20
3.295849802e-20
-2.86058748e-22
-1.156288711e-21
1.866420195e-22
-1.516857002e-21
5.33634086e-22
7.270315826e-24
-7.95767256e-24
-1.301292465e-23
-4.123377575e-23
1.072582022e-23
5.518261773e-25
3.457218611e-26
-1.882292622e-25
-1.155576253e-24
1.742864508e-25
1.342700449e-26
-6.630772307e-27
-2.323408426e-27
-9.987240474e-27
4.547468721e-31
2.311389231e-28
-5.820712311e-29
-4.06540833e-29
-1.041958378e-28
1.540016006e-32
-6.754568762e-32
-1.389377545e-30
-8.858361069e-31
-2.250142021e-30
3.814308255e-34
-8.322317809e-34
-1.610180714e-32
-1.96578752e-32
-2.978785416e-33
7.838509239e-36
-1.500217231e-35
-1.915371625e-34
-3.680798149e-34
-3.426894099e-36
9.831740614e-39
-3.529634593e-37
-2.558175704e-36
-7.45908042e-36
-1.655976634e-37
1.047726626e-37
-2.193236577e-38
-1.33340472e-37
-1.63678373e-37
-4.409574578e-38
5.00821681e-37
-6.910047633e-38
-3.61082246e-37
-5.155192824e-37
-1.793790322e-36
-1.936508213e-36
-2.007661046e-36
-1.708648463e-36
-1.50267419e-36
-1.036839986e-36
-1.814431083e-37
-1.417606737e-36
-7.851909137e-37
4.765527508e-38
-2.911370179e-38
-2.198113835e-38
-2.297407355e-38
-3.74970255e-38
-4.900896971e-38
-3.372830337e-38
1.314748679e-37
-6.062248521e-39
-2.197574707e-38
4.377595998e-39
-1.835110302e-38
1.078541313e-37
-1.453027981e-38
2.163227888e-38
7.648754465e-38
1.187402453e-37
5.885600176e-38
-5.931825537e-77
-9.873675659e-81
-3.020301698e-84
-1.072498375e-87
-3.679272785e-91
-1.198328108e-94
-3.681147302e-98
-8.61237072e-72
-7.427300585e-76
-1.443193774e-79
-4.097589247e-83
-1.281293195e-86
-4.053578451e-90
-1.249141462e-93
1.992659896e-11
2.478387158e-12
3.254366886e-13
8.191468642e-14
1.945501209e-15
-3.265589804e-15
7.357590067e-17
8.417429554e-24
1.092387635e-23
3.688423151e-23
-7.852495925e-53
-5.68898221e-56
-2.942743127e-59
-9.267407278e-63
-1.361365602e-66
-9.976190053e-71
-1.017178145e-74
-1.906365985e-78
-4.865677638e-82
-1.414174478e-85
-4.244425838e-89
2.265881069e-11
6.697490617e-12
1.173132109e-12
-5.645203007e-13
-1.891674106e-15
1.865625996e-14
-3.328017788e-15
-5.105991123e-17
4.00314595e-25
-3.558176901e-25
4.484579017e-24
2.877474872e-23
-1.968414422e-23
-1.117476768e-51
-7.781724832e-55
-3.860568765e-58
-1.16545728e-61
-1.670117274e-65
-1.25555915e-69
-1.265348073e-73
-2.212094768e-77
-5.351831681e-81
-1.488859927e-84
1.392212961e-12
3.589847995e-13
1.118455022e-13
4.283584086e-13
1.75794677e-14
-1.668424905e-15
1.544207874e-23
-1.046431786e-25
8.690170685e-25
-3.594294911e-24
-1.622415514e-23
1.213811498e-23
1.123888823e-22
-8.124154627e-23
-4.152102553e-56
-2.62566078e-59
-1.165403996e-62
-3.076545839e-66
-3.806781795e-70
-2.761421829e-74
-2.964757978e-78
-5.359496172e-82
-1.297100148e-85
8.404807252e-14
-9.516639557e-14
9.806825172e-14
1.520517192e-14
1.81085312e-16
-7.85927223e-18
5.574953285e-24
5.917195483e-26
1.367181486e-25
-5.456582728e-25
-2.959549154e-24
3.707208248e-23
-1.897738698e-23
3.035155327e-23
-9.942954091e-58
-7.588360978e-61
-4.335842117e-64
-1.706024679e-67
-3.868721222e-71
-4.070439328e-75
-2.90561965e-79
-3.335165762e-83
-6.221034724e-87
1.941980604e-14
4.363385816e-14
4.492834585e-15
6.407822535e-16
6.207548749e-18
-5.516830092e-19
5.38665062e-29
-4.857282901e-27
1.705500445e-26
-3.930082468e-25
8.03821649e-25
-7.928386501e-24
-3.584818859e-24
-2.474980381e-23
3.651988915e-23
-1.330013578e-62
-9.252900346e-66
-4.764881483e-69
-1.650756642e-72
-3.162701839e-76
-2.797003256e-80
-2.005317567e-84
-2.447138479e-88
9.459793916e-16
7.43421082e-16
2.196260654e-18
9.634752453e-19
2.49431296e-19
-3.759727909e-20
6.668492489e-22
-9.051546451e-28
-5.374046283e-27
-5.103532726e-26
3.823440307e-25
8.408552348e-25
1.00875502e-22
-7.494804832e-22
-6.710865493e-22
-1.600414786e-64
-1.304066778e-67
-8.236489844e-71
-3.806500805e-74
-1.154769859e-77
-1.86648429e-81
-1.426063114e-85
-1.056829073e-89
1.130003863e-17
1.94040576e-17
1.020335845e-18
4.426388059e-20
2.896155404e-21
1.150174264e-21
-5.711241466e-29
-2.092053688e-29
-3.648901523e-28
-4.820911317e-27
-1.165011128e-26
2.343596439e-25
-5.917450035e-24
7.342100303e-23
-1.158176249e-22
-1.119902173e-22
-1.366854485e-69
-1.016030886e-72
-5.802379118e-76
-2.393105712e-79
-6.26707707e-83
-8.342305439e-87
-5.581744837e-91
5.587474414e-18
7.417976372e-19
7.323884573e-20
9.91742227e-22
1.531083869e-22
2.74295478e-23
-2.218927559e-30
-2.078689004e-29
-8.51718858e-29
-4.009130332e-28
-1.08066992e-25
-5.288951158e-25
-2.827262897e-24
-4.176956347e-24
3.567589233e-23
-5.173438277e-23
-1.133077581e-71
-9.648853347e-75
-6.529373757e-78
-3.359721909e-81
-1.228049868e-84
-2.742412428e-88
-2.971830857e-92
2.671083577e-19
-7.409811109e-21
9.182579319e-22
1.484630587e-22
2.302538311e-23
1.970561188e-24
-1.625766369e-31
-3.789923292e-32
3.307701393e-30
-3.134723808e-28
9.474433128e-27
-2.797778239e-25
-9.225608167e-26
-1.69149167e-24
8.418075146e-23
-4.678700006e-22
-1.80524759e-22
-7.290092602e-77
-5.673900893e-80
-3.480703787e-83
-1.603257305e-86
-5.133416096e-90
-9.682185163e-94
5.16396291e-21
8.495469318e-24
-4.386085527e-23
9.649419316e-25
5.632802956e-25
-2.234891307e-26
1.072648846e-32
-1.873568477e-31
8.603986972e-32
1.553242736e-29
-1.068722856e-27
2.594898745e-27
-7.118807483e-26
5.198463096e-25
-8.975380403e-24
7.913051196e-23
-1.271494216e-22
4.66678291e-23
-4.034787781e-82
-2.860868714e-85
-1.584021674e-88
-6.490946409e-92
-1.794900813e-95
-1.045810752e-22
2.763087486e-25
-2.712293492e-25
-1.637540422e-25
-2.134544487e-26
-1.578649493e-27
8.531036858e-33
-7.620439609e-32
1.039353202e-32
-6.891485918e-30
1.276556754e-28
-1.571338982e-27
-1.060069335e-26
4.630740882e-25
1.479084935e-24
-1.082252773e-23
-7.781692721e-24
5.167336012e-23
-2.416724951e-84
-1.938116938e-87
-1.248989359e-90
-6.222355021e-94
-2.260191432e-97
-2.157278997e-24
-9.747998902e-28
1.35654233e-27
-9.91848453e-28
-4.87034187e-28
-5.809325254e-29
7.710146737e-32
3.112642298e-33
-1.112991526e-31
5.078311491e-31
-3.256565159e-30
-5.667215221e-29
1.48238106e-27
1.585067624e-28
-5.748839366e-25
-1.258458908e-24
-7.989829094e-25
-2.033873741e-23
-3.898503552e-22
-1.108272287e-89
-8.115473218e-93
-4.739118763e-96
-2.11618457e-99
-4.026358349e-26
-2.134124689e-28
4.392639909e-29
4.466570123e-30
-4.504095889e-30
-1.331461201e-30
-4.082914316e-33
1.002904358e-33
-3.867025851e-33
-3.915802618e-31
2.396686455e-30
4.062049754e-29
-1.496147297e-27
1.822868949e-26
-3.442966682e-25
6.417775954e-25
1.631424952e-25
-3.298183773e-24
2.555196062e-23
-5.489195539e-92
-4.485497921e-95
-2.990976209e-98
-1.576663611e-101
-7.022303733e-28
-2.39527838e-30
7.673182363e-31
1.324254011e-31
1.969822261e-32
-1.259594215e-32
2.7542278e-34
9.978554754e-35
1.532639315e-33
2.119509863e-32
7.190638808e-31
7.635728891e-30
-1.300120236e-28
2.143671691e-28
1.09673978e-26
7.26698421e-26
-9.481248215e-25
-8.37045416e-24
4.80197296e-24
-4.209880066e-22
-2.148683681e-97
-1.605428304e-100
-9.719348997e-104
-1.137947956e-29
-1.436936786e-31
3.301423855e-33
1.97156668e-33
1.405200228e-34
9.687777232e-35
6.477822672e-36
5.827671792e-35
1.232924705e-33
8.741581599e-33
-4.643551734e-31
7.161831946e-32
4.179880312e-29
-6.112204393e-28
3.478382931e-27
-2.780838648e-26
-2.918612061e-25
8.37497145e-25
-2.662642817e-24
-1.932102379e-23
-9.069125577e-100
-7.482481458e-103
-5.098411516e-106
-1.675099293e-31
-1.116412518e-32
-1.117169838e-34
3.00273366e-35
-3.519442465e-37
1.818251211e-36
-3.887320992e-36
9.347966546e-36
-1.477210664e-35
5.102702139e-34
-4.982572481e-33
1.701216902e-31
-8.785553531e-31
-5.107946787e-29
-4.288829158e-28
-8.478774168e-28
1.775249113e-26
-8.351540909e-26
-6.980447991e-25
3.044761236e-24
2.558384595e-24
-3.078868731e-105
-2.325242749e-108
-2.286128921e-33
-2.809731581e-34
-5.324279828e-36
3.308179557e-37
6.227627614e-36
2.137540499e-36
2.777055858e-36
-4.251291304e-36
-1.212043484e-35
1.896640977e-34
3.010405815e-33
6.277420991e-33
-6.05267491e-32
9.823781041e-31
3.705777544e-30
-2.188360364e-28
5.603054199e-27
7.481615356e-27
3.201341308e-26
-5.194722038e-25
2.012190658e-24
-1.13267803e-107
-9.367473587e-111
-2.884713225e-35
-5.551412867e-36
-5.053905727e-37
1.667493163e-37
3.145513411e-37
1.568825524e-36
7.215380887e-36
8.78788356e-37
2.879677509e-36
4.87012212e-35
-4.553065624e-36
-2.040238908e-32
-2.215876934e-33
-5.614371637e-31
-1.465012986e-33
4.114487961e-31
-6.49989854e-29
-4.624460532e-29
-2.391239592e-28
3.983005394e-27
-7.759668531e-26
-1.620465188e-25
-2.887254535e-37
-5.995970686e-36
-2.520377039e-37
1.030444669e-37
8.415059239e-37
1.083920219e-35
2.054747535e-35
3.825295749e-36
-3.204497115e-36
1.927316975e-35
3.591370968e-34
-3.329744739e-34
3.435637718e-33
8.184272378e-32
-3.546213475e-31
-5.235396646e-32
3.487376644e-31
-3.315368064e-30
1.801200993e-30
4.418563658e-30
5.923917106e-29
-1.913386592e-26
-2.105291279e-36
-5.534418127e-37
-8.799739648e-38
8.260936251e-38
-6.028832847e-37
2.391804028e-36
1.561022319e-36
1.831449511e-36
3.37847237e-36
2.177993822e-35
-9.005524794e-35
9.656686719e-35
1.455597444e-32
-9.280506229e-32
-2.478549062e-31
7.93559165e-32
-2.044958885e-30
-2.296124674e-31
-1.52594147e-31
-1.993048138e-30
4.053082182e-30
3.425061856e-28
-2.508544474e-37
-3.837493771e-38
-6.614820968e-38
-4.543867283e-37
9.079529005e-37
-2.288671962e-36
3.835293876e-36
3.648932698e-36
-1.056389971e-34
2.391093933e-33
2.452794334e-33
3.938490853e-33
4.904599719e-33
2.562055521e-33
9.06803768e-34
1.279188991e-34
1.259800933e-32
4.655308537e-32
2.961784044e-32
-1.18565934e-32
-9.106517535e-33
-1.75479829e-38
2.77907675e-38
-4.37006777e-37
-2.325379506e-37
-3.065533505e-37
-1.084324219e-39
-6.735747212e-36
1.19362893e-35
-5.754173055e-35
3.863546456e-33
1.143520389e-32
6.466734698e-33
-5.256531462e-33
1.080843222e-31
9.938489752e-34
-8.036162758e-35
-2.147031888e-33
-1.177464381e-32
-2.328970589e-32
-2.217884424e-33
4.785663571e-32
3.158639469e-38
-5.103834039e-37
-1.607079156e-37
-1.193025603e-37
-2.059057461e-37
6.809552017e-37
1.219011598e-37
6.425181798e-36
-2.839188596e-34
5.195187581e-33
-6.708309089e-32
-4.497839728e-33
-2.040843047e-34
-1.006894536e-31
-1.367092839e-32
1.364405795e-33
-1.068712448e-33
4.032304847e-33
-1.751202823e-33
4.750720368e-33
-7.908320195e-38
-2.212329853e-37
-6.370194349e-38
6.650551729e-40
6.513617601e-37
-1.37391328e-37
2.101551643e-37
7.473454309e-36
-2.45992987e-34
5.054547552e-33
-6.522630176e-32
-7.499715016e-33
5.541641269e-34
2.645373246e-31
-1.427101931e-32
1.213847765e-33
4.558051575e-34
2.986654602e-33
1.466928577e-33
6.602298784e-38
-8.818431528e-38
-1.123356159e-37
-2.173884435e-37
-3.714489203e-38
-1.235214564e-38
8.741095758e-37
-1.626427657e-35
1.368271869e-34
4.636037193e-33
-6.657327812e-32
1.73092121e-32
-3.481811104e-33
2.510298217e-31
-1.476093237e-32
2.747791071e-33
7.612104068e-33
5.801050905e-34
1.252998209e-33
-7.976292656e-38
-1.235781984e-37
-2.544589326e-37
-4.584086902e-38
-9.528918573e-39
5.11114837e-37
1.106243506e-35
-1.715453073e-34
-3.043907209e-33
7.632477193e-32
-7.756650378e-32
-7.192121905e-33
-2.683999924e-32
2.598737264e-31
-1.750844087e-32
7.200659565e-33
-2.04105822e-32
3.299496945e-34
)
;

boundaryField
{
    inletCH4
    {
        type            calculated;
        value           nonuniform List<scalar> 0();
    }
    wallOutside
    {
        type            calculated;
        value           nonuniform List<scalar> 0();
    }
    wallTube
    {
        type            calculated;
        value           nonuniform List<scalar> 0();
    }
    inletPilot
    {
        type            calculated;
        value           nonuniform List<scalar> 0();
    }
    inletAir
    {
        type            calculated;
        value           nonuniform List<scalar> 0();
    }
    outlet
    {
        type            calculated;
        value           nonuniform List<scalar> 0();
    }
    axis
    {
        type            empty;
    }
    frontAndBack_pos
    {
        type            wedge;
    }
    frontAndBack_neg
    {
        type            wedge;
    }
    procBoundary5to1
    {
        type            processor;
        value           uniform 0;
    }
    procBoundary5to2
    {
        type            processor;
        value           uniform 0;
    }
    procBoundary5to3
    {
        type            processor;
        value           nonuniform List<scalar> 
30
(
1.855126925e-11
1.445029838e-11
3.935792243e-12
-4.289199271e-11
4.836248376e-11
4.365439713e-11
1.172615591e-10
3.991280719e-10
7.479007977e-10
8.466878877e-10
6.2137538e-10
-1.949692372e-58
3.190018041e-10
5.20874813e-11
4.916016571e-12
2.083941109e-13
2.36224102e-14
1.017886677e-14
1.065329253e-15
-2.074846193e-22
-2.423326783e-22
2.501220045e-23
-5.016652646e-47
-3.073724759e-50
-1.200889696e-53
-2.350022872e-57
-2.350022872e-57
3.689809227e-10
1.354791771e-10
1.354791771e-10
)
;
    }
    procBoundary5to4
    {
        type            processor;
        value           nonuniform List<scalar> 
46
(
1.290562282e-37
9.596412029e-38
4.711495485e-38
1.839532782e-38
4.832669001e-38
2.097645665e-37
1.144707304e-37
7.76004926e-38
4.683639327e-38
3.529784755e-38
2.28902355e-38
0
0
0
0
0
0
-2.286700402e-22
5.754710549e-24
5.754710549e-24
-8.806940065e-24
-6.49114035e-25
-6.49114035e-25
-6.726123734e-27
-6.726123734e-27
1.06366063e-27
-2.010091861e-28
9.194914673e-39
7.145308357e-39
1.772145011e-37
2.505456597e-38
2.652094463e-37
-4.681335368e-37
-1.576950852e-36
1.800648362e-34
5.691826852e-33
-9.167933121e-32
1.924577357e-31
-3.449418452e-32
1.562246747e-31
-4.469426235e-31
-8.542366062e-32
8.497364799e-31
-6.27275364e-30
-2.010091861e-28
-1.18787193e-30
)
;
    }
}
)