/*--------------------------------*- C++ -*----------------------------------*\
  =========                 |
  \\      /  F ield         | OpenFOAM: The Open Source CFD Toolbox
   \\    /   O peration     | Website:  https://openfoam.org
    \\  /    A nd           | Version:  10
     \\/     M anipulation  |
\*---------------------------------------------------------------------------*/
FoamFile
{
    format      binary;
    class       decomposedBlockData;
    location    "/home/zhouyuchen/Desktop/FastChemistrySolver-OpenFOAM-10/EC-CCM/OpenFOAM-10/Sandia/processors6/0.02499901733/HCO_0";
    object      HCO_0;
}
// * * * * * * * * * * * * * * * * * * * * * * * * * * * * * * * * * * * * * //


// Processor0

6549
(/*--------------------------------*- C++ -*----------------------------------*\
  =========                 |
  \\      /  F ield         | OpenFOAM: The Open Source CFD Toolbox
   \\    /   O peration     | Website:  https://openfoam.org
    \\  /    A nd           | Version:  10
     \\/     M anipulation  |
\*---------------------------------------------------------------------------*/
FoamFile
{
    format      ascii;
    class       volScalarField;
    location    "0.02499901733";
    object      HCO_0;
}
// * * * * * * * * * * * * * * * * * * * * * * * * * * * * * * * * * * * * * //

dimensions      [0 0 0 0 0 0 0];

internalField   nonuniform List<scalar> 
864
(
2.127673641e-13
0
0
0
0
0
0
0
0
0
0
0
0
0
0
0
0
0
0
0
0
0
0
0
0
0
0
0
0
0
0
0
5.284340854e-13
1.193078177e-13
0
0
0
0
0
0
0
0
0
0
0
0
0
0
0
0
0
0
0
0
0
0
0
0
0
0
0
0
0
0
6.693802583e-13
2.371571906e-13
1.433363736e-15
0
0
0
0
0
0
0
0
0
0
0
0
0
0
0
0
0
0
0
0
0
0
0
0
0
0
0
0
0
1.227192876e-12
5.583705254e-13
1.269209081e-13
0
0
0
0
0
0
0
0
0
0
0
0
0
0
0
0
0
0
0
0
0
0
0
0
0
0
0
0
0
1.220204812e-12
6.995650558e-13
2.4680712e-13
2.20822023e-15
0
0
0
0
0
0
0
0
0
0
0
0
0
0
0
0
0
0
0
0
0
0
0
0
0
0
0
0
1.293989805e-12
1.196489811e-12
5.346528664e-13
1.206664355e-13
0
0
0
0
0
0
0
0
0
0
0
0
0
0
0
0
0
0
0
0
0
0
0
0
0
0
0
0
1.26427704e-12
1.240446404e-12
6.884972115e-13
2.343854311e-13
1.714153185e-15
0
0
0
0
0
0
0
0
0
0
0
0
0
0
0
0
0
0
0
0
0
0
0
0
0
0
0
8.938076204e-13
1.137629155e-12
7.691108129e-13
3.446155345e-13
5.053157422e-14
0
0
0
0
0
0
0
0
0
0
0
0
0
0
0
0
0
0
0
0
0
0
0
0
0
0
0
8.659218203e-13
1.282417795e-12
1.186959949e-12
6.26860171e-13
1.960817674e-13
1.571026799e-17
0
0
0
0
0
0
0
0
0
0
0
0
0
0
0
0
0
0
0
0
0
0
0
0
0
0
7.72998742e-13
1.229864127e-12
1.259495522e-12
7.74675295e-13
3.213254755e-13
3.84619079e-14
0
0
0
0
0
0
0
0
0
0
0
0
0
0
0
0
0
0
0
0
0
0
0
0
0
0
0
9.692921944e-13
1.369302399e-12
1.243723781e-12
6.504253365e-13
2.030270374e-13
4.159654014e-16
0
0
0
0
0
0
0
0
0
0
0
0
0
0
0
0
0
0
0
0
0
0
0
0
0
0
8.722974288e-13
1.356772976e-12
1.348003269e-12
8.037382859e-13
3.21969404e-13
3.313957658e-14
0
0
0
0
0
0
0
0
0
0
0
0
0
0
0
0
0
0
0
0
0
0
0
0
0
0
5.420038272e-13
1.075147106e-12
1.274831252e-12
9.186947259e-13
4.636789614e-13
1.158402151e-13
0
0
0
0
0
0
0
0
0
0
0
0
0
0
0
0
0
0
0
0
0
0
0
0
0
9.156022548e-14
0
9.199222017e-13
1.36867797e-12
1.288080249e-12
7.220660646e-13
2.597962818e-13
1.045368596e-14
0
0
0
0
0
0
0
0
0
0
0
0
0
0
0
0
0
0
0
0
0
0
0
0
1.078425284e-13
0
8.619175673e-13
1.360571902e-12
1.383846669e-12
8.781933842e-13
3.948862859e-13
7.873332988e-14
0
0
0
0
0
0
0
0
0
0
0
0
0
0
0
0
0
0
0
0
0
0
0
0
9.63994924e-14
0
5.416117864e-13
1.13587596e-12
1.482111493e-12
1.475744632e-12
6.943665169e-13
2.111978747e-13
1.909759445e-15
0
0
0
0
0
0
0
0
0
0
0
0
0
0
0
0
0
0
0
0
0
0
0
1.77952517e-13
1.315148392e-13
0
9.717689856e-13
1.47160028e-12
1.439872275e-12
8.492320523e-13
3.466621802e-13
4.990593598e-14
0
0
0
0
0
0
0
0
0
0
0
0
0
0
0
0
0
0
0
0
0
0
0
2.071425718e-13
1.591880598e-13
0
9.146373786e-13
1.43626644e-12
1.468311996e-12
9.632928652e-13
4.650760797e-13
1.209149157e-13
0
0
0
0
0
0
0
0
0
0
0
0
0
0
0
0
0
0
0
0
0
0
0
1.822491461e-13
1.374202633e-13
0
7.443004319e-13
1.32212595e-12
1.621397969e-12
1.60549061e-12
7.895577977e-13
2.652770393e-13
1.284919369e-14
0
0
0
0
0
0
0
0
0
0
0
0
0
0
0
0
0
0
0
0
0
0
2.105931142e-13
2.282595343e-13
1.861947722e-13
0
1.053828228e-12
1.550339943e-12
1.519402908e-12
9.224819124e-13
4.02279804e-13
8.087562978e-14
0
0
0
0
0
0
0
0
0
0
0
0
0
0
0
0
0
0
0
0
0
0
2.426007659e-13
2.423177082e-13
1.859134596e-13
0
9.779039042e-13
1.521631698e-12
1.546120316e-12
1.026118102e-12
5.111881799e-13
1.484303868e-13
0
0
0
0
0
0
0
0
0
0
0
0
0
0
0
0
0
0
0
0
0
0
2.646312451e-13
2.65591387e-13
1.967002348e-13
0
8.606308377e-13
1.456324059e-12
1.718421689e-12
1.662066821e-12
8.250625427e-13
2.86194972e-13
2.152538004e-14
0
0
0
0
0
0
0
0
0
0
0
0
0
0
0
0
0
0
0
0
0
2.827592302e-13
3.08125036e-13
3.07674147e-13
2.322775477e-13
9.732766624e-14
1.098328351e-12
1.597111019e-12
1.546052605e-12
9.343258184e-13
4.083126319e-13
8.525493094e-14
0
0
0
0
0
0
0
0
0
0
0
0
0
0
0
0
0
0
0
0
0
2.19802752e-13
2.207616217e-13
2.689704606e-13
2.068237271e-13
0
1.007571021e-12
1.55645045e-12
1.565584862e-12
1.026450837e-12
5.082618213e-13
1.475726472e-13
0
0
0
0
0
0
0
0
0
0
0
0
0
0
0
0
0
0
0
0
0
1.446652338e-13
1.444153027e-13
1.962884303e-13
1.566201375e-13
0
8.83514655e-13
1.444356856e-12
1.599935825e-12
1.358894422e-12
6.769969278e-13
2.289415032e-13
8.157281793e-15
0
0
0
0
0
0
0
0
0
0
0
0
0
0
0
0
0
0
0
0
1.301498549e-13
1.747827886e-13
1.948419474e-13
1.492763509e-13
0
5.960239849e-13
1.220059963e-12
1.581056671e-12
1.467070124e-12
8.617938477e-13
3.575225881e-13
6.030081738e-14
0
0
0
0
0
0
0
0
0
0
0
0
0
0
0
0
0
0
0
0
1.822956682e-13
2.749523705e-13
3.465317616e-13
3.343807414e-13
2.450362622e-13
1.164826273e-13
1.069227415e-12
1.585674102e-12
1.56448832e-12
9.965308275e-13
4.733755218e-13
1.250228605e-13
0
0
0
0
0
0
0
0
0
0
0
0
0
0
0
0
0
0
0
0
)
;

boundaryField
{
    inletCH4
    {
        type            fixedValue;
        value           nonuniform List<scalar> 0();
    }
    wallOutside
    {
        type            zeroGradient;
    }
    wallTube
    {
        type            zeroGradient;
    }
    inletPilot
    {
        type            fixedValue;
        value           nonuniform List<scalar> 0();
    }
    inletAir
    {
        type            fixedValue;
        value           nonuniform List<scalar> 0();
    }
    outlet
    {
        type            zeroGradient;
    }
    axis
    {
        type            empty;
    }
    frontAndBack_pos
    {
        type            wedge;
    }
    frontAndBack_neg
    {
        type            wedge;
    }
    procBoundary0to2
    {
        type            processor;
        value           nonuniform List<scalar> 
32
(
9.785277363e-14
0
0
0
0
0
0
0
0
0
0
0
0
0
0
0
0
0
0
0
0
0
0
0
0
0
0
0
0
0
0
0
)
;
    }
    procBoundary0to4
    {
        type            processor;
        value           nonuniform List<scalar> 
27
(
6.234350186e-13
1.111016344e-12
1.137846981e-12
1.283732961e-12
1.203642148e-12
9.102021875e-13
8.111484907e-13
1.308251767e-13
0
0
1.260745009e-13
1.081170207e-13
7.349744309e-14
1.061246604e-13
1.211542954e-13
1.297271925e-13
1.887945814e-13
2.185157766e-13
1.962527557e-13
2.113985805e-13
2.172848329e-13
2.342275258e-13
2.413968727e-13
1.906703496e-13
1.2132132e-13
9.026688725e-14
1.100346883e-13
)
;
    }
}


// ************************************************************************* //
)

// Processor1

1085
(dimensions      [0 0 0 0 0 0 0];

internalField   uniform 0;

boundaryField
{
    inletCH4
    {
        type            fixedValue;
        value           nonuniform List<scalar> 0();
    }
    wallOutside
    {
        type            zeroGradient;
    }
    wallTube
    {
        type            zeroGradient;
    }
    inletPilot
    {
        type            fixedValue;
        value           nonuniform List<scalar> 0();
    }
    inletAir
    {
        type            fixedValue;
        value           uniform 0;
    }
    outlet
    {
        type            zeroGradient;
    }
    axis
    {
        type            empty;
    }
    frontAndBack_pos
    {
        type            wedge;
    }
    frontAndBack_neg
    {
        type            wedge;
    }
    procBoundary1to2
    {
        type            processor;
        value           uniform 0;
    }
    procBoundary1to3
    {
        type            processor;
        value           uniform 0;
    }
    procBoundary1to5
    {
        type            processor;
        value           uniform 0;
    }
}
)

// Processor2

3454
(dimensions      [0 0 0 0 0 0 0];

internalField   nonuniform List<scalar> 
861
(
0
0
0
0
0
0
0
0
0
0
0
0
0
0
0
0
0
0
0
0
0
0
0
0
0
0
0
0
0
0
0
0
0
0
0
0
0
0
0
0
0
0
0
0
0
0
0
0
0
0
0
0
0
0
0
0
0
0
0
0
0
0
0
0
0
0
0
0
0
0
0
0
0
0
0
0
0
0
0
0
0
0
0
0
0
0
0
0
0
0
0
0
0
0
0
0
0
0
0
0
0
0
0
0
0
0
0
0
0
0
0
0
0
0
0
0
0
0
0
0
0
0
0
0
0
0
0
0
0
0
0
0
0
0
0
0
0
0
0
0
0
0
0
0
0
0
0
0
0
0
0
0
0
0
0
0
0
0
0
0
0
0
0
0
0
0
0
0
0
0
0
0
0
0
0
0
0
0
0
0
0
0
0
0
0
0
0
0
0
0
0
0
0
0
0
0
0
0
0
0
0
0
0
0
0
0
0
0
0
0
0
0
0
0
0
0
0
0
0
0
0
0
0
0
0
0
0
0
0
0
0
0
0
0
0
0
0
0
0
0
0
0
0
0
0
0
0
0
0
0
0
0
0
0
0
0
0
0
0
0
0
0
0
0
0
0
0
0
0
0
0
0
0
0
0
0
0
0
0
0
0
0
0
0
0
0
0
0
0
0
0
0
0
0
0
0
0
0
0
0
0
0
0
0
0
0
0
0
0
0
0
0
0
0
0
0
0
0
0
0
0
0
0
0
0
0
0
0
0
0
0
0
0
0
0
0
0
0
0
0
0
0
0
0
0
0
0
0
0
0
0
0
0
0
0
0
0
0
0
0
0
0
0
0
0
0
0
0
0
0
0
0
0
0
0
0
0
0
0
0
0
0
0
0
0
0
0
0
0
0
0
0
0
0
0
0
0
0
0
0
0
0
0
0
0
0
0
0
0
0
0
0
0
0
0
0
0
0
0
0
0
0
0
0
0
0
0
0
0
0
0
0
0
0
0
0
0
0
0
0
0
0
0
0
0
0
0
0
0
0
0
0
0
0
0
0
0
0
0
0
0
0
0
0
0
0
0
0
0
0
0
0
0
0
0
0
0
0
0
0
0
0
0
0
0
0
0
0
0
0
0
0
0
0
0
0
0
0
0
0
0
0
0
0
0
0
0
0
0
0
0
0
0
0
0
0
0
0
0
0
0
0
0
0
0
0
0
0
0
0
0
0
0
0
0
0
0
0
0
0
0
0
0
0
0
0
0
0
0
0
0
0
6.418684013e-14
0
0
0
0
0
0
0
0
0
0
0
0
0
0
0
0
0
0
0
0
0
0
0
0
0
0
0
0
0
0
0
0
0
0
0
0
3.064042432e-13
4.243907649e-15
0
0
0
0
0
0
0
0
0
0
0
0
0
0
0
0
0
0
0
0
0
0
0
0
0
0
0
0
0
0
0
0
0
0
0
5.577304046e-13
1.922305685e-13
0
0
0
0
0
0
0
0
0
0
0
0
0
0
0
0
0
0
0
0
0
0
0
0
0
0
0
0
0
0
0
0
0
0
0
8.208536518e-13
4.083883323e-13
7.162574999e-14
0
0
0
0
0
0
0
0
0
0
0
0
0
0
0
0
0
0
0
0
0
0
0
0
0
0
0
0
0
0
0
0
0
0
0
0
0
0
0
0
0
0
0
0
0
0
0
0
0
0
0
0
0
0
0
0
0
0
0
0
0
0
0
0
0
0
0
0
0
0
0
0
0
0
0
0
0
0
0
0
0
0
0
0
0
0
0
0
0
0
0
0
0
0
0
0
0
0
0
0
0
0
0
0
0
0
0
0
0
0
0
0
0
0
0
0
0
0
0
0
0
0
0
0
0
0
0
0
0
0
0
0
0
0
0
0
0
0
0
0
0
0
0
0
0
0
0
0
0
0
0
0
0
0
0
0
0
0
0
0
0
0
0
9.785277363e-14
0
0
0
0
0
0
0
0
0
0
0
0
0
0
0
0
0
0
0
0
0
0
0
0
0
0
0
0
0
0
0
)
;

boundaryField
{
    inletCH4
    {
        type            fixedValue;
        value           nonuniform List<scalar> 0();
    }
    wallOutside
    {
        type            zeroGradient;
    }
    wallTube
    {
        type            zeroGradient;
    }
    inletPilot
    {
        type            fixedValue;
        value           nonuniform List<scalar> 0();
    }
    inletAir
    {
        type            fixedValue;
        value           nonuniform List<scalar> 0();
    }
    outlet
    {
        type            zeroGradient;
    }
    axis
    {
        type            empty;
    }
    frontAndBack_pos
    {
        type            wedge;
    }
    frontAndBack_neg
    {
        type            wedge;
    }
    procBoundary2to0
    {
        type            processor;
        value           nonuniform List<scalar> 
32
(
2.127673641e-13
0
0
0
0
0
0
0
0
0
0
0
0
0
0
0
0
0
0
0
0
0
0
0
0
0
0
0
0
0
0
0
)
;
    }
    procBoundary2to1
    {
        type            processor;
        value           uniform 0;
    }
    procBoundary2to4
    {
        type            processor;
        value           nonuniform List<scalar> 10(1.094282187e-12 1.171332661e-12 3.880120177e-13 1.248953708e-14 1.248953708e-14 0 0 6.162836206e-14 1.792300619e-13 4.954212803e-13);
    }
    procBoundary2to5
    {
        type            processor;
        value           nonuniform List<scalar> 
16
(
0
0
0
0
0
0
0
0
0
0
0
2.646690776e-13
3.831271043e-13
7.413113938e-13
8.645983974e-13
6.857305164e-13
)
;
    }
}
)

// Processor3

10817
(dimensions      [0 0 0 0 0 0 0];

internalField   nonuniform List<scalar> 
861
(
0
0
0
0
0
0
0
0
0
0
0
0
0
0
0
0
0
0
0
0
0
0
0
0
0
0
0
0
0
0
0
0
0
0
0
0
0
0
0
0
0
0
0
0
0
0
0
0
0
0
0
0
0
0
0
0
0
0
0
0
0
0
0
0
0
0
0
0
0
0
0
0
0
0
0
0
0
0
0
0
0
0
0
0
0
0
0
0
0
0
0
0
0
0
0
0
0
0
0
2.935706113e-13
1.879914188e-10
1.863478226e-10
1.859886755e-10
1.869676044e-10
1.907498319e-10
7.806058291e-11
8.875749457e-11
8.521807088e-11
8.628267263e-11
7.122199944e-11
3.102372152e-11
4.110581886e-11
3.928863502e-11
3.749197446e-11
2.665615714e-11
1.578999644e-11
2.119172526e-11
2.040454893e-11
1.80432027e-11
1.16597673e-11
8.376156573e-12
1.165034517e-11
1.15651819e-11
1.037110261e-11
9.965674889e-12
5.390491952e-12
8.461477889e-12
7.942656978e-12
3.240406206e-12
2.997523643e-12
1.706047833e-12
2.103093161e-12
5.598382903e-12
1.511739233e-11
2.65275287e-11
5.013154815e-10
1.880783571e-11
5.339125463e-13
1.767366631e-13
2.78641236e-09
3.002999734e-09
1.88435909e-10
2.392849613e-11
1.769551953e-09
7.506459363e-11
4.478758153e-10
2.267175577e-09
2.005715942e-09
8.640433693e-10
1.983045289e-11
4.18192091e-11
4.86089043e-10
4.625716687e-10
0
3.901420068e-11
3.543675255e-11
0
0
0
1.344830402e-11
1.201409951e-11
1.037380108e-11
0
1.286977591e-11
8.76359586e-11
6.491208997e-11
1.38651863e-11
4.028194337e-12
3.550281435e-11
9.180397753e-11
9.772027908e-11
3.981260013e-11
3.161656535e-11
7.038696032e-11
8.486285272e-11
9.119666561e-11
7.463407889e-11
6.935747377e-11
8.634167041e-11
7.916611016e-11
7.079170182e-11
8.315522151e-11
8.252962375e-11
8.114282883e-11
7.326485285e-11
5.83362692e-11
7.24833112e-11
7.417531903e-11
6.938321143e-11
6.645975507e-11
9.755638684e-11
8.074573998e-11
6.699633573e-11
6.161504205e-11
5.899918074e-11
4.553409703e-09
2.713342607e-09
3.694563648e-10
1.235865961e-10
7.257338103e-12
0
0
7.728546754e-13
1.747347545e-11
5.246826395e-10
0
0
5.412722677e-12
6.923198338e-11
1.830605395e-09
0
2.05552104e-13
7.818375379e-12
1.047829734e-10
1.813072127e-09
0
6.386343296e-13
1.064022569e-11
1.38513016e-10
1.820479271e-09
0
1.051697116e-12
1.083917577e-11
1.820766617e-10
1.986459615e-09
0
2.020101869e-12
1.706327778e-11
2.31255135e-10
2.161845003e-09
1.1851984e-13
3.768736369e-12
2.392417723e-11
2.527677114e-10
1.952489614e-09
4.175294665e-13
4.616892244e-12
3.19054267e-11
2.710815204e-10
1.792394836e-09
6.912386715e-14
7.416038439e-13
4.060663429e-11
2.94081442e-10
1.796080555e-09
5.796753969e-13
5.274441992e-12
5.081685045e-11
3.214177633e-10
1.821172783e-09
2.25826544e-12
1.133893195e-11
6.394512462e-11
3.625736929e-10
1.912327862e-09
3.33671024e-12
1.495410804e-11
7.74264227e-11
3.950748612e-10
1.905766778e-09
3.809454437e-12
2.002815606e-11
9.122573177e-11
4.285651287e-10
1.939207954e-09
8.963645678e-12
2.736059975e-11
1.12214201e-10
4.974653744e-10
2.136473976e-09
1.611618831e-11
4.254339907e-11
1.36595561e-10
5.565407525e-10
2.205137082e-09
1.799241786e-11
5.23300059e-11
1.808161054e-10
7.107589877e-10
2.2660145e-09
3.549706999e-11
7.523682151e-11
2.381806501e-10
8.364933773e-10
2.826043443e-09
5.586845794e-11
1.020851305e-10
2.727071414e-10
1.198382725e-09
3.991630808e-09
1.133312924e-10
2.139363863e-10
6.059653316e-10
1.937517909e-09
6.030436656e-09
2.163697466e-10
3.610737991e-10
8.477536742e-10
2.204785516e-09
5.738658438e-09
3.88009871e-10
5.344152912e-10
9.434492409e-10
1.84413999e-09
3.702211732e-09
5.089511434e-10
5.987651322e-10
8.211475619e-10
1.228148735e-09
1.909746016e-09
4.056983615e-10
4.413697619e-10
5.152204717e-10
6.341102656e-10
8.019114561e-10
2.089820705e-10
2.162460139e-10
2.30458541e-10
2.501606622e-10
2.727750857e-10
8.12845429e-11
8.241998286e-11
8.399185987e-11
8.464646554e-11
8.547675554e-11
3.449638921e-09
1.751458144e-08
1.212508797e-08
1.076393883e-08
1.099984962e-08
1.101987838e-08
8.693120153e-09
7.052483603e-09
6.830758131e-09
6.583645331e-09
6.555239192e-09
6.044712616e-09
5.906479841e-09
6.247591817e-09
6.034455891e-09
5.799249771e-09
7.013117373e-09
9.717769836e-09
1.395069908e-08
1.144551137e-08
6.126497278e-09
2.636940641e-09
9.536074967e-10
2.940000789e-10
8.60539696e-11
1.153827719e-08
3.550087089e-08
2.052373958e-09
1.62169581e-09
9.864243913e-11
9.262560373e-08
1.449786143e-06
9.406337112e-08
2.937318698e-09
8.843515987e-10
5.000076266e-08
4.577764871e-07
1.028356951e-07
7.962608855e-09
4.839560536e-09
4.422319829e-08
4.516078094e-07
3.546461146e-06
2.793269476e-07
2.839991576e-08
4.435901659e-08
4.421609972e-07
3.517363349e-06
3.822614801e-07
3.278718235e-08
4.154839234e-08
3.417113318e-07
2.350261279e-06
3.494514159e-07
3.646619359e-08
3.038161173e-08
2.432491586e-07
1.478202675e-06
2.943672658e-07
4.25283081e-08
2.260009366e-08
1.758629242e-07
9.928648782e-07
1.529285711e-06
2.073668459e-07
2.162882075e-08
1.540501065e-07
8.932678938e-07
3.175466012e-06
4.850366093e-07
2.012219542e-08
1.33323767e-07
7.32590495e-07
2.71881515e-06
4.985251249e-07
1.943457914e-08
1.149850575e-07
6.012443011e-07
2.202756893e-06
4.660967894e-07
1.694647803e-08
1.005841767e-07
5.005644063e-07
1.801085944e-06
6.669971422e-07
1.63168531e-08
1.006830501e-07
4.487992804e-07
1.683528421e-06
2.405644171e-06
1.673043895e-08
9.208440486e-08
3.954262137e-07
1.449086389e-06
2.471076349e-06
1.544705624e-08
7.782870579e-08
3.486515977e-07
1.226862957e-06
2.188176337e-06
1.43239807e-08
6.717502027e-08
3.132262385e-07
1.061702677e-06
1.9723512e-06
1.672044725e-08
7.605982203e-08
3.138433446e-07
1.038837991e-06
1.979815001e-06
2.286977463e-08
1.02635062e-07
4.045684024e-07
1.334054424e-06
2.556299524e-06
3.112775746e-08
1.251729329e-07
4.405610463e-07
1.286459939e-06
8.160220755e-07
2.292232699e-08
7.110608847e-08
1.863400575e-07
4.017568972e-07
5.874070258e-07
1.07251682e-08
2.52320242e-08
5.035302056e-08
8.175645504e-08
9.66885076e-08
3.959872202e-09
7.08130086e-09
1.093889387e-08
1.380829235e-08
1.316188279e-08
1.230243788e-09
1.685923068e-09
2.037192497e-09
2.091297826e-09
1.730823107e-09
3.346393244e-10
3.735513674e-10
3.751349628e-10
3.324964431e-10
2.517141876e-10
9.005116652e-11
8.84100995e-11
7.893711419e-11
6.369754993e-11
4.582455346e-11
3.380873896e-13
0
0
0
0
0
0
0
0
0
0
0
0
0
0
0
5.150872807e-12
1.558941507e-12
0
0
0
0
0
0
0
0
0
0
0
0
0
0
3.719705268e-11
0
0
0
0
0
0
0
0
0
0
0
0
0
0
0
5.652317323e-10
4.145860177e-12
5.116468623e-13
0
0
0
0
0
0
0
0
0
0
0
0
0
2.865955105e-09
4.455623034e-11
4.5801539e-13
2.083963138e-13
0
0
0
0
0
0
0
0
0
0
0
0
1.312081055e-08
4.884679184e-10
9.794588835e-12
2.691606566e-12
7.896768414e-14
0
0
0
0
0
0
0
0
0
0
0
1.629554942e-08
2.049944755e-09
8.404134325e-11
2.620415582e-12
8.476932534e-13
0
0
0
0
0
0
0
0
0
0
0
1.935135378e-08
6.697322844e-09
5.396268347e-10
2.361387693e-11
2.547041098e-12
5.469576222e-13
0
0
0
0
0
0
0
0
0
0
4.637816264e-08
1.384208837e-08
2.405958585e-09
1.751600179e-10
7.717704905e-12
2.811298905e-12
1.604389591e-13
0
0
0
0
0
0
0
0
0
5.874865426e-08
1.391091577e-08
7.862955255e-09
8.286559482e-10
5.344418533e-11
1.968039207e-12
8.255945565e-13
0
0
0
0
0
0
0
0
0
6.678490334e-08
8.142129893e-09
1.688265417e-08
3.276742603e-09
2.6605577e-10
1.241315604e-11
3.35544938e-12
2.770660312e-13
0
0
0
0
0
0
0
0
1.071063053e-07
1.44945282e-08
1.998708874e-08
1.12903724e-08
1.066295342e-09
5.687682831e-11
1.703741955e-12
8.035610637e-13
2.619730748e-14
0
0
0
0
0
0
0
3.687678008e-07
4.594397062e-08
1.698394408e-08
3.263765872e-08
3.59957504e-09
2.14039498e-10
7.483437421e-12
1.600540214e-12
1.223009818e-13
0
0
0
0
0
0
0
4.430078916e-07
6.418825633e-08
1.433669606e-08
6.472794574e-08
9.56186904e-09
6.39762781e-10
2.615558476e-11
4.423788503e-12
2.559861295e-13
0
0
0
0
0
0
0
4.491333606e-07
7.754233771e-08
2.195007481e-08
9.224941216e-08
1.815534368e-08
1.30880574e-09
6.253124996e-11
1.011119277e-11
6.050562162e-13
7.594675296e-15
0
0
0
0
0
0
4.499382733e-07
9.059308581e-08
3.327288044e-08
1.462428198e-07
2.211644545e-08
1.61662215e-09
8.613281402e-11
6.031403137e-12
6.206378973e-13
9.568292306e-15
0
0
0
0
0
0
4.746296521e-07
1.009079284e-07
4.674558722e-08
2.571233082e-07
2.162745323e-08
1.289549779e-09
6.765136005e-11
3.244643283e-12
3.90838362e-13
4.222816254e-15
0
0
0
0
0
0
5.766938277e-07
1.183577555e-07
8.180464622e-08
5.095088132e-08
5.103260944e-09
3.79994791e-10
2.392426791e-11
4.770491379e-13
2.432043216e-13
1.998996981e-15
0
0
0
0
0
0
2.50909381e-07
8.300225664e-08
1.35628204e-07
1.616521487e-08
1.567824135e-09
1.219205798e-10
8.045383975e-12
1.153916532e-12
1.158489275e-13
2.236478536e-13
0
0
0
0
0
0
5.340630445e-07
1.5282865e-07
2.796267639e-08
3.771534863e-09
4.055379353e-10
3.59508688e-11
3.474906435e-12
6.374373654e-13
1.708201632e-13
2.326771528e-13
1.923903924e-13
0
0
0
0
0
7.15368593e-08
2.228708135e-08
4.601301197e-09
7.228815221e-10
8.992272358e-11
9.702812182e-12
5.581156959e-13
2.495988687e-13
1.077886688e-13
1.038469077e-13
2.59521268e-13
1.630646549e-13
0
0
0
0
8.415480726e-09
2.915450389e-09
7.007500402e-10
1.279788847e-10
1.933602614e-11
2.700701645e-12
3.790610634e-13
8.188134619e-14
0
2.291853379e-14
1.803003816e-14
2.722841717e-13
1.967248024e-13
0
0
0
1.04107261e-09
3.945370483e-10
1.088573189e-10
2.412255258e-11
4.815802107e-12
9.717929228e-13
2.601804916e-13
5.244221177e-14
2.417835631e-14
1.697804298e-14
0
1.812076176e-14
2.563790609e-13
1.32099535e-13
0
0
1.48083251e-10
6.169801959e-11
2.021411516e-11
5.756967747e-12
1.581758224e-12
4.311922553e-13
1.228387591e-13
3.452061184e-14
3.337960973e-14
3.361217092e-14
2.6471381e-14
3.579321679e-16
2.462696297e-14
2.698906979e-13
1.384906417e-13
0
2.714888396e-11
1.253024008e-11
)
;

boundaryField
{
    inletCH4
    {
        type            fixedValue;
        value           uniform 0;
    }
    wallOutside
    {
        type            zeroGradient;
    }
    wallTube
    {
        type            zeroGradient;
    }
    inletPilot
    {
        type            fixedValue;
        value           uniform 0;
    }
    inletAir
    {
        type            fixedValue;
        value           uniform 0;
    }
    outlet
    {
        type            zeroGradient;
    }
    axis
    {
        type            empty;
    }
    frontAndBack_pos
    {
        type            wedge;
    }
    frontAndBack_neg
    {
        type            wedge;
    }
    procBoundary3to1
    {
        type            processor;
        value           uniform 0;
    }
    procBoundary3to5
    {
        type            processor;
        value           nonuniform List<scalar> 
30
(
2.822398219e-11
2.816340437e-11
2.785538532e-11
2.718579395e-11
2.619823081e-11
2.551946224e-11
2.530683077e-11
2.30709304e-11
1.933367549e-11
1.491354218e-11
1.058656474e-11
0
4.74893118e-12
1.761367134e-12
6.057937295e-13
2.17549755e-13
8.706560777e-14
4.224188619e-15
2.042018293e-14
2.906103763e-14
0
1.947602302e-14
1.930317903e-16
0
2.225419126e-13
0
5.081364974e-14
6.499531768e-12
4.74893118e-12
3.388400092e-12
)
;
    }
}
)

// Processor4

15078
(dimensions      [0 0 0 0 0 0 0];

internalField   nonuniform List<scalar> 
862
(
0
0
0
0
0
6.858362381e-17
7.020552695e-17
6.512081221e-17
1.484338308e-17
0
4.992755514e-16
4.850856332e-16
4.622672845e-16
4.389785621e-16
4.155089282e-16
1.642625165e-15
1.669766753e-15
1.728247006e-15
1.7801381e-15
1.758898106e-15
2.782963184e-15
2.748440923e-15
2.67543205e-15
2.563832354e-15
2.408462822e-15
3.356659109e-15
3.293762682e-15
3.162144888e-15
2.974660332e-15
2.741024526e-15
4.174617055e-15
4.102377274e-15
3.947708148e-15
3.718199007e-15
3.41378087e-15
5.33891662e-15
5.251651817e-15
5.067394883e-15
4.800515652e-15
4.455889021e-15
7.61776751e-15
7.498257892e-15
7.24435176e-15
6.871680003e-15
6.37748422e-15
1.068885755e-14
1.053947338e-14
1.022335416e-14
9.762444789e-15
9.173197184e-15
1.470150399e-14
1.455131686e-14
1.423403828e-14
1.377248756e-14
1.318474663e-14
1.772343416e-14
1.759895907e-14
1.733624457e-14
1.69627948e-14
1.652044197e-14
2.013487391e-14
2.003829363e-14
1.984795223e-14
1.959699417e-14
1.932125823e-14
2.063060356e-14
2.04769641e-14
2.024121726e-14
1.993580746e-14
1.938958597e-14
2.617303272e-14
2.591537737e-14
2.537489264e-14
2.458467105e-14
2.355297441e-14
3.703930701e-14
3.66728944e-14
3.590071639e-14
3.483923308e-14
3.372254487e-14
4.913242698e-14
4.866810946e-14
4.767002835e-14
4.61957127e-14
4.42576389e-14
5.430800224e-14
5.378286374e-14
5.263868172e-14
5.092869113e-14
4.869018236e-14
6.245621514e-14
6.192028744e-14
6.074816363e-14
5.898876258e-14
5.667872538e-14
8.147680396e-14
8.117426231e-14
8.054235429e-14
7.963558283e-14
7.852870643e-14
0
0
3.706921732e-16
1.706275533e-15
2.266166513e-15
2.558684277e-15
3.162740299e-15
4.164693696e-15
5.934975819e-15
8.689714404e-15
1.27008822e-14
1.620784402e-14
1.915670587e-14
1.883937329e-14
2.268753377e-14
3.260461525e-14
4.264387235e-14
4.687382707e-14
5.483067719e-14
7.767406781e-14
2.046026291e-17
3.951657726e-17
5.882247225e-17
0
0
0
0
0
0
0
2.222807193e-16
7.602995191e-17
6.789715267e-17
3.080997923e-16
2.546885212e-16
1.528182538e-15
1.086345113e-15
8.168421086e-16
6.397553705e-16
4.853486261e-16
2.014562287e-15
1.652045305e-15
1.227647507e-15
8.192091454e-16
4.66250083e-16
2.285367881e-15
1.829735038e-15
1.348355713e-15
8.893737859e-16
5.278245368e-16
2.771205019e-15
2.17900954e-15
1.628091827e-15
1.128748105e-15
7.015319126e-16
3.701238281e-15
2.950924083e-15
2.227180085e-15
1.545489279e-15
8.300205277e-16
5.231652442e-15
4.130202883e-15
3.159807446e-15
2.203530829e-15
1.310569867e-15
7.84435041e-15
6.490157524e-15
5.138322632e-15
3.876066758e-15
2.778660569e-15
1.184381982e-14
1.047329703e-14
9.107917936e-15
7.943731429e-15
7.161102019e-15
1.566753943e-14
1.506346093e-14
1.47588335e-14
1.53754054e-14
1.808857095e-14
1.89344587e-14
1.973519188e-14
1.663348347e-14
1.484656499e-14
1.372511869e-14
1.785257145e-14
1.620751584e-14
1.446411055e-14
1.283526926e-14
1.145192362e-14
2.121283355e-14
1.881879326e-14
1.643045272e-14
1.416441133e-14
1.245145453e-14
3.099044492e-14
2.774865881e-14
2.441094802e-14
2.092691176e-14
1.75066232e-14
4.027971792e-14
3.619524928e-14
3.191500196e-14
2.680439916e-14
2.135026911e-14
4.421946041e-14
3.935713445e-14
3.395138873e-14
2.831316325e-14
2.31297524e-14
5.215569394e-14
4.759371715e-14
4.261601892e-14
3.807737771e-14
3.472889222e-14
7.597674593e-14
7.367979512e-14
7.166233425e-14
6.953739158e-14
6.750936703e-14
1.094282187e-12
1.171332661e-12
3.880120177e-13
1.248953708e-14
7.637101383e-13
9.488160503e-13
5.018033357e-13
1.253073229e-13
0
7.625568634e-13
1.138005223e-12
1.014592707e-12
4.410648451e-13
6.162836206e-14
5.229777453e-14
0
8.09880865e-13
1.007249645e-12
5.78716636e-13
1.792300619e-13
1.366241555e-14
0
7.840488559e-13
1.182267014e-12
1.078792488e-12
4.954212803e-13
0
0
1.639590889e-13
8.705176289e-13
1.051273595e-12
6.234350186e-13
1.702649814e-14
3.308515601e-14
1.917140876e-14
0
8.189227195e-13
1.218820974e-12
1.111016344e-12
2.009793843e-14
2.398785343e-14
2.165214934e-15
0
6.350470607e-13
1.076812638e-12
1.137846981e-12
4.772938747e-14
6.269059278e-14
6.94474808e-14
5.594082832e-14
6.109168233e-14
0
8.726764691e-13
1.283732961e-12
6.29072286e-14
8.9009766e-14
9.988974433e-14
1.059952029e-13
9.858438522e-14
6.52573661e-14
0
7.525021e-13
1.203642148e-12
1.284100853e-13
1.488303975e-13
1.53845877e-13
1.581864472e-13
1.509477968e-13
1.212216991e-13
1.060962915e-13
0
9.102021875e-13
1.557753054e-13
1.683997133e-13
1.673972758e-13
1.63714066e-13
1.624435367e-13
1.538180747e-13
1.369014409e-13
1.021244609e-13
0
8.111484907e-13
0
0
1.479406576e-16
1.49440162e-16
2.753309169e-16
8.088268476e-16
1.791224184e-15
3.592502237e-15
7.959701481e-15
1.53840788e-14
2.419707238e-14
3.364374887e-14
4.653108375e-14
5.980867244e-14
7.260840528e-14
8.928314367e-14
1.064167338e-13
1.196781151e-13
1.275132832e-13
1.295074816e-13
1.240538166e-13
1.204337249e-13
1.141832498e-13
1.068047389e-13
8.792775985e-14
4.258145348e-14
0
1.308251767e-13
3.306357201e-17
8.874746932e-17
1.287739806e-16
1.063330127e-16
2.651110967e-16
6.773123881e-16
1.341613667e-15
3.048268522e-15
8.027841493e-15
1.485380977e-14
2.238672809e-14
2.980499825e-14
3.950985768e-14
4.796337187e-14
5.466119234e-14
6.586293284e-14
7.679778729e-14
8.337766486e-14
8.510737477e-14
8.242923318e-14
7.615764263e-14
8.045011191e-14
8.404036485e-14
9.274698279e-14
9.288420746e-14
7.246515292e-14
7.034979835e-14
0
1.787247403e-16
1.370033188e-16
1.10216517e-16
7.613409565e-17
8.551756364e-17
3.13457105e-16
9.18682926e-16
2.830999781e-15
6.556816233e-15
1.140047772e-14
1.663518731e-14
2.141799622e-14
2.711359862e-14
3.125120264e-14
3.347678247e-14
4.023376405e-14
4.695602966e-14
4.967762834e-14
4.638172892e-14
3.717519063e-14
1.305366474e-14
4.150210103e-14
5.753185759e-14
7.577997972e-14
8.844541821e-14
1.017012478e-13
7.445419979e-14
0
2.632442725e-16
1.125998902e-16
8.778929584e-17
8.831767718e-17
7.868495212e-17
0
5.993712756e-17
1.356386049e-15
3.678945072e-15
6.710824822e-15
1.011508645e-14
1.232694499e-14
1.481395385e-14
1.56315774e-14
1.480697753e-14
1.900976874e-14
2.419471175e-14
2.709970235e-14
2.403867834e-14
1.971789862e-14
1.072151226e-14
2.792663972e-14
4.294511288e-14
6.464441475e-14
8.261964879e-14
1.023488806e-13
1.120670506e-13
1.260745009e-13
1.771814784e-16
6.389436867e-17
7.287579653e-17
7.755966978e-17
0
0
8.908621649e-17
2.344653542e-16
8.453211136e-16
1.79282286e-15
2.230606981e-15
3.214563918e-15
3.689173713e-15
2.650548853e-15
8.657592856e-16
2.005185993e-15
5.446773167e-15
7.496020934e-15
7.586675399e-15
8.362186345e-15
1.139483598e-14
1.945936074e-14
3.23710514e-14
5.247705249e-14
7.500984461e-14
9.548059615e-14
9.574639295e-14
1.081170207e-13
2.340688425e-16
7.134171989e-17
5.551760886e-17
0
0
0
1.866731424e-17
2.071526782e-16
2.643483049e-16
1.210174238e-15
6.424446664e-16
1.747501479e-17
6.058028804e-17
5.124538971e-16
3.764316667e-15
0
0
0
8.72711119e-16
1.081150901e-15
2.82147931e-15
8.765690494e-15
1.776085522e-14
3.092452087e-14
5.262158313e-14
7.149806525e-14
9.303362081e-14
7.349744309e-14
3.14285414e-16
0
0
0
0
6.307278485e-17
2.109985823e-16
2.817458742e-16
3.220678612e-16
1.14336128e-15
0
0
0
2.641610378e-16
3.552125322e-15
0
0
0
7.171191292e-16
1.016971233e-15
3.996734659e-15
1.09141734e-14
1.921475873e-14
3.111729051e-14
5.30652888e-14
7.363843242e-14
9.606711167e-14
1.061246604e-13
3.623737153e-16
1.116211805e-18
0
0
0
1.010840105e-16
2.04584299e-16
7.214044631e-16
2.79817258e-15
4.127894209e-15
3.42908132e-15
3.379650081e-15
4.021407111e-15
4.720952165e-15
5.265347154e-15
3.191747528e-15
1.265188904e-15
0
8.585219353e-16
1.065732681e-15
3.561499387e-15
9.226472027e-15
2.512445344e-14
4.324536355e-14
6.615984733e-14
9.460526431e-14
1.165987276e-13
1.211542954e-13
4.717923045e-16
0
0
1.363558249e-16
2.495996704e-15
1.46450107e-15
3.180965456e-15
5.913185142e-15
1.041730492e-14
1.303407046e-14
1.574140012e-14
1.898980136e-14
2.225118653e-14
2.527276418e-14
2.82206581e-14
2.802043131e-14
2.728410833e-14
2.497842339e-14
2.204530501e-14
1.834926438e-14
1.445401979e-14
1.101432886e-14
3.840047205e-14
6.624494107e-14
9.564973207e-14
1.193726739e-13
1.32737865e-13
1.297271925e-13
1.86950382e-15
1.482949996e-15
1.713842945e-15
2.927939132e-15
5.172537558e-15
8.65864274e-15
1.375688647e-14
2.138275555e-14
2.935459688e-14
3.487796354e-14
4.182777036e-14
4.999049221e-14
5.830002479e-14
6.566432766e-14
7.110221745e-14
7.679352155e-14
7.969074999e-14
7.84638749e-14
7.42641304e-14
6.656755384e-14
5.515165201e-14
4.299903222e-14
7.427625217e-14
1.051341407e-13
1.329328295e-13
1.60985427e-13
1.777074633e-13
1.887945814e-13
6.992397201e-15
9.581583203e-15
8.263668155e-15
1.00750427e-14
1.395681667e-14
1.993085193e-14
2.893843316e-14
3.879040158e-14
4.706185715e-14
5.785358349e-14
7.061909769e-14
8.448563855e-14
9.871836704e-14
1.137542079e-13
1.221557204e-13
1.301519961e-13
1.345240371e-13
1.336961715e-13
1.28534578e-13
1.187089863e-13
1.042111336e-13
9.026051749e-14
1.133468525e-13
1.384833796e-13
1.621862325e-13
1.88961001e-13
2.067670387e-13
2.185157766e-13
1.431982382e-14
1.315362869e-14
1.389749317e-14
1.667789238e-14
2.186193727e-14
3.052815541e-14
4.076150047e-14
5.138842619e-14
6.149813888e-14
7.43853582e-14
9.026033081e-14
1.079637186e-13
1.264573557e-13
1.440848832e-13
1.53255254e-13
1.594094405e-13
1.617580969e-13
1.592429688e-13
1.527626532e-13
1.417934138e-13
1.256936188e-13
1.10558008e-13
1.255283219e-13
1.431764546e-13
1.597128579e-13
1.803207826e-13
1.921894831e-13
1.962527557e-13
1.276904928e-14
1.27334284e-14
1.416870469e-14
1.791952786e-14
2.388243195e-14
3.143238189e-14
3.903156917e-14
4.589972343e-14
5.603965489e-14
6.876978546e-14
8.326519878e-14
9.880806779e-14
1.145249137e-13
1.292776044e-13
1.37035073e-13
1.423186096e-13
1.445679106e-13
1.432292333e-13
1.398010862e-13
1.341845244e-13
1.261007258e-13
1.186547809e-13
1.266755744e-13
1.367438472e-13
1.484234548e-13
1.65324028e-13
1.895372415e-13
2.113985805e-13
1.035088997e-14
1.007260962e-14
1.179019198e-14
1.436193453e-14
1.832413835e-14
2.196430849e-14
2.47109934e-14
3.079693612e-14
3.825521781e-14
4.763011816e-14
5.847988483e-14
7.036441585e-14
8.291269492e-14
9.040087547e-14
9.463170607e-14
9.839677498e-14
1.014098254e-13
1.034491171e-13
1.064422142e-13
1.104266678e-13
1.153361589e-13
1.218913625e-13
1.261307578e-13
1.331783275e-13
1.450419635e-13
1.653519453e-13
1.907450625e-13
2.172848329e-13
1.080288421e-14
9.217691714e-15
8.305015775e-15
8.690001068e-15
9.40689577e-15
9.076772771e-15
1.146189938e-14
1.469139581e-14
1.929615828e-14
2.501587142e-14
3.168222203e-14
3.925701433e-14
4.708838544e-14
4.910018417e-14
5.163667425e-14
5.52680228e-14
6.011170154e-14
6.693132362e-14
7.604458585e-14
8.955887758e-14
1.066305789e-13
1.252349495e-13
1.317559703e-13
1.393243894e-13
1.511716771e-13
1.697242816e-13
2.020262585e-13
2.342275258e-13
1.408293849e-14
1.113101471e-14
8.057402704e-15
5.659665675e-15
3.046245281e-15
2.737961693e-15
2.852809689e-15
4.021457892e-15
6.063851491e-15
8.893180954e-15
1.264488844e-14
1.801413916e-14
2.073908342e-14
2.054999253e-14
2.215344643e-14
2.630496251e-14
3.329404842e-14
4.465852325e-14
5.810303673e-14
7.802822314e-14
1.024457243e-13
1.257919405e-13
1.349701195e-13
1.42811262e-13
1.53357569e-13
1.711147495e-13
2.042356375e-13
2.413968727e-13
1.562680849e-14
1.026269379e-14
6.086339245e-15
2.325959991e-15
8.793264736e-16
0
0
0
1.566026335e-16
1.923951049e-15
6.019100653e-15
7.103210963e-15
7.254854302e-15
5.796213448e-15
7.011732119e-15
1.123506305e-14
1.879400074e-14
3.122644084e-14
4.607164474e-14
6.748836501e-14
9.296307406e-14
1.155841182e-13
1.224694791e-13
1.260294467e-13
1.302706928e-13
1.401046273e-13
1.640190353e-13
1.906703496e-13
1.796474936e-14
1.241503023e-14
9.260386525e-15
6.362415079e-15
4.014955338e-15
2.878737609e-15
2.627219007e-15
3.070310628e-15
4.228117293e-15
6.148862845e-15
9.101513305e-15
8.994379122e-15
5.028030068e-15
2.669231738e-15
2.815884702e-15
5.552707145e-15
1.085958534e-14
1.99499738e-14
3.261597626e-14
5.032132423e-14
7.165552917e-14
8.619652768e-14
8.568195322e-14
8.359455792e-14
8.245418434e-14
8.566692635e-14
1.011028795e-13
1.2132132e-13
3.176481609e-14
2.864193496e-14
2.599080259e-14
2.446041321e-14
2.371906402e-14
2.349900911e-14
2.361351981e-14
2.400009567e-14
2.480441407e-14
2.672999758e-14
2.546586395e-14
2.32889198e-14
1.936431486e-14
1.733156112e-14
1.670600474e-14
1.706892028e-14
1.821780377e-14
2.15132821e-14
2.767374844e-14
3.74171592e-14
5.055327275e-14
5.468453625e-14
4.407327811e-14
4.103299925e-14
3.94942252e-14
4.30960052e-14
5.905125359e-14
9.026688725e-14
6.531867963e-14
6.371692e-14
6.255704409e-14
6.146892892e-14
6.008834308e-14
5.80901288e-14
5.526886521e-14
5.181285732e-14
4.900052161e-14
4.152930214e-14
4.521411458e-14
4.411930975e-14
4.435877729e-14
4.470600096e-14
4.418175247e-14
4.235411149e-14
3.918271364e-14
3.682125861e-14
3.585363424e-14
3.699851777e-14
4.182208457e-14
3.916027525e-14
2.379593577e-14
1.919294235e-14
1.980719489e-14
3.047048731e-14
5.987576095e-14
1.100346883e-13
)
;

boundaryField
{
    inletCH4
    {
        type            fixedValue;
        value           nonuniform List<scalar> 0();
    }
    wallOutside
    {
        type            zeroGradient;
    }
    wallTube
    {
        type            zeroGradient;
    }
    inletPilot
    {
        type            fixedValue;
        value           nonuniform List<scalar> 0();
    }
    inletAir
    {
        type            fixedValue;
        value           nonuniform List<scalar> 0();
    }
    outlet
    {
        type            zeroGradient;
    }
    axis
    {
        type            empty;
    }
    frontAndBack_pos
    {
        type            wedge;
    }
    frontAndBack_neg
    {
        type            wedge;
    }
    procBoundary4to0
    {
        type            processor;
        value           nonuniform List<scalar> 
27
(
2.127673641e-13
5.284340854e-13
6.693802583e-13
1.227192876e-12
1.220204812e-12
1.293989805e-12
1.26427704e-12
8.938076204e-13
8.659218203e-13
7.72998742e-13
0
0
0
9.156022548e-14
1.078425284e-13
9.63994924e-14
1.77952517e-13
2.071425718e-13
1.822491461e-13
2.105931142e-13
2.426007659e-13
2.646312451e-13
2.827592302e-13
2.19802752e-13
1.446652338e-13
1.301498549e-13
1.822956682e-13
)
;
    }
    procBoundary4to2
    {
        type            processor;
        value           nonuniform List<scalar> 10(8.208536518e-13 4.083883323e-13 7.162574999e-14 0 0 0 0 0 0 9.785277363e-14);
    }
    procBoundary4to5
    {
        type            processor;
        value           nonuniform List<scalar> 
46
(
0
0
0
0
0
0
0
0
0
0
3.681586255e-17
7.019433155e-13
0
0
0
2.455761484e-14
2.762649731e-14
1.108914361e-14
1.108914361e-14
8.785319868e-15
1.02431158e-14
1.02431158e-14
3.600716115e-14
3.600716115e-14
7.30663282e-14
1.301696168e-13
1.301696168e-13
6.865521139e-17
6.0729352e-17
4.358697068e-17
4.895234769e-17
8.831613319e-17
2.13958316e-16
7.063199512e-16
1.356956899e-15
4.772776657e-15
1.13500521e-14
1.977834755e-14
2.9692334e-14
4.371058208e-14
5.933217679e-14
7.538494932e-14
9.608759131e-14
1.185407797e-13
1.390956522e-13
1.390956522e-13
)
;
    }
}
)

// Processor5

14092
(dimensions      [0 0 0 0 0 0 0];

internalField   nonuniform List<scalar> 
862
(
2.822398219e-11
2.816340437e-11
2.785538532e-11
2.718579395e-11
2.619823081e-11
1.013140751e-11
1.004480961e-11
9.810388648e-12
9.42168042e-12
8.902761215e-12
3.685382279e-12
3.640881397e-12
3.532854776e-12
3.369378336e-12
3.1511892e-12
1.355470801e-12
1.338328373e-12
1.298315133e-12
1.239976262e-12
1.167432548e-12
4.880544494e-13
4.793398941e-13
4.651366732e-13
4.445008255e-13
4.183069455e-13
1.776429595e-13
1.808351673e-13
1.825677396e-13
1.764428147e-13
1.671664573e-13
7.967666901e-14
7.89900764e-14
7.725951011e-14
7.468688949e-14
7.137258378e-14
3.899287426e-14
3.876413561e-14
3.825371973e-14
3.751273419e-14
3.653743414e-14
2.471815218e-14
2.468671385e-14
2.46156901e-14
2.451196608e-14
2.433390286e-14
2.096713158e-14
2.103988678e-14
2.120021782e-14
2.143764371e-14
2.171027122e-14
2.124052694e-14
2.140277832e-14
2.176663557e-14
2.233760053e-14
2.309280261e-14
2.229068347e-14
2.250598098e-14
2.297997279e-14
2.36937825e-14
2.463209581e-14
2.091905144e-14
2.117652976e-14
2.173842014e-14
2.257909233e-14
2.368052807e-14
1.731819346e-14
1.757286183e-14
1.812690459e-14
1.895228842e-14
2.000664495e-14
1.133982169e-14
1.154575074e-14
1.192060425e-14
1.248530917e-14
1.320009239e-14
4.94349057e-15
5.026671844e-15
5.161793362e-15
5.307442825e-15
5.573733377e-15
2.160268541e-16
2.716663186e-16
4.112771355e-16
6.309771776e-16
9.389840202e-16
9.947807611e-16
1.007825483e-15
1.038492163e-15
1.093061942e-15
1.169027914e-15
3.067589862e-16
2.675575626e-16
1.800693635e-16
5.407511584e-17
1.672909043e-17
0
0
0
0
0
0
0
0
0
0
0
0
0
0
0
1.031165411e-15
9.795125638e-16
8.762313998e-16
7.353950723e-16
5.741537496e-16
1.967395153e-16
1.947389796e-16
1.89949616e-16
1.778858415e-16
1.583683768e-16
0
0
0
0
0
2.551946224e-11
8.542835547e-12
3.000415621e-12
1.119109776e-12
3.995496589e-13
1.603026945e-13
6.902129158e-14
3.578391242e-14
2.43473079e-14
2.199841488e-14
2.365653123e-14
2.537313644e-14
2.456914149e-14
2.084980302e-14
1.377792178e-14
5.839686716e-15
1.223189006e-15
1.21846353e-15
4.379192068e-18
0
0
0
4.662864718e-16
1.452853831e-16
0
2.530683077e-11
2.30709304e-11
1.933367549e-11
1.491354218e-11
1.058656474e-11
8.266443992e-12
7.319143835e-12
6.032396639e-12
4.627956686e-12
3.359961519e-12
2.872537468e-12
2.527470679e-12
2.070304071e-12
1.559283134e-12
1.181636353e-12
1.07623305e-12
9.811753329e-13
7.92069085e-13
6.019913663e-13
4.294874696e-13
3.792581788e-13
3.273096413e-13
2.935625454e-13
2.377957797e-13
1.812260464e-13
1.533955694e-13
1.381864637e-13
1.216130784e-13
1.020212793e-13
8.106060544e-14
6.668657131e-14
6.026735973e-14
5.358056787e-14
4.835589642e-14
4.199067661e-14
3.498677412e-14
3.309851694e-14
3.119801206e-14
2.897333648e-14
2.717754059e-14
2.445895219e-14
2.43304805e-14
2.428473341e-14
2.453026165e-14
2.524717602e-14
2.237564548e-14
2.328863025e-14
2.454408204e-14
2.621515785e-14
2.85254321e-14
2.437641527e-14
2.584836807e-14
2.797902346e-14
3.086507963e-14
3.448022327e-14
2.639845877e-14
2.855423521e-14
3.119419659e-14
3.456316291e-14
3.869298152e-14
2.589332115e-14
2.858234036e-14
3.144695659e-14
3.433633686e-14
3.722255869e-14
2.216578933e-14
2.434082353e-14
2.650673757e-14
2.848376604e-14
3.047849722e-14
1.472340038e-14
1.589733215e-14
1.695936167e-14
1.808518786e-14
1.969566301e-14
6.340882307e-15
7.290920275e-15
8.38814518e-15
9.841735536e-15
1.06601491e-14
1.747061811e-15
2.96129655e-15
3.57597838e-15
3.591934632e-15
3.204097469e-15
1.305188802e-15
1.20472916e-15
8.224058791e-16
6.249702089e-16
4.146647817e-16
0
0
0
0
0
0
0
0
0
0
0
0
0
0
2.572674574e-17
0
0
2.372538318e-17
1.237662066e-16
9.934645101e-17
3.167769177e-16
1.855453294e-16
1.476123454e-16
7.998930725e-17
0
1.216109158e-16
0
0
0
0
0
0
0
0
3.681586255e-17
0
0
0
0
0
0
0
0
0
0
0
0
0
0
4.74893118e-12
1.761367134e-12
6.057937295e-13
2.17549755e-13
8.706560777e-14
4.224188619e-15
2.042018293e-14
2.906103763e-14
0
1.947602302e-14
1.930317903e-16
0
2.225419126e-13
5.081364974e-14
0
0
0
0
0
0
0
6.499531768e-12
3.388400092e-12
1.608614662e-12
7.261437077e-13
3.057171351e-13
1.30960899e-13
5.872875405e-14
2.455828363e-14
0
2.44336933e-14
2.508379607e-14
0
1.310877556e-14
1.362318087e-14
7.716711886e-14
2.224837656e-13
2.768898803e-14
0
0
0
0
0
0
2.146670628e-12
1.219853655e-12
6.529549766e-13
2.95093501e-13
1.504422619e-13
6.239462762e-14
3.562443965e-14
1.254618661e-14
0
2.130178854e-14
3.527877992e-14
3.388828478e-14
0
0
3.749501239e-14
3.586206839e-13
4.224865027e-13
9.276722247e-14
0
0
0
0
0
8.111567926e-13
4.850140849e-13
2.418448946e-13
1.423963999e-13
7.236950227e-14
4.364144034e-14
2.887157897e-14
1.900634202e-14
1.661469886e-14
2.852439901e-14
3.778575125e-14
4.484552126e-14
3.873827806e-15
2.90928364e-14
0
4.392680428e-14
4.261396395e-13
5.613365499e-13
1.077672806e-13
0
0
0
0
3.099241203e-13
1.899012739e-13
1.217042824e-13
6.954290468e-14
3.135057665e-14
2.816879136e-14
2.480212803e-14
2.360636746e-14
2.119600056e-14
2.862628295e-14
3.666553298e-14
4.210381302e-14
3.718092895e-14
0
3.110025909e-14
4.009992842e-14
1.297105472e-13
3.584029185e-13
1.280104102e-13
0
0
0
0
1.342866643e-13
9.285990307e-14
5.833769986e-14
4.092874644e-14
2.989663516e-14
2.605196703e-14
2.386482885e-14
2.414928531e-14
2.706619594e-14
2.961248285e-14
3.478570124e-14
4.101585288e-14
4.954376695e-14
4.069834452e-14
2.096497493e-14
0
3.48525743e-14
3.786730345e-13
4.853733706e-13
1.711999189e-13
0
0
0
6.319658843e-14
4.661157095e-14
3.411677524e-14
2.824174571e-14
2.530048407e-14
2.438186272e-14
2.481269836e-14
2.654410978e-14
2.94947687e-14
3.314251241e-14
3.618001417e-14
4.222264345e-14
4.077160184e-14
3.555014424e-14
0
9.799044598e-15
0
0
4.839290275e-13
5.886034844e-13
1.918568602e-13
0
0
3.516451152e-14
2.867890718e-14
2.678523166e-14
2.53505379e-14
2.489228552e-14
2.686947344e-14
2.81493269e-14
3.229017539e-14
3.572727048e-14
3.856906793e-14
3.871264703e-14
3.921433393e-14
3.804699285e-14
3.731486573e-14
2.212045063e-14
2.515010938e-14
2.61323227e-14
8.948527593e-14
4.527795268e-13
5.933789403e-13
2.693747643e-13
1.164330052e-14
0
2.65606393e-14
2.56765588e-14
2.575542194e-14
2.687659295e-14
3.095407855e-14
3.303124363e-14
3.717822619e-14
3.866839326e-14
4.04344618e-14
4.210286708e-14
4.146222566e-14
3.78182036e-14
3.50153174e-14
3.430766481e-14
2.906180523e-14
0
1.229695533e-14
0
0
4.94261441e-13
6.081032741e-13
2.414289301e-13
0
2.639496326e-14
2.835033541e-14
3.159518461e-14
3.342466585e-14
3.8061026e-14
3.927094102e-14
4.413541095e-14
4.644540565e-14
4.683830811e-14
4.762744915e-14
4.724356409e-14
4.420450231e-14
4.365057749e-14
4.623047016e-14
5.15073866e-14
4.665967129e-14
7.196479758e-14
1.223590322e-13
2.568358233e-13
6.064438467e-13
8.370281696e-13
7.557712221e-13
2.646690776e-13
3.200996713e-14
3.69748814e-14
4.056732616e-14
4.250127164e-14
4.817527235e-14
5.293870088e-14
5.417580539e-14
5.545038004e-14
5.389406118e-14
5.252694748e-14
5.270139102e-14
5.135330514e-14
5.012197017e-14
4.99671134e-14
5.119830744e-14
5.492009569e-14
4.787219888e-14
4.967545647e-14
1.027943222e-14
0
5.711720597e-13
7.593249213e-13
3.831271043e-13
3.944946486e-14
4.490707706e-14
4.881291089e-14
5.034885911e-14
5.286016782e-14
5.863499542e-14
6.081265622e-14
6.124003095e-14
5.933307492e-14
5.634081686e-14
5.461580265e-14
5.310280114e-14
5.053366353e-14
4.827715402e-14
4.963057673e-14
5.279353875e-14
4.030516297e-14
4.227261797e-14
3.318591146e-14
2.297999787e-14
6.323067037e-14
6.560456202e-13
7.413113938e-13
4.365439563e-14
4.825464589e-14
5.036273149e-14
5.158300501e-14
5.304088537e-14
5.817959406e-14
5.974654561e-14
6.007901002e-14
5.838657673e-14
5.321732347e-14
5.039025813e-14
4.713489407e-14
4.25258106e-14
4.147076387e-14
3.761775887e-14
3.42415489e-14
2.117450365e-14
1.90776463e-14
1.411353184e-14
0
0
6.042041696e-13
8.645983974e-13
4.081901922e-14
4.408572714e-14
4.46956536e-14
4.447165448e-14
4.429503776e-14
4.802683969e-14
4.853996533e-14
4.825998273e-14
4.622477539e-14
4.099514942e-14
3.820674257e-14
3.33311336e-14
2.726408651e-14
2.458029498e-14
1.892868725e-14
1.687180037e-14
1.724383803e-14
3.493944911e-15
9.018134348e-15
3.227872117e-15
0
3.118807524e-16
6.857305164e-13
3.308860324e-14
3.449272295e-14
3.484754374e-14
3.441553178e-14
3.5350795e-14
3.517905512e-14
3.455275069e-14
3.60808532e-14
3.194871452e-14
2.715123215e-14
2.491213511e-14
1.936630062e-14
1.240430744e-14
6.497058791e-15
4.697079667e-15
7.100218697e-15
1.363564049e-14
7.255245582e-15
8.970745932e-15
1.143711436e-14
0
0
7.019433155e-13
2.106010512e-14
2.141417297e-14
2.093833538e-14
1.99691523e-14
2.217896202e-14
2.137621624e-14
1.967137081e-14
2.127190382e-14
1.824171298e-14
1.553281977e-14
1.558087142e-14
1.09420119e-14
5.78413649e-15
1.773466023e-15
3.331503006e-15
1.756653595e-15
5.807403022e-15
3.394134926e-15
5.393210814e-15
1.808983842e-14
2.767126535e-14
3.036069831e-14
0
1.058775598e-14
1.024992724e-14
9.817545075e-15
1.064042523e-14
1.025236145e-14
9.08428751e-15
7.593424149e-15
9.705337756e-15
7.598824836e-15
6.265377033e-15
7.97847071e-15
5.198643338e-15
2.419361058e-15
5.641654549e-16
2.935898454e-15
1.104103621e-15
2.302483581e-15
8.587244768e-15
1.859282508e-15
1.067638313e-14
1.936071487e-14
5.382771805e-15
0
2.584677848e-15
1.421693874e-15
6.30408094e-17
1.575056995e-15
1.31994609e-15
5.551699724e-16
5.987650243e-16
3.80427779e-15
2.10084194e-15
1.151872277e-15
3.447187276e-15
2.131424532e-15
1.100472626e-15
3.268543826e-16
2.861848501e-15
1.030809084e-15
2.051151439e-15
9.028776158e-15
2.476275215e-15
1.269675098e-14
2.495294384e-14
2.455761484e-14
1.3571427e-16
1.383171852e-16
9.58453083e-16
1.008437897e-15
9.914934703e-16
0
0
1.078387542e-15
3.648670725e-16
0
1.104255545e-15
8.760081757e-16
1.212351142e-16
8.877430534e-16
2.657758879e-15
8.464898396e-16
1.063176311e-15
4.618194826e-15
2.949964043e-15
3.133430414e-15
1.569894339e-14
2.762649731e-14
0
5.567668129e-16
4.793580042e-16
2.036418064e-16
0
7.376595634e-17
1.404686945e-15
3.688737744e-16
9.202570902e-17
0
4.817529939e-17
2.286754045e-16
0
2.786121454e-16
2.563374614e-15
0
8.547898096e-16
2.504030356e-15
9.344913561e-15
2.868391061e-15
8.539075896e-15
1.108914361e-14
4.205697435e-16
3.25345502e-16
0
0
4.297494226e-17
1.773360637e-16
2.286802177e-15
4.681784819e-16
0
0
1.642764498e-16
2.53631944e-17
0
2.344732876e-16
2.586113532e-15
0
9.568647836e-16
3.634050086e-15
1.161464895e-14
4.420499204e-15
8.785319868e-15
1.321691537e-16
0
0
8.977277318e-18
2.98524988e-17
3.755855343e-16
2.287321074e-16
4.839947639e-17
0
9.431608552e-17
5.32760381e-17
2.541833302e-17
0
0
2.903657468e-16
1.875084561e-16
2.192724439e-15
7.108643542e-15
1.392185188e-14
6.406267285e-15
1.02431158e-14
0
0
1.70398702e-18
4.511176817e-17
6.477437334e-17
6.712322618e-16
1.998656159e-16
3.208616092e-17
0
1.234177567e-16
7.398037435e-17
4.123463575e-17
8.548548683e-17
2.254474033e-15
5.308792587e-15
1.0688002e-14
1.796329835e-14
2.627447999e-14
3.350218601e-14
3.600716115e-14
0
8.200768892e-18
4.061844314e-17
5.863265765e-17
4.27680684e-16
1.580067242e-16
9.271916927e-17
2.865245392e-17
0
8.273221364e-17
1.79039076e-15
4.831071343e-15
1.076453967e-14
1.937664951e-14
2.901838852e-14
4.138787355e-14
5.549117203e-14
6.581858474e-14
7.30663282e-14
8.959699479e-18
3.79668775e-17
7.927566853e-17
3.257280431e-17
6.361924563e-17
9.630276355e-17
1.139766641e-16
2.838432114e-16
1.324434641e-15
6.828829223e-15
1.045619167e-14
1.791807524e-14
2.92426257e-14
4.34676852e-14
5.910808473e-14
7.780690896e-14
9.711901255e-14
1.155351638e-13
1.301696168e-13
6.865521139e-17
6.0729352e-17
4.358697068e-17
4.895234769e-17
8.831613319e-17
2.13958316e-16
7.063199512e-16
1.356956899e-15
4.772776657e-15
1.13500521e-14
1.977834755e-14
2.9692334e-14
4.371058208e-14
5.933217679e-14
7.538494932e-14
9.608759131e-14
1.185407797e-13
1.390956522e-13
)
;

boundaryField
{
    inletCH4
    {
        type            fixedValue;
        value           nonuniform List<scalar> 0();
    }
    wallOutside
    {
        type            zeroGradient;
    }
    wallTube
    {
        type            zeroGradient;
    }
    inletPilot
    {
        type            fixedValue;
        value           nonuniform List<scalar> 0();
    }
    inletAir
    {
        type            fixedValue;
        value           nonuniform List<scalar> 0();
    }
    outlet
    {
        type            zeroGradient;
    }
    axis
    {
        type            empty;
    }
    frontAndBack_pos
    {
        type            wedge;
    }
    frontAndBack_neg
    {
        type            wedge;
    }
    procBoundary5to1
    {
        type            processor;
        value           uniform 0;
    }
    procBoundary5to2
    {
        type            processor;
        value           nonuniform List<scalar> 
16
(
0
0
0
0
0
0
0
0
0
0
0
0
6.418684013e-14
3.064042432e-13
5.577304046e-13
8.208536518e-13
)
;
    }
    procBoundary5to3
    {
        type            processor;
        value           nonuniform List<scalar> 
30
(
8.12845429e-11
8.241998286e-11
8.399185987e-11
8.464646554e-11
8.547675554e-11
8.60539696e-11
9.005116652e-11
8.84100995e-11
7.893711419e-11
6.369754993e-11
4.582455346e-11
0
2.021411516e-11
5.756967747e-12
1.581758224e-12
4.311922553e-13
1.228387591e-13
3.452061184e-14
3.337960973e-14
3.361217092e-14
2.6471381e-14
3.579321679e-16
2.462696297e-14
2.698906979e-13
1.384906417e-13
0
0
2.714888396e-11
1.253024008e-11
1.253024008e-11
)
;
    }
    procBoundary5to4
    {
        type            processor;
        value           nonuniform List<scalar> 
46
(
0
0
0
0
0
0
2.046026291e-17
3.951657726e-17
5.882247225e-17
0
0
1.094282187e-12
7.637101383e-13
7.625568634e-13
5.229777453e-14
5.229777453e-14
1.366241555e-14
0
1.702649814e-14
1.702649814e-14
2.009793843e-14
4.772938747e-14
4.772938747e-14
6.29072286e-14
6.29072286e-14
1.284100853e-13
1.557753054e-13
0
0
1.479406576e-16
1.49440162e-16
2.753309169e-16
8.088268476e-16
1.791224184e-15
3.592502237e-15
7.959701481e-15
1.53840788e-14
2.419707238e-14
3.364374887e-14
4.653108375e-14
5.980867244e-14
7.260840528e-14
8.928314367e-14
1.064167338e-13
1.557753054e-13
1.196781151e-13
)
;
    }
}
)