/*--------------------------------*- C++ -*----------------------------------*\
  =========                 |
  \\      /  F ield         | OpenFOAM: The Open Source CFD Toolbox
   \\    /   O peration     | Website:  https://openfoam.org
    \\  /    A nd           | Version:  10
     \\/     M anipulation  |
\*---------------------------------------------------------------------------*/
FoamFile
{
    format      binary;
    class       decomposedBlockData;
    location    "/home/zhouyuchen/Desktop/FastChemistrySolver-OpenFOAM-10/EC-CCM/OpenFOAM-10/Sandia/processors6/0.02499901733/OH_0";
    object      OH_0;
}
// * * * * * * * * * * * * * * * * * * * * * * * * * * * * * * * * * * * * * //


// Processor0

7901
(/*--------------------------------*- C++ -*----------------------------------*\
  =========                 |
  \\      /  F ield         | OpenFOAM: The Open Source CFD Toolbox
   \\    /   O peration     | Website:  https://openfoam.org
    \\  /    A nd           | Version:  10
     \\/     M anipulation  |
\*---------------------------------------------------------------------------*/
FoamFile
{
    format      ascii;
    class       volScalarField;
    location    "0.02499901733";
    object      OH_0;
}
// * * * * * * * * * * * * * * * * * * * * * * * * * * * * * * * * * * * * * //

dimensions      [0 0 0 0 0 0 0];

internalField   nonuniform List<scalar> 
864
(
2.932511623e-07
2.925114647e-07
1.684173263e-07
2.462540338e-08
0
0
0
0
0
0
0
0
0
0
0
0
0
0
0
0
0
0
0
0
0
0
0
0
0
0
0
0
2.713988248e-07
3.610705546e-07
2.940779062e-07
1.206813807e-07
3.692114629e-10
0
0
0
0
0
0
0
0
0
0
0
0
0
0
0
0
0
0
0
0
0
0
0
0
0
0
0
2.421124642e-07
3.949138874e-07
3.990220002e-07
2.583448544e-07
6.839267486e-08
0
0
0
0
0
0
0
0
0
0
0
0
0
0
0
0
0
0
0
0
0
0
0
0
0
0
0
1.37585016e-07
3.794363054e-07
4.729978167e-07
3.963055205e-07
1.984459876e-07
2.397233284e-08
0
0
0
0
0
0
0
0
0
0
0
0
0
0
0
0
0
0
0
0
0
0
0
0
0
0
4.70583255e-08
3.265594141e-07
4.963603474e-07
5.013464023e-07
3.471867933e-07
1.210698869e-07
0
0
0
0
0
0
0
0
0
0
0
0
0
0
0
0
0
0
0
0
0
0
0
0
0
0
3.54851955e-10
2.389500981e-07
4.821593207e-07
5.763858643e-07
4.90752911e-07
2.730331013e-07
5.655307729e-08
0
0
0
0
0
0
0
0
0
0
0
0
0
0
0
0
0
0
0
0
0
0
0
0
0
0
9.976345585e-08
4.162557316e-07
6.031094483e-07
6.078128596e-07
4.389234324e-07
1.843889844e-07
1.091605273e-08
0
0
0
0
0
0
0
0
0
0
0
0
0
0
0
0
0
0
0
0
0
0
0
0
0
7.639676291e-08
4.021389946e-07
6.482820276e-07
7.314569019e-07
6.205071365e-07
3.662425742e-07
9.835871084e-08
0
0
0
0
0
0
0
0
0
0
0
0
0
0
0
0
0
0
0
0
0
0
0
0
0
2.459650631e-09
2.206115876e-07
6.034235431e-07
8.041812675e-07
7.815725154e-07
5.638667584e-07
2.576390731e-07
3.106593851e-08
0
0
0
0
0
0
0
0
0
0
0
0
0
0
0
0
0
0
0
0
0
0
0
0
0
1.725856386e-07
5.693475715e-07
8.372133937e-07
8.997353598e-07
7.468026179e-07
4.484906461e-07
1.397707918e-07
0
0
0
0
0
0
0
0
0
0
0
0
0
0
0
0
0
0
0
0
0
0
0
1.578739224e-10
0
8.764598483e-08
3.737492005e-07
7.726950484e-07
9.515240814e-07
8.94480037e-07
6.440112522e-07
3.101428437e-07
4.923608046e-08
0
0
0
0
0
0
0
0
0
0
0
0
0
0
0
0
0
0
0
0
0
0
1.570468238e-10
0
1.869122688e-08
2.559264922e-07
6.866092431e-07
9.541874678e-07
1.000358747e-06
8.266733221e-07
5.081186755e-07
1.765998362e-07
2.140299313e-09
0
0
0
0
0
0
0
0
0
0
0
0
0
0
0
0
0
0
0
0
0
1.506382195e-10
0
0
2.021023209e-07
6.337899594e-07
9.652215435e-07
1.103000871e-06
1.009767343e-06
7.258920521e-07
3.636412431e-07
7.1309726e-08
0
0
0
0
0
0
0
0
0
0
0
0
0
0
0
0
0
0
0
0
0
0
1.456295471e-10
0
1.092176987e-07
4.265889706e-07
8.888163488e-07
1.147361546e-06
1.156605335e-06
9.359877901e-07
5.763424131e-07
2.167916085e-07
1.01639466e-08
0
0
0
0
0
0
0
0
0
0
0
0
0
0
0
0
0
0
0
0
0
1.864748303e-10
3.430906444e-11
6.728240844e-08
3.563497751e-07
8.437204408e-07
1.173455578e-06
1.271886459e-06
1.127309755e-06
7.993527283e-07
4.083042951e-07
9.525721133e-08
0
0
0
0
0
0
0
0
0
0
0
0
0
0
0
0
0
0
0
0
0
1.439315283e-10
0
4.101734879e-08
2.998362533e-07
7.534878463e-07
1.175703967e-06
1.368980099e-06
1.30742985e-06
1.028450719e-06
6.306370268e-07
2.496938279e-07
1.97185026e-08
0
0
0
0
0
0
0
0
0
0
0
0
0
0
0
0
0
0
0
0
0
4.061389723e-10
1.727318684e-10
1.960797351e-07
5.813172887e-07
1.098324002e-06
1.399590208e-06
1.440023638e-06
1.234941752e-06
8.619406184e-07
4.454678036e-07
1.169472006e-07
0
0
0
0
0
0
0
0
0
0
0
0
0
0
0
0
0
0
0
0
0
3.486062926e-10
1.999465095e-12
1.455525e-07
5.023621555e-07
1.040393617e-06
1.409869927e-06
1.539253668e-06
1.415500352e-06
1.089679058e-06
6.66159792e-07
2.751488437e-07
3.226917923e-08
0
0
0
0
0
0
0
0
0
0
0
0
0
0
0
0
0
0
1.03656005e-09
0
6.25146354e-10
0
1.12610392e-07
4.321984506e-07
9.295386422e-07
1.391477106e-06
1.616012426e-06
1.577836078e-06
1.310089969e-06
8.997562609e-07
4.681427589e-07
1.377699923e-07
9.670821188e-11
0
0
0
0
0
0
0
0
0
0
0
0
0
0
0
0
0
1.432340247e-08
1.534905663e-08
2.510432213e-08
4.584179697e-08
8.855172064e-08
3.324060428e-07
7.555462393e-07
1.301332909e-06
1.627889311e-06
1.690721368e-06
1.502009781e-06
1.130246941e-06
6.851608936e-07
2.908048776e-07
4.678885807e-08
0
0
0
0
0
0
0
0
0
0
0
0
0
0
0
0
0
2.281683146e-08
2.143366648e-08
2.591904566e-08
3.810925e-08
4.276465558e-08
2.480075624e-07
6.504984349e-07
1.221081235e-06
1.616831982e-06
1.769332443e-06
1.66477219e-06
1.347986021e-06
9.117991247e-07
4.739839959e-07
1.47263363e-07
2.680287122e-09
0
0
0
0
0
0
0
0
0
0
0
0
0
0
0
0
2.660316101e-08
2.363544238e-08
2.207056731e-08
2.455394134e-08
1.169580681e-08
1.853928976e-07
5.509897338e-07
1.083689051e-06
1.574442199e-06
1.825040331e-06
1.809649201e-06
1.557023538e-06
1.145378172e-06
6.843322454e-07
2.898348384e-07
5.058594609e-08
0
0
0
0
0
0
0
0
0
0
0
0
0
0
0
0
2.620988722e-08
2.365216366e-08
2.177250532e-08
2.548906359e-08
3.224585152e-08
1.289433271e-07
4.189785977e-07
8.816493488e-07
1.460866389e-06
1.81694512e-06
1.905321744e-06
1.73549903e-06
1.369587963e-06
9.075420905e-07
4.637385288e-07
1.417230798e-07
3.049342534e-09
0
0
0
0
0
0
0
0
0
0
0
0
0
0
0
1.781482491e-08
1.564258519e-08
1.546049895e-08
2.55569157e-08
5.005168979e-08
8.046845839e-08
3.200870125e-07
7.603411344e-07
1.367537434e-06
1.794437354e-06
1.972905579e-06
1.88768309e-06
1.579742819e-06
1.135042636e-06
6.628684565e-07
2.720783634e-07
4.278523949e-08
0
0
0
0
0
0
0
0
0
0
0
0
0
0
0
9.999973971e-09
9.507204175e-09
1.035878526e-08
2.058351961e-08
4.152040812e-08
5.627646723e-08
2.732408738e-07
6.950386258e-07
1.297739332e-06
1.79118226e-06
2.05022205e-06
2.041961615e-06
1.791047533e-06
1.370871944e-06
8.834583948e-07
4.366355055e-07
1.24321703e-07
7.285424883e-10
0
0
0
0
0
0
0
0
0
0
0
0
0
0
1.234230382e-08
1.848509672e-08
2.679622779e-08
4.481926819e-08
7.256694202e-08
8.419340645e-08
2.690159275e-07
6.345834638e-07
1.155593814e-06
1.761530292e-06
2.117157848e-06
2.188780806e-06
1.996199332e-06
1.605961354e-06
1.114501026e-06
6.269914432e-07
2.40273459e-07
2.629502418e-08
0
0
0
0
0
0
0
0
0
0
0
0
0
0
1.833742614e-08
2.961023476e-08
4.520691919e-08
7.311556079e-08
1.160530892e-07
1.67015025e-07
2.913635924e-07
6.090460328e-07
1.103807432e-06
1.731095052e-06
2.140586155e-06
2.277828205e-06
2.145257254e-06
1.796681006e-06
1.320237515e-06
8.16410444e-07
3.808748588e-07
9.304808515e-08
0
0
0
0
0
0
0
0
0
0
0
0
0
0
)
;

boundaryField
{
    inletCH4
    {
        type            fixedValue;
        value           nonuniform List<scalar> 0();
    }
    wallOutside
    {
        type            zeroGradient;
    }
    wallTube
    {
        type            zeroGradient;
    }
    inletPilot
    {
        type            fixedValue;
        value           nonuniform List<scalar> 0();
    }
    inletAir
    {
        type            fixedValue;
        value           nonuniform List<scalar> 0();
    }
    outlet
    {
        type            zeroGradient;
    }
    axis
    {
        type            empty;
    }
    frontAndBack_pos
    {
        type            wedge;
    }
    frontAndBack_neg
    {
        type            wedge;
    }
    procBoundary0to2
    {
        type            processor;
        value           nonuniform List<scalar> 
32
(
2.508102736e-07
1.925664519e-07
5.700304468e-08
0
0
0
0
0
0
0
0
0
0
0
0
0
0
0
0
0
0
0
0
0
0
0
0
0
0
0
0
0
)
;
    }
    procBoundary0to4
    {
        type            processor;
        value           nonuniform List<scalar> 
27
(
1.731624244e-07
3.77008192e-08
0
0
0
0
0
0
3.664203681e-10
5.013992684e-10
0
0
0
0
0
3.001891336e-10
0
0
2.079140611e-09
1.317116123e-08
2.141245095e-08
2.606803736e-08
2.569390773e-08
1.793465557e-08
9.393081377e-09
7.834097631e-09
1.035883689e-08
)
;
    }
}


// ************************************************************************* //
)

// Processor1

1085
(dimensions      [0 0 0 0 0 0 0];

internalField   uniform 0;

boundaryField
{
    inletCH4
    {
        type            fixedValue;
        value           nonuniform List<scalar> 0();
    }
    wallOutside
    {
        type            zeroGradient;
    }
    wallTube
    {
        type            zeroGradient;
    }
    inletPilot
    {
        type            fixedValue;
        value           nonuniform List<scalar> 0();
    }
    inletAir
    {
        type            fixedValue;
        value           uniform 0;
    }
    outlet
    {
        type            zeroGradient;
    }
    axis
    {
        type            empty;
    }
    frontAndBack_pos
    {
        type            wedge;
    }
    frontAndBack_neg
    {
        type            wedge;
    }
    procBoundary1to2
    {
        type            processor;
        value           uniform 0;
    }
    procBoundary1to3
    {
        type            processor;
        value           uniform 0;
    }
    procBoundary1to5
    {
        type            processor;
        value           uniform 0;
    }
}
)

// Processor2

3617
(dimensions      [0 0 0 0 0 0 0];

internalField   nonuniform List<scalar> 
861
(
0
0
0
0
0
0
0
0
0
0
0
0
0
0
0
0
0
0
0
0
0
0
0
0
0
0
0
0
0
0
0
0
0
0
0
0
0
0
0
0
0
0
0
0
0
0
0
0
0
0
0
0
0
0
0
0
0
0
0
0
0
0
0
0
0
0
0
0
0
0
0
0
0
0
0
0
0
0
0
0
0
0
0
0
0
0
0
0
0
0
0
0
0
0
0
0
0
0
0
0
0
0
0
0
0
0
0
0
0
0
0
0
0
0
0
0
0
0
0
0
0
0
0
0
0
0
0
0
0
0
0
0
0
0
0
0
0
0
0
0
0
0
0
0
0
0
0
0
0
0
0
0
0
0
0
0
0
0
0
0
0
0
0
0
0
0
0
0
0
0
0
0
0
0
0
0
0
0
0
0
0
0
0
0
0
0
0
0
0
0
0
0
0
0
0
0
0
0
0
0
0
0
0
0
0
0
0
0
0
0
0
0
0
0
0
0
0
0
0
0
0
0
0
0
0
0
0
0
0
0
0
0
0
0
0
0
0
0
0
0
0
0
0
0
0
0
0
0
0
0
0
0
0
0
0
0
0
0
0
0
0
0
0
0
0
0
0
0
0
0
0
0
0
0
0
0
0
0
0
0
0
0
0
0
0
0
0
0
0
0
0
0
0
0
0
0
0
0
0
0
0
0
0
0
0
0
0
0
0
0
0
0
0
0
0
0
0
0
0
0
0
0
0
0
0
0
0
0
0
0
0
0
0
0
0
0
0
0
0
0
0
0
0
0
0
0
0
0
0
0
0
0
0
0
0
0
0
0
0
0
0
0
0
0
0
0
0
0
0
0
0
0
0
0
0
0
0
0
0
0
0
0
0
0
0
0
0
0
0
0
0
0
0
0
0
0
0
0
0
0
0
0
0
0
0
0
0
0
0
0
0
0
0
0
0
0
0
0
0
0
0
0
0
0
0
0
0
0
0
0
0
0
0
0
0
0
0
0
0
0
0
0
0
0
0
0
0
0
0
0
0
0
0
0
0
0
0
0
0
0
0
0
0
0
0
0
0
0
0
0
0
0
0
0
0
0
0
0
0
0
0
0
0
0
0
0
0
0
0
0
0
0
0
0
0
0
0
0
0
0
0
0
0
0
0
0
0
0
0
0
0
0
0
0
0
0
0
0
0
0
0
0
0
0
0
0
0
0
0
0
0
0
0
0
0
0
0
0
0
0
0
0
0
0
0
0
0
0
0
0
0
0
1.443491305e-08
7.989335536e-09
0
0
0
0
0
0
0
0
0
0
0
0
0
0
0
0
0
0
0
0
0
0
0
0
0
0
0
0
0
0
0
0
0
0
0
1.709775672e-08
2.408634072e-08
6.148229602e-09
0
0
0
0
0
0
0
0
0
0
0
0
0
0
0
0
0
0
0
0
0
0
0
0
0
0
0
0
0
0
0
0
0
0
1.716395681e-08
4.23957543e-08
4.057500945e-08
4.24632821e-09
0
0
0
0
0
0
0
0
0
0
0
0
0
0
0
0
0
0
0
0
0
0
0
0
0
0
0
0
0
0
0
0
0
0
4.478011244e-08
7.107195157e-08
4.624911715e-08
0
0
0
0
0
0
0
0
0
0
0
0
0
0
0
0
0
0
0
0
0
0
0
0
0
0
0
0
0
0
0
0
0
4.602617125e-08
0
0
0
0
0
0
0
0
0
0
0
0
0
0
0
0
0
0
0
0
0
0
0
0
0
0
0
0
0
0
0
0
3.230869708e-08
0
0
0
0
0
0
0
0
0
0
0
0
0
0
0
0
0
0
0
0
0
0
0
0
0
0
0
0
0
0
0
1.109848185e-07
1.267115964e-08
0
0
0
0
0
0
0
0
0
0
0
0
0
0
0
0
0
0
0
0
0
0
0
0
0
0
0
0
0
0
1.95924029e-07
8.803917264e-08
0
0
0
0
0
0
0
0
0
0
0
0
0
0
0
0
0
0
0
0
0
0
0
0
0
0
0
0
0
0
2.508102736e-07
1.925664519e-07
5.700304468e-08
0
0
0
0
0
0
0
0
0
0
0
0
0
0
0
0
0
0
0
0
0
0
0
0
0
0
0
0
0
)
;

boundaryField
{
    inletCH4
    {
        type            fixedValue;
        value           nonuniform List<scalar> 0();
    }
    wallOutside
    {
        type            zeroGradient;
    }
    wallTube
    {
        type            zeroGradient;
    }
    inletPilot
    {
        type            fixedValue;
        value           nonuniform List<scalar> 0();
    }
    inletAir
    {
        type            fixedValue;
        value           nonuniform List<scalar> 0();
    }
    outlet
    {
        type            zeroGradient;
    }
    axis
    {
        type            empty;
    }
    frontAndBack_pos
    {
        type            wedge;
    }
    frontAndBack_neg
    {
        type            wedge;
    }
    procBoundary2to0
    {
        type            processor;
        value           nonuniform List<scalar> 
32
(
2.932511623e-07
2.925114647e-07
1.684173263e-07
2.462540338e-08
0
0
0
0
0
0
0
0
0
0
0
0
0
0
0
0
0
0
0
0
0
0
0
0
0
0
0
0
)
;
    }
    procBoundary2to1
    {
        type            processor;
        value           uniform 0;
    }
    procBoundary2to4
    {
        type            processor;
        value           nonuniform List<scalar> 10(0 1.951005787e-09 7.585445705e-08 9.74073068e-08 9.74073068e-08 1.143731633e-07 1.143731633e-07 1.689364267e-07 2.065172723e-07 1.759718576e-07);
    }
    procBoundary2to5
    {
        type            processor;
        value           nonuniform List<scalar> 
16
(
0
0
0
0
0
0
0
0
0
0
0
0
6.021985838e-09
0
0
0
)
;
    }
}
)

// Processor3

10405
(dimensions      [0 0 0 0 0 0 0];

internalField   nonuniform List<scalar> 
861
(
0
0
0
0
0
0
0
0
0
0
0
0
0
0
0
0
0
0
0
0
0
0
0
0
0
0
0
0
0
0
0
0
0
0
0
0
0
0
0
0
0
0
0
0
0
0
0
0
0
0
0
0
0
0
0
0
0
0
0
0
0
0
0
0
0
0
0
0
0
0
0
0
0
0
0
0
0
0
0
0
0
0
0
0
0
0
0
0
0
0
0
0
0
0
0
0
0
0
1.149360324e-09
1.545352e-08
0.002086986073
0.002088183217
0.002087934787
0.002091705211
0.002101113595
0.001669708738
0.001714620989
0.001714106713
0.001704645399
0.001646401593
0.001392978183
0.001466339635
0.001466621646
0.001444632171
0.001353720018
0.0012197965
0.001291817943
0.001294770571
0.001257934903
0.001158483876
0.001087784856
0.001161259275
0.001167897397
0.001130662402
0.001033825898
0.001003915744
0.001073134818
0.001080507475
0.00103959176
0.0009595004918
0.000940395447
0.001002643267
0.001007997574
0.00098107641
0.0009233611949
0.0009245205025
0.0009514069779
0.0009575681909
0.0009294814924
0.0009230391212
0.0009256252693
0.000925249499
0.0009256300905
0.0009258977895
0.0008760699707
0.0008834993693
0.0009256162162
0.0009263708792
0.0009003520373
0.0008502687685
0.0008563279265
0.0008919391898
0.0008949362848
0.0008704881749
0.0008445248947
0.0008476855031
0.0008656114366
0.0008687000332
0.0008494303728
0.0008351527822
0.000837833198
0.0008496747837
0.0008490914354
0.0008415799509
0.0008296961652
0.0008321701864
0.0008407660071
0.000841578737
0.0008339465809
0.0008233166211
0.0008262904857
0.0008340127766
0.0008344321846
0.0008274683786
0.0008166338326
0.000820150305
0.0008282080979
0.0008283374878
0.0008210024165
0.0008098738999
0.0008140144821
0.000822216111
0.0008221406916
0.0008143804865
0.0008030762407
0.0008082112301
0.0008160578122
0.0008156636359
0.0008076422102
0.0007962569182
0.000809852109
0.0008111427126
0.000809119967
0.0008006824722
0.0007892484379
0.001624933481
0.0009060278713
0.0008191056793
0.0007952308922
0.0007784220473
0
1.462875202e-10
2.511445901e-08
4.043366928e-07
1.056031573e-05
0
1.956841376e-09
4.694352048e-08
3.327513718e-07
5.326916038e-06
0
3.630172856e-09
4.595683196e-08
2.470878727e-07
2.489188417e-06
0
4.603838671e-09
3.713126905e-08
1.79063725e-07
1.239488986e-06
0
1.493308514e-09
0
1.303245142e-07
6.926190623e-07
0
1.288545747e-09
1.408292866e-08
1.055764591e-07
4.94051976e-07
0
1.752458868e-09
2.775229673e-08
9.389333107e-08
4.30477018e-07
0
2.290887099e-09
3.075612811e-08
8.924998499e-08
3.945545745e-07
0
0
3.048959041e-08
8.055421952e-08
3.29067977e-07
1.537236984e-11
9.14931183e-09
2.972402436e-08
7.212048858e-08
2.769799347e-07
1.196420772e-09
1.308337746e-08
2.934977628e-08
7.199503929e-08
2.804707522e-07
7.318626154e-09
1.563929704e-08
2.889849158e-08
7.087016044e-08
2.622217658e-07
1.074929776e-08
1.640466149e-08
2.705344357e-08
6.098897883e-08
1.979419537e-07
1.209024958e-08
1.642102282e-08
2.597207674e-08
5.883805301e-08
1.916632717e-07
1.293329565e-08
1.657768672e-08
2.51757112e-08
5.647565845e-08
1.757299089e-07
1.264419074e-08
1.609264132e-08
2.57790303e-08
6.081896159e-08
1.647369206e-07
1.321105794e-08
1.663066999e-08
2.84809903e-08
7.025253403e-08
2.17480858e-07
1.386230458e-08
1.759090521e-08
3.064262831e-08
9.832007707e-08
3.22582312e-07
1.666263027e-08
2.421120138e-08
5.553350336e-08
1.779677661e-07
6.383137161e-07
1.982618189e-08
2.856389709e-08
6.062612385e-08
1.648174689e-07
4.917529555e-07
2.348311777e-08
3.050518993e-08
5.188542053e-08
1.061681218e-07
2.394007144e-07
2.591768643e-08
2.979744319e-08
4.002551367e-08
6.094310713e-08
1.016872641e-07
2.383927757e-08
2.567036503e-08
2.964128038e-08
3.660685556e-08
4.776158114e-08
1.784486319e-08
1.844946578e-08
1.973947048e-08
2.170538057e-08
2.433338019e-08
1.121093376e-08
1.138448774e-08
1.171314514e-08
1.210637119e-08
1.261649162e-08
8.920250704e-05
2.950329148e-05
1.128120458e-05
5.09061941e-06
2.729289712e-06
2.013852974e-06
1.77751514e-06
1.479547522e-06
1.142741926e-06
9.320044281e-07
9.381822051e-07
8.071341841e-07
5.471665593e-07
5.379324943e-07
4.650154039e-07
4.182116521e-07
5.559158339e-07
8.279115104e-07
1.753746162e-06
1.144349697e-06
4.528541993e-07
1.5435854e-07
5.959388191e-08
2.689847401e-08
1.302789885e-08
0.0003730424676
0.003283894099
0.002092277038
0.0008879380433
0.0002874017561
9.507180619e-05
0.0005921253016
0.003727090723
0.001513442201
0.0001680508821
3.749059535e-05
0.0003123411828
0.003370188583
0.002392076265
0.0002108562957
1.719521534e-05
0.0001432954429
0.001229785426
0.003237600321
0.0005897696095
9.437281438e-06
7.718815032e-05
0.0006176794124
0.00383594101
0.001404442373
7.047476347e-06
6.271395538e-05
0.0005130617146
0.003793725815
0.00235976116
6.282960896e-06
5.5463883e-05
0.0004300803909
0.00307861471
0.003226867131
4.786308844e-06
3.876191521e-05
0.0002642903726
0.001667974453
0.003702796826
3.526370236e-06
2.518596901e-05
0.0001573965137
0.0009198792134
0.003810739848
2.832727853e-06
1.95355308e-05
0.0001212301167
0.0007179603748
0.003577594376
2.84559269e-06
1.672736208e-05
0.0001016352553
0.0005853147434
0.002970912554
2.280880354e-06
1.352517237e-05
7.735488485e-05
0.0004157488656
0.002006054115
1.458900691e-06
1.165366232e-05
5.261177392e-05
0.0002592077077
0.001158751638
1.44757996e-06
8.562225222e-06
4.062463266e-05
0.000196969318
0.0008877309087
1.191003098e-06
6.320571704e-06
3.544732375e-05
0.0001696923713
0.0007539405587
1.052604742e-06
5.363645603e-06
3.260317195e-05
0.0001508860575
0.0006496286245
1.362138053e-06
6.915055527e-06
3.416890777e-05
0.0001537911745
0.0006532658225
2.034027738e-06
1.023589981e-05
4.789049758e-05
0.0002113722204
0.0008769030925
4.630239572e-06
2.445359118e-05
0.0001160354482
0.0005152268413
0.002184742754
2.704576176e-06
1.093249035e-05
3.806233354e-05
0.0001132283374
0.0002643598897
9.258611219e-07
2.846531943e-06
7.583742376e-06
1.697585225e-05
2.879548014e-05
2.6284236e-07
6.05316821e-07
1.256777751e-06
2.232735116e-06
3.066074433e-06
8.241445173e-08
1.36933606e-07
2.145351233e-07
3.014185876e-07
3.481168957e-07
3.153244396e-08
3.94849938e-08
4.730700259e-08
5.273722087e-08
5.186564729e-08
1.394000825e-08
1.486486129e-08
1.505230074e-08
1.431880309e-08
1.254998134e-08
6.097695571e-06
2.830772314e-07
0
0
0
0
0
0
0
0
0
0
0
0
0
0
5.427454191e-06
1.642632943e-07
0
0
0
0
0
0
0
0
0
0
0
0
0
0
6.076518668e-06
1.981983266e-07
0
0
0
0
0
0
0
0
0
0
0
0
0
0
2.172416336e-05
7.708771032e-07
3.029986171e-08
0
0
0
0
0
0
0
0
0
0
0
0
0
8.103133794e-05
2.991632129e-06
1.33161122e-07
0
0
0
0
0
0
0
0
0
0
0
0
0
0.0002907974855
1.382966717e-05
6.139990361e-07
4.823096977e-08
0
0
0
0
0
0
0
0
0
0
0
0
0.0007491256128
4.998485641e-05
2.628962987e-06
1.321177958e-07
0
0
0
0
0
0
0
0
0
0
0
0
0.001429939482
0.0001528991711
9.647923034e-06
5.380223553e-07
0
0
0
0
0
0
0
0
0
0
0
0
0.002227817233
0.0003891326995
3.111433295e-05
2.167298477e-06
1.372299071e-07
3.866702682e-11
0
0
0
0
0
0
0
0
0
0
0.003011885493
0.0008142565789
8.889272302e-05
6.719214899e-06
5.028473805e-07
3.674362125e-08
0
0
0
0
0
0
0
0
0
0
0.00359605701
0.001437911527
0.0002388532264
2.032112416e-05
1.517451236e-06
1.096548919e-07
0
0
0
0
0
0
0
0
0
0
0.003858437449
0.002124736645
0.0005274891078
5.461671555e-05
4.013675433e-06
2.794610095e-07
2.19359907e-08
0
0
0
0
0
0
0
0
0
0.003833209785
0.002768653391
0.0009332975272
0.0001303128053
9.843663758e-06
6.557139771e-07
4.758667185e-08
3.04534173e-10
0
0
0
0
0
0
0
0
0.003613611201
0.003308761511
0.001425639069
0.0002763908328
2.23456324e-05
1.453853429e-06
9.989740098e-08
0
0
0
0
0
0
0
0
0
0.003200361675
0.003684184617
0.001930511705
0.0004664593474
3.959759958e-05
2.549179755e-06
1.74158623e-07
1.433793479e-08
3.607493714e-12
0
0
0
0
0
0
0
0.002739159471
0.003842811017
0.002254262595
0.0005594535269
4.561215218e-05
2.868323645e-06
1.97872349e-07
2.169387039e-08
0
0
0
0
0
0
0
0
0.002736855335
0.003816433052
0.00209325774
0.000308642556
2.349726283e-05
1.535175071e-06
1.210810858e-07
1.53282124e-08
0
0
0
0
0
0
0
0
0.003428889105
0.003414860895
0.001323357234
0.0001214275062
8.290631984e-06
5.618817012e-07
4.643149854e-08
3.013061945e-09
0
0
0
0
0
0
0
0
0.003911052912
0.002413943648
0.0002924268654
2.575876536e-05
1.90264875e-06
1.429273584e-07
1.320494191e-08
3.355272391e-09
6.613576504e-10
0
0
0
0
0
0
0
0.0003411898984
0.000177007823
3.072068472e-05
3.528201498e-06
3.383862493e-07
3.407951472e-08
4.854012081e-09
1.61282068e-09
7.729472382e-10
0
0
0
0
0
0
0
3.002959861e-05
1.43113653e-05
3.081425504e-06
4.584695064e-07
6.031602089e-08
9.049791671e-09
1.628102379e-09
1.202310127e-09
1.654211871e-09
3.531535634e-10
0
0
0
0
0
0
2.785851295e-06
1.297258371e-06
3.377696852e-07
6.700954047e-08
1.301974994e-08
2.938821771e-09
7.927602281e-10
4.010018633e-10
9.633049857e-10
1.564422219e-09
3.273524688e-10
0
0
0
0
0
2.906480419e-07
1.415510888e-07
4.641822002e-08
1.327147131e-08
3.989439998e-09
1.335977108e-09
5.100462588e-10
2.035338411e-10
3.006765036e-10
8.758243104e-10
1.556286204e-09
3.2797151e-10
0
0
0
0
4.08791807e-08
2.241310128e-08
9.812734433e-09
4.0237193e-09
1.675170501e-09
6.966581426e-10
3.004480187e-10
1.381023555e-10
1.864995859e-10
2.496794153e-10
7.593006764e-10
1.610192345e-09
3.98881877e-10
0
0
0
9.554174867e-09
5.878096176e-09
)
;

boundaryField
{
    inletCH4
    {
        type            fixedValue;
        value           uniform 0;
    }
    wallOutside
    {
        type            zeroGradient;
    }
    wallTube
    {
        type            zeroGradient;
    }
    inletPilot
    {
        type            fixedValue;
        value           uniform 0.0028;
    }
    inletAir
    {
        type            fixedValue;
        value           uniform 0;
    }
    outlet
    {
        type            zeroGradient;
    }
    axis
    {
        type            empty;
    }
    frontAndBack_pos
    {
        type            wedge;
    }
    frontAndBack_neg
    {
        type            wedge;
    }
    procBoundary3to1
    {
        type            processor;
        value           uniform 0;
    }
    procBoundary3to5
    {
        type            processor;
        value           nonuniform List<scalar> 
30
(
6.216111818e-09
6.237012606e-09
6.263283611e-09
6.276059875e-09
6.266227006e-09
6.267566456e-09
6.387300645e-09
6.28692636e-09
5.874449792e-09
5.195220718e-09
4.332944426e-09
0
3.100159157e-09
1.621085098e-09
7.976144322e-10
4.026256288e-10
1.980758564e-10
9.622517576e-11
1.264529375e-10
2.973222016e-10
3.381169301e-10
8.543337911e-10
1.758230295e-09
6.234970099e-10
0
0
0
3.279046853e-09
3.100159157e-09
2.194455212e-09
)
;
    }
}
)

// Processor4

11666
(dimensions      [0 0 0 0 0 0 0];

internalField   nonuniform List<scalar> 
862
(
0
0
0
0
0
8.889778538e-12
8.723244903e-12
8.386626204e-12
7.916477834e-12
7.322407991e-12
2.019629627e-11
1.983425922e-11
1.90748966e-11
1.797708245e-11
1.658651089e-11
2.999218279e-11
2.942429757e-11
2.822103241e-11
2.647114041e-11
2.425595284e-11
3.603215327e-11
3.544622466e-11
3.420493132e-11
3.238896518e-11
3.004325876e-11
4.456764632e-11
4.384238785e-11
4.231834087e-11
4.013507753e-11
3.735714153e-11
5.796002527e-11
5.713514724e-11
5.539816057e-11
5.290733622e-11
4.977874508e-11
7.793440161e-11
7.674977236e-11
7.421889182e-11
7.05016655e-11
6.571868329e-11
1.043991111e-10
1.02638943e-10
9.882108987e-11
9.30039308e-11
8.494675967e-11
1.521516403e-10
1.504759384e-10
1.469825214e-10
1.419626009e-10
1.355661149e-10
2.082194811e-10
2.077199186e-10
2.069425752e-10
2.063781996e-10
2.065123259e-10
2.086954027e-10
2.112055882e-10
2.169325305e-10
2.260734463e-10
2.389433989e-10
1.570328992e-10
1.610897579e-10
1.698733981e-10
1.829707943e-10
1.999314833e-10
0
0
0
0
1.046140108e-12
0
0
0
0
0
0
0
0
0
0
0
0
0
0
0
5.654203744e-10
5.661545241e-10
5.681214894e-10
5.711106958e-10
5.740350907e-10
9.706271144e-10
9.637380661e-10
9.491112021e-10
9.271843426e-10
8.975741349e-10
9.287845872e-10
9.157843543e-10
8.877647572e-10
8.457361486e-10
7.898303754e-10
0
6.798105996e-12
1.54430475e-11
2.24894585e-11
2.810576468e-11
3.505732422e-11
4.725436686e-11
6.187142187e-11
7.780484039e-11
1.300351481e-10
2.07127302e-10
2.501367657e-10
2.128483668e-10
7.52016928e-12
0
0
0
5.734878181e-10
8.703839168e-10
7.421386026e-10
0
0
0
0
0
5.748573095e-12
4.196176339e-12
2.775354787e-12
1.524969375e-12
5.175856531e-13
1.341589112e-11
1.029108044e-11
7.267859994e-12
4.392700507e-12
2.031716082e-12
1.947566e-11
1.472700683e-11
1.059129456e-11
7.239473834e-12
4.596805834e-12
2.486273708e-11
2.008172588e-11
1.521115643e-11
1.089786898e-11
7.463557038e-12
3.138167273e-11
2.555792473e-11
2.038513922e-11
1.588448997e-11
1.163390484e-11
4.318163173e-11
3.607059212e-11
2.883765902e-11
2.191479981e-11
1.547067008e-11
5.571518181e-11
4.547426654e-11
3.499181741e-11
2.396447434e-11
1.053980598e-11
6.644408541e-11
4.914111848e-11
3.30482862e-11
1.897027362e-11
7.462246903e-12
1.198954957e-10
1.04074455e-10
8.899574686e-11
7.770225061e-11
7.219543619e-11
2.07495605e-10
2.158865284e-10
2.348959563e-10
2.661760182e-10
3.133405767e-10
2.678722368e-10
3.081007737e-10
3.623950895e-10
4.22396631e-10
4.634321377e-10
2.307852963e-10
2.423349176e-10
3.410353322e-10
4.406701447e-10
5.614874539e-10
1.9270499e-11
5.511491522e-11
1.102933226e-10
1.841878657e-10
2.78433043e-10
0
0
0
1.706790079e-12
3.030311997e-11
0
0
0
0
0
0
1.104510791e-11
3.690094375e-11
7.512647519e-11
1.156269801e-10
5.635277959e-10
5.446193226e-10
5.140061743e-10
4.672477793e-10
3.988613147e-10
8.191426268e-10
7.221591652e-10
6.006424154e-10
4.575756677e-10
3.144476981e-10
6.610978405e-10
5.246939847e-10
3.800359036e-10
2.407848903e-10
1.205368887e-10
0
1.951005787e-09
7.585445705e-08
9.74073068e-08
0
0
8.059000563e-08
1.342146502e-07
1.143731633e-07
0
0
0
1.218957156e-07
1.689364267e-07
0
0
0
0
1.214372921e-07
2.065172723e-07
1.186130715e-09
2.205171135e-10
0
0
0
1.759718576e-07
1.233766824e-09
3.37558603e-10
0
0
0
1.731624244e-07
0
2.174938209e-10
0
1.328619045e-10
0
0
3.77008192e-08
0
1.436002531e-11
1.159582014e-09
2.627183191e-10
0
0
0
0
0
0
9.98461154e-10
0
1.07633951e-10
0
0
2.139900852e-09
1.034004861e-09
2.477115401e-10
0
0
0
1.206370935e-10
0
0
3.953769758e-09
2.697458575e-09
1.560279991e-09
7.13215323e-10
5.064263514e-10
1.342302821e-09
0
1.124840842e-10
0
4.376862084e-09
3.991746819e-09
2.668107285e-09
1.372008748e-09
3.356780087e-10
0
3.735471956e-10
0
1.469679183e-10
0
0
0
1.076376716e-13
5.418378455e-13
1.385644575e-12
1.881642004e-12
2.242582222e-12
1.755960571e-12
1.119362318e-11
3.453034184e-12
6.276405402e-11
1.936063269e-10
3.956149732e-10
7.496321102e-10
1.271202995e-09
1.811289006e-09
2.410268271e-09
2.880070458e-09
2.956190397e-09
2.509873068e-09
1.434323516e-09
4.43300238e-10
0
0
0
0
2.034704625e-10
0
0
2.766679617e-14
3.599649955e-13
1.200847968e-12
1.569214312e-12
1.253954361e-12
0
1.924188141e-12
4.454478943e-12
0
0
0
4.526887929e-12
1.225988712e-10
3.638283271e-10
6.072784735e-10
9.287588401e-10
1.201576816e-09
1.22585049e-09
9.644847144e-10
3.918345983e-10
0
0
0
0
9.502270047e-10
0
3.664203681e-10
5.569317084e-13
4.636562995e-13
1.263905968e-12
1.656809407e-12
1.638275479e-12
1.02342078e-12
5.275996876e-13
0
0
0
0
0
0
0
7.967290902e-12
0
5.873798972e-11
1.817549057e-10
2.688431397e-10
3.67410466e-10
4.928807406e-10
0
0
0
0
6.170204987e-11
0
5.013992684e-10
2.55213562e-12
1.821897157e-12
1.60497949e-12
1.51293041e-12
9.426124634e-13
0
1.24899513e-12
3.391068435e-12
0
0
0
0
0
0
0
0
0
0
4.436216711e-13
2.155519327e-11
1.71128657e-10
0
0
0
0
0
0
0
4.796622084e-12
2.787520186e-12
1.755185942e-12
9.063876975e-13
0
0
3.521828321e-13
0
0
0
0
0
0
0
0
0
0
0
0
0
0
0
0
0
0
0
8.961962524e-10
0
7.454433143e-12
3.958190273e-12
1.529064592e-12
0
0
1.625957393e-12
3.435105203e-12
0
0
0
0
0
0
0
1.055718058e-10
0
0
0
0
0
0
0
0
0
0
0
0
0
8.584463066e-12
7.731378569e-14
0
0
0
1.07331404e-12
0
0
0
0
0
0
0
0
7.469520489e-11
0
0
0
0
0
0
0
0
0
0
0
0
0
8.965283943e-13
2.787896537e-13
0
0
0
0
0
0
0
0
0
0
0
0
0
0
0
0
0
0
0
1.157555554e-10
0
0
0
0
0
0
0
0
0
0
0
0
0
0
0
0
0
0
0
0
0
1.753813826e-11
8.989229047e-11
1.506881589e-10
2.268975059e-10
2.645282829e-10
3.325158927e-10
5.588396846e-10
0
0
0
0
0
3.001891336e-10
7.441914346e-11
9.201958601e-11
1.301014562e-10
1.765698562e-10
2.596945913e-10
3.664884232e-10
4.889985502e-10
6.200703997e-10
7.310698644e-10
8.080017915e-10
8.890486695e-10
9.96183458e-10
1.124498816e-09
1.274741087e-09
1.463395048e-09
1.67734391e-09
1.834360309e-09
1.89245194e-09
1.879433053e-09
1.701789344e-09
1.39617607e-09
1.066513797e-09
1.114202824e-10
0
0
0
0
0
3.831096428e-10
4.494141686e-10
6.32226138e-10
8.297397439e-10
1.063439659e-09
1.330799699e-09
1.624675091e-09
1.917711921e-09
2.189495971e-09
2.410479258e-09
2.658541986e-09
2.928468622e-09
3.214071415e-09
3.539833802e-09
3.784405737e-09
4.047704353e-09
4.183644593e-09
4.138816511e-09
3.940400336e-09
3.460758469e-09
2.717473211e-09
1.827061066e-09
5.360986764e-10
0
0
0
0
0
6.627419623e-10
8.86115079e-10
1.149018836e-09
1.456345748e-09
1.805670275e-09
2.190616526e-09
2.58166702e-09
2.959424054e-09
3.292981009e-09
3.603086947e-09
3.92509907e-09
4.250297623e-09
4.564147017e-09
4.841010014e-09
5.133828516e-09
5.335666178e-09
5.370219508e-09
5.205895604e-09
4.886418437e-09
4.299427373e-09
3.472155255e-09
2.510327167e-09
1.467985536e-09
1.014671334e-09
1.096297964e-09
1.4930618e-09
1.941200174e-09
2.079140611e-09
7.303619402e-10
9.582839573e-10
1.231813288e-09
1.551674897e-09
1.901292744e-09
2.266155548e-09
2.622240888e-09
2.924843057e-09
3.173658867e-09
3.432359118e-09
3.700687042e-09
3.964783041e-09
4.206626508e-09
4.402591699e-09
4.61870433e-09
4.721644008e-09
4.688219201e-09
4.525279832e-09
4.299596166e-09
3.939287856e-09
3.494627932e-09
3.122683736e-09
3.155047331e-09
4.014251297e-09
5.658608188e-09
7.933432007e-09
1.059681913e-08
1.317116123e-08
4.079062694e-10
5.844277734e-10
7.984754292e-10
1.033187306e-09
1.275764639e-09
1.506426495e-09
1.686432276e-09
1.794997348e-09
1.888881852e-09
2.007930922e-09
2.152052133e-09
2.320214819e-09
2.577864321e-09
2.686352833e-09
2.804024759e-09
2.908957043e-09
2.993952051e-09
3.084440343e-09
3.263642055e-09
3.478417032e-09
3.781085496e-09
4.336632069e-09
5.64020829e-09
7.869163459e-09
1.089194861e-08
1.444666859e-08
1.822902318e-08
2.141245095e-08
8.656714592e-11
1.828567727e-10
3.044737061e-10
4.253569912e-10
5.091647008e-10
5.381652439e-10
5.029704353e-10
4.570225271e-10
4.397525132e-10
4.609876103e-10
5.252232812e-10
6.284515966e-10
7.474894142e-10
9.433316626e-10
1.156271175e-09
1.420268026e-09
1.781882471e-09
2.297120772e-09
3.012096288e-09
3.904990827e-09
4.999903826e-09
6.438096037e-09
8.677509221e-09
1.177696579e-08
1.550157592e-08
1.948415946e-08
2.329041809e-08
2.606803736e-08
1.233688985e-11
5.428141238e-11
9.923220935e-11
1.099667776e-10
7.467854473e-11
1.870086712e-11
0
0
0
0
3.57104049e-12
1.245444549e-10
1.242523428e-10
2.254984411e-10
4.526846969e-10
8.314269618e-10
1.401120806e-09
2.221970824e-09
3.274620099e-09
4.555880653e-09
6.032437509e-09
7.801837169e-09
1.024134622e-08
1.334664334e-08
1.684417233e-08
2.037477342e-08
2.349321599e-08
2.569390773e-08
1.492306205e-10
1.57830282e-10
1.249291272e-10
5.091008065e-11
0
0
0
0
0
0
4.16309075e-11
1.671391574e-10
7.331362598e-11
4.998946445e-11
1.80802849e-10
5.011865286e-10
1.034846675e-09
1.815358692e-09
2.787720764e-09
3.91074333e-09
5.107402031e-09
6.438757494e-09
8.219569602e-09
1.042254302e-08
1.279721604e-08
1.505626432e-08
1.687358904e-08
1.793465557e-08
3.01478637e-10
1.658415643e-10
4.703779467e-11
0
0
0
0
0
0
1.331982214e-12
1.505639406e-10
3.762910903e-11
0
0
0
8.782547779e-11
3.485233596e-10
7.880013283e-10
1.300288468e-09
1.840713936e-09
2.34752357e-09
2.846146591e-09
3.627661889e-09
4.687341824e-09
5.905918061e-09
7.175649176e-09
8.369940973e-09
9.393081377e-09
1.611186566e-10
4.204461501e-11
0
0
0
0
0
0
2.3766701e-11
2.758958686e-10
3.641084893e-10
1.517167412e-10
0
0
0
0
0
3.391773444e-11
9.865641218e-11
1.288783469e-10
1.293462785e-10
1.688540438e-10
5.00842332e-10
6.10508094e-10
1.294001273e-09
2.593233151e-09
4.658905074e-09
7.834097631e-09
1.929920897e-11
0
0
0
0
0
0
5.775895038e-11
3.272604218e-10
6.124849395e-10
3.876526054e-10
1.523061868e-10
0
0
0
0
0
0
0
0
0
0
1.336367957e-10
0
3.793307438e-10
1.934770143e-09
5.043439703e-09
1.035883689e-08
)
;

boundaryField
{
    inletCH4
    {
        type            fixedValue;
        value           nonuniform List<scalar> 0();
    }
    wallOutside
    {
        type            zeroGradient;
    }
    wallTube
    {
        type            zeroGradient;
    }
    inletPilot
    {
        type            fixedValue;
        value           nonuniform List<scalar> 0();
    }
    inletAir
    {
        type            fixedValue;
        value           nonuniform List<scalar> 0();
    }
    outlet
    {
        type            zeroGradient;
    }
    axis
    {
        type            empty;
    }
    frontAndBack_pos
    {
        type            wedge;
    }
    frontAndBack_neg
    {
        type            wedge;
    }
    procBoundary4to0
    {
        type            processor;
        value           nonuniform List<scalar> 
27
(
2.932511623e-07
2.713988248e-07
2.421124642e-07
1.37585016e-07
4.70583255e-08
3.54851955e-10
0
0
0
0
1.578739224e-10
1.570468238e-10
1.506382195e-10
0
0
0
0
0
1.03656005e-09
1.432340247e-08
2.281683146e-08
2.660316101e-08
2.620988722e-08
1.781482491e-08
9.999973971e-09
1.234230382e-08
1.833742614e-08
)
;
    }
    procBoundary4to2
    {
        type            processor;
        value           nonuniform List<scalar> 10(0 4.478011244e-08 7.107195157e-08 4.624911715e-08 4.602617125e-08 4.602617125e-08 3.230869708e-08 1.109848185e-07 1.95924029e-07 2.508102736e-07);
    }
    procBoundary4to5
    {
        type            processor;
        value           nonuniform List<scalar> 
46
(
1.792839175e-13
3.634472359e-14
0
0
0
0
0
0
0
0
0
0
0
7.366322398e-10
7.366322398e-10
1.213805687e-09
5.940861457e-11
1.957562119e-11
1.957562119e-11
0
0
0
3.966084256e-10
3.966084256e-10
2.24826193e-09
4.10174265e-09
4.10174265e-09
0
0
0
6.685999173e-13
2.131537408e-12
4.277413583e-12
9.667534493e-12
2.1009832e-11
4.179381584e-11
6.529169294e-11
1.940776681e-10
4.228830074e-10
7.264914629e-10
1.205662383e-09
1.885595587e-09
2.612645545e-09
3.424394745e-09
4.122281582e-09
4.122281582e-09
)
;
    }
}
)

// Processor5

13238
(dimensions      [0 0 0 0 0 0 0];

internalField   nonuniform List<scalar> 
862
(
6.216111818e-09
6.237012606e-09
6.263283611e-09
6.276059875e-09
6.266227006e-09
3.280323481e-09
3.272550956e-09
3.246672479e-09
3.198971428e-09
3.127153667e-09
1.653566922e-09
1.644226758e-09
1.620084783e-09
1.580959566e-09
1.527199037e-09
8.117075404e-10
8.064491552e-10
7.936133156e-10
7.73966857e-10
7.484490844e-10
3.85656738e-10
3.833781603e-10
3.772444969e-10
3.676769141e-10
3.549907305e-10
1.855112596e-10
1.856724194e-10
1.842956783e-10
1.802380181e-10
1.745852039e-10
9.879504508e-11
9.830760365e-11
9.710008946e-11
9.524219498e-11
9.286778859e-11
6.009182122e-11
5.994757463e-11
5.96183951e-11
5.914360142e-11
5.858348905e-11
4.678105691e-11
4.687059977e-11
4.706480886e-11
4.735681683e-11
4.77229028e-11
4.72877818e-11
4.758736086e-11
4.825272245e-11
4.925860393e-11
5.059316805e-11
5.648291067e-11
5.695664272e-11
5.800832117e-11
5.959362777e-11
6.166157838e-11
6.678701964e-11
6.752836597e-11
6.918133097e-11
7.171517704e-11
7.514207403e-11
7.350570515e-11
7.448688742e-11
7.665850292e-11
7.998120389e-11
8.449406483e-11
7.0071762e-11
7.128109031e-11
7.395094859e-11
7.802232441e-11
8.337326891e-11
5.297543834e-11
5.415348407e-11
5.627507266e-11
5.936060291e-11
6.372256231e-11
2.881949579e-11
2.965574883e-11
3.098354376e-11
3.287505494e-11
3.565640775e-11
6.987858083e-12
7.437707002e-12
8.400249615e-12
9.857433098e-12
1.183917395e-11
4.094774067e-12
4.217406832e-12
4.478616771e-12
4.871570876e-12
5.368005179e-12
3.601843217e-13
3.335762363e-13
2.517351166e-13
1.257815237e-14
0
0
0
0
0
0
0
0
0
0
0
0
0
0
0
0
2.505534499e-12
2.411270065e-12
2.222003414e-12
1.957474832e-12
1.646545089e-12
1.041571019e-12
9.82026403e-13
8.618934915e-13
7.13537236e-13
5.820942686e-13
1.792839175e-13
3.634472359e-14
0
0
0
6.267566456e-09
3.079437195e-09
1.490455923e-09
7.312057028e-10
3.460215328e-10
1.707136797e-10
9.130029442e-11
5.820155053e-11
4.803728978e-11
5.168136055e-11
6.320893573e-11
7.789844834e-11
8.82284192e-11
8.770282186e-11
6.74393783e-11
3.809692891e-11
1.358311886e-11
5.745875233e-12
0
0
0
0
1.43630455e-12
5.458593097e-13
0
6.387300645e-09
6.28692636e-09
5.874449792e-09
5.195220718e-09
4.332944426e-09
3.067331708e-09
2.919693206e-09
2.653956866e-09
2.294969985e-09
1.901601035e-09
1.465457537e-09
1.374900023e-09
1.229106961e-09
1.049328712e-09
8.762944418e-10
7.185732885e-10
6.783444653e-10
5.988938155e-10
5.06970523e-10
4.143991599e-10
3.386856779e-10
3.135985071e-10
2.859445954e-10
2.489299509e-10
2.103074842e-10
1.675242834e-10
1.577979103e-10
1.461710351e-10
1.306455335e-10
1.138387992e-10
8.996780192e-11
8.558816537e-11
8.073921838e-11
7.650011775e-11
7.136544408e-11
5.795395661e-11
5.719248894e-11
5.641306384e-11
5.59360224e-11
5.616975222e-11
4.843063994e-11
4.989791628e-11
5.225274691e-11
5.552093238e-11
5.966145084e-11
5.305260967e-11
5.660874354e-11
6.159324419e-11
6.791104347e-11
7.642036952e-11
6.506983365e-11
7.060336875e-11
7.864649799e-11
8.869414272e-11
1.005000153e-10
8.164634453e-11
9.007213077e-11
1.011240129e-10
1.145569235e-10
1.329499743e-10
9.366862456e-11
1.044893088e-10
1.214764483e-10
1.38072082e-10
1.54828715e-10
9.425498225e-11
1.064846412e-10
1.207257877e-10
1.350918038e-10
1.494652091e-10
7.338945259e-11
8.255571907e-11
9.243402672e-11
1.028050569e-10
1.131119318e-10
4.2271809e-11
4.943435326e-11
5.741041418e-11
6.685321599e-11
7.497522203e-11
1.668685179e-11
2.278363784e-11
2.715261025e-11
2.987644229e-11
3.180511343e-11
6.462711869e-12
7.164771866e-12
6.866759844e-12
6.569344557e-12
5.979688079e-12
0
0
0
0
0
0
0
0
0
0
0
0
0
0
1.22418729e-13
0
0
1.522791744e-13
3.935634662e-13
3.322185315e-13
1.121886936e-12
7.543487163e-13
5.735352766e-13
3.781240957e-13
0
5.194273477e-13
1.776202198e-13
0
0
0
0
0
0
0
0
0
0
0
0
0
0
0
0
0
0
0
0
0
0
3.100159157e-09
1.621085098e-09
7.976144322e-10
4.026256288e-10
1.980758564e-10
9.622517576e-11
1.264529375e-10
2.973222016e-10
3.381169301e-10
8.543337911e-10
1.758230295e-09
6.234970099e-10
0
0
0
0
0
0
0
0
0
3.279046853e-09
2.194455212e-09
1.361249501e-09
8.011064605e-10
4.542234788e-10
2.504954814e-10
1.442875628e-10
1.015335982e-10
1.114971473e-10
2.364600695e-10
5.321184989e-10
7.206039191e-10
1.383020706e-09
1.059133012e-09
0
7.66947301e-11
0
0
0
0
0
0
0
1.453552355e-09
1.015622778e-09
6.723498797e-10
4.098764812e-10
2.570854216e-10
1.540711897e-10
1.089041946e-10
9.225786606e-11
9.980169957e-11
1.658546683e-10
3.821699813e-10
6.814270088e-10
9.152267118e-10
1.696093635e-09
8.31287036e-10
0
0
0
0
0
0
0
0
6.870191514e-10
4.959986835e-10
3.287274171e-10
2.245822002e-10
1.485083288e-10
1.090156594e-10
9.420476281e-11
9.597483315e-11
1.335431319e-10
2.035754463e-10
3.920214408e-10
6.530366808e-10
8.223897928e-10
1.103814509e-09
2.055797396e-09
1.116842031e-09
0
0
0
0
0
0
0
3.316317196e-10
2.460282261e-10
1.821450345e-10
1.288376018e-10
8.986711496e-11
8.034875025e-11
7.704518609e-11
8.014609119e-11
1.310900456e-10
1.9934212e-10
3.053876755e-10
4.633549544e-10
6.102978724e-10
3.91222793e-10
2.675093164e-10
7.845512211e-10
0
0
0
0
0
0
0
1.731269238e-10
1.378044537e-10
1.056022548e-10
8.542640497e-11
7.424149601e-11
7.591762935e-11
8.314085925e-11
1.052634766e-10
1.345440605e-10
2.081349243e-10
3.204371188e-10
4.506650023e-10
6.019615595e-10
7.830388205e-10
9.067221581e-10
1.864692024e-09
1.086520611e-09
0
0
0
0
0
0
9.821171884e-11
8.408076704e-11
7.345836403e-11
6.899609076e-11
7.252857023e-11
8.16976126e-11
9.75964813e-11
1.240045242e-10
1.554925629e-10
2.179451944e-10
2.875903244e-10
4.38054739e-10
6.057354169e-10
7.554429284e-10
5.980297707e-10
6.657166329e-10
1.793461992e-09
8.058278725e-10
0
8.427056427e-11
0
0
0
6.625164498e-11
6.274106867e-11
6.379157806e-11
6.928814309e-11
7.980976127e-11
9.48975985e-11
1.179040588e-10
1.572310783e-10
2.011623099e-10
2.675760743e-10
3.446760511e-10
4.802804815e-10
6.249098441e-10
7.968626475e-10
9.587637285e-10
6.111200959e-10
1.310645317e-09
9.221663714e-10
0
0
0
0
0
5.777953202e-11
6.248571799e-11
7.022175202e-11
8.088006311e-11
9.178508128e-11
1.170618034e-10
1.397936433e-10
1.968420511e-10
2.635105132e-10
3.406816978e-10
4.509924449e-10
5.231325371e-10
6.500709854e-10
7.228427773e-10
7.544947761e-10
4.312483347e-10
4.19767056e-10
1.598081163e-09
6.746007393e-10
0
8.526583791e-11
0
0
6.674706938e-11
7.768603374e-11
9.078330653e-11
1.111923519e-10
1.330333806e-10
1.663517065e-10
1.990554634e-10
2.515749494e-10
3.237185633e-10
4.105319549e-10
5.055378423e-10
5.376697095e-10
6.629771425e-10
7.858110359e-10
9.186263314e-10
8.284259839e-10
1.327752972e-10
7.594117191e-10
4.894383043e-10
0
0
0
0
8.796049692e-11
1.026262915e-10
1.311045125e-10
1.660316353e-10
1.98987594e-10
2.407592764e-10
2.870733986e-10
3.299509951e-10
3.942894534e-10
4.767006885e-10
5.605404549e-10
6.254059779e-10
6.85618035e-10
7.203481787e-10
6.821810425e-10
5.924521361e-10
1.114458478e-10
1.225923225e-10
1.352893909e-09
4.535406074e-10
0
0
6.021985838e-09
1.142966604e-10
1.394831137e-10
1.791276451e-10
2.30330728e-10
2.795176373e-10
3.308855405e-10
3.799376477e-10
4.139336835e-10
4.751536203e-10
5.349002664e-10
5.986692948e-10
6.914533076e-10
7.461481927e-10
8.387066046e-10
8.456225023e-10
8.946746194e-10
7.745922995e-10
1.07283245e-10
8.331834911e-10
7.428408484e-10
0
0
0
1.51709328e-10
1.843070914e-10
2.348928037e-10
2.814972253e-10
3.262130434e-10
3.718845809e-10
4.150201247e-10
4.424712098e-10
4.990345092e-10
5.312631779e-10
5.587814207e-10
5.965980133e-10
5.783730665e-10
6.74732537e-10
6.682604143e-10
7.798217211e-10
7.429405262e-10
0
6.016717474e-11
1.228266548e-09
1.85816892e-10
0
0
1.72499494e-10
2.016167004e-10
2.473355592e-10
2.850821554e-10
3.181842649e-10
3.501579406e-10
3.787835859e-10
3.922078958e-10
4.337153812e-10
4.419446623e-10
4.338452256e-10
4.322452084e-10
3.627066777e-10
3.75875615e-10
2.77985078e-10
2.526628868e-10
2.90205264e-10
0
2.83031152e-13
1.018591553e-09
1.261977592e-09
0
0
1.654930095e-10
1.980338341e-10
2.284103301e-10
2.550771506e-10
2.824776169e-10
3.006372856e-10
3.214566526e-10
3.393617381e-10
3.511929255e-10
3.442228379e-10
3.263001678e-10
3.164948233e-10
2.294615419e-10
1.663302759e-10
1.449957288e-10
1.33287199e-10
3.060269244e-10
2.485125944e-10
0
7.312382264e-11
1.296619667e-09
2.250027821e-10
0
1.335021467e-10
1.533264205e-10
1.708887629e-10
1.851894449e-10
2.032708729e-10
2.129200035e-10
2.278645144e-10
2.420762078e-10
2.504790061e-10
2.481130942e-10
2.429579771e-10
2.392275713e-10
1.608788163e-10
9.852014125e-11
1.573624386e-10
8.603097881e-11
2.598153738e-10
4.48115022e-10
0
4.372330586e-12
1.076232844e-09
3.508414401e-10
0
8.27470577e-11
9.112244673e-11
9.885647191e-11
1.098690089e-10
1.157477095e-10
1.196429052e-10
1.309801481e-10
1.427389789e-10
1.523128797e-10
1.536229247e-10
1.575667857e-10
1.66345665e-10
1.122161175e-10
4.849400672e-11
1.070295847e-10
3.876589339e-12
1.723567073e-11
1.343105796e-10
0
0
7.40631472e-11
1.328020621e-09
7.366322398e-10
3.366777907e-11
3.484242036e-11
3.555505091e-11
4.214410606e-11
4.269239951e-11
4.615362454e-11
5.160612592e-11
6.413991003e-11
7.469339885e-11
7.733552909e-11
8.574992903e-11
1.046584574e-10
6.034543296e-11
3.351177539e-11
1.042160179e-10
2.464226567e-12
4.610456044e-12
1.422999296e-10
3.466429209e-11
0
2.285196219e-11
1.213805687e-09
5.006922917e-12
4.063841882e-12
8.049895568e-12
8.477278082e-12
3.178541907e-12
4.452591565e-12
3.219288752e-12
1.877994548e-11
2.971589909e-11
3.060784478e-11
3.896310807e-11
5.956058094e-11
1.803064269e-11
1.124237594e-11
1.012917102e-10
4.736068601e-12
2.773815265e-12
1.225550989e-10
1.306484238e-10
0
0
5.940861457e-11
0
7.162084921e-13
1.059740492e-12
3.714361553e-13
0
3.34914788e-13
2.822235241e-12
4.3633038e-12
7.003812854e-12
0
0
1.895053249e-11
0
1.253685545e-11
9.630903861e-11
0
0
2.680036295e-12
9.624969148e-11
0
0
1.957562119e-11
2.335093066e-13
4.178724445e-13
0
0
0
2.289998476e-13
3.030702703e-12
3.46494673e-12
3.749719675e-12
1.480965708e-12
0
5.725155022e-12
4.900999028e-13
1.946136082e-12
9.265764242e-11
0
0
0
7.181943505e-11
0
0
3.139966437e-13
0
0
0
0
8.395071752e-13
1.480693971e-12
2.510835998e-12
8.1232032e-13
3.905674196e-12
0
4.567892539e-12
3.282329209e-13
0
0
0
0
2.376888669e-13
6.246267761e-11
0
0
0
0
0
0
0
1.440916024e-12
1.787867652e-12
2.052644036e-12
0
3.508573328e-12
0
4.748854704e-12
4.656316726e-13
0
2.828367286e-11
6.901874084e-11
2.646955394e-10
4.426723537e-10
5.619787348e-10
3.966084256e-10
0
0
0
0
7.955731099e-13
1.217014133e-12
1.917664935e-12
3.376681331e-12
6.550174341e-12
1.345260436e-11
1.134217853e-11
9.897230943e-11
1.6433496e-10
3.346693907e-10
6.703160299e-10
1.023887288e-09
1.531452315e-09
1.994021506e-09
2.24826193e-09
0
0
0
0
1.807668808e-12
5.71249947e-12
1.149556738e-11
2.239544982e-11
3.735680878e-11
3.100606117e-11
1.518746295e-10
3.548082524e-10
5.751919958e-10
9.753368468e-10
1.589821582e-09
2.231828876e-09
2.985303947e-09
3.714607514e-09
4.10174265e-09
0
0
0
6.685999173e-13
2.131537408e-12
4.277413583e-12
9.667534493e-12
2.1009832e-11
4.179381584e-11
6.529169294e-11
1.940776681e-10
4.228830074e-10
7.264914629e-10
1.205662383e-09
1.885595587e-09
2.612645545e-09
3.424394745e-09
4.122281582e-09
)
;

boundaryField
{
    inletCH4
    {
        type            fixedValue;
        value           nonuniform List<scalar> 0();
    }
    wallOutside
    {
        type            zeroGradient;
    }
    wallTube
    {
        type            zeroGradient;
    }
    inletPilot
    {
        type            fixedValue;
        value           nonuniform List<scalar> 0();
    }
    inletAir
    {
        type            fixedValue;
        value           nonuniform List<scalar> 0();
    }
    outlet
    {
        type            zeroGradient;
    }
    axis
    {
        type            empty;
    }
    frontAndBack_pos
    {
        type            wedge;
    }
    frontAndBack_neg
    {
        type            wedge;
    }
    procBoundary5to1
    {
        type            processor;
        value           uniform 0;
    }
    procBoundary5to2
    {
        type            processor;
        value           nonuniform List<scalar> 
16
(
0
0
0
0
0
0
0
0
0
0
0
0
1.443491305e-08
1.709775672e-08
1.716395681e-08
0
)
;
    }
    procBoundary5to3
    {
        type            processor;
        value           nonuniform List<scalar> 
30
(
1.121093376e-08
1.138448774e-08
1.171314514e-08
1.210637119e-08
1.261649162e-08
1.302789885e-08
1.394000825e-08
1.486486129e-08
1.505230074e-08
1.431880309e-08
1.254998134e-08
0
9.812734433e-09
4.0237193e-09
1.675170501e-09
6.966581426e-10
3.004480187e-10
1.381023555e-10
1.864995859e-10
2.496794153e-10
7.593006764e-10
1.610192345e-09
3.98881877e-10
0
0
0
0
9.554174867e-09
5.878096176e-09
5.878096176e-09
)
;
    }
    procBoundary5to4
    {
        type            processor;
        value           nonuniform List<scalar> 
46
(
0
0
0
0
0
0
0
0
0
0
0
0
0
0
0
0
1.186130715e-09
1.233766824e-09
0
0
0
0
0
2.139900852e-09
2.139900852e-09
3.953769758e-09
4.376862084e-09
0
0
1.076376716e-13
5.418378455e-13
1.385644575e-12
1.881642004e-12
2.242582222e-12
1.755960571e-12
1.119362318e-11
3.453034184e-12
6.276405402e-11
1.936063269e-10
3.956149732e-10
7.496321102e-10
1.271202995e-09
1.811289006e-09
2.410268271e-09
4.376862084e-09
2.880070458e-09
)
;
    }
}
)