/*--------------------------------*- C++ -*----------------------------------*\
  =========                 |
  \\      /  F ield         | OpenFOAM: The Open Source CFD Toolbox
   \\    /   O peration     | Website:  https://openfoam.org
    \\  /    A nd           | Version:  10
     \\/     M anipulation  |
\*---------------------------------------------------------------------------*/
FoamFile
{
    format      binary;
    class       decomposedBlockData;
    location    "/home/zhouyuchen/Desktop/FastChemistrySolver-OpenFOAM-10/EC-CCM/OpenFOAM-10/Sandia/processors6/0.02499901733/T";
    object      T;
}
// * * * * * * * * * * * * * * * * * * * * * * * * * * * * * * * * * * * * * //


// Processor0

12731
(/*--------------------------------*- C++ -*----------------------------------*\
  =========                 |
  \\      /  F ield         | OpenFOAM: The Open Source CFD Toolbox
   \\    /   O peration     | Website:  https://openfoam.org
    \\  /    A nd           | Version:  10
     \\/     M anipulation  |
\*---------------------------------------------------------------------------*/
FoamFile
{
    format      ascii;
    class       volScalarField;
    location    "0.02499901733";
    object      T;
}
// * * * * * * * * * * * * * * * * * * * * * * * * * * * * * * * * * * * * * //

dimensions      [0 0 0 1 0 0 0];

internalField   nonuniform List<scalar> 
864
(
293.3611839
292.4927252
291.778785
291.2887346
291.0970639
291.0546043
291.0435473
291.0392844
291.0371561
291.0359822
291.0353308
291.0349782
291.0347944
291.0347037
291.0346636
291.0346505
291.0346516
291.0346603
291.0346726
291.0346868
291.0347015
291.0347161
291.0347302
291.0347438
291.0347562
291.034768
291.034778
291.0347873
291.0347939
291.034801
291.0348033
291.0347916
293.9223991
292.9947542
292.2068927
291.5734039
291.1914428
291.0751083
291.0492925
291.0415653
291.0382819
291.0365871
291.0356633
291.0351654
291.034905
291.0347743
291.0347132
291.0346889
291.0346838
291.0346887
291.0346987
291.0347111
291.0347243
291.0347378
291.0347509
291.0347634
291.034775
291.0347857
291.0347948
291.034803
291.0348088
291.0348151
291.0348166
291.0348039
294.4842287
293.511113
292.662074
291.9499677
291.4069739
291.1317592
291.0618548
291.0454353
291.0398886
291.0373707
291.0360658
291.0353764
291.0350193
291.0348399
291.0347539
291.0347164
291.0347041
291.0347048
291.0347121
291.0347226
291.0347346
291.0347469
291.0347592
291.034771
291.0347821
291.0347923
291.0348012
291.0348089
291.0348146
291.0348204
291.0348221
291.0348093
295.0435165
294.0353478
293.1376342
292.3637253
291.7244129
291.2759933
291.0937053
291.0528712
291.042303
291.0383444
291.0364983
291.0355731
291.0351099
291.0348815
291.0347717
291.0347218
291.0347025
291.0346989
291.0347034
291.034712
291.0347225
291.0347339
291.0347454
291.0347567
291.0347673
291.0347772
291.0347858
291.0347933
291.0347988
291.0348046
291.0348061
291.0347931
295.5945008
294.5607732
293.6260602
292.8003615
292.0968572
291.5277668
291.1790014
291.0704928
291.0465626
291.0396386
291.0369295
291.0357135
291.0351488
291.0348835
291.034758
291.0347
291.0346754
291.0346681
291.0346697
291.034676
291.0346847
291.0346947
291.034705
291.0347153
291.0347253
291.0347347
291.0347429
291.0347503
291.0347558
291.0347616
291.0347632
291.0347502
296.1299457
295.0794181
294.1158899
293.2497117
292.4922121
291.8547118
291.3660059
291.1179955
291.0558342
291.0417881
291.0374465
291.0358036
291.0351341
291.0348447
291.0347126
291.0346511
291.0346233
291.0346129
291.0346114
291.0346149
291.0346211
291.0346288
291.0346372
291.0346458
291.0346543
291.0346626
291.0346702
291.0346771
291.0346825
291.0346881
291.03469
291.0346765
296.6507352
295.5904587
294.6045787
293.706925
292.9061686
292.2139346
291.6395764
291.2384058
291.0802216
291.0461839
291.0383107
291.0359379
291.035109
291.0347875
291.0346485
291.0345837
291.0345523
291.034538
291.0345325
291.0345323
291.0345347
291.0345392
291.0345445
291.0345505
291.0345568
291.0345633
291.0345696
291.0345757
291.0345805
291.0345859
291.0345876
291.0345739
297.1510583
296.0846237
295.0847013
294.1640778
293.3305238
292.5929081
291.9624029
291.4503977
291.1449001
291.0572826
291.0401238
291.036203
291.0350996
291.0347301
291.0345808
291.0345102
291.034473
291.0344524
291.0344406
291.0344343
291.034431
291.0344302
291.0344308
291.0344326
291.0344353
291.0344389
291.0344429
291.0344472
291.0344509
291.0344557
291.0344571
291.0344431
297.6318457
296.5644665
295.5580805
294.618164
293.7577768
292.984005
292.3063352
291.7324829
291.2954654
291.0883332
291.0440396
291.0366447
291.0351143
291.0346915
291.0345316
291.0344526
291.0344059
291.0343753
291.0343535
291.0343377
291.0343255
291.0343165
291.0343095
291.0343047
291.0343016
291.0343002
291.0343003
291.0343016
291.0343036
291.0343077
291.0343087
291.0342942
298.0928635
297.026979
296.0162366
295.0647198
294.1849351
293.383546
292.6677437
292.0466281
291.5261256
291.1750015
291.0561763
291.037743
291.035213
291.0347118
291.0345396
291.0344479
291.0343861
291.0343398
291.0343025
291.0342719
291.0342456
291.0342236
291.0342046
291.034189
291.0341765
291.0341674
291.0341613
291.0341586
291.0341584
291.0341616
291.0341619
291.034147
298.5311398
297.4710479
296.4608413
295.5049131
294.608998
293.7852276
293.0391997
292.3778108
291.8088343
291.3483908
291.0950688
291.0409671
291.0355255
291.0348693
291.0346753
291.0345617
291.0344758
291.034405
291.0343438
291.0342902
291.0342424
291.0342002
291.0341628
291.0341309
291.0341041
291.0340836
291.0340693
291.0340616
291.0340589
291.0340612
291.0340614
291.0340468
298.9505382
297.8977639
296.8902199
295.9314519
295.0255666
294.1848183
293.4148644
292.7216593
292.1131666
291.5917234
291.2063229
291.0560968
291.0366663
291.0353031
291.0350548
291.0349042
291.0347808
291.0346725
291.0345752
291.0344871
291.0344069
291.0343347
291.0342699
291.034214
291.0341672
291.0341314
291.0341065
291.034093
291.0340877
291.0340898
291.0340906
291.0340774
299.347081
298.3031853
297.3004815
296.3418223
295.4304848
294.5777876
293.7896391
293.0717163
292.4299759
291.8716622
291.4018008
291.1118442
291.0417875
291.0363105
291.0358715
291.0356603
291.0354795
291.0353157
291.035165
291.0350265
291.0348991
291.0347835
291.0346799
291.0345905
291.0345167
291.0344609
291.0344234
291.0344034
291.0343961
291.0343987
291.0344017
291.0343915
299.7214871
298.6872975
297.6931631
296.7387365
295.8277501
294.9649009
294.1618893
293.423695
292.7552582
292.1630788
291.6521815
291.2512745
291.0647178
291.0388339
291.0374483
291.0371275
291.0368624
291.0366183
291.0363911
291.036181
291.035987
291.035811
291.0356543
291.0355204
291.0354118
291.0353316
291.0352795
291.0352528
291.0352445
291.0352493
291.0352566
291.0352525
300.0740172
299.0524687
298.0675776
297.1186069
296.2086908
295.3414691
294.5286143
293.7753146
293.0863468
292.4668347
291.9238143
291.4603632
291.1435364
291.0482491
291.0404076
291.0397799
291.0393922
291.0390353
291.0387023
291.0383935
291.0381094
291.0378528
291.0376267
291.0374362
291.0372851
291.0371767
291.0371096
291.0370776
291.0370703
291.0370803
291.0370968
291.0371034
300.4060524
299.3981938
298.4236708
297.4819522
296.5757667
295.7084794
294.888658
294.1240262
293.4191024
292.7782168
292.2064973
291.7099367
291.302448
291.082671
291.0464409
291.0443664
291.0437816
291.043271
291.0427957
291.0423564
291.0419546
291.0415952
291.041283
291.0410249
291.0408258
291.0406884
291.0406079
291.0405738
291.0405711
291.0405912
291.0406232
291.0406473
300.7149151
299.7222319
298.7588632
297.8278649
296.9286836
296.0648612
295.240707
294.467634
293.7501759
293.0924027
292.4986087
291.9750772
291.5228328
291.1877922
291.0648223
291.052256
291.0511099
291.0503869
291.0497254
291.0491194
291.0485714
291.0480879
291.0476758
291.0473425
291.0470935
291.0469283
291.0468375
291.0468041
291.0468093
291.0468447
291.046901
291.0469526
301.0030475
300.0290251
299.0790313
298.1587106
297.2671239
296.4072813
295.5827048
294.8047019
294.0781397
293.4072448
292.7960183
292.2491593
291.7728854
291.3721932
291.1262446
291.0680055
291.0630631
291.0619433
291.061038
291.0602247
291.0595023
291.0588759
291.0583538
291.0579406
291.0576402
291.0574467
291.0573451
291.0573112
291.0573254
291.0573811
291.0574745
291.0575689
301.2698979
300.3150174
299.3800396
298.4717156
297.589487
296.7360984
295.9149009
295.1340019
294.4010392
293.7201788
293.0951584
292.530002
292.0304322
291.6028521
291.2692441
291.1097169
291.0831343
291.0802044
291.0789157
291.0778392
291.0769065
291.076113
291.0754674
291.0749646
291.0746068
291.0743784
291.0742588
291.0742169
291.0742393
291.0743211
291.0744723
291.0746316
301.5185995
300.5835208
299.6658784
298.7695254
297.8993985
297.0551213
296.2400873
295.4584303
294.7212501
294.032808
293.3968046
292.8169236
292.2979597
291.8475571
291.4710184
291.2120147
291.1214324
291.1086385
291.1062675
291.1048173
291.1036216
291.1026291
291.1018398
291.1012351
291.1008108
291.1005354
291.1003817
291.1003147
291.1003379
291.1004522
291.1006845
291.1009345
301.7479444
300.833539
299.9342656
299.0528704
298.1954043
297.3611108
296.5529285
295.7743123
295.0363099
294.3435215
293.6998222
293.1087059
292.574108
292.1017273
291.7001577
291.3819134
291.2009672
291.1540149
291.146938
291.1447299
291.1431843
291.1419511
291.1409905
291.1402666
291.1397563
291.1394063
291.1391854
291.1390607
291.1390651
291.1392203
291.1395579
291.139928
301.9626065
301.0691417
300.1891202
299.3251621
298.4808338
297.6577058
296.8583551
296.0860767
295.3488058
294.6538917
294.0051546
293.4058527
292.8593057
292.3699971
291.9454984
291.5924529
291.3374557
291.2278905
291.2060714
291.2018439
291.1997962
291.1982681
291.1970975
291.1962103
291.1955652
291.1950846
291.1947353
291.1945024
291.1944682
291.1946804
291.1951563
291.1956788
302.1584125
301.286736
300.4267745
299.580649
298.751045
297.9418079
297.1542335
296.3915031
295.6575767
294.9632716
294.3124976
293.7084539
293.1540413
292.6526774
292.209429
291.831953
291.5310186
291.3481684
291.2913645
291.2812023
291.278208
291.2762895
291.2748333
291.2736911
291.2728079
291.272091
291.2715163
291.2711105
291.2710225
291.271313
291.271969
291.2726912
302.3424735
301.4923896
300.6523561
299.8246354
299.011868
298.2175696
297.4426427
296.6898102
295.9624913
295.2716229
294.6214794
294.0154751
293.4564059
292.9470894
292.4913871
292.0957868
291.765276
291.5214836
291.4117561
291.388342
291.3834001
291.3809415
291.3790786
291.3775453
291.3762521
291.3751365
291.3742064
291.3735565
291.3733997
291.3737957
291.3746775
291.3756428
302.5068039
301.679119
300.8604757
300.0527172
299.2580472
298.4796799
297.7187751
296.9781598
296.2609537
295.5767244
294.9308708
294.3269541
293.767698
293.2554871
292.7931465
292.384833
292.0364415
291.7553623
291.5825413
291.530068
291.5204824
291.5171051
291.5146472
291.5125233
291.5105822
291.5088334
291.5073722
291.5063864
291.5061324
291.5066308
291.5077739
291.5090447
302.6563095
301.8499545
301.0513532
300.2625457
299.4860534
298.7247394
297.9796846
297.2537966
296.5503055
295.8735147
295.2340186
294.6352243
294.0796329
293.5692088
293.1059541
292.6925434
292.3326272
292.0279767
291.8044253
291.7118736
291.6936309
291.6887142
291.6854152
291.682446
291.6796196
291.6770012
291.6748419
291.6734436
291.6730825
291.673687
291.6751396
291.6767765
302.7624526
301.9753897
301.1953969
300.4244071
299.6644882
298.9182874
298.1887565
297.4770216
296.7864331
296.1206353
295.4906217
294.900293
294.3524741
293.8492113
293.3922808
292.9837784
292.6267716
292.3241041
292.0816177
291.9411328
291.9044803
291.8968425
291.8923446
291.8882804
291.884417
291.880847
291.8779712
291.8761786
291.8757441
291.8764996
291.8783278
291.8803528
)
;

boundaryField
{
    inletCH4
    {
        type            fixedValue;
        value           nonuniform List<scalar> 0();
    }
    wallOutside
    {
        type            zeroGradient;
    }
    wallTube
    {
        type            zeroGradient;
    }
    inletPilot
    {
        type            fixedValue;
        value           nonuniform List<scalar> 0();
    }
    inletAir
    {
        type            fixedValue;
        value           nonuniform List<scalar> 0();
    }
    outlet
    {
        type            zeroGradient;
    }
    axis
    {
        type            empty;
    }
    frontAndBack_pos
    {
        type            wedge;
    }
    frontAndBack_neg
    {
        type            wedge;
    }
    procBoundary0to2
    {
        type            processor;
        value           nonuniform List<scalar> 
32
(
292.8143735
292.0173141
291.4199752
291.1325417
291.0625835
291.0461332
291.0404754
291.037816
291.0363596
291.0355358
291.0350771
291.0348298
291.0347024
291.0346417
291.0346175
291.0346131
291.0346191
291.0346306
291.034645
291.0346606
291.0346767
291.0346928
291.0347084
291.0347235
291.0347376
291.0347509
291.0347625
291.0347732
291.0347813
291.0347893
291.0347926
291.0347818
)
;
    }
    procBoundary0to4
    {
        type            processor;
        value           nonuniform List<scalar> 
27
(
294.3706983
294.9753679
295.5684107
296.1478687
296.7123414
297.2557621
297.7797992
298.2797334
298.7557804
299.210237
299.6405701
300.0487586
300.4323554
300.792516
301.1289231
301.441248
301.729846
301.9968008
302.2419531
302.4685826
302.675223
302.8670556
303.0395331
303.2003245
303.3411512
303.4679687
303.5541184
)
;
    }
}


// ************************************************************************* //
)

// Processor1

12225
(dimensions      [0 0 0 1 0 0 0];

internalField   nonuniform List<scalar> 
860
(
291.0009443
291.0009247
291.0009223
291.0009258
291.0009326
291.0009422
291.0009547
291.0009703
291.000989
291.0010104
291.0010345
291.0010607
291.0010888
291.0011191
291.0011504
291.0011817
291.0012129
291.0012443
291.001275
291.0013034
291.0013291
291.0013525
291.0013722
291.0013878
291.0013987
291.0014045
291.0014051
291.0014001
291.0013897
291.0013741
291.0013534
291.0013284
291.0012992
291.0012665
291.0012318
291.0011945
291.0011575
291.0011215
291.0010876
291.0010534
291.0010089
291.0008953
291.0005711
291.0001566
291.0090697
291.008992
291.0089437
291.008907
291.0088778
291.0088546
291.0088374
291.0088266
291.008822
291.0088233
291.0088299
291.0088414
291.008857
291.0088762
291.0088981
291.0089221
291.0089476
291.0089737
291.0089997
291.0090249
291.0090487
291.0090702
291.0090886
291.0091034
291.0091139
291.0091196
291.0091202
291.0091156
291.0091056
291.0090903
291.0090699
291.0090449
291.0090159
291.0089833
291.0089485
291.0089119
291.0088752
291.0088388
291.0088046
291.0087681
291.0087173
291.008606
291.0084062
291.0082601
291.0183702
291.0182254
291.0181201
291.0180319
291.0179546
291.0178868
291.0178287
291.017781
291.0177437
291.0177162
291.0176977
291.0176876
291.0176848
291.0176884
291.0176974
291.0177109
291.0177281
291.0177478
291.0177691
291.0177911
291.0178128
291.0178333
291.0178516
291.0178671
291.0178789
291.0178864
291.0178894
291.0178874
291.0178801
291.0178676
291.0178499
291.0178274
291.0178006
291.0177701
291.0177371
291.0177021
291.0176665
291.0176313
291.017598
291.017565
291.017532
291.0175028
291.0175636
291.0177111
291.0257524
291.0255496
291.0253964
291.025266
291.0251498
291.0250461
291.0249549
291.0248771
291.0248127
291.0247614
291.0247222
291.0246943
291.0246764
291.0246674
291.0246662
291.0246717
291.0246828
291.0246984
291.0247172
291.0247382
291.0247602
291.0247821
291.0248027
291.0248213
291.024837
291.0248489
291.0248566
291.0248595
291.0248574
291.0248499
291.0248372
291.0248193
291.0247968
291.0247701
291.0247406
291.0247085
291.0246755
291.0246425
291.0246116
291.0245848
291.0245733
291.0246114
291.0248027
291.0250443
291.0303072
291.0300631
291.0298795
291.0297243
291.029586
291.029462
291.0293521
291.0292572
291.0291772
291.0291117
291.0290599
291.0290209
291.0289935
291.0289766
291.0289691
291.02897
291.0289782
291.028992
291.0290104
291.0290323
291.0290564
291.0290815
291.0291065
291.0291303
291.0291519
291.0291702
291.0291847
291.0291945
291.0291992
291.0291986
291.0291923
291.0291806
291.0291637
291.029142
291.0291168
291.0290884
291.0290584
291.0290278
291.0289994
291.0289767
291.0289742
291.0290257
291.0291967
291.029383
291.0326344
291.0323561
291.032149
291.0319764
291.0318239
291.0316877
291.0315668
291.0314614
291.0313714
291.0312963
291.0312356
291.0311885
291.0311541
291.0311313
291.0311192
291.0311165
291.0311223
291.031135
291.0311536
291.0311769
291.0312036
291.0312324
291.0312622
291.0312918
291.03132
291.0313457
291.0313679
291.0313857
291.0313984
291.0314055
291.0314068
291.0314019
291.0313915
291.0313756
291.0313553
291.0313311
291.0313048
291.0312769
291.0312504
291.0312289
291.0312241
291.0312553
291.031355
291.0314559
291.0336926
291.03338
291.0331469
291.0329572
291.0327911
291.0326444
291.0325143
291.0324003
291.0323016
291.0322182
291.0321495
291.0320947
291.032053
291.0320239
291.0320063
291.0319992
291.0320017
291.0320125
291.0320304
291.0320542
291.0320829
291.0321149
291.0321491
291.0321842
291.0322188
291.0322518
291.0322819
291.0323081
291.0323294
291.0323448
291.032354
291.0323566
291.0323532
291.0323435
291.0323282
291.0323083
291.0322863
291.0322607
291.0322357
291.0322133
291.0322032
291.0322123
291.0322551
291.0322971
291.0342048
291.0338562
291.0335971
291.0333855
291.0332043
291.0330447
291.0328998
291.0327742
291.0326649
291.0325714
291.0324922
291.0324276
291.0323767
291.0323387
291.0323131
291.0322995
291.0322966
291.0323032
291.0323187
291.0323414
291.0323703
291.0324041
291.0324414
291.0324805
291.0325205
291.0325602
291.032598
291.0326327
291.0326627
291.0326866
291.0327042
291.0327152
291.032719
291.032716
291.0327057
291.03269
291.0326708
291.0326481
291.0326253
291.0326032
291.0325889
291.0325839
291.0325964
291.0326095
291.0345516
291.0341636
291.0338717
291.0336367
291.0334364
291.0332605
291.0331043
291.0329646
291.0328407
291.032733
291.03264
291.0325613
291.0324975
291.0324479
291.0324115
291.0323888
291.0323783
291.0323788
291.0323893
291.0324093
291.0324365
291.0324719
291.0325098
291.0325516
291.0325951
291.0326408
291.0326861
291.0327287
291.0327669
291.0327992
291.0328246
291.0328424
291.0328528
291.0328552
291.0328506
291.0328394
291.0328235
291.0328032
291.0327822
291.0327605
291.0327446
291.0327331
291.032733
291.032734
291.0349126
291.034475
291.0341469
291.0338824
291.0336557
291.0334578
291.0332833
291.033126
291.0329848
291.0328607
291.0327518
291.0326571
291.0325782
291.0325139
291.0324645
291.0324298
291.0324083
291.0324
291.0324038
291.0324187
291.0324431
291.0324759
291.032515
291.0325593
291.0326068
291.0326565
291.0327063
291.0327543
291.0327986
291.0328375
291.0328697
291.032894
291.0329103
291.0329181
291.0329183
291.032911
291.0328982
291.0328803
291.0328609
291.0328401
291.0328237
291.0328097
291.0328048
291.0328006
291.0353513
291.0348466
291.0344705
291.0341706
291.0339153
291.0336926
291.033494
291.0333158
291.0331555
291.0330116
291.0328833
291.0327708
291.032674
291.032593
291.0325282
291.032479
291.0324453
291.0324262
291.0324212
291.032429
291.0324484
291.0324778
291.0325156
291.03256
291.0326093
291.0326616
291.0327147
291.0327667
291.0328155
291.0328594
291.0328968
291.0329264
291.0329477
291.0329601
291.0329643
291.0329603
291.0329502
291.0329343
291.0329162
291.0328961
291.0328797
291.0328646
291.0328574
291.0328506
291.0358626
291.0352933
291.0348628
291.0345153
291.0342242
291.0339743
291.0337501
291.0335485
291.0333661
291.0331996
291.0330501
291.0329172
291.0328011
291.0327019
291.0326198
291.0325548
291.0325068
291.0324752
291.0324593
291.0324581
291.0324703
291.0324945
291.0325287
291.0325712
291.03262
291.0326729
291.0327277
291.0327822
291.0328342
291.0328817
291.032923
291.0329566
291.0329818
291.0329978
291.0330052
291.0330038
291.0329958
291.0329814
291.0329642
291.0329445
291.032928
291.0329122
291.0329035
291.0328947
291.0364533
291.0357875
291.0352992
291.0349049
291.0345741
291.0342935
291.0340427
291.0338164
291.0336101
291.033421
291.0332498
291.033096
291.0329596
291.032841
291.0327406
291.0326586
291.0325949
291.0325493
291.0325211
291.0325093
291.0325127
291.0325299
291.0325588
291.0325976
291.0326441
291.0326959
291.0327506
291.032806
291.0328596
291.0329092
291.032953
291.0329893
291.0330171
291.0330357
291.0330452
291.0330457
291.033039
291.0330255
291.0330089
291.0329893
291.0329724
291.0329559
291.0329458
291.0329352
291.0371224
291.036352
291.0357854
291.0353328
291.0349633
291.034644
291.0343623
291.0341092
291.0338778
291.033666
291.0334726
291.0332973
291.0331402
291.0330019
291.0328829
291.0327836
291.0327039
291.0326437
291.0326025
291.0325794
291.0325731
291.0325821
291.0326046
291.0326384
291.0326812
291.0327305
291.0327839
291.0328387
291.0328925
291.0329428
291.0329877
291.0330254
291.0330547
291.0330746
291.0330854
291.0330868
291.0330808
291.0330677
291.0330511
291.0330313
291.0330139
291.0329965
291.0329849
291.0329727
291.0378333
291.0369586
291.0362931
291.0357748
291.0353509
291.0349932
291.0346816
291.0344021
291.0341474
291.0339137
291.0336995
291.0335042
291.033328
291.0331714
291.0330351
291.0329194
291.0328245
291.0327505
291.0326967
291.0326625
291.0326465
291.0326473
291.0326629
291.0326911
291.0327295
291.0327754
291.0328264
291.0328795
291.0329323
291.0329822
291.0330271
291.0330649
291.0330945
291.0331148
291.0331259
291.0331275
291.0331215
291.0331082
291.0330913
291.0330711
291.0330529
291.0330347
291.0330217
291.0330081
291.0385897
291.0375739
291.0368102
291.036214
291.0357332
291.0353327
291.0349871
291.0346802
291.0344022
291.0341477
291.0339143
291.0337009
291.0335076
291.033335
291.0331835
291.0330537
291.0329457
291.0328596
291.032795
291.032751
291.0327265
291.0327198
291.032729
291.0327519
291.0327858
291.0328282
291.0328762
291.0329271
291.0329781
291.0330267
291.0330706
291.0331076
291.0331366
291.0331563
291.0331668
291.0331679
291.0331613
291.0331475
291.0331299
291.033109
291.0330901
291.0330709
291.0330568
291.0330421
291.0394912
291.0382467
291.0373299
291.0366333
291.0360835
291.0356331
291.0352508
291.034916
291.0346161
291.0343435
291.0340943
291.0338669
291.0336607
291.033476
291.0333133
291.0331732
291.0330557
291.0329609
291.0328883
291.0328373
291.0328063
291.032794
291.0327982
291.0328167
291.0328469
291.0328861
291.0329313
291.0329797
291.0330287
291.0330754
291.0331175
291.0331531
291.0331807
291.0331991
291.0332084
291.0332084
291.0332007
291.033186
291.0331676
291.033146
291.0331262
291.0331063
291.0330913
291.0330758
291.0404694
291.0389301
291.0378292
291.037011
291.0363786
291.0358717
291.0354505
291.0350888
291.0347695
291.0344824
291.0342219
291.0339851
291.033771
291.0335796
291.033411
291.0332656
291.0331434
291.0330444
291.032968
291.0329135
291.0328794
291.0328641
291.0328657
291.0328816
291.0329094
291.0329462
291.0329892
291.0330354
291.0330822
291.0331268
291.0331669
291.0332004
291.0332261
291.0332427
291.0332504
291.0332489
291.0332399
291.0332241
291.0332047
291.0331824
291.0331619
291.0331414
291.0331258
291.0331098
291.0418262
291.0397789
291.0383818
291.0373769
291.0366245
291.0360404
291.0355704
291.0351782
291.0348404
291.0345428
291.0342771
291.0340379
291.0338234
291.0336324
291.0334647
291.0333205
291.0331996
291.0331018
291.0330265
291.0329729
291.0329394
291.0329245
291.032926
291.0329416
291.0329686
291.0330043
291.0330459
291.0330905
291.0331353
291.0331778
291.0332156
291.0332469
291.0332703
291.0332848
291.0332905
291.0332874
291.033277
291.0332601
291.0332401
291.0332174
291.0331968
291.0331765
291.0331612
291.0331453
291.0439983
291.0409862
291.0390949
291.037799
291.0368647
291.0361654
291.0356239
291.0351891
291.0348294
291.0345278
291.0484548
291.0431323
291.0402729
291.0384608
291.0372159
291.0363253
291.035669
291.0598481
291.0474048
291.0423662
291.0396113
291.0378515
291.0366487
291.0358003
)
;

boundaryField
{
    inletCH4
    {
        type            fixedValue;
        value           nonuniform List<scalar> 0();
    }
    wallOutside
    {
        type            zeroGradient;
    }
    wallTube
    {
        type            zeroGradient;
    }
    inletPilot
    {
        type            fixedValue;
        value           nonuniform List<scalar> 0();
    }
    inletAir
    {
        type            fixedValue;
        value           uniform 291;
    }
    outlet
    {
        type            zeroGradient;
    }
    axis
    {
        type            empty;
    }
    frontAndBack_pos
    {
        type            wedge;
    }
    frontAndBack_neg
    {
        type            wedge;
    }
    procBoundary1to2
    {
        type            processor;
        value           nonuniform List<scalar> 
40
(
291.0342604
291.0340221
291.0338139
291.0336307
291.033471
291.0333344
291.0332207
291.0331297
291.0330605
291.0330121
291.0329831
291.0329717
291.0329759
291.0329932
291.0330211
291.0330569
291.0330978
291.0331411
291.0331842
291.0332245
291.03326
291.0332887
291.0333096
291.0333217
291.0333252
291.0333202
291.0333082
291.0332902
291.0332693
291.033246
291.0332249
291.0332044
291.0331888
291.0331732
291.0351654
291.0347695
291.0342604
291.0344491
291.0351654
291.035181
)
;
    }
    procBoundary1to3
    {
        type            processor;
        value           nonuniform List<scalar> 
22
(
291.0009492
291.0091228
291.0184996
291.0259668
291.030594
291.0329812
291.0340898
291.0346493
291.0350498
291.0354857
291.0360126
291.0366346
291.037356
291.0381732
291.0390606
291.0400291
291.0412743
291.04278
291.0451485
291.0497101
291.0618575
291.1054153
)
;
    }
    procBoundary1to5
    {
        type            processor;
        value           nonuniform List<scalar> 7(291.0989929 291.0579385 291.0464427 291.041649 291.0389818 291.0372759 291.0361235);
    }
}
)

// Processor2

12712
(dimensions      [0 0 0 1 0 0 0];

internalField   nonuniform List<scalar> 
861
(
291.0342604
291.0340221
291.0338139
291.0336307
291.033471
291.0333344
291.0332207
291.0331297
291.0330605
291.0330121
291.0329831
291.0329717
291.0329759
291.0329932
291.0330211
291.0330569
291.0330978
291.0331411
291.0331842
291.0332245
291.03326
291.0332887
291.0333096
291.0333217
291.0333252
291.0333202
291.0333082
291.0332902
291.0332693
291.033246
291.0332249
291.0332044
291.0331888
291.0331732
291.0351654
291.0347695
291.0344491
291.0341797
291.0339512
291.0337545
291.0335836
291.0334364
291.0333122
291.0332104
291.0331305
291.0330714
291.0330319
291.0330106
291.0330056
291.0330149
291.033036
291.0330666
291.0331038
291.0331453
291.0331882
291.0332301
291.0332686
291.0333019
291.0333283
291.0333467
291.0333564
291.0333577
291.0333507
291.0333372
291.033318
291.0332962
291.0332725
291.033251
291.0332305
291.0332149
291.0331997
291.035181
291.0347201
291.0343705
291.0340949
291.033871
291.0336844
291.0335275
291.0333962
291.0332883
291.0332023
291.0331371
291.0330914
291.0330638
291.0330526
291.0330561
291.033072
291.0330981
291.033132
291.0331713
291.0332134
291.0332559
291.0332965
291.0333332
291.0333641
291.0333878
291.0334036
291.0334109
291.03341
291.0334013
291.0333865
291.0333665
291.0333443
291.0333206
291.0332994
291.0332793
291.0332643
291.0332498
291.0353152
291.0347412
291.0343306
291.0340272
291.033795
291.0336131
291.033468
291.0333527
291.0332622
291.0331936
291.0331448
291.033114
291.0330996
291.0330996
291.0331122
291.0331353
291.0331667
291.0332043
291.0332455
291.0332883
291.0333303
291.0333694
291.033404
291.0334324
291.0334535
291.0334666
291.0334715
291.0334687
291.0334585
291.0334428
291.0334223
291.0334001
291.0333768
291.0333561
291.0333368
291.0333226
291.0333091
291.0356662
291.0349026
291.0343786
291.0340132
291.0337519
291.0335619
291.0334217
291.0333181
291.0332428
291.0331905
291.0331575
291.0331413
291.0331396
291.0331504
291.0331717
291.0332015
291.0332377
291.0332782
291.0333209
291.0333636
291.0334046
291.0334418
291.0334739
291.0334996
291.0335179
291.0335285
291.0335312
291.0335267
291.0335154
291.0334991
291.0334787
291.033457
291.0334346
291.0334148
291.0333967
291.0333835
291.0333711
291.0363544
291.0352926
291.0345826
291.0341049
291.0337807
291.0335604
291.0334105
291.0333094
291.0332434
291.0332034
291.0331833
291.0331794
291.0331884
291.0332082
291.0332366
291.0332716
291.0333111
291.0333532
291.0333961
291.0334379
291.0334769
291.0335117
291.0335408
291.0335635
291.033579
291.0335871
291.0335878
291.0335819
291.0335699
291.0335535
291.0335338
291.0335131
291.0334921
291.0334738
291.0334573
291.0334455
291.0334343
291.0375162
291.0360084
291.0350164
291.0343592
291.0339251
291.0336415
291.0334595
291.0333457
291.0332785
291.0332432
291.0332307
291.0332347
291.0332511
291.033277
291.0333098
291.0333475
291.0333883
291.0334303
291.0334718
291.0335114
291.0335475
291.033579
291.0336048
291.0336243
291.0336369
291.0336427
291.0336418
291.033635
291.033623
291.0336072
291.0335888
291.0335698
291.033551
291.0335347
291.0335205
291.0335105
291.0335007
291.0393438
291.0371584
291.0357545
291.0348314
291.0342262
291.0338357
291.0335904
291.0334421
291.0333583
291.0333172
291.0333044
291.0333106
291.0333298
291.0333578
291.0333918
291.0334296
291.0334693
291.0335092
291.0335478
291.0335839
291.0336162
291.0336438
291.0336659
291.0336821
291.033692
291.0336958
291.0336938
291.0336868
291.0336753
291.033661
291.0336445
291.033628
291.0336119
291.0335983
291.0335866
291.0335789
291.0335706
291.0421938
291.0388824
291.0368722
291.0355717
291.03472
291.0341688
291.0338211
291.0336103
291.03349
291.0334289
291.0334058
291.033407
291.0334234
291.0334494
291.0334812
291.0335162
291.0335524
291.0335884
291.0336227
291.0336542
291.0336821
291.0337054
291.0337238
291.0337369
291.0337445
291.0337469
291.0337445
291.0337379
291.0337278
291.0337156
291.0337019
291.0336885
291.0336758
291.0336653
291.0336566
291.0336514
291.0336447
291.0470469
291.0414579
291.038475
291.0366326
291.0354386
291.0346615
291.0341648
291.0338577
291.033677
291.0335788
291.0335335
291.033521
291.0335286
291.0335481
291.0335743
291.0336041
291.033635
291.0336655
291.0336945
291.0337209
291.0337439
291.0337631
291.033778
291.0337884
291.0337943
291.033796
291.0337939
291.0337886
291.0337807
291.0337713
291.0337611
291.0337514
291.0337425
291.0337355
291.0337301
291.0337276
291.0337222
291.0569481
291.0455821
291.0407655
291.0380916
291.0364172
291.0353319
291.034631
291.0341886
291.0339197
291.0337651
291.0336839
291.0336486
291.0336411
291.0336498
291.0336675
291.0336898
291.033714
291.0337383
291.0337615
291.0337826
291.0338011
291.0338164
291.0338283
291.0338368
291.0338418
291.0338437
291.0338428
291.0338396
291.0338346
291.0338288
291.0338226
291.0338171
291.0338124
291.0338092
291.0338072
291.0338072
291.033803
291.0816442
291.053146
291.0441801
291.0400754
291.0377053
291.0362029
291.0352303
291.0346074
291.0342189
291.033986
291.0338542
291.0337861
291.033757
291.0337507
291.0337573
291.0337708
291.0337875
291.0338053
291.0338228
291.033839
291.0338535
291.0338657
291.0338756
291.033883
291.033888
291.033891
291.033892
291.0338917
291.0338903
291.0338886
291.0338868
291.0338857
291.0338853
291.0338859
291.0338873
291.0338895
291.0338864
291.1606394
291.0706464
291.0500151
291.0428826
291.0393887
291.037309
291.0359799
291.0351219
291.0345772
291.0342416
291.0340428
291.0339313
291.0338738
291.0338486
291.033842
291.0338457
291.0338547
291.0338663
291.0338786
291.0338908
291.0339021
291.0339123
291.0339211
291.0339284
291.0339344
291.0339392
291.033943
291.033946
291.0339487
291.0339513
291.0339541
291.0339575
291.0339614
291.0339655
291.0339701
291.0339744
291.033972
291.4101983
291.1224698
291.0624678
291.0474228
291.0417018
291.0387252
291.0369113
291.035749
291.0350037
291.034536
291.0342513
291.0340846
291.0339917
291.0339436
291.0339218
291.0339149
291.0339164
291.0339223
291.0339305
291.0339396
291.033949
291.0339581
291.0339668
291.033975
291.0339827
291.03399
291.033997
291.0340038
291.0340106
291.0340176
291.0340249
291.0340324
291.0340404
291.0340478
291.0340552
291.0340614
291.0340594
291.9456607
291.2892331
291.0967164
291.0564728
291.0452818
291.0406335
291.0380912
291.0365192
291.0355156
291.0348796
291.0344861
291.0342501
291.0341135
291.0340379
291.0339988
291.0339808
291.033975
291.033976
291.033981
291.0339881
291.0339965
291.0340056
291.0340152
291.034025
291.034035
291.0340451
291.0340555
291.034066
291.0340769
291.0340879
291.0340992
291.0341105
291.0341219
291.0341321
291.0341418
291.0341494
291.0341475
292.6617352
291.7071373
291.2071644
291.0795876
291.051987
291.0434875
291.039668
291.0374967
291.036146
291.0352921
291.0347596
291.0344359
291.034245
291.0341362
291.0340769
291.0340468
291.0340337
291.0340304
291.034033
291.0340391
291.0340475
291.0340573
291.0340683
291.0340801
291.0340927
291.0341057
291.0341193
291.0341334
291.0341477
291.0341623
291.034177
291.0341913
291.0342053
291.0342176
291.0342291
291.0342377
291.0342353
293.4364898
292.3261961
291.5121768
291.1493775
291.0672258
291.0484186
291.041946
291.0387988
291.036954
291.0358071
291.0350926
291.0346557
291.0343954
291.0342451
291.0341614
291.0341172
291.0340962
291.0340888
291.0340896
291.0340952
291.0341041
291.0341152
291.0341279
291.0341418
291.0341567
291.0341725
291.0341889
291.0342058
291.034223
291.0342402
291.0342574
291.0342739
291.0342896
291.0343034
291.034316
291.0343249
291.0343219
294.232927
293.0240827
292.0297167
291.359921
291.111722
291.0589784
291.0457103
291.0406488
291.0380341
291.0364768
291.0355164
291.0349288
291.0345773
291.0343729
291.034258
291.0341964
291.034166
291.034154
291.0341528
291.0341582
291.0341677
291.03418
291.0341944
291.0342102
291.0342272
291.0342451
291.0342636
291.0342825
291.0343016
291.0343205
291.0343392
291.0343568
291.0343735
291.0343878
291.0344008
291.0344096
291.0344057
295.0448648
293.754987
292.6601023
291.7778214
291.2461049
291.0869412
291.0531686
291.0435862
291.0395623
291.0373834
291.0360777
291.0352833
291.0348076
291.0345301
291.0343733
291.0342884
291.0342458
291.0342277
291.0342239
291.0342286
291.0342385
291.0342518
291.0342674
291.0342846
291.034303
291.0343222
291.034342
291.034362
291.0343821
291.0344018
291.0344209
291.0344388
291.0344555
291.0344697
291.0344826
291.0344909
291.034486
291.5709952
291.1733957
291.0716513
291.0490952
291.0419243
291.0386643
291.0368436
291.035757
291.0351081
291.034729
291.0345141
291.034397
291.0343371
291.0343102
291.0343023
291.0343054
291.0343151
291.0343288
291.0343451
291.034363
291.0343821
291.0344018
291.034422
291.0344422
291.0344623
291.0344817
291.0345005
291.0345178
291.0345339
291.0345473
291.0345595
291.0345669
291.0345607
291.4048303
291.1245067
291.0610973
291.0459789
291.0405686
291.0379164
291.0364028
291.0355083
291.0349857
291.0346886
291.0345256
291.0344408
291.0344009
291.0343865
291.0343866
291.034395
291.0344083
291.0344245
291.0344424
291.0344614
291.0344809
291.0345006
291.0345203
291.0345396
291.0345581
291.0345759
291.034592
291.0346069
291.0346191
291.0346301
291.0346364
291.034629
291.7992975
291.2774354
291.0937848
291.0542356
291.0436697
291.0394692
291.0372965
291.0360483
291.0353218
291.0349073
291.0346784
291.0345575
291.0344983
291.0344739
291.0344688
291.0344746
291.0344865
291.0345018
291.034519
291.0345372
291.0345559
291.0345746
291.0345931
291.0346111
291.0346282
291.0346445
291.0346591
291.0346725
291.0346832
291.0346931
291.0346983
291.0346896
292.2903375
291.5893355
291.1876251
291.0744666
291.0495056
291.0418904
291.0385689
291.0367871
291.0357666
291.0351843
291.0348608
291.0346878
291.0346005
291.0345612
291.0345483
291.0345498
291.0345592
291.0345729
291.0345888
291.0346058
291.0346232
291.0346405
291.0346575
291.034674
291.0346894
291.0347041
291.034717
291.0347288
291.034738
291.0347469
291.034751
291.0347412
292.8143735
292.0173141
291.4199752
291.1325417
291.0625835
291.0461332
291.0404754
291.037816
291.0363596
291.0355358
291.0350771
291.0348298
291.0347024
291.0346417
291.0346175
291.0346131
291.0346191
291.0346306
291.034645
291.0346606
291.0346767
291.0346928
291.0347084
291.0347235
291.0347376
291.0347509
291.0347625
291.0347732
291.0347813
291.0347893
291.0347926
291.0347818
)
;

boundaryField
{
    inletCH4
    {
        type            fixedValue;
        value           nonuniform List<scalar> 0();
    }
    wallOutside
    {
        type            zeroGradient;
    }
    wallTube
    {
        type            zeroGradient;
    }
    inletPilot
    {
        type            fixedValue;
        value           nonuniform List<scalar> 0();
    }
    inletAir
    {
        type            fixedValue;
        value           nonuniform List<scalar> 0();
    }
    outlet
    {
        type            zeroGradient;
    }
    axis
    {
        type            empty;
    }
    frontAndBack_pos
    {
        type            wedge;
    }
    frontAndBack_neg
    {
        type            wedge;
    }
    procBoundary2to0
    {
        type            processor;
        value           nonuniform List<scalar> 
32
(
293.3611839
292.4927252
291.778785
291.2887346
291.0970639
291.0546043
291.0435473
291.0392844
291.0371561
291.0359822
291.0353308
291.0349782
291.0347944
291.0347037
291.0346636
291.0346505
291.0346516
291.0346603
291.0346726
291.0346868
291.0347015
291.0347161
291.0347302
291.0347438
291.0347562
291.034768
291.034778
291.0347873
291.0347939
291.034801
291.0348033
291.0347916
)
;
    }
    procBoundary2to1
    {
        type            processor;
        value           nonuniform List<scalar> 
40
(
291.0342771
291.0340379
291.0338234
291.0336324
291.0334647
291.0333205
291.0331996
291.0331018
291.0330265
291.0329729
291.0329394
291.0329245
291.032926
291.0329416
291.0329686
291.0330043
291.0330459
291.0330905
291.0331353
291.0331778
291.0332156
291.0332469
291.0332703
291.0332848
291.0332905
291.0332874
291.033277
291.0332601
291.0332401
291.0332174
291.0331968
291.0331765
291.0331612
291.0331453
291.0351891
291.0348294
291.0345278
291.0345278
291.035669
291.0358003
)
;
    }
    procBoundary2to4
    {
        type            processor;
        value           nonuniform List<scalar> 10(295.8480346 294.5009556 293.3238127 292.3343615 292.3343615 292.0493329 292.0493329 292.5962475 293.1724196 293.7676687);
    }
    procBoundary2to5
    {
        type            processor;
        value           nonuniform List<scalar> 
16
(
291.0361235
291.0367785
291.0379422
291.0398527
291.042994
291.0486318
291.0611429
291.0966159
291.2136091
291.5734489
292.2296194
293.0452206
293.8946696
294.7681489
295.6425781
296.5061734
)
;
    }
}
)

// Processor3

11892
(dimensions      [0 0 0 1 0 0 0];

internalField   nonuniform List<scalar> 
861
(
293.9970742
293.9965535
293.9969463
293.9994908
294.0302758
293.9648807
293.9647326
293.9659985
293.9756524
294.0296704
293.9457438
293.9463425
293.9499789
293.9699007
294.045169
293.9292112
293.9307553
293.9375628
293.9685763
294.0627076
293.9094708
293.9121848
293.9228942
293.9656239
294.0763088
293.8897809
293.8937952
293.9087612
293.9634649
294.0880846
293.8706492
293.8762346
293.8957859
293.9629645
294.0982831
293.8522373
293.859379
293.8843017
293.9638968
294.1067043
293.8349885
293.8435692
293.8732939
293.9664162
294.1136417
293.8185698
293.8284937
293.8624264
293.969624
294.1201665
293.8021197
293.8140038
293.8566055
293.9730346
294.1247906
293.7859114
293.799887
293.8496864
293.9764621
294.126432
293.7702265
293.7863243
293.8420082
293.9799196
294.1265067
293.7553316
293.7735585
293.8349375
293.9834965
294.1256129
293.7410401
293.7617561
293.8296451
293.987198
294.1237622
293.7275865
293.7507851
293.8268449
293.9910499
294.119679
293.7146776
293.7406939
293.8250828
293.9942515
294.1160827
293.7018967
293.7306815
293.8242116
293.9971508
294.1093102
293.6825894
293.7117706
293.8196734
293.9975836
294.1088161
293.6331585
293.6734198
293.7994361
294.0185756
294.2768354
1908.833125
1908.847077
1908.901077
1908.920517
1909.143727
1923.477426
1922.102359
1922.241494
1922.529399
1924.767163
1931.475319
1929.497792
1929.634131
1930.224408
1932.797746
1935.966489
1934.140745
1934.181588
1935.09389
1937.58778
1939.149532
1937.414366
1937.319391
1938.195552
1940.444243
1941.081037
1939.514752
1939.388313
1940.288615
1942.051966
1942.425206
1941.107104
1941.00067
1941.689275
1943.348044
1943.471436
1942.291535
1942.162377
1942.849776
1944.409658
1944.376399
1943.256958
1943.122855
1943.896792
1944.993185
1944.869166
1944.16413
1944.039628
1944.602568
1945.57429
1945.381883
1944.681548
1944.582467
1945.135907
1945.753835
1945.569223
1945.171889
1945.114664
1945.605536
1946.048357
1945.824824
1945.548473
1945.549705
1945.862587
1946.320718
1946.075027
1945.780422
1945.777949
1946.103239
1946.606255
1946.361936
1946.002694
1946.003128
1946.360584
1946.891482
1946.662308
1946.257067
1946.257942
1946.63731
1947.164108
1946.953622
1946.540292
1946.5416
1946.918416
1947.411985
1947.215752
1946.832764
1946.838359
1947.190333
1947.629356
1947.464484
1947.118086
1947.120171
1947.40784
1947.73753
1952.122744
1947.963501
1946.555728
1945.077945
1941.94577
293.5726963
293.6537834
294.3158017
302.2227341
402.9815324
293.6030626
293.8016808
295.8728616
315.8538447
456.4256757
293.6739235
294.1601226
298.9463786
334.5224377
495.5519536
293.8251455
294.8830309
304.0625587
357.5466541
526.9431767
294.1257764
296.2208335
311.9935032
383.734962
552.6635993
294.7026444
298.6253164
323.5785882
411.1961789
575.3992142
295.7618038
302.6450924
338.8813635
438.6966343
597.5998135
297.6208489
308.9423989
357.7026319
465.7972789
619.4763472
300.7880448
318.3127347
379.5539785
492.2506724
640.7171964
306.0207724
331.4623636
403.8478548
518.4499598
661.7516523
314.4733441
349.1158321
430.0504114
544.4296935
682.4510696
328.8070302
371.7698732
457.6437831
570.6412634
703.4217231
349.924607
398.8201635
486.6719776
597.3291869
724.8183859
379.786612
430.6983161
517.7495428
625.1086303
747.3000029
419.2077078
467.8890586
551.6101083
654.6448243
771.3410842
465.6116902
510.355419
589.2628176
687.0589035
797.7431053
520.8240694
560.2413264
632.4055658
723.5443738
827.5330371
581.4162608
615.2688802
680.1222831
764.6246507
862.6782927
644.7751385
674.4006646
732.7119866
809.9153833
899.9451238
712.427533
737.2618583
786.2974301
850.5362228
923.2034839
778.4937511
795.3918247
828.3502591
870.3295293
915.7422485
814.6767665
822.561841
838.1060946
857.646518
877.6650583
803.0606395
805.4646829
809.8800719
814.689412
818.210294
755.9394378
755.6738338
754.59
752.0737636
747.5041051
691.871878
690.6386098
687.6280962
682.7043836
675.7356351
671.6663753
680.6521621
687.3068229
695.4621962
704.3407313
714.7580075
727.4390443
741.4087114
755.6569821
770.4995161
785.5669287
801.5043793
818.1939654
836.114885
855.8131794
877.6133425
902.844016
934.3678987
965.5298905
973.5248428
945.4092105
889.6963998
819.2352493
743.3728449
670.2289318
1173.579673
1962.357412
1920.345177
1797.936345
1462.228654
1058.705939
1645.875449
1968.364343
1730.865377
1259.851032
1005.658504
1490.633354
1970.025684
1750.821577
1212.307967
974.6063026
1409.442215
1913.469175
1815.51844
1346.34528
954.8120109
1348.870759
1793.815109
1880.620679
1526.357607
942.866674
1302.485859
1699.457518
1920.868276
1674.093553
937.4560899
1269.845932
1638.552394
1936.808146
1792.192591
936.4500439
1246.049435
1591.334841
1929.268137
1873.205053
937.8225216
1226.925914
1547.440703
1875.125054
1918.826354
941.3922516
1212.277231
1511.709795
1823.709871
1945.475725
946.5504391
1201.694656
1483.701244
1781.506278
1958.006509
953.7320401
1195.079271
1461.106152
1744.094752
1958.338421
962.4513416
1190.683767
1440.465933
1705.319538
1931.977713
972.7356491
1188.422112
1423.08679
1671.466234
1895.578788
985.3033114
1189.599111
1410.714715
1644.34768
1862.631204
999.8216579
1192.493512
1400.44632
1620.875522
1833.11287
1017.862771
1200.398153
1398.669106
1611.144411
1819.630091
1043.665353
1220.764187
1416.460805
1629.755792
1838.163938
1065.295087
1227.15963
1408.936194
1624.293113
1859.279477
1049.102738
1157.630368
1254.929556
1331.185211
1359.760162
990.1775736
1041.373083
1067.418813
1060.263861
1012.091312
908.8555656
920.7123075
909.7875306
874.0541783
815.059777
822.5779186
813.5355429
788.5185635
748.690668
697.2801018
739.2805205
722.6892835
695.6853119
660.1292275
618.8396285
663.9393646
646.7008182
622.569703
593.3147476
560.9812871
455.2962737
302.0126133
291.9615968
291.1834487
291.0601339
291.0247981
291.0110648
291.0052449
291.0027566
291.0017009
291.0012596
291.0010732
291.0009902
291.0009543
291.0009405
291.0009492
566.3356348
321.6188251
293.709738
291.432542
291.1335666
291.059853
291.0326342
291.0204467
291.0146219
291.0117971
291.0104316
291.0097678
291.0094366
291.0092629
291.0091647
291.0091228
620.8914497
338.7534415
295.0108166
291.5762552
291.1733608
291.0825377
291.0502715
291.0354822
291.0277553
291.0235575
291.021254
291.0199899
291.0192886
291.0188851
291.0186406
291.0184996
787.2545672
411.2777083
302.3570511
291.9209207
291.2031881
291.0943182
291.0611757
291.0461505
291.0379053
291.0330737
291.0301627
291.0283971
291.0273208
291.026655
291.026232
291.0259668
995.3864227
541.9034308
335.8152881
294.6557637
291.4086986
291.1250472
291.0718771
291.0534014
291.0443189
291.0390826
291.0358381
291.03376
291.0324214
291.0315474
291.03097
291.030594
1205.832587
738.8127395
428.2165241
312.074573
292.7829697
291.2679916
291.0993294
291.062328
291.0489934
291.0425641
291.0389086
291.0366296
291.0351363
291.0341317
291.0334432
291.0329812
1387.328096
933.5051878
576.5589604
371.8439131
301.7035006
291.9619589
291.1864172
291.0816022
291.055358
291.0455081
291.0407985
291.0381503
291.0364928
291.0353841
291.0346179
291.0340898
1543.019264
1113.356485
751.1998396
488.4073161
339.5407854
295.9042733
291.5193862
291.1340319
291.0686467
291.0500617
291.0428147
291.0393242
291.0373503
291.0360942
291.0352396
291.0346493
1672.820425
1270.33537
906.5682144
628.0112568
427.9050582
314.9581666
292.9417903
291.2836282
291.0980689
291.0584401
291.0458515
291.0407242
291.0381849
291.0366996
291.0357213
291.0350498
1780.574334
1418.636172
1053.605032
755.7076892
529.7139588
364.5034872
298.9344344
291.7056208
291.1574719
291.0723261
291.0502984
291.042608
291.0392234
291.0374043
291.0362627
291.0354857
1862.68965
1558.593952
1202.092932
886.9185832
632.8372635
429.3450222
314.6093809
293.0451257
291.2946658
291.0966364
291.0567911
291.0450968
291.0405447
291.0382724
291.0369136
291.0360126
1919.401181
1674.212303
1340.658882
1011.452883
727.5121043
492.5658994
340.6233432
295.668503
291.5342222
291.1292698
291.0643028
291.0479177
291.0421061
291.0393454
291.0377141
291.0366346
1953.292948
1764.040398
1458.405695
1125.025684
812.4746828
548.8550325
368.3288657
300.2797737
291.9153814
291.1734256
291.0726233
291.0509818
291.0438613
291.0405593
291.0386292
291.037356
1971.066115
1832.742387
1558.097272
1225.181059
883.5996474
589.762701
390.5491957
308.1850626
292.5441053
291.2464634
291.0848935
291.054991
291.045981
291.04196
291.0396669
291.0381732
1977.73289
1881.648018
1635.269132
1298.95969
921.6033825
599.6789954
399.7465247
316.1103397
293.7026605
291.3873798
291.1055535
291.0607176
291.0486898
291.043628
291.0408396
291.0390606
1974.472903
1904.302689
1669.608661
1314.201313
893.872393
565.9385269
390.4573388
319.8864879
295.5560154
291.6894677
291.1474172
291.0702204
291.0524201
291.0456686
291.0421684
291.0400291
1963.473827
1886.158766
1623.655312
1211.408089
776.0488594
498.455039
369.985363
318.7064399
298.2259416
292.3888632
291.257498
291.091676
291.059131
291.0487306
291.0439489
291.0412743
1936.830305
1796.692441
1458.087296
969.9299237
615.7677974
432.9645457
351.7793513
316.8447016
301.1503299
294.0860531
291.6614142
291.1650149
291.0759011
291.0544031
291.0466365
291.04278
1846.620378
1585.617873
1099.930341
721.3018431
504.6915447
395.3552319
342.9376397
317.4209595
304.2971695
296.9662134
292.9786764
291.4748257
291.1350478
291.0686232
291.0515996
291.0451485
1273.843666
1034.458041
765.3581235
567.1852689
445.7419755
377.7101914
340.4276816
319.6201642
307.580501
300.2409467
295.4633001
292.5664501
291.3966288
291.1202656
291.0644275
291.0497101
910.5698554
757.2437422
608.3620794
494.6088425
418.3836856
370.4893758
341.0203132
322.7759067
311.2133518
303.6394383
298.4764919
294.7864219
292.3795784
291.3573672
291.1118945
291.0618575
730.4705955
627.8218361
533.6941063
459.0727034
405.106189
368.0446542
343.1570509
326.4706297
315.1399212
307.272545
301.6583286
297.5374477
294.4086456
292.2651438
291.3288154
291.1054153
632.1445189
559.2580187
493.2547028
439.196551
397.8809541
367.5490009
345.7667675
330.2303771
319.0938896
310.9976481
304.9886724
300.4269751
296.9023285
294.1204976
292.1614159
291.2996452
569.7391398
516.3010561
467.2809028
425.8632841
392.7880655
367.2901677
348.0041684
333.5601188
322.7417244
314.5687852
308.2984487
303.3953557
299.4951128
296.3703155
293.846588
292.0508922
523.5283543
482.942058
)
;

boundaryField
{
    inletCH4
    {
        type            fixedValue;
        value           uniform 294;
    }
    wallOutside
    {
        type            zeroGradient;
    }
    wallTube
    {
        type            zeroGradient;
    }
    inletPilot
    {
        type            fixedValue;
        value           uniform 1880;
    }
    inletAir
    {
        type            fixedValue;
        value           uniform 291;
    }
    outlet
    {
        type            zeroGradient;
    }
    axis
    {
        type            empty;
    }
    frontAndBack_pos
    {
        type            wedge;
    }
    frontAndBack_neg
    {
        type            wedge;
    }
    procBoundary3to1
    {
        type            processor;
        value           nonuniform List<scalar> 
22
(
291.0009443
291.0090697
291.0183702
291.0257524
291.0303072
291.0326344
291.0336926
291.0342048
291.0345516
291.0349126
291.0353513
291.0358626
291.0364533
291.0371224
291.0378333
291.0385897
291.0394912
291.0404694
291.0418262
291.0439983
291.0484548
291.0598481
)
;
    }
    procBoundary3to5
    {
        type            processor;
        value           nonuniform List<scalar> 
30
(
625.4054748
624.0047073
620.7665704
615.7022215
608.8608514
603.6165898
597.4002356
582.3556467
562.6657522
539.7724362
515.1371152
291.0989929
445.7518439
414.2250845
387.6460513
366.1774355
349.2724988
336.0755273
325.8020152
317.7641046
311.4024496
306.2892999
302.1164421
298.6780994
295.8545036
291.2687102
293.5495381
487.0716836
445.7518439
457.0117748
)
;
    }
}
)

// Processor4

12433
(dimensions      [0 0 0 1 0 0 0];

internalField   nonuniform List<scalar> 
862
(
336.54653
336.5169744
336.452049
336.3536686
336.222493
335.3586901
335.3312676
335.2710136
335.1797047
335.0579182
334.2199323
334.1944536
334.1384737
334.0536222
333.9404264
333.1273397
333.1036415
333.0515677
332.9726312
332.8673046
332.0781824
332.0561276
332.0076332
331.9341148
331.8360075
331.069987
331.0494191
331.0042162
330.9356727
330.8441881
330.100465
330.0812733
330.0390899
329.9751197
329.8897225
329.1675406
329.149613
329.1102061
329.0504419
328.9706462
328.2692885
328.2525293
328.2156791
328.1597858
328.0851517
327.4038098
327.38812
327.353626
327.3013009
327.2314155
326.5693027
326.5546063
326.5222872
326.4732549
326.4077597
325.7638817
325.7500978
325.7197863
325.6737956
325.6123556
324.9860132
324.9730752
324.9446246
324.9014546
324.8437776
324.2339855
324.2218309
324.1951049
324.1545468
324.1003551
323.5069553
323.4955338
323.4704165
323.4322974
323.3813588
322.8031627
322.7924223
322.7687988
322.7329425
322.6850263
322.1231891
322.1130858
322.090861
322.0571267
322.012042
321.4654402
321.4559221
321.4349864
321.4032069
321.3607295
320.8406876
320.8317172
320.8119846
320.7820303
320.7419902
320.3043081
320.2957824
320.2770275
320.2485555
320.2104929
336.1147873
334.9579282
333.8474876
332.7807928
331.7553943
330.7689973
329.8195262
328.9050367
328.0237727
327.1739547
326.3539061
325.5618323
324.7963402
324.0557782
323.3394512
322.6456007
321.9749429
321.3257796
320.7090412
320.1791669
335.9523114
335.6324806
335.2480917
334.80197
334.2972261
334.8070261
334.509843
334.1524464
333.7373561
333.2673401
333.7071785
333.4307323
333.0980768
332.7114586
332.2733474
332.6502151
332.3927796
332.0828283
331.7223668
331.3136009
331.6337419
331.3937614
331.104674
330.7682715
330.3865285
330.6555392
330.4316038
330.1617087
329.84746
329.4906263
329.713597
329.5044293
329.2522123
328.9583876
328.6245417
328.8060437
328.6104747
328.3745497
328.0995644
327.7869442
327.9311671
327.7481388
327.5272491
327.2696627
326.9766637
327.0872221
326.915761
326.7087469
326.4672315
326.1923713
326.2726104
326.1118428
325.9176627
325.6910228
325.4329648
325.4855646
325.3346827
325.1523749
324.939503
324.6970117
324.724744
324.5830432
324.4117637
324.2116856
323.9836666
323.988511
323.8553188
323.6942642
323.5060574
323.2914779
323.2762274
323.1509861
322.999489
322.8223841
322.6203796
322.5861311
322.4682739
322.3256556
322.1588677
321.9685528
321.9189881
321.8080615
321.6737846
321.5166949
321.3373767
321.2730583
321.1685137
321.0419244
320.893782
320.7246176
320.6593328
320.5607551
320.4413613
320.3015976
320.1419456
320.131908
320.0381557
319.9245851
319.791606
319.6396641
295.8480346
294.5009556
293.3238127
292.3343615
296.6367325
295.2500556
294.0100322
292.9396757
292.0493329
297.4064568
295.9922005
294.7099206
293.5707692
292.5962475
299.6964549
298.1491667
296.7169173
295.4033429
294.2154983
293.1724196
300.4116811
298.8631693
297.4208587
296.0862251
294.8654432
293.7676687
301.0893321
299.5459411
298.099373
296.7515123
295.5065303
294.3706983
303.3452736
301.728623
300.1951732
298.7495878
297.3961256
296.1360597
294.9753679
303.9231284
302.3294046
300.8106357
299.3718848
298.01733
296.7479701
295.5684107
306.0801098
304.458709
302.8911787
301.3907981
299.962569
298.6104451
297.338567
296.1478687
308.1522306
306.5317736
304.9508823
303.4157212
301.937128
300.5234901
299.1792934
297.9086997
296.7123414
308.5138258
306.9407904
305.4016264
303.9021488
302.4480086
301.0520975
299.7190039
298.4522358
297.2557621
310.3827359
308.8340846
307.3087838
305.8121023
304.349276
302.9258109
301.5504411
300.2317158
298.9734694
297.7797992
333.6711909
332.9006404
332.0419968
331.0986777
330.0748411
328.9753025
327.8054414
326.5711027
325.2784997
323.9341236
322.5446453
321.1168528
319.6575625
318.1735669
316.6715809
315.1582103
313.6398774
312.122818
310.6130565
309.1164244
307.6384989
306.1844635
304.7594501
303.3684359
302.0164584
300.7147057
299.4678666
298.2797334
332.6838609
331.9647946
331.1624622
330.2797436
329.320211
328.2880588
327.1880245
326.0253034
324.8054656
323.5343738
322.2180934
320.8628368
319.4748783
318.0605075
316.6259801
315.1774825
313.7210581
312.262598
310.807831
309.3623057
307.9313787
306.5201704
305.133403
303.775755
302.4520541
301.1692844
299.9361189
298.7557804
331.729019
331.057411
330.3070916
329.4804737
328.5806128
327.6111513
326.5762523
325.4805252
324.3289573
323.1268291
321.8796556
320.5931163
319.2729813
317.9250683
316.5551953
315.1691435
313.7725834
312.3710749
310.9700492
309.5747828
308.1903772
306.8217373
305.4734822
304.1501636
302.8561719
301.5960799
300.3791845
299.210237
330.8053292
330.1775084
329.4752743
328.700631
327.8561802
326.9450749
325.9709616
324.9379264
323.8504252
322.7132123
321.5312915
320.3098397
319.0541609
317.7696273
316.4616403
315.1355956
313.7968092
312.4505207
311.101866
309.7558553
308.4173571
307.0910811
305.7815267
304.4929148
303.2294207
301.9953719
300.7963183
299.6405701
329.9115014
329.3241246
328.6663871
327.9399383
327.1469808
326.2902316
325.3728811
324.3985403
323.371178
322.2950744
321.1747614
320.0149549
318.8205195
317.5964114
316.34764
315.0792338
313.7961667
312.5033614
311.2056639
309.9078223
308.6144693
307.3300755
306.0589395
304.8052401
303.5729953
302.3661488
301.1888132
300.0487586
329.0462798
328.4962894
327.879758
327.1980264
326.4529448
325.6468469
324.7825146
323.863132
322.8922313
321.8736569
320.8114993
319.7100576
318.5737845
317.407244
316.2150706
315.0019477
313.7725122
312.5313865
311.2831421
310.0322737
308.7831825
307.5401266
306.3072326
305.0885427
303.887823
302.7088404
301.5555137
300.4323554
328.2085416
327.6931487
327.114814
326.4746091
325.7740773
325.015214
324.2004344
323.3325336
322.4146544
321.4502418
320.4429826
319.3967856
318.3157213
317.2039871
316.0658665
314.9057057
313.7278311
312.5365752
311.3362383
310.1310599
308.9252097
307.7227345
306.5275683
305.3435692
304.1744899
303.0238882
301.8953173
300.792516
327.397145
326.913778
326.3708578
325.769223
325.1101486
324.3953287
323.6268485
322.8071627
321.9390585
321.0256084
320.0701409
319.0762001
318.0475033
316.9879056
315.9013627
314.7918909
313.6635301
312.5203308
311.3663312
310.2055346
309.0418934
307.8792555
306.7213854
305.5719701
304.4346222
303.3126819
302.2095939
301.1289231
326.6111096
326.1574224
325.647372
325.081597
324.461137
323.7874198
323.0622407
322.2877447
321.4663945
320.6009276
319.6943405
318.7498437
317.7708266
316.7608229
315.7234786
314.6625044
313.5816618
312.4847371
311.3755193
310.2577785
309.1352456
308.0115639
306.8903496
305.7750826
304.6692247
303.5761335
302.4990537
301.441248
325.8492525
325.4230647
324.9435168
324.4110737
323.8265647
323.1911841
322.5064724
321.7742992
320.9968256
320.1764957
319.3159996
318.4182413
317.4863061
316.5234296
315.532969
314.5183548
313.4830787
312.4306752
311.3646935
310.288677
309.2061496
308.1205658
307.0353576
305.9538566
304.8793782
303.8151779
302.7642872
301.729846
325.1106493
324.7099979
324.2588139
323.7574105
323.2064404
322.6068919
321.9600787
321.2676119
320.5313981
319.7536076
318.9366523
318.083154
317.1959169
316.277899
315.3321813
314.3619295
313.3703827
312.3608327
311.3365992
310.3010104
309.2573908
308.2090049
307.1590997
306.1108542
305.0674332
304.03195
303.0074115
301.9968008
324.3939838
324.0170311
323.5922041
323.1196898
322.5999864
322.0339031
321.4225402
320.7672957
320.069838
319.3320925
318.5562168
317.7445744
316.8997095
316.0243229
315.1212289
314.1933551
313.2437022
312.2753326
311.291347
310.2948657
309.2890169
308.2768833
307.2615313
306.2460021
305.2333228
304.2264898
303.2284177
302.2419531
323.6985858
323.3437166
322.9434831
322.4979646
322.0075234
321.4728026
320.8947301
320.2745032
319.6135793
318.9136615
318.1766735
317.4047395
316.6001624
315.7654019
314.9030354
314.0157532
313.1063321
312.1776159
311.2324951
310.2738903
309.3047417
308.3279594
307.3464444
306.3630949
305.3807999
304.402424
303.4307558
302.4685826
323.0230763
322.6887486
322.3114201
321.8910717
321.4279484
320.9225578
320.3756663
319.7882964
319.161717
318.4974275
317.7971385
317.0627559
316.2963621
315.5001876
314.6765937
313.8280509
312.9571239
312.0664493
311.1587188
310.2366662
309.3030557
308.3606341
307.4121459
306.4603548
305.5080257
304.5579148
303.6127383
302.675223
322.3675939
322.0525195
321.6966746
321.2999644
320.8625299
320.3847544
319.8672646
319.310927
318.716837
318.0863064
317.4208507
316.7221733
315.9921497
315.2327926
314.446259
313.6348166
312.8008336
311.946756
311.0750919
310.1884008
309.2892829
308.380332
307.4641509
306.5433738
305.620646
304.6986084
303.7798874
302.8670556
321.7302927
321.4331363
321.0973072
320.7226401
320.3091875
319.8572281
319.3672661
318.8400261
318.2764469
317.6776726
317.0450424
316.3800773
315.6844575
314.9600117
314.2087021
313.4326109
312.6339233
311.8149078
310.9779008
310.1252971
309.2595397
308.3830676
307.4983521
306.6079038
305.7142582
304.8199566
303.9275465
303.0395331
321.1127866
320.8325181
320.5155686
320.1617139
319.7709314
319.3434032
318.8795182
318.3798693
317.8452512
317.276653
316.6752501
316.0423873
315.3795661
314.6884416
313.9707979
313.2285424
312.4636882
311.6783382
310.8746708
310.0549313
309.2214245
308.3764646
307.5224084
306.6616545
305.7966288
304.9297725
304.063538
303.2003245
320.5126641
320.2480101
319.9485409
319.6139816
319.2442392
318.8394097
318.3997799
317.9258293
317.4182268
316.8778272
316.305664
315.7029313
315.0709795
314.4113057
313.7255391
313.0154289
312.2828282
311.5296814
310.7580134
309.9699252
309.1675699
308.3531366
307.5288625
306.6970377
305.8599895
305.0200766
304.1796808
303.3411512
319.9418302
319.6918386
319.4087871
319.0923542
318.7423833
318.3588903
317.9420678
317.4922873
317.0100976
316.4962223
315.9515453
315.3771127
314.7741256
314.1439237
313.4879823
312.8079003
312.105388
311.3822594
310.6404249
309.8818849
309.1086898
308.3229399
307.5267837
306.722433
305.9121148
305.0980849
304.2826188
303.4679687
319.4491582
319.2110424
318.9413057
318.6395895
318.3056883
317.9395565
317.5413135
317.1112454
316.6498066
316.1576089
315.6354235
315.0841839
314.5049559
313.8989339
313.2674715
312.6120785
311.9343753
311.2360819
310.5190267
309.7851341
309.0363707
308.2747657
307.5023893
306.7213713
305.9338525
305.1420023
304.3480205
303.5541184
)
;

boundaryField
{
    inletCH4
    {
        type            fixedValue;
        value           nonuniform List<scalar> 0();
    }
    wallOutside
    {
        type            zeroGradient;
    }
    wallTube
    {
        type            zeroGradient;
    }
    inletPilot
    {
        type            fixedValue;
        value           nonuniform List<scalar> 0();
    }
    inletAir
    {
        type            fixedValue;
        value           nonuniform List<scalar> 0();
    }
    outlet
    {
        type            zeroGradient;
    }
    axis
    {
        type            empty;
    }
    frontAndBack_pos
    {
        type            wedge;
    }
    frontAndBack_neg
    {
        type            wedge;
    }
    procBoundary4to0
    {
        type            processor;
        value           nonuniform List<scalar> 
27
(
293.3611839
293.9223991
294.4842287
295.0435165
295.5945008
296.1299457
296.6507352
297.1510583
297.6318457
298.0928635
298.5311398
298.9505382
299.347081
299.7214871
300.0740172
300.4060524
300.7149151
301.0030475
301.2698979
301.5185995
301.7479444
301.9626065
302.1584125
302.3424735
302.5068039
302.6563095
302.7624526
)
;
    }
    procBoundary4to2
    {
        type            processor;
        value           nonuniform List<scalar> 10(295.0448648 293.754987 292.6601023 291.7778214 291.5709952 291.5709952 291.4048303 291.7992975 292.2903375 292.8143735);
    }
    procBoundary4to5
    {
        type            processor;
        value           nonuniform List<scalar> 
46
(
337.7870042
337.7551159
337.6850706
337.5789556
337.4374802
337.3214021
337.1462112
336.8016293
336.3877573
335.9077792
335.3651909
297.3476249
298.1609142
298.9456605
298.9456605
301.3557975
302.0619958
302.7249876
302.7249876
305.039707
305.5835893
305.5835893
307.7478038
307.7478038
309.8063078
310.1149
310.1149
334.6928465
333.8663796
332.9467082
331.937862
330.8446659
329.6726341
328.427862
327.1169142
325.7467066
324.3244188
322.8573751
321.3529794
319.8186284
318.2616458
316.6892334
315.1084401
313.5260844
311.9487624
311.9487624
)
;
    }
}
)

// Processor5

12741
(dimensions      [0 0 0 1 0 0 0];

internalField   nonuniform List<scalar> 
862
(
625.4054748
624.0047073
620.7665704
615.7022215
608.8608514
568.3446502
567.118569
564.2912921
559.9327057
554.1429842
520.6392488
519.6461769
517.3732442
513.8949962
509.310205
482.1154092
481.3454151
479.5920548
476.918968
473.4067856
451.6384379
451.0552897
449.731926
447.7178558
445.0735908
427.8403539
427.4032127
426.4136982
424.9084998
422.930805
409.4101244
409.0820055
408.340803
407.2131727
405.7292039
395.2013869
394.9520447
394.390114
393.5350163
392.4074677
384.271989
384.0784612
383.6435792
382.9817984
382.107392
375.8739243
375.7195306
375.3738555
374.8480473
374.152093
369.4119573
369.2850375
369.0019389
368.5716649
368.0013082
364.4035744
364.2960601
364.0572535
363.6946883
363.2135668
360.4573984
360.3640009
360.1572563
359.8436982
359.4273032
357.2649576
357.1821893
356.9994966
356.7226874
356.3548618
354.5946293
354.5202382
354.3564238
354.1083687
353.7786227
352.281788
352.2143436
352.0660006
351.8414549
351.5428759
350.2157603
350.1542418
350.0190539
349.814472
349.5423429
348.3254079
348.2690987
348.1454095
347.9582258
347.7091578
346.5667165
346.5150434
346.4015539
346.2298064
346.0011961
344.9126915
344.8651798
344.7608459
344.6029287
344.3926658
343.3466081
343.3028618
343.2067797
343.0613333
342.8676111
341.8576384
341.8172914
341.7286853
341.5945244
341.4157849
340.4382544
340.4009971
340.3191729
340.1952529
340.0301253
339.08289
339.0484444
338.9727848
338.8581815
338.7054354
337.7870042
337.7551159
337.6850706
337.5789556
337.4374802
603.6165898
549.7761493
505.8685453
470.7713207
443.0849407
421.4374215
404.6021697
391.5448937
381.4327574
373.609766
367.552394
362.8311609
359.0935039
356.0580524
353.5111679
351.2998023
349.3202554
347.5055924
345.8141577
344.2204969
342.7089137
341.2692969
339.8947091
338.5801178
337.3214021
597.4002356
582.3556467
562.6657522
539.7724362
515.1371152
544.546853
532.3947701
516.9289891
499.2723269
480.4772554
501.7176811
492.2610178
480.3778413
466.9093578
452.6110846
467.5725673
460.3556325
451.3318646
441.1165326
430.250589
440.6544293
435.1990581
428.3836159
420.6499466
412.3831755
419.5958027
415.477825
410.3272343
404.4564918
398.1379559
403.1958459
400.0652789
396.1436954
391.6498279
386.7753629
390.4514071
388.0344646
385.0054614
381.5167914
377.7031584
380.5596979
378.6514744
376.2641867
373.5039309
370.465517
372.8906464
371.3428522
369.4151062
367.181319
364.7085118
366.9408129
365.6488702
364.0506782
362.1979688
360.1384297
362.2964683
361.1884321
359.8287043
358.2538079
356.498152
358.6161035
357.6437994
356.4599781
355.0909226
353.5619587
355.6257826
354.7576449
353.7076304
352.4951642
351.1394397
353.116601
352.3320785
351.3878353
350.2987219
349.0797616
350.9380869
350.2235766
349.3663273
348.3781039
347.2710658
348.9879188
348.3339904
347.550812
346.6480076
345.6356906
347.199849
346.5995247
345.8810675
345.0525611
344.1226026
345.532641
344.9803549
344.3194315
343.5567792
342.6998285
343.9610648
343.452151
342.8429208
342.1393656
341.3479595
342.4695845
341.9999875
341.4375051
340.7873779
340.0552874
341.0482883
340.6144199
340.0943861
339.4927995
338.8146702
339.6904189
339.2890849
338.8077123
338.2503679
337.6214814
338.3910578
338.01939
337.5732905
337.0563483
336.4725005
337.1462112
336.8016293
336.3877573
335.9077792
335.3651909
291.0989929
291.0579385
291.0464427
291.041649
291.0389818
291.0372759
291.0361235
291.2687102
291.0923062
291.0561058
291.0455567
291.0409993
291.0384219
291.0367785
445.7518439
414.2250845
387.6460513
366.1774355
349.2724988
336.0755273
325.8020152
317.7641046
311.4024496
306.2892999
302.1164421
298.6780994
295.8545036
293.5495381
291.9208963
291.2342768
291.0852888
291.0541906
291.0446756
291.0403987
291.0379422
487.0716836
457.0117748
429.1189398
404.2550205
382.7967469
364.7421791
349.8969726
337.912479
328.2836183
320.5183892
314.1989893
308.9915995
304.645643
300.9853605
297.8998741
295.3312954
293.2320454
291.7800458
291.2003621
291.078589
291.052312
291.0438188
291.0398527
459.1563578
436.2188919
414.536655
394.8236733
377.4403195
362.4564489
349.7269661
339.0492213
330.1579381
322.7892952
316.6331853
311.4386461
307.0117786
303.2116591
299.9437664
297.1538467
294.8167415
292.9094414
291.6335476
291.1669935
291.0720027
291.050425
291.042994
436.3664928
418.7477497
401.8523133
386.2110224
372.1216013
359.6887707
348.8734505
339.5327672
331.5042477
324.6068716
318.6947858
313.5934399
309.1604679
305.2890276
301.9043287
298.9592364
296.4310265
294.3090149
292.586413
291.4926192
291.1371905
291.0659719
291.0486318
417.8458676
404.2575348
391.0454195
378.6020059
367.1662028
356.8465683
347.6509159
339.5165283
332.335089
325.9993147
320.3993317
315.4461503
311.0648186
307.1787954
303.7324713
300.6885353
298.0257982
295.7357979
293.8163264
292.2837391
291.3771888
291.1146058
291.0611429
402.8786887
392.3477547
381.9598293
372.0067058
362.6790666
354.0794983
346.240911
339.1456118
332.7408146
326.9546873
321.7257809
316.9946663
312.7116236
308.8604383
305.4021029
302.3089688
299.5635995
297.1576374
295.0898792
293.3599512
292.0132496
291.2866161
291.0966159
390.8101839
382.5882443
374.3552826
366.3298735
358.664197
351.4512491
344.7356653
338.5258416
332.8054327
327.5406341
322.6895067
318.2214699
314.1093413
310.3307367
306.8997942
303.7976029
301.0109765
298.5324558
296.3601197
294.4979081
292.9417822
291.7730266
291.2136091
381.068623
374.5812027
367.9864408
361.4489776
355.0902732
348.9922331
343.2033738
337.7462633
332.624815
327.8310682
323.3486157
319.1574881
315.2461087
311.60511
308.233346
305.1544482
302.3598697
299.8440392
297.6045195
295.6382756
293.9534554
292.5619355
291.5734489
373.1962265
368.007064
362.6556253
357.2661739
351.9353495
346.733713
341.7090636
336.8907298
332.2941359
327.9249718
323.7830176
319.8639493
316.1628819
312.680333
309.4160467
306.3857811
303.6086635
301.0815869
298.803097
296.7732496
294.9921841
293.4722994
292.2296194
366.8435715
362.6244596
358.2161491
353.7125595
349.1903043
344.7090658
340.3132028
336.0341257
331.8930507
327.9037222
324.0747938
320.4119089
316.9177472
313.5960391
310.454437
307.4983591
304.7582125
302.2409981
299.9467004
297.8766266
296.0297904
294.4142704
293.0452206
361.738765
358.2443919
354.5514599
350.7310183
346.8436544
342.9391778
339.0573092
335.2289228
331.4775514
327.8211368
324.2734955
320.8457574
317.547556
314.3865283
311.3707184
308.5093419
305.8187503
303.32539
301.0308748
298.9373802
297.0474391
295.3627316
293.8946696
357.650017
354.697832
351.5479381
348.2542842
344.8648213
341.4209295
337.9575381
334.5036732
331.0832214
327.7159696
324.418454
321.2047999
318.0873382
315.0769509
312.1841258
309.4202822
306.795012
304.3364591
302.0550838
299.9541383
298.0375093
296.3066349
294.7681489
354.3670269
351.822473
349.086479
346.2003632
343.202279
340.126621
337.0038313
333.8605311
330.7198331
327.6019212
324.5244632
321.5031621
318.5521934
315.6845957
312.9117991
310.2446135
307.6943698
305.2787852
303.0203395
300.9234465
298.9925437
297.2316572
295.6425781
351.699591
349.4651538
347.0480357
344.480301
341.7926576
339.0138691
336.1704304
333.2864682
330.3837766
327.4821022
324.599272
321.7514944
318.9535503
316.2189304
313.5599535
310.9883662
308.5160423
306.1531691
303.9256522
301.8424454
299.9084656
298.1286267
296.5061734
349.4838388
347.4902149
345.3234887
343.0089853
340.5717913
338.036206
335.4253383
332.7609148
330.0631715
327.350889
324.6414288
321.9508632
319.2940524
316.6847644
314.1358364
311.6586186
309.2637422
306.9622792
304.7714102
302.7092596
300.7812347
298.9925552
297.3476249
347.5882096
345.7870074
343.8222098
341.7142494
339.483958
337.1520805
334.7388698
332.2638501
329.7456244
327.2018067
324.6489503
322.1026011
319.5772481
317.0863672
314.6424181
312.2568372
309.9404952
307.7040664
305.5570185
303.5223847
301.6079531
299.8191355
298.1609142
345.9142224
344.2717939
342.4748367
340.5401693
338.485369
336.3283222
334.0868745
331.7785646
329.4203962
327.0287126
324.6190677
322.2062192
319.8040575
317.4256157
315.0830742
312.7878327
310.5499613
308.3790481
306.2851405
304.283262
302.388981
300.6079681
298.9456605
344.3931063
342.8858089
341.2325097
339.4472867
337.5451559
335.5416756
333.4526431
331.2938007
329.0806397
326.8282257
324.5510512
322.2629987
319.9772462
317.7062277
315.4616019
313.2542514
311.0942127
308.9910035
306.9537973
304.9910183
303.1224456
301.3557975
342.979531
341.59023
340.0629178
338.409534
336.6430147
334.7769751
332.8254369
330.8025321
328.7223559
326.5987383
324.4451109
322.2744422
320.0991214
317.9309127
315.7809336
313.6596616
311.5769133
309.5414572
307.5618084
305.6468392
303.8088479
302.0619958
341.6451002
340.3607908
338.9459887
337.4108876
335.7666995
334.0253951
332.1994331
330.301529
328.3444617
326.3408956
324.3032254
322.2435075
320.1733394
318.1038169
316.0454831
314.0083115
312.0016411
310.0341991
308.1141955
306.2494663
304.4475779
302.7249876
340.3726704
339.1829894
337.8699058
336.4421609
334.9095117
333.2824918
331.572184
329.7900087
327.9475478
326.0563634
324.1278746
322.1732545
320.2033304
318.2285247
316.2587855
314.3035854
312.3718551
310.4720325
308.6117047
306.7983775
305.039707
339.1520083
338.0482997
336.8278931
335.4983004
334.0680191
332.5463256
330.9430781
329.2685306
327.5331625
325.7475163
323.9220918
322.0672118
320.192948
318.309043
316.4248618
314.5493671
312.6910592
310.8579732
309.0577013
307.2973569
305.5835893
337.9770018
336.9518066
335.8162672
334.5768408
333.2409223
331.8166764
330.3128653
328.7386834
327.1036007
325.4172109
323.6891406
321.9289111
320.1458736
318.3491277
316.547475
314.7493805
312.9629147
311.1957469
309.4551686
307.7478038
336.8437853
335.8905255
334.8329476
333.6765873
332.4278738
331.0939839
329.682695
328.2022374
326.6611552
325.0681699
323.43209
321.7616831
320.0656128
318.352355
316.6301489
314.9069651
313.1904457
311.4878948
309.8063078
335.7497447
334.8625374
333.8767208
332.7970283
331.629034
330.3790389
329.0539345
327.6610773
326.2081631
324.703112
323.1539621
321.5687756
319.9555628
318.3222065
316.6764158
315.0256995
313.3772899
311.738132
310.1149
334.6928465
333.8663796
332.9467082
331.937862
330.8446659
329.6726341
328.427862
327.1169142
325.7467066
324.3244188
322.8573751
321.3529794
319.8186284
318.2616458
316.6892334
315.1084401
313.5260844
311.9487624
)
;

boundaryField
{
    inletCH4
    {
        type            fixedValue;
        value           nonuniform List<scalar> 0();
    }
    wallOutside
    {
        type            zeroGradient;
    }
    wallTube
    {
        type            zeroGradient;
    }
    inletPilot
    {
        type            fixedValue;
        value           nonuniform List<scalar> 0();
    }
    inletAir
    {
        type            fixedValue;
        value           nonuniform List<scalar> 0();
    }
    outlet
    {
        type            zeroGradient;
    }
    axis
    {
        type            empty;
    }
    frontAndBack_pos
    {
        type            wedge;
    }
    frontAndBack_neg
    {
        type            wedge;
    }
    procBoundary5to1
    {
        type            processor;
        value           nonuniform List<scalar> 7(291.0598481 291.0474048 291.0423662 291.0396113 291.0378515 291.0366487 291.0358003);
    }
    procBoundary5to2
    {
        type            processor;
        value           nonuniform List<scalar> 
16
(
291.0353152
291.0356662
291.0363544
291.0375162
291.0393438
291.0421938
291.0470469
291.0569481
291.0816442
291.1606394
291.4101983
291.9456607
292.6617352
293.4364898
294.232927
295.0448648
)
;
    }
    procBoundary5to3
    {
        type            processor;
        value           nonuniform List<scalar> 
30
(
691.871878
690.6386098
687.6280962
682.7043836
675.7356351
670.2289318
663.9393646
646.7008182
622.569703
593.3147476
560.9812871
291.2996452
467.2809028
425.8632841
392.7880655
367.2901677
348.0041684
333.5601188
322.7417244
314.5687852
308.2984487
303.3953557
299.4951128
296.3703155
293.846588
292.0508922
292.0508922
523.5283543
482.942058
482.942058
)
;
    }
    procBoundary5to4
    {
        type            processor;
        value           nonuniform List<scalar> 
46
(
336.54653
336.5169744
336.452049
336.3536686
336.222493
336.1147873
335.9523114
335.6324806
335.2480917
334.80197
334.2972261
295.8480346
296.6367325
297.4064568
299.6964549
299.6964549
300.4116811
301.0893321
303.3452736
303.3452736
303.9231284
306.0801098
306.0801098
308.1522306
308.1522306
308.5138258
310.3827359
333.6711909
332.9006404
332.0419968
331.0986777
330.0748411
328.9753025
327.8054414
326.5711027
325.2784997
323.9341236
322.5446453
321.1168528
319.6575625
318.1735669
316.6715809
315.1582103
313.6398774
310.3827359
312.122818
)
;
    }
}
)