/*--------------------------------*- C++ -*----------------------------------*\
  =========                 |
  \\      /  F ield         | OpenFOAM: The Open Source CFD Toolbox
   \\    /   O peration     | Website:  https://openfoam.org
    \\  /    A nd           | Version:  10
     \\/     M anipulation  |
\*---------------------------------------------------------------------------*/
FoamFile
{
    format      binary;
    class       decomposedBlockData;
    location    "/home/zhouyuchen/Desktop/FastChemistrySolver-OpenFOAM-10/EC-CCM/OpenFOAM-10/Sandia/processors6/constant/polyMesh/owner";
    object      owner;
}
// * * * * * * * * * * * * * * * * * * * * * * * * * * * * * * * * * * * * * //


// Processor0

14340
(/*--------------------------------*- C++ -*----------------------------------*\
  =========                 |
  \\      /  F ield         | OpenFOAM: The Open Source CFD Toolbox
   \\    /   O peration     | Website:  https://openfoam.org
    \\  /    A nd           | Version:  10
     \\/     M anipulation  |
\*---------------------------------------------------------------------------*/
FoamFile
{
    format      ascii;
    class       labelList;
    note        "nPoints: 1848 nCells: 864 nFaces: 3515 nInternalFaces: 1669";
    location    "constant/polyMesh";
    object      owner;
}
// * * * * * * * * * * * * * * * * * * * * * * * * * * * * * * * * * * * * * //


3515
(
0
0
1
1
2
2
3
3
4
4
5
5
6
6
7
7
8
8
9
9
10
10
11
11
12
12
13
13
14
14
15
15
16
16
17
17
18
18
19
19
20
20
21
21
22
22
23
23
24
24
25
25
26
26
27
27
28
28
29
29
30
30
31
32
32
33
33
34
34
35
35
36
36
37
37
38
38
39
39
40
40
41
41
42
42
43
43
44
44
45
45
46
46
47
47
48
48
49
49
50
50
51
51
52
52
53
53
54
54
55
55
56
56
57
57
58
58
59
59
60
60
61
61
62
62
63
64
64
65
65
66
66
67
67
68
68
69
69
70
70
71
71
72
72
73
73
74
74
75
75
76
76
77
77
78
78
79
79
80
80
81
81
82
82
83
83
84
84
85
85
86
86
87
87
88
88
89
89
90
90
91
91
92
92
93
93
94
94
95
96
96
97
97
98
98
99
99
100
100
101
101
102
102
103
103
104
104
105
105
106
106
107
107
108
108
109
109
110
110
111
111
112
112
113
113
114
114
115
115
116
116
117
117
118
118
119
119
120
120
121
121
122
122
123
123
124
124
125
125
126
126
127
128
128
129
129
130
130
131
131
132
132
133
133
134
134
135
135
136
136
137
137
138
138
139
139
140
140
141
141
142
142
143
143
144
144
145
145
146
146
147
147
148
148
149
149
150
150
151
151
152
152
153
153
154
154
155
155
156
156
157
157
158
158
159
160
160
161
161
162
162
163
163
164
164
165
165
166
166
167
167
168
168
169
169
170
170
171
171
172
172
173
173
174
174
175
175
176
176
177
177
178
178
179
179
180
180
181
181
182
182
183
183
184
184
185
185
186
186
187
187
188
188
189
189
190
190
191
192
192
193
193
194
194
195
195
196
196
197
197
198
198
199
199
200
200
201
201
202
202
203
203
204
204
205
205
206
206
207
207
208
208
209
209
210
210
211
211
212
212
213
213
214
214
215
215
216
216
217
217
218
218
219
219
220
220
221
221
222
222
223
224
224
225
225
226
226
227
227
228
228
229
229
230
230
231
231
232
232
233
233
234
234
235
235
236
236
237
237
238
238
239
239
240
240
241
241
242
242
243
243
244
244
245
245
246
246
247
247
248
248
249
249
250
250
251
251
252
252
253
253
254
254
255
256
256
257
257
258
258
259
259
260
260
261
261
262
262
263
263
264
264
265
265
266
266
267
267
268
268
269
269
270
270
271
271
272
272
273
273
274
274
275
275
276
276
277
277
278
278
279
279
280
280
281
281
282
282
283
283
284
284
285
285
286
286
287
288
288
289
289
290
290
291
291
292
292
293
293
294
294
295
295
296
296
297
297
298
298
299
299
300
300
301
301
302
302
303
303
304
304
305
305
306
306
307
307
308
308
309
309
310
310
311
311
312
312
313
313
314
314
315
315
316
316
317
317
318
318
319
320
320
321
321
322
322
323
323
324
324
325
325
326
326
327
327
328
328
329
329
330
330
331
331
332
332
333
333
334
334
335
335
336
336
337
337
338
338
339
339
340
340
341
341
342
342
343
343
344
344
345
345
346
346
347
347
348
348
349
349
350
350
351
352
352
353
353
354
354
355
355
356
356
357
357
358
358
359
359
360
360
361
361
362
362
363
363
364
364
365
365
366
366
367
367
368
368
369
369
370
370
371
371
372
372
373
373
374
374
375
375
376
376
377
377
378
378
379
379
380
380
381
381
382
382
383
384
384
385
385
386
386
387
387
388
388
389
389
390
390
391
391
392
392
393
393
394
394
395
395
396
396
397
397
398
398
399
399
400
400
401
401
402
402
403
403
404
404
405
405
406
406
407
407
408
408
409
409
410
410
411
411
412
412
413
413
414
414
415
416
416
417
417
418
418
419
419
420
420
421
421
422
422
423
423
424
424
425
425
426
426
427
427
428
428
429
429
430
430
431
431
432
432
433
433
434
434
435
435
436
436
437
437
438
438
439
439
440
440
441
441
442
442
443
443
444
444
445
445
446
446
447
448
448
449
449
450
450
451
451
452
452
453
453
454
454
455
455
456
456
457
457
458
458
459
459
460
460
461
461
462
462
463
463
464
464
465
465
466
466
467
467
468
468
469
469
470
470
471
471
472
472
473
473
474
474
475
475
476
476
477
477
478
478
479
480
480
481
481
482
482
483
483
484
484
485
485
486
486
487
487
488
488
489
489
490
490
491
491
492
492
493
493
494
494
495
495
496
496
497
497
498
498
499
499
500
500
501
501
502
502
503
503
504
504
505
505
506
506
507
507
508
508
509
509
510
510
511
512
512
513
513
514
514
515
515
516
516
517
517
518
518
519
519
520
520
521
521
522
522
523
523
524
524
525
525
526
526
527
527
528
528
529
529
530
530
531
531
532
532
533
533
534
534
535
535
536
536
537
537
538
538
539
539
540
540
541
541
542
542
543
544
544
545
545
546
546
547
547
548
548
549
549
550
550
551
551
552
552
553
553
554
554
555
555
556
556
557
557
558
558
559
559
560
560
561
561
562
562
563
563
564
564
565
565
566
566
567
567
568
568
569
569
570
570
571
571
572
572
573
573
574
574
575
576
576
577
577
578
578
579
579
580
580
581
581
582
582
583
583
584
584
585
585
586
586
587
587
588
588
589
589
590
590
591
591
592
592
593
593
594
594
595
595
596
596
597
597
598
598
599
599
600
600
601
601
602
602
603
603
604
604
605
605
606
606
607
608
608
609
609
610
610
611
611
612
612
613
613
614
614
615
615
616
616
617
617
618
618
619
619
620
620
621
621
622
622
623
623
624
624
625
625
626
626
627
627
628
628
629
629
630
630
631
631
632
632
633
633
634
634
635
635
636
636
637
637
638
638
639
640
640
641
641
642
642
643
643
644
644
645
645
646
646
647
647
648
648
649
649
650
650
651
651
652
652
653
653
654
654
655
655
656
656
657
657
658
658
659
659
660
660
661
661
662
662
663
663
664
664
665
665
666
666
667
667
668
668
669
669
670
670
671
672
672
673
673
674
674
675
675
676
676
677
677
678
678
679
679
680
680
681
681
682
682
683
683
684
684
685
685
686
686
687
687
688
688
689
689
690
690
691
691
692
692
693
693
694
694
695
695
696
696
697
697
698
698
699
699
700
700
701
701
702
702
703
704
704
705
705
706
706
707
707
708
708
709
709
710
710
711
711
712
712
713
713
714
714
715
715
716
716
717
717
718
718
719
719
720
720
721
721
722
722
723
723
724
724
725
725
726
726
727
727
728
728
729
729
730
730
731
731
732
732
733
733
734
734
735
736
736
737
737
738
738
739
739
740
740
741
741
742
742
743
743
744
744
745
745
746
746
747
747
748
748
749
749
750
750
751
751
752
752
753
753
754
754
755
755
756
756
757
757
758
758
759
759
760
760
761
761
762
762
763
763
764
764
765
765
766
766
767
768
768
769
769
770
770
771
771
772
772
773
773
774
774
775
775
776
776
777
777
778
778
779
779
780
780
781
781
782
782
783
783
784
784
785
785
786
786
787
787
788
788
789
789
790
790
791
791
792
792
793
793
794
794
795
795
796
796
797
797
798
798
799
800
800
801
801
802
802
803
803
804
804
805
805
806
806
807
807
808
808
809
809
810
810
811
811
812
812
813
813
814
814
815
815
816
816
817
817
818
818
819
819
820
820
821
821
822
822
823
823
824
824
825
825
826
826
827
827
828
828
829
829
830
830
831
832
833
834
835
836
837
838
839
840
841
842
843
844
845
846
847
848
849
850
851
852
853
854
855
856
857
858
859
860
861
862
31
63
95
127
159
191
223
255
287
319
351
383
415
447
479
511
543
575
607
639
671
703
735
767
799
831
863
832
833
834
835
836
837
838
839
840
841
842
843
844
845
846
847
848
849
850
851
852
853
854
855
856
857
858
859
860
861
862
863
0
32
64
96
128
160
192
224
256
288
320
352
384
416
448
480
512
544
576
608
640
672
704
736
768
800
832
1
33
65
97
129
161
193
225
257
289
321
353
385
417
449
481
513
545
577
609
641
673
705
737
769
801
833
2
34
66
98
130
162
194
226
258
290
322
354
386
418
450
482
514
546
578
610
642
674
706
738
770
802
834
3
35
67
99
131
163
195
227
259
291
323
355
387
419
451
483
515
547
579
611
643
675
707
739
771
803
835
4
36
68
100
132
164
196
228
260
292
324
356
388
420
452
484
516
548
580
612
644
676
708
740
772
804
836
5
37
69
101
133
165
197
229
261
293
325
357
389
421
453
485
517
549
581
613
645
677
709
741
773
805
837
6
38
70
102
134
166
198
230
262
294
326
358
390
422
454
486
518
550
582
614
646
678
710
742
774
806
838
7
39
71
103
135
167
199
231
263
295
327
359
391
423
455
487
519
551
583
615
647
679
711
743
775
807
839
8
40
72
104
136
168
200
232
264
296
328
360
392
424
456
488
520
552
584
616
648
680
712
744
776
808
840
9
41
73
105
137
169
201
233
265
297
329
361
393
425
457
489
521
553
585
617
649
681
713
745
777
809
841
10
42
74
106
138
170
202
234
266
298
330
362
394
426
458
490
522
554
586
618
650
682
714
746
778
810
842
11
43
75
107
139
171
203
235
267
299
331
363
395
427
459
491
523
555
587
619
651
683
715
747
779
811
843
12
44
76
108
140
172
204
236
268
300
332
364
396
428
460
492
524
556
588
620
652
684
716
748
780
812
844
13
45
77
109
141
173
205
237
269
301
333
365
397
429
461
493
525
557
589
621
653
685
717
749
781
813
845
14
46
78
110
142
174
206
238
270
302
334
366
398
430
462
494
526
558
590
622
654
686
718
750
782
814
846
15
47
79
111
143
175
207
239
271
303
335
367
399
431
463
495
527
559
591
623
655
687
719
751
783
815
847
16
48
80
112
144
176
208
240
272
304
336
368
400
432
464
496
528
560
592
624
656
688
720
752
784
816
848
17
49
81
113
145
177
209
241
273
305
337
369
401
433
465
497
529
561
593
625
657
689
721
753
785
817
849
18
50
82
114
146
178
210
242
274
306
338
370
402
434
466
498
530
562
594
626
658
690
722
754
786
818
850
19
51
83
115
147
179
211
243
275
307
339
371
403
435
467
499
531
563
595
627
659
691
723
755
787
819
851
20
52
84
116
148
180
212
244
276
308
340
372
404
436
468
500
532
564
596
628
660
692
724
756
788
820
852
21
53
85
117
149
181
213
245
277
309
341
373
405
437
469
501
533
565
597
629
661
693
725
757
789
821
853
22
54
86
118
150
182
214
246
278
310
342
374
406
438
470
502
534
566
598
630
662
694
726
758
790
822
854
23
55
87
119
151
183
215
247
279
311
343
375
407
439
471
503
535
567
599
631
663
695
727
759
791
823
855
24
56
88
120
152
184
216
248
280
312
344
376
408
440
472
504
536
568
600
632
664
696
728
760
792
824
856
25
57
89
121
153
185
217
249
281
313
345
377
409
441
473
505
537
569
601
633
665
697
729
761
793
825
857
26
58
90
122
154
186
218
250
282
314
346
378
410
442
474
506
538
570
602
634
666
698
730
762
794
826
858
27
59
91
123
155
187
219
251
283
315
347
379
411
443
475
507
539
571
603
635
667
699
731
763
795
827
859
28
60
92
124
156
188
220
252
284
316
348
380
412
444
476
508
540
572
604
636
668
700
732
764
796
828
860
29
61
93
125
157
189
221
253
285
317
349
381
413
445
477
509
541
573
605
637
669
701
733
765
797
829
861
30
62
94
126
158
190
222
254
286
318
350
382
414
446
478
510
542
574
606
638
670
702
734
766
798
830
862
31
63
95
127
159
191
223
255
287
319
351
383
415
447
479
511
543
575
607
639
671
703
735
767
799
831
863
0
32
64
96
128
160
192
224
256
288
320
352
384
416
448
480
512
544
576
608
640
672
704
736
768
800
832
1
33
65
97
129
161
193
225
257
289
321
353
385
417
449
481
513
545
577
609
641
673
705
737
769
801
833
2
34
66
98
130
162
194
226
258
290
322
354
386
418
450
482
514
546
578
610
642
674
706
738
770
802
834
3
35
67
99
131
163
195
227
259
291
323
355
387
419
451
483
515
547
579
611
643
675
707
739
771
803
835
4
36
68
100
132
164
196
228
260
292
324
356
388
420
452
484
516
548
580
612
644
676
708
740
772
804
836
5
37
69
101
133
165
197
229
261
293
325
357
389
421
453
485
517
549
581
613
645
677
709
741
773
805
837
6
38
70
102
134
166
198
230
262
294
326
358
390
422
454
486
518
550
582
614
646
678
710
742
774
806
838
7
39
71
103
135
167
199
231
263
295
327
359
391
423
455
487
519
551
583
615
647
679
711
743
775
807
839
8
40
72
104
136
168
200
232
264
296
328
360
392
424
456
488
520
552
584
616
648
680
712
744
776
808
840
9
41
73
105
137
169
201
233
265
297
329
361
393
425
457
489
521
553
585
617
649
681
713
745
777
809
841
10
42
74
106
138
170
202
234
266
298
330
362
394
426
458
490
522
554
586
618
650
682
714
746
778
810
842
11
43
75
107
139
171
203
235
267
299
331
363
395
427
459
491
523
555
587
619
651
683
715
747
779
811
843
12
44
76
108
140
172
204
236
268
300
332
364
396
428
460
492
524
556
588
620
652
684
716
748
780
812
844
13
45
77
109
141
173
205
237
269
301
333
365
397
429
461
493
525
557
589
621
653
685
717
749
781
813
845
14
46
78
110
142
174
206
238
270
302
334
366
398
430
462
494
526
558
590
622
654
686
718
750
782
814
846
15
47
79
111
143
175
207
239
271
303
335
367
399
431
463
495
527
559
591
623
655
687
719
751
783
815
847
16
48
80
112
144
176
208
240
272
304
336
368
400
432
464
496
528
560
592
624
656
688
720
752
784
816
848
17
49
81
113
145
177
209
241
273
305
337
369
401
433
465
497
529
561
593
625
657
689
721
753
785
817
849
18
50
82
114
146
178
210
242
274
306
338
370
402
434
466
498
530
562
594
626
658
690
722
754
786
818
850
19
51
83
115
147
179
211
243
275
307
339
371
403
435
467
499
531
563
595
627
659
691
723
755
787
819
851
20
52
84
116
148
180
212
244
276
308
340
372
404
436
468
500
532
564
596
628
660
692
724
756
788
820
852
21
53
85
117
149
181
213
245
277
309
341
373
405
437
469
501
533
565
597
629
661
693
725
757
789
821
853
22
54
86
118
150
182
214
246
278
310
342
374
406
438
470
502
534
566
598
630
662
694
726
758
790
822
854
23
55
87
119
151
183
215
247
279
311
343
375
407
439
471
503
535
567
599
631
663
695
727
759
791
823
855
24
56
88
120
152
184
216
248
280
312
344
376
408
440
472
504
536
568
600
632
664
696
728
760
792
824
856
25
57
89
121
153
185
217
249
281
313
345
377
409
441
473
505
537
569
601
633
665
697
729
761
793
825
857
26
58
90
122
154
186
218
250
282
314
346
378
410
442
474
506
538
570
602
634
666
698
730
762
794
826
858
27
59
91
123
155
187
219
251
283
315
347
379
411
443
475
507
539
571
603
635
667
699
731
763
795
827
859
28
60
92
124
156
188
220
252
284
316
348
380
412
444
476
508
540
572
604
636
668
700
732
764
796
828
860
29
61
93
125
157
189
221
253
285
317
349
381
413
445
477
509
541
573
605
637
669
701
733
765
797
829
861
30
62
94
126
158
190
222
254
286
318
350
382
414
446
478
510
542
574
606
638
670
702
734
766
798
830
862
31
63
95
127
159
191
223
255
287
319
351
383
415
447
479
511
543
575
607
639
671
703
735
767
799
831
863
0
1
2
3
4
5
6
7
8
9
10
11
12
13
14
15
16
17
18
19
20
21
22
23
24
25
26
27
28
29
30
31
0
32
64
96
128
160
192
224
256
288
320
352
384
416
448
480
512
544
576
608
640
672
704
736
768
800
832
)


// ************************************************************************* //
)

// Processor1

13536
(
3506
(
0
0
1
1
2
2
3
3
4
4
5
5
6
6
7
7
8
8
9
9
10
10
11
11
12
12
13
13
14
14
15
15
16
16
17
17
18
18
19
19
20
20
21
21
22
22
23
23
24
24
25
25
26
26
27
27
28
28
29
29
30
30
31
31
32
32
33
33
34
34
35
35
36
36
37
37
38
38
39
39
40
40
41
41
42
42
43
44
44
45
45
46
46
47
47
48
48
49
49
50
50
51
51
52
52
53
53
54
54
55
55
56
56
57
57
58
58
59
59
60
60
61
61
62
62
63
63
64
64
65
65
66
66
67
67
68
68
69
69
70
70
71
71
72
72
73
73
74
74
75
75
76
76
77
77
78
78
79
79
80
80
81
81
82
82
83
83
84
84
85
85
86
86
87
88
88
89
89
90
90
91
91
92
92
93
93
94
94
95
95
96
96
97
97
98
98
99
99
100
100
101
101
102
102
103
103
104
104
105
105
106
106
107
107
108
108
109
109
110
110
111
111
112
112
113
113
114
114
115
115
116
116
117
117
118
118
119
119
120
120
121
121
122
122
123
123
124
124
125
125
126
126
127
127
128
128
129
129
130
130
131
132
132
133
133
134
134
135
135
136
136
137
137
138
138
139
139
140
140
141
141
142
142
143
143
144
144
145
145
146
146
147
147
148
148
149
149
150
150
151
151
152
152
153
153
154
154
155
155
156
156
157
157
158
158
159
159
160
160
161
161
162
162
163
163
164
164
165
165
166
166
167
167
168
168
169
169
170
170
171
171
172
172
173
173
174
174
175
176
176
177
177
178
178
179
179
180
180
181
181
182
182
183
183
184
184
185
185
186
186
187
187
188
188
189
189
190
190
191
191
192
192
193
193
194
194
195
195
196
196
197
197
198
198
199
199
200
200
201
201
202
202
203
203
204
204
205
205
206
206
207
207
208
208
209
209
210
210
211
211
212
212
213
213
214
214
215
215
216
216
217
217
218
218
219
220
220
221
221
222
222
223
223
224
224
225
225
226
226
227
227
228
228
229
229
230
230
231
231
232
232
233
233
234
234
235
235
236
236
237
237
238
238
239
239
240
240
241
241
242
242
243
243
244
244
245
245
246
246
247
247
248
248
249
249
250
250
251
251
252
252
253
253
254
254
255
255
256
256
257
257
258
258
259
259
260
260
261
261
262
262
263
264
264
265
265
266
266
267
267
268
268
269
269
270
270
271
271
272
272
273
273
274
274
275
275
276
276
277
277
278
278
279
279
280
280
281
281
282
282
283
283
284
284
285
285
286
286
287
287
288
288
289
289
290
290
291
291
292
292
293
293
294
294
295
295
296
296
297
297
298
298
299
299
300
300
301
301
302
302
303
303
304
304
305
305
306
306
307
308
308
309
309
310
310
311
311
312
312
313
313
314
314
315
315
316
316
317
317
318
318
319
319
320
320
321
321
322
322
323
323
324
324
325
325
326
326
327
327
328
328
329
329
330
330
331
331
332
332
333
333
334
334
335
335
336
336
337
337
338
338
339
339
340
340
341
341
342
342
343
343
344
344
345
345
346
346
347
347
348
348
349
349
350
350
351
352
352
353
353
354
354
355
355
356
356
357
357
358
358
359
359
360
360
361
361
362
362
363
363
364
364
365
365
366
366
367
367
368
368
369
369
370
370
371
371
372
372
373
373
374
374
375
375
376
376
377
377
378
378
379
379
380
380
381
381
382
382
383
383
384
384
385
385
386
386
387
387
388
388
389
389
390
390
391
391
392
392
393
393
394
394
395
396
396
397
397
398
398
399
399
400
400
401
401
402
402
403
403
404
404
405
405
406
406
407
407
408
408
409
409
410
410
411
411
412
412
413
413
414
414
415
415
416
416
417
417
418
418
419
419
420
420
421
421
422
422
423
423
424
424
425
425
426
426
427
427
428
428
429
429
430
430
431
431
432
432
433
433
434
434
435
435
436
436
437
437
438
438
439
440
440
441
441
442
442
443
443
444
444
445
445
446
446
447
447
448
448
449
449
450
450
451
451
452
452
453
453
454
454
455
455
456
456
457
457
458
458
459
459
460
460
461
461
462
462
463
463
464
464
465
465
466
466
467
467
468
468
469
469
470
470
471
471
472
472
473
473
474
474
475
475
476
476
477
477
478
478
479
479
480
480
481
481
482
482
483
484
484
485
485
486
486
487
487
488
488
489
489
490
490
491
491
492
492
493
493
494
494
495
495
496
496
497
497
498
498
499
499
500
500
501
501
502
502
503
503
504
504
505
505
506
506
507
507
508
508
509
509
510
510
511
511
512
512
513
513
514
514
515
515
516
516
517
517
518
518
519
519
520
520
521
521
522
522
523
523
524
524
525
525
526
526
527
528
528
529
529
530
530
531
531
532
532
533
533
534
534
535
535
536
536
537
537
538
538
539
539
540
540
541
541
542
542
543
543
544
544
545
545
546
546
547
547
548
548
549
549
550
550
551
551
552
552
553
553
554
554
555
555
556
556
557
557
558
558
559
559
560
560
561
561
562
562
563
563
564
564
565
565
566
566
567
567
568
568
569
569
570
570
571
572
572
573
573
574
574
575
575
576
576
577
577
578
578
579
579
580
580
581
581
582
582
583
583
584
584
585
585
586
586
587
587
588
588
589
589
590
590
591
591
592
592
593
593
594
594
595
595
596
596
597
597
598
598
599
599
600
600
601
601
602
602
603
603
604
604
605
605
606
606
607
607
608
608
609
609
610
610
611
611
612
612
613
613
614
614
615
616
616
617
617
618
618
619
619
620
620
621
621
622
622
623
623
624
624
625
625
626
626
627
627
628
628
629
629
630
630
631
631
632
632
633
633
634
634
635
635
636
636
637
637
638
638
639
639
640
640
641
641
642
642
643
643
644
644
645
645
646
646
647
647
648
648
649
649
650
650
651
651
652
652
653
653
654
654
655
655
656
656
657
657
658
658
659
660
660
661
661
662
662
663
663
664
664
665
665
666
666
667
667
668
668
669
669
670
670
671
671
672
672
673
673
674
674
675
675
676
676
677
677
678
678
679
679
680
680
681
681
682
682
683
683
684
684
685
685
686
686
687
687
688
688
689
689
690
690
691
691
692
692
693
693
694
694
695
695
696
696
697
697
698
698
699
699
700
700
701
701
702
702
703
704
704
705
705
706
706
707
707
708
708
709
709
710
710
711
711
712
712
713
713
714
714
715
715
716
716
717
717
718
718
719
719
720
720
721
721
722
722
723
723
724
724
725
725
726
726
727
727
728
728
729
729
730
730
731
731
732
732
733
733
734
734
735
735
736
736
737
737
738
738
739
739
740
740
741
741
742
742
743
743
744
744
745
745
746
746
747
748
748
749
749
750
750
751
751
752
752
753
753
754
754
755
755
756
756
757
757
758
758
759
759
760
760
761
761
762
762
763
763
764
764
765
765
766
766
767
767
768
768
769
769
770
770
771
771
772
772
773
773
774
774
775
775
776
776
777
777
778
778
779
779
780
780
781
781
782
782
783
783
784
784
785
785
786
786
787
787
788
788
789
789
790
790
791
792
792
793
793
794
794
795
795
796
796
797
797
798
798
799
799
800
800
801
801
802
803
804
805
806
807
808
809
810
811
812
813
814
815
816
817
818
819
820
821
822
823
824
825
826
827
828
829
830
831
832
833
834
836
836
837
837
838
838
839
839
840
840
841
841
842
842
843
844
846
846
847
847
848
848
849
849
850
850
851
851
852
853
854
855
856
857
858
43
87
131
175
219
263
307
351
395
439
483
527
571
615
659
703
747
791
835
0
1
2
3
4
5
6
7
8
9
10
11
12
13
14
15
16
17
18
19
20
21
22
23
24
25
26
27
28
29
30
31
32
33
34
35
36
37
38
39
40
41
42
43
0
44
88
132
176
220
264
308
352
396
440
484
528
572
616
660
704
748
792
836
846
853
1
45
89
133
177
221
265
309
353
397
441
485
529
573
617
661
705
749
793
837
847
854
2
46
90
134
178
222
266
310
354
398
442
486
530
574
618
662
706
750
794
838
848
855
3
47
91
135
179
223
267
311
355
399
443
487
531
575
619
663
707
751
795
839
849
856
4
48
92
136
180
224
268
312
356
400
444
488
532
576
620
664
708
752
796
840
850
857
5
49
93
137
181
225
269
313
357
401
445
489
533
577
621
665
709
753
797
841
851
858
6
50
94
138
182
226
270
314
358
402
446
490
534
578
622
666
710
754
798
842
852
859
7
51
95
139
183
227
271
315
359
403
447
491
535
579
623
667
711
755
799
843
8
52
96
140
184
228
272
316
360
404
448
492
536
580
624
668
712
756
800
844
9
53
97
141
185
229
273
317
361
405
449
493
537
581
625
669
713
757
801
845
10
54
98
142
186
230
274
318
362
406
450
494
538
582
626
670
714
758
802
11
55
99
143
187
231
275
319
363
407
451
495
539
583
627
671
715
759
803
12
56
100
144
188
232
276
320
364
408
452
496
540
584
628
672
716
760
804
13
57
101
145
189
233
277
321
365
409
453
497
541
585
629
673
717
761
805
14
58
102
146
190
234
278
322
366
410
454
498
542
586
630
674
718
762
806
15
59
103
147
191
235
279
323
367
411
455
499
543
587
631
675
719
763
807
16
60
104
148
192
236
280
324
368
412
456
500
544
588
632
676
720
764
808
17
61
105
149
193
237
281
325
369
413
457
501
545
589
633
677
721
765
809
18
62
106
150
194
238
282
326
370
414
458
502
546
590
634
678
722
766
810
19
63
107
151
195
239
283
327
371
415
459
503
547
591
635
679
723
767
811
20
64
108
152
196
240
284
328
372
416
460
504
548
592
636
680
724
768
812
21
65
109
153
197
241
285
329
373
417
461
505
549
593
637
681
725
769
813
22
66
110
154
198
242
286
330
374
418
462
506
550
594
638
682
726
770
814
23
67
111
155
199
243
287
331
375
419
463
507
551
595
639
683
727
771
815
24
68
112
156
200
244
288
332
376
420
464
508
552
596
640
684
728
772
816
25
69
113
157
201
245
289
333
377
421
465
509
553
597
641
685
729
773
817
26
70
114
158
202
246
290
334
378
422
466
510
554
598
642
686
730
774
818
27
71
115
159
203
247
291
335
379
423
467
511
555
599
643
687
731
775
819
28
72
116
160
204
248
292
336
380
424
468
512
556
600
644
688
732
776
820
29
73
117
161
205
249
293
337
381
425
469
513
557
601
645
689
733
777
821
30
74
118
162
206
250
294
338
382
426
470
514
558
602
646
690
734
778
822
31
75
119
163
207
251
295
339
383
427
471
515
559
603
647
691
735
779
823
32
76
120
164
208
252
296
340
384
428
472
516
560
604
648
692
736
780
824
33
77
121
165
209
253
297
341
385
429
473
517
561
605
649
693
737
781
825
34
78
122
166
210
254
298
342
386
430
474
518
562
606
650
694
738
782
826
35
79
123
167
211
255
299
343
387
431
475
519
563
607
651
695
739
783
827
36
80
124
168
212
256
300
344
388
432
476
520
564
608
652
696
740
784
828
37
81
125
169
213
257
301
345
389
433
477
521
565
609
653
697
741
785
829
38
82
126
170
214
258
302
346
390
434
478
522
566
610
654
698
742
786
830
39
83
127
171
215
259
303
347
391
435
479
523
567
611
655
699
743
787
831
40
84
128
172
216
260
304
348
392
436
480
524
568
612
656
700
744
788
832
41
85
129
173
217
261
305
349
393
437
481
525
569
613
657
701
745
789
833
42
86
130
174
218
262
306
350
394
438
482
526
570
614
658
702
746
790
834
43
87
131
175
219
263
307
351
395
439
483
527
571
615
659
703
747
791
835
0
44
88
132
176
220
264
308
352
396
440
484
528
572
616
660
704
748
792
836
846
853
1
45
89
133
177
221
265
309
353
397
441
485
529
573
617
661
705
749
793
837
847
854
2
46
90
134
178
222
266
310
354
398
442
486
530
574
618
662
706
750
794
838
848
855
3
47
91
135
179
223
267
311
355
399
443
487
531
575
619
663
707
751
795
839
849
856
4
48
92
136
180
224
268
312
356
400
444
488
532
576
620
664
708
752
796
840
850
857
5
49
93
137
181
225
269
313
357
401
445
489
533
577
621
665
709
753
797
841
851
858
6
50
94
138
182
226
270
314
358
402
446
490
534
578
622
666
710
754
798
842
852
859
7
51
95
139
183
227
271
315
359
403
447
491
535
579
623
667
711
755
799
843
8
52
96
140
184
228
272
316
360
404
448
492
536
580
624
668
712
756
800
844
9
53
97
141
185
229
273
317
361
405
449
493
537
581
625
669
713
757
801
845
10
54
98
142
186
230
274
318
362
406
450
494
538
582
626
670
714
758
802
11
55
99
143
187
231
275
319
363
407
451
495
539
583
627
671
715
759
803
12
56
100
144
188
232
276
320
364
408
452
496
540
584
628
672
716
760
804
13
57
101
145
189
233
277
321
365
409
453
497
541
585
629
673
717
761
805
14
58
102
146
190
234
278
322
366
410
454
498
542
586
630
674
718
762
806
15
59
103
147
191
235
279
323
367
411
455
499
543
587
631
675
719
763
807
16
60
104
148
192
236
280
324
368
412
456
500
544
588
632
676
720
764
808
17
61
105
149
193
237
281
325
369
413
457
501
545
589
633
677
721
765
809
18
62
106
150
194
238
282
326
370
414
458
502
546
590
634
678
722
766
810
19
63
107
151
195
239
283
327
371
415
459
503
547
591
635
679
723
767
811
20
64
108
152
196
240
284
328
372
416
460
504
548
592
636
680
724
768
812
21
65
109
153
197
241
285
329
373
417
461
505
549
593
637
681
725
769
813
22
66
110
154
198
242
286
330
374
418
462
506
550
594
638
682
726
770
814
23
67
111
155
199
243
287
331
375
419
463
507
551
595
639
683
727
771
815
24
68
112
156
200
244
288
332
376
420
464
508
552
596
640
684
728
772
816
25
69
113
157
201
245
289
333
377
421
465
509
553
597
641
685
729
773
817
26
70
114
158
202
246
290
334
378
422
466
510
554
598
642
686
730
774
818
27
71
115
159
203
247
291
335
379
423
467
511
555
599
643
687
731
775
819
28
72
116
160
204
248
292
336
380
424
468
512
556
600
644
688
732
776
820
29
73
117
161
205
249
293
337
381
425
469
513
557
601
645
689
733
777
821
30
74
118
162
206
250
294
338
382
426
470
514
558
602
646
690
734
778
822
31
75
119
163
207
251
295
339
383
427
471
515
559
603
647
691
735
779
823
32
76
120
164
208
252
296
340
384
428
472
516
560
604
648
692
736
780
824
33
77
121
165
209
253
297
341
385
429
473
517
561
605
649
693
737
781
825
34
78
122
166
210
254
298
342
386
430
474
518
562
606
650
694
738
782
826
35
79
123
167
211
255
299
343
387
431
475
519
563
607
651
695
739
783
827
36
80
124
168
212
256
300
344
388
432
476
520
564
608
652
696
740
784
828
37
81
125
169
213
257
301
345
389
433
477
521
565
609
653
697
741
785
829
38
82
126
170
214
258
302
346
390
434
478
522
566
610
654
698
742
786
830
39
83
127
171
215
259
303
347
391
435
479
523
567
611
655
699
743
787
831
40
84
128
172
216
260
304
348
392
436
480
524
568
612
656
700
744
788
832
41
85
129
173
217
261
305
349
393
437
481
525
569
613
657
701
745
789
833
42
86
130
174
218
262
306
350
394
438
482
526
570
614
658
702
746
790
834
43
87
131
175
219
263
307
351
395
439
483
527
571
615
659
703
747
791
835
802
803
804
805
806
807
808
809
810
811
812
813
814
815
816
817
818
819
820
821
822
823
824
825
826
827
828
829
830
831
832
833
834
835
843
844
845
845
852
859
0
44
88
132
176
220
264
308
352
396
440
484
528
572
616
660
704
748
792
836
846
853
853
854
855
856
857
858
859
)
)

// Processor2

13539
(
3505
(
0
0
1
1
2
2
3
3
4
4
5
5
6
6
7
7
8
8
9
9
10
10
11
11
12
12
13
13
14
14
15
15
16
16
17
17
18
18
19
19
20
20
21
21
22
22
23
23
24
24
25
25
26
26
27
27
28
28
29
29
30
30
31
31
32
32
33
34
34
35
35
36
36
37
37
38
38
39
39
40
40
41
41
42
42
43
43
44
44
45
45
46
46
47
47
48
48
49
49
50
50
51
51
52
52
53
53
54
54
55
55
56
56
57
57
58
58
59
59
60
60
61
61
62
62
63
63
64
64
65
65
66
66
67
67
68
68
69
69
70
71
71
72
72
73
73
74
74
75
75
76
76
77
77
78
78
79
79
80
80
81
81
82
82
83
83
84
84
85
85
86
86
87
87
88
88
89
89
90
90
91
91
92
92
93
93
94
94
95
95
96
96
97
97
98
98
99
99
100
100
101
101
102
102
103
103
104
104
105
105
106
106
107
108
108
109
109
110
110
111
111
112
112
113
113
114
114
115
115
116
116
117
117
118
118
119
119
120
120
121
121
122
122
123
123
124
124
125
125
126
126
127
127
128
128
129
129
130
130
131
131
132
132
133
133
134
134
135
135
136
136
137
137
138
138
139
139
140
140
141
141
142
142
143
143
144
145
145
146
146
147
147
148
148
149
149
150
150
151
151
152
152
153
153
154
154
155
155
156
156
157
157
158
158
159
159
160
160
161
161
162
162
163
163
164
164
165
165
166
166
167
167
168
168
169
169
170
170
171
171
172
172
173
173
174
174
175
175
176
176
177
177
178
178
179
179
180
180
181
182
182
183
183
184
184
185
185
186
186
187
187
188
188
189
189
190
190
191
191
192
192
193
193
194
194
195
195
196
196
197
197
198
198
199
199
200
200
201
201
202
202
203
203
204
204
205
205
206
206
207
207
208
208
209
209
210
210
211
211
212
212
213
213
214
214
215
215
216
216
217
217
218
219
219
220
220
221
221
222
222
223
223
224
224
225
225
226
226
227
227
228
228
229
229
230
230
231
231
232
232
233
233
234
234
235
235
236
236
237
237
238
238
239
239
240
240
241
241
242
242
243
243
244
244
245
245
246
246
247
247
248
248
249
249
250
250
251
251
252
252
253
253
254
254
255
256
256
257
257
258
258
259
259
260
260
261
261
262
262
263
263
264
264
265
265
266
266
267
267
268
268
269
269
270
270
271
271
272
272
273
273
274
274
275
275
276
276
277
277
278
278
279
279
280
280
281
281
282
282
283
283
284
284
285
285
286
286
287
287
288
288
289
289
290
290
291
291
292
293
293
294
294
295
295
296
296
297
297
298
298
299
299
300
300
301
301
302
302
303
303
304
304
305
305
306
306
307
307
308
308
309
309
310
310
311
311
312
312
313
313
314
314
315
315
316
316
317
317
318
318
319
319
320
320
321
321
322
322
323
323
324
324
325
325
326
326
327
327
328
328
329
330
330
331
331
332
332
333
333
334
334
335
335
336
336
337
337
338
338
339
339
340
340
341
341
342
342
343
343
344
344
345
345
346
346
347
347
348
348
349
349
350
350
351
351
352
352
353
353
354
354
355
355
356
356
357
357
358
358
359
359
360
360
361
361
362
362
363
363
364
364
365
365
366
367
367
368
368
369
369
370
370
371
371
372
372
373
373
374
374
375
375
376
376
377
377
378
378
379
379
380
380
381
381
382
382
383
383
384
384
385
385
386
386
387
387
388
388
389
389
390
390
391
391
392
392
393
393
394
394
395
395
396
396
397
397
398
398
399
399
400
400
401
401
402
402
403
404
404
405
405
406
406
407
407
408
408
409
409
410
410
411
411
412
412
413
413
414
414
415
415
416
416
417
417
418
418
419
419
420
420
421
421
422
422
423
423
424
424
425
425
426
426
427
427
428
428
429
429
430
430
431
431
432
432
433
433
434
434
435
435
436
436
437
437
438
438
439
439
440
441
441
442
442
443
443
444
444
445
445
446
446
447
447
448
448
449
449
450
450
451
451
452
452
453
453
454
454
455
455
456
456
457
457
458
458
459
459
460
460
461
461
462
462
463
463
464
464
465
465
466
466
467
467
468
468
469
469
470
470
471
471
472
472
473
473
474
474
475
475
476
476
477
478
478
479
479
480
480
481
481
482
482
483
483
484
484
485
485
486
486
487
487
488
488
489
489
490
490
491
491
492
492
493
493
494
494
495
495
496
496
497
497
498
498
499
499
500
500
501
501
502
502
503
503
504
504
505
505
506
506
507
507
508
508
509
509
510
510
511
511
512
512
513
513
514
515
515
516
516
517
517
518
518
519
519
520
520
521
521
522
522
523
523
524
524
525
525
526
526
527
527
528
528
529
529
530
530
531
531
532
532
533
533
534
534
535
535
536
536
537
537
538
538
539
539
540
540
541
541
542
542
543
543
544
544
545
545
546
546
547
547
548
548
549
549
550
550
551
552
552
553
553
554
554
555
555
556
556
557
557
558
558
559
559
560
560
561
561
562
562
563
563
564
564
565
565
566
566
567
567
568
568
569
569
570
570
571
571
572
572
573
573
574
574
575
575
576
576
577
577
578
578
579
579
580
580
581
581
582
582
583
583
584
584
585
585
586
586
587
587
588
589
589
590
590
591
591
592
592
593
593
594
594
595
595
596
596
597
597
598
598
599
599
600
600
601
601
602
602
603
603
604
604
605
605
606
606
607
607
608
608
609
609
610
610
611
611
612
612
613
613
614
614
615
615
616
616
617
617
618
618
619
619
620
620
621
621
622
622
623
623
624
624
625
626
626
627
627
628
628
629
629
630
630
631
631
632
632
633
633
634
634
635
635
636
636
637
637
638
638
639
639
640
640
641
641
642
642
643
643
644
644
645
645
646
646
647
647
648
648
649
649
650
650
651
651
652
652
653
653
654
654
655
655
656
656
657
657
658
658
659
659
660
660
661
661
662
663
664
665
666
667
667
668
668
669
669
670
670
671
671
672
672
673
673
674
674
675
675
676
676
677
677
678
678
679
679
680
680
681
681
682
682
683
683
684
684
685
685
686
686
687
687
688
688
689
689
690
690
691
691
692
692
693
693
694
694
695
695
696
696
697
697
698
698
699
700
701
701
702
702
703
703
704
704
705
705
706
706
707
707
708
708
709
709
710
710
711
711
712
712
713
713
714
714
715
715
716
716
717
717
718
718
719
719
720
720
721
721
722
722
723
723
724
724
725
725
726
726
727
727
728
728
729
729
730
730
731
731
732
733
733
734
734
735
735
736
736
737
737
738
738
739
739
740
740
741
741
742
742
743
743
744
744
745
745
746
746
747
747
748
748
749
749
750
750
751
751
752
752
753
753
754
754
755
755
756
756
757
757
758
758
759
759
760
760
761
761
762
762
763
763
764
765
765
766
766
767
767
768
768
769
769
770
770
771
771
772
772
773
773
774
774
775
775
776
776
777
777
778
778
779
779
780
780
781
781
782
782
783
783
784
784
785
785
786
786
787
787
788
788
789
789
790
790
791
791
792
792
793
793
794
794
795
795
796
797
797
798
798
799
799
800
800
801
801
802
802
803
803
804
804
805
805
806
806
807
807
808
808
809
809
810
810
811
811
812
812
813
813
814
814
815
815
816
816
817
817
818
818
819
819
820
820
821
821
822
822
823
823
824
824
825
825
826
826
827
827
828
829
830
831
832
833
834
835
836
837
838
839
840
841
842
843
844
845
846
847
848
849
850
851
852
853
854
855
856
857
858
859
33
70
107
144
181
218
255
292
329
366
403
440
477
514
551
588
625
662
699
732
764
796
828
860
34
71
108
145
182
219
256
293
330
367
404
441
478
515
552
589
626
663
35
72
109
146
183
220
257
294
331
368
405
442
479
516
553
590
627
664
36
73
110
147
184
221
258
295
332
369
406
443
480
517
554
591
628
665
0
37
74
111
148
185
222
259
296
333
370
407
444
481
518
555
592
629
666
1
38
75
112
149
186
223
260
297
334
371
408
445
482
519
556
593
630
667
700
2
39
76
113
150
187
224
261
298
335
372
409
446
483
520
557
594
631
668
701
733
765
797
829
3
40
77
114
151
188
225
262
299
336
373
410
447
484
521
558
595
632
669
702
734
766
798
830
4
41
78
115
152
189
226
263
300
337
374
411
448
485
522
559
596
633
670
703
735
767
799
831
5
42
79
116
153
190
227
264
301
338
375
412
449
486
523
560
597
634
671
704
736
768
800
832
6
43
80
117
154
191
228
265
302
339
376
413
450
487
524
561
598
635
672
705
737
769
801
833
7
44
81
118
155
192
229
266
303
340
377
414
451
488
525
562
599
636
673
706
738
770
802
834
8
45
82
119
156
193
230
267
304
341
378
415
452
489
526
563
600
637
674
707
739
771
803
835
9
46
83
120
157
194
231
268
305
342
379
416
453
490
527
564
601
638
675
708
740
772
804
836
10
47
84
121
158
195
232
269
306
343
380
417
454
491
528
565
602
639
676
709
741
773
805
837
11
48
85
122
159
196
233
270
307
344
381
418
455
492
529
566
603
640
677
710
742
774
806
838
12
49
86
123
160
197
234
271
308
345
382
419
456
493
530
567
604
641
678
711
743
775
807
839
13
50
87
124
161
198
235
272
309
346
383
420
457
494
531
568
605
642
679
712
744
776
808
840
14
51
88
125
162
199
236
273
310
347
384
421
458
495
532
569
606
643
680
713
745
777
809
841
15
52
89
126
163
200
237
274
311
348
385
422
459
496
533
570
607
644
681
714
746
778
810
842
16
53
90
127
164
201
238
275
312
349
386
423
460
497
534
571
608
645
682
715
747
779
811
843
17
54
91
128
165
202
239
276
313
350
387
424
461
498
535
572
609
646
683
716
748
780
812
844
18
55
92
129
166
203
240
277
314
351
388
425
462
499
536
573
610
647
684
717
749
781
813
845
19
56
93
130
167
204
241
278
315
352
389
426
463
500
537
574
611
648
685
718
750
782
814
846
20
57
94
131
168
205
242
279
316
353
390
427
464
501
538
575
612
649
686
719
751
783
815
847
21
58
95
132
169
206
243
280
317
354
391
428
465
502
539
576
613
650
687
720
752
784
816
848
22
59
96
133
170
207
244
281
318
355
392
429
466
503
540
577
614
651
688
721
753
785
817
849
23
60
97
134
171
208
245
282
319
356
393
430
467
504
541
578
615
652
689
722
754
786
818
850
24
61
98
135
172
209
246
283
320
357
394
431
468
505
542
579
616
653
690
723
755
787
819
851
25
62
99
136
173
210
247
284
321
358
395
432
469
506
543
580
617
654
691
724
756
788
820
852
26
63
100
137
174
211
248
285
322
359
396
433
470
507
544
581
618
655
692
725
757
789
821
853
27
64
101
138
175
212
249
286
323
360
397
434
471
508
545
582
619
656
693
726
758
790
822
854
28
65
102
139
176
213
250
287
324
361
398
435
472
509
546
583
620
657
694
727
759
791
823
855
29
66
103
140
177
214
251
288
325
362
399
436
473
510
547
584
621
658
695
728
760
792
824
856
30
67
104
141
178
215
252
289
326
363
400
437
474
511
548
585
622
659
696
729
761
793
825
857
31
68
105
142
179
216
253
290
327
364
401
438
475
512
549
586
623
660
697
730
762
794
826
858
32
69
106
143
180
217
254
291
328
365
402
439
476
513
550
587
624
661
698
731
763
795
827
859
33
70
107
144
181
218
255
292
329
366
403
440
477
514
551
588
625
662
699
732
764
796
828
860
34
71
108
145
182
219
256
293
330
367
404
441
478
515
552
589
626
663
35
72
109
146
183
220
257
294
331
368
405
442
479
516
553
590
627
664
36
73
110
147
184
221
258
295
332
369
406
443
480
517
554
591
628
665
0
37
74
111
148
185
222
259
296
333
370
407
444
481
518
555
592
629
666
1
38
75
112
149
186
223
260
297
334
371
408
445
482
519
556
593
630
667
700
2
39
76
113
150
187
224
261
298
335
372
409
446
483
520
557
594
631
668
701
733
765
797
829
3
40
77
114
151
188
225
262
299
336
373
410
447
484
521
558
595
632
669
702
734
766
798
830
4
41
78
115
152
189
226
263
300
337
374
411
448
485
522
559
596
633
670
703
735
767
799
831
5
42
79
116
153
190
227
264
301
338
375
412
449
486
523
560
597
634
671
704
736
768
800
832
6
43
80
117
154
191
228
265
302
339
376
413
450
487
524
561
598
635
672
705
737
769
801
833
7
44
81
118
155
192
229
266
303
340
377
414
451
488
525
562
599
636
673
706
738
770
802
834
8
45
82
119
156
193
230
267
304
341
378
415
452
489
526
563
600
637
674
707
739
771
803
835
9
46
83
120
157
194
231
268
305
342
379
416
453
490
527
564
601
638
675
708
740
772
804
836
10
47
84
121
158
195
232
269
306
343
380
417
454
491
528
565
602
639
676
709
741
773
805
837
11
48
85
122
159
196
233
270
307
344
381
418
455
492
529
566
603
640
677
710
742
774
806
838
12
49
86
123
160
197
234
271
308
345
382
419
456
493
530
567
604
641
678
711
743
775
807
839
13
50
87
124
161
198
235
272
309
346
383
420
457
494
531
568
605
642
679
712
744
776
808
840
14
51
88
125
162
199
236
273
310
347
384
421
458
495
532
569
606
643
680
713
745
777
809
841
15
52
89
126
163
200
237
274
311
348
385
422
459
496
533
570
607
644
681
714
746
778
810
842
16
53
90
127
164
201
238
275
312
349
386
423
460
497
534
571
608
645
682
715
747
779
811
843
17
54
91
128
165
202
239
276
313
350
387
424
461
498
535
572
609
646
683
716
748
780
812
844
18
55
92
129
166
203
240
277
314
351
388
425
462
499
536
573
610
647
684
717
749
781
813
845
19
56
93
130
167
204
241
278
315
352
389
426
463
500
537
574
611
648
685
718
750
782
814
846
20
57
94
131
168
205
242
279
316
353
390
427
464
501
538
575
612
649
686
719
751
783
815
847
21
58
95
132
169
206
243
280
317
354
391
428
465
502
539
576
613
650
687
720
752
784
816
848
22
59
96
133
170
207
244
281
318
355
392
429
466
503
540
577
614
651
688
721
753
785
817
849
23
60
97
134
171
208
245
282
319
356
393
430
467
504
541
578
615
652
689
722
754
786
818
850
24
61
98
135
172
209
246
283
320
357
394
431
468
505
542
579
616
653
690
723
755
787
819
851
25
62
99
136
173
210
247
284
321
358
395
432
469
506
543
580
617
654
691
724
756
788
820
852
26
63
100
137
174
211
248
285
322
359
396
433
470
507
544
581
618
655
692
725
757
789
821
853
27
64
101
138
175
212
249
286
323
360
397
434
471
508
545
582
619
656
693
726
758
790
822
854
28
65
102
139
176
213
250
287
324
361
398
435
472
509
546
583
620
657
694
727
759
791
823
855
29
66
103
140
177
214
251
288
325
362
399
436
473
510
547
584
621
658
695
728
760
792
824
856
30
67
104
141
178
215
252
289
326
363
400
437
474
511
548
585
622
659
696
729
761
793
825
857
31
68
105
142
179
216
253
290
327
364
401
438
475
512
549
586
623
660
697
730
762
794
826
858
32
69
106
143
180
217
254
291
328
365
402
439
476
513
550
587
624
661
698
731
763
795
827
859
33
70
107
144
181
218
255
292
329
366
403
440
477
514
551
588
625
662
699
732
764
796
828
860
829
830
831
832
833
834
835
836
837
838
839
840
841
842
843
844
845
846
847
848
849
850
851
852
853
854
855
856
857
858
859
860
0
1
2
3
4
5
6
7
8
9
10
11
12
13
14
15
16
17
18
19
20
21
22
23
24
25
26
27
28
29
30
31
32
33
34
35
0
36
34
71
663
664
665
666
700
700
733
765
797
829
108
145
182
219
256
293
330
367
404
441
478
515
552
589
626
663
)
)

// Processor3

13524
(
3491
(
0
0
1
1
2
2
3
3
4
5
5
6
6
7
7
8
8
9
10
10
11
11
12
12
13
13
14
15
15
16
16
17
17
18
18
19
20
20
21
21
22
22
23
23
24
25
25
26
26
27
27
28
28
29
30
30
31
31
32
32
33
33
34
35
35
36
36
37
37
38
38
39
40
40
41
41
42
42
43
43
44
45
45
46
46
47
47
48
48
49
50
50
51
51
52
52
53
53
54
55
55
56
56
57
57
58
58
59
60
60
61
61
62
62
63
63
64
65
65
66
66
67
67
68
68
69
70
70
71
71
72
72
73
73
74
75
75
76
76
77
77
78
78
79
80
80
81
81
82
82
83
83
84
85
85
86
86
87
87
88
88
89
90
90
91
91
92
92
93
93
94
95
95
96
96
97
97
98
98
99
100
100
101
101
102
102
103
103
104
105
105
106
106
107
107
108
108
109
110
110
111
111
112
112
113
113
114
115
115
116
116
117
117
118
118
119
120
120
121
121
122
122
123
123
124
125
125
126
126
127
127
128
128
129
130
130
131
131
132
132
133
133
134
135
135
136
136
137
137
138
138
139
140
140
141
141
142
142
143
143
144
145
145
146
146
147
147
148
148
149
150
150
151
151
152
152
153
153
154
155
155
156
156
157
157
158
158
159
160
160
161
161
162
162
163
163
164
165
165
166
166
167
167
168
168
169
170
170
171
171
172
172
173
173
174
175
175
176
176
177
177
178
178
179
180
180
181
181
182
182
183
183
184
185
185
186
186
187
187
188
188
189
190
190
191
191
192
192
193
193
194
195
195
196
196
197
197
198
198
199
200
200
201
201
202
202
203
203
204
204
205
205
206
206
207
207
208
208
209
209
210
210
211
211
212
212
213
213
214
214
215
215
216
216
217
217
218
218
219
219
220
220
221
221
222
222
223
223
224
224
225
225
226
226
227
227
228
228
229
229
230
230
231
231
232
232
233
233
234
234
235
235
236
236
237
237
238
238
239
239
240
240
241
241
242
242
243
243
244
244
245
245
246
246
247
247
248
248
249
249
250
250
251
251
252
252
253
253
254
254
255
255
256
256
257
257
258
258
259
259
260
260
261
261
262
262
263
263
264
264
265
265
266
266
267
267
268
268
269
269
270
270
271
271
272
272
273
273
274
274
275
275
276
276
277
277
278
278
279
279
280
280
281
281
282
282
283
283
284
284
285
285
286
286
287
287
288
288
289
289
290
290
291
291
292
292
293
293
294
294
295
295
296
296
297
297
298
298
299
299
300
300
301
301
302
302
303
303
304
304
305
305
306
306
307
307
308
308
309
309
310
310
311
311
312
312
313
313
314
314
315
315
316
316
317
317
318
318
319
319
320
321
322
323
324
325
325
326
326
327
327
328
328
329
329
330
330
331
331
332
332
333
333
334
334
335
335
336
336
337
337
338
338
339
339
340
340
341
341
342
342
343
343
344
344
345
345
346
346
347
347
348
348
349
350
350
351
351
352
352
353
353
354
354
355
355
356
356
357
357
358
358
359
359
360
360
361
361
362
362
363
363
364
364
365
365
366
366
367
367
368
368
369
369
370
370
371
371
372
372
373
373
374
374
375
375
376
376
377
377
378
378
379
379
380
380
381
381
382
382
383
383
384
384
385
385
386
386
387
387
388
388
389
389
390
390
391
391
392
392
393
393
394
394
395
395
396
396
397
397
398
398
399
399
400
400
401
401
402
402
403
403
404
404
405
405
406
406
407
407
408
408
409
409
410
410
411
411
412
412
413
413
414
414
415
415
416
416
417
417
418
418
419
419
420
420
421
421
422
422
423
423
424
424
425
425
426
426
427
427
428
428
429
429
430
430
431
431
432
432
433
433
434
434
435
435
436
436
437
437
438
438
439
439
440
440
441
441
442
442
443
443
444
444
445
445
446
446
447
447
448
448
449
449
450
450
451
451
452
452
453
453
454
454
455
455
456
456
457
457
458
458
459
459
460
460
461
461
462
462
463
463
464
464
465
465
466
466
467
467
468
468
469
469
470
471
472
473
474
475
475
476
476
477
477
478
478
479
479
480
480
481
481
482
482
483
483
484
484
485
485
486
486
487
487
488
488
489
489
490
491
491
492
492
493
493
494
494
495
495
496
496
497
497
498
498
499
499
500
500
501
501
502
502
503
503
504
504
505
505
506
507
507
508
508
509
509
510
510
511
511
512
512
513
513
514
514
515
515
516
516
517
517
518
518
519
519
520
520
521
521
522
523
523
524
524
525
525
526
526
527
527
528
528
529
529
530
530
531
531
532
532
533
533
534
534
535
535
536
536
537
537
538
539
539
540
540
541
541
542
542
543
543
544
544
545
545
546
546
547
547
548
548
549
549
550
550
551
551
552
552
553
553
554
555
555
556
556
557
557
558
558
559
559
560
560
561
561
562
562
563
563
564
564
565
565
566
566
567
567
568
568
569
569
570
571
571
572
572
573
573
574
574
575
575
576
576
577
577
578
578
579
579
580
580
581
581
582
582
583
583
584
584
585
585
586
587
587
588
588
589
589
590
590
591
591
592
592
593
593
594
594
595
595
596
596
597
597
598
598
599
599
600
600
601
601
602
603
603
604
604
605
605
606
606
607
607
608
608
609
609
610
610
611
611
612
612
613
613
614
614
615
615
616
616
617
617
618
619
619
620
620
621
621
622
622
623
623
624
624
625
625
626
626
627
627
628
628
629
629
630
630
631
631
632
632
633
633
634
635
635
636
636
637
637
638
638
639
639
640
640
641
641
642
642
643
643
644
644
645
645
646
646
647
647
648
648
649
649
650
651
651
652
652
653
653
654
654
655
655
656
656
657
657
658
658
659
659
660
660
661
661
662
662
663
663
664
664
665
665
666
667
667
668
668
669
669
670
670
671
671
672
672
673
673
674
674
675
675
676
676
677
677
678
678
679
679
680
680
681
681
682
683
683
684
684
685
685
686
686
687
687
688
688
689
689
690
690
691
691
692
692
693
693
694
694
695
695
696
696
697
697
698
699
699
700
700
701
701
702
702
703
703
704
704
705
705
706
706
707
707
708
708
709
709
710
710
711
711
712
712
713
713
714
715
715
716
716
717
717
718
718
719
719
720
720
721
721
722
722
723
723
724
724
725
725
726
726
727
727
728
728
729
729
730
731
731
732
732
733
733
734
734
735
735
736
736
737
737
738
738
739
739
740
740
741
741
742
742
743
743
744
744
745
745
746
747
747
748
748
749
749
750
750
751
751
752
752
753
753
754
754
755
755
756
756
757
757
758
758
759
759
760
760
761
761
762
763
763
764
764
765
765
766
766
767
767
768
768
769
769
770
770
771
771
772
772
773
773
774
774
775
775
776
776
777
777
778
779
779
780
780
781
781
782
782
783
783
784
784
785
785
786
786
787
787
788
788
789
789
790
790
791
791
792
792
793
793
794
795
795
796
796
797
797
798
798
799
799
800
800
801
801
802
802
803
803
804
804
805
805
806
806
807
807
808
808
809
809
810
811
811
812
812
813
813
814
814
815
815
816
816
817
817
818
818
819
819
820
820
821
821
822
822
823
823
824
824
825
825
826
827
827
828
828
829
829
830
830
831
831
832
832
833
833
834
834
835
835
836
836
837
837
838
838
839
839
840
840
841
841
842
843
843
844
844
845
846
847
848
849
850
851
852
853
854
855
856
857
859
0
1
2
3
4
4
9
14
19
24
29
34
39
44
49
54
59
64
69
74
79
84
89
94
99
325
100
105
110
115
120
125
130
135
140
145
150
155
160
165
170
175
180
185
190
195
104
109
114
119
124
129
134
139
144
149
154
159
164
169
174
179
184
189
194
199
100
101
102
103
104
475
476
477
478
479
480
481
482
483
484
485
486
487
488
489
490
0
5
10
15
20
25
30
35
40
45
50
55
60
65
70
75
80
85
90
95
1
6
11
16
21
26
31
36
41
46
51
56
61
66
71
76
81
86
91
96
2
7
12
17
22
27
32
37
42
47
52
57
62
67
72
77
82
87
92
97
3
8
13
18
23
28
33
38
43
48
53
58
63
68
73
78
83
88
93
98
4
9
14
19
24
29
34
39
44
49
54
59
64
69
74
79
84
89
94
99
100
105
110
115
120
125
130
135
140
145
150
155
160
165
170
175
180
185
190
195
101
106
111
116
121
126
131
136
141
146
151
156
161
166
171
176
181
186
191
196
102
107
112
117
122
127
132
137
142
147
152
157
162
167
172
177
182
187
192
197
103
108
113
118
123
128
133
138
143
148
153
158
163
168
173
178
183
188
193
198
104
109
114
119
124
129
134
139
144
149
154
159
164
169
174
179
184
189
194
199
200
205
210
215
220
225
230
235
240
245
250
255
260
265
270
275
280
285
290
295
300
305
310
315
320
201
206
211
216
221
226
231
236
241
246
251
256
261
266
271
276
281
286
291
296
301
306
311
316
321
202
207
212
217
222
227
232
237
242
247
252
257
262
267
272
277
282
287
292
297
302
307
312
317
322
203
208
213
218
223
228
233
238
243
248
253
258
263
268
273
278
283
288
293
298
303
308
313
318
323
204
209
214
219
224
229
234
239
244
249
254
259
264
269
274
279
284
289
294
299
304
309
314
319
324
325
326
327
328
329
330
331
332
333
334
335
336
337
338
339
340
341
342
343
344
345
346
347
348
349
350
355
360
365
370
375
380
385
390
395
400
405
410
415
420
425
430
435
440
445
450
455
460
465
470
351
356
361
366
371
376
381
386
391
396
401
406
411
416
421
426
431
436
441
446
451
456
461
466
471
352
357
362
367
372
377
382
387
392
397
402
407
412
417
422
427
432
437
442
447
452
457
462
467
472
353
358
363
368
373
378
383
388
393
398
403
408
413
418
423
428
433
438
443
448
453
458
463
468
473
354
359
364
369
374
379
384
389
394
399
404
409
414
419
424
429
434
439
444
449
454
459
464
469
474
475
491
507
523
539
555
571
587
603
619
635
651
667
683
699
715
731
747
763
779
795
811
827
843
859
476
492
508
524
540
556
572
588
604
620
636
652
668
684
700
716
732
748
764
780
796
812
828
844
860
477
493
509
525
541
557
573
589
605
621
637
653
669
685
701
717
733
749
765
781
797
813
829
845
478
494
510
526
542
558
574
590
606
622
638
654
670
686
702
718
734
750
766
782
798
814
830
846
479
495
511
527
543
559
575
591
607
623
639
655
671
687
703
719
735
751
767
783
799
815
831
847
480
496
512
528
544
560
576
592
608
624
640
656
672
688
704
720
736
752
768
784
800
816
832
848
481
497
513
529
545
561
577
593
609
625
641
657
673
689
705
721
737
753
769
785
801
817
833
849
482
498
514
530
546
562
578
594
610
626
642
658
674
690
706
722
738
754
770
786
802
818
834
850
483
499
515
531
547
563
579
595
611
627
643
659
675
691
707
723
739
755
771
787
803
819
835
851
484
500
516
532
548
564
580
596
612
628
644
660
676
692
708
724
740
756
772
788
804
820
836
852
485
501
517
533
549
565
581
597
613
629
645
661
677
693
709
725
741
757
773
789
805
821
837
853
486
502
518
534
550
566
582
598
614
630
646
662
678
694
710
726
742
758
774
790
806
822
838
854
487
503
519
535
551
567
583
599
615
631
647
663
679
695
711
727
743
759
775
791
807
823
839
855
488
504
520
536
552
568
584
600
616
632
648
664
680
696
712
728
744
760
776
792
808
824
840
856
489
505
521
537
553
569
585
601
617
633
649
665
681
697
713
729
745
761
777
793
809
825
841
857
490
506
522
538
554
570
586
602
618
634
650
666
682
698
714
730
746
762
778
794
810
826
842
858
0
5
10
15
20
25
30
35
40
45
50
55
60
65
70
75
80
85
90
95
1
6
11
16
21
26
31
36
41
46
51
56
61
66
71
76
81
86
91
96
2
7
12
17
22
27
32
37
42
47
52
57
62
67
72
77
82
87
92
97
3
8
13
18
23
28
33
38
43
48
53
58
63
68
73
78
83
88
93
98
4
9
14
19
24
29
34
39
44
49
54
59
64
69
74
79
84
89
94
99
100
105
110
115
120
125
130
135
140
145
150
155
160
165
170
175
180
185
190
195
101
106
111
116
121
126
131
136
141
146
151
156
161
166
171
176
181
186
191
196
102
107
112
117
122
127
132
137
142
147
152
157
162
167
172
177
182
187
192
197
103
108
113
118
123
128
133
138
143
148
153
158
163
168
173
178
183
188
193
198
104
109
114
119
124
129
134
139
144
149
154
159
164
169
174
179
184
189
194
199
200
205
210
215
220
225
230
235
240
245
250
255
260
265
270
275
280
285
290
295
300
305
310
315
320
201
206
211
216
221
226
231
236
241
246
251
256
261
266
271
276
281
286
291
296
301
306
311
316
321
202
207
212
217
222
227
232
237
242
247
252
257
262
267
272
277
282
287
292
297
302
307
312
317
322
203
208
213
218
223
228
233
238
243
248
253
258
263
268
273
278
283
288
293
298
303
308
313
318
323
204
209
214
219
224
229
234
239
244
249
254
259
264
269
274
279
284
289
294
299
304
309
314
319
324
325
326
327
328
329
330
331
332
333
334
335
336
337
338
339
340
341
342
343
344
345
346
347
348
349
350
355
360
365
370
375
380
385
390
395
400
405
410
415
420
425
430
435
440
445
450
455
460
465
470
351
356
361
366
371
376
381
386
391
396
401
406
411
416
421
426
431
436
441
446
451
456
461
466
471
352
357
362
367
372
377
382
387
392
397
402
407
412
417
422
427
432
437
442
447
452
457
462
467
472
353
358
363
368
373
378
383
388
393
398
403
408
413
418
423
428
433
438
443
448
453
458
463
468
473
354
359
364
369
374
379
384
389
394
399
404
409
414
419
424
429
434
439
444
449
454
459
464
469
474
475
491
507
523
539
555
571
587
603
619
635
651
667
683
699
715
731
747
763
779
795
811
827
843
859
476
492
508
524
540
556
572
588
604
620
636
652
668
684
700
716
732
748
764
780
796
812
828
844
860
477
493
509
525
541
557
573
589
605
621
637
653
669
685
701
717
733
749
765
781
797
813
829
845
478
494
510
526
542
558
574
590
606
622
638
654
670
686
702
718
734
750
766
782
798
814
830
846
479
495
511
527
543
559
575
591
607
623
639
655
671
687
703
719
735
751
767
783
799
815
831
847
480
496
512
528
544
560
576
592
608
624
640
656
672
688
704
720
736
752
768
784
800
816
832
848
481
497
513
529
545
561
577
593
609
625
641
657
673
689
705
721
737
753
769
785
801
817
833
849
482
498
514
530
546
562
578
594
610
626
642
658
674
690
706
722
738
754
770
786
802
818
834
850
483
499
515
531
547
563
579
595
611
627
643
659
675
691
707
723
739
755
771
787
803
819
835
851
484
500
516
532
548
564
580
596
612
628
644
660
676
692
708
724
740
756
772
788
804
820
836
852
485
501
517
533
549
565
581
597
613
629
645
661
677
693
709
725
741
757
773
789
805
821
837
853
486
502
518
534
550
566
582
598
614
630
646
662
678
694
710
726
742
758
774
790
806
822
838
854
487
503
519
535
551
567
583
599
615
631
647
663
679
695
711
727
743
759
775
791
807
823
839
855
488
504
520
536
552
568
584
600
616
632
648
664
680
696
712
728
744
760
776
792
808
824
840
856
489
505
521
537
553
569
585
601
617
633
649
665
681
697
713
729
745
761
777
793
809
825
841
857
490
506
522
538
554
570
586
602
618
634
650
666
682
698
714
730
746
762
778
794
810
826
842
858
490
506
522
538
554
570
586
602
618
634
650
666
682
698
714
730
746
762
778
794
810
826
320
321
322
323
324
349
470
471
472
473
474
842
845
846
847
848
849
850
851
852
853
854
855
856
857
858
858
859
860
860
)
)

// Processor4

13556
(
3499
(
0
0
1
1
2
2
3
3
4
4
5
5
6
6
7
7
8
8
9
9
10
10
11
11
12
12
13
13
14
14
15
15
16
16
17
17
18
18
19
19
20
20
21
21
22
22
23
23
24
24
25
25
26
26
27
27
28
28
29
29
30
30
31
31
32
32
33
33
34
34
35
35
36
36
37
37
38
38
39
39
40
40
41
41
42
42
43
43
44
44
45
45
46
46
47
47
48
48
49
49
50
50
51
51
52
52
53
53
54
54
55
55
56
56
57
57
58
58
59
59
60
60
61
61
62
62
63
63
64
64
65
65
66
66
67
67
68
68
69
69
70
70
71
71
72
72
73
73
74
74
75
75
76
76
77
77
78
78
79
79
80
80
81
81
82
82
83
83
84
84
85
85
86
86
87
87
88
88
89
89
90
90
91
91
92
92
93
93
94
94
95
96
97
98
99
100
100
101
101
102
102
103
103
104
104
105
105
106
106
107
107
108
108
109
109
110
110
111
111
112
112
113
113
114
114
115
115
116
116
117
117
118
118
119
120
120
121
121
122
122
123
123
124
124
125
125
126
126
127
127
128
128
129
129
130
130
131
131
132
132
133
133
134
134
135
135
136
136
137
137
138
138
139
139
140
140
141
141
142
142
143
143
144
144
145
145
146
146
147
147
148
148
149
149
150
150
151
151
152
152
153
153
154
154
155
155
156
156
157
157
158
158
159
159
160
160
161
161
162
162
163
163
164
164
165
165
166
166
167
167
168
168
169
169
170
170
171
171
172
172
173
173
174
174
175
175
176
176
177
177
178
178
179
179
180
180
181
181
182
182
183
183
184
184
185
185
186
186
187
187
188
188
189
189
190
190
191
191
192
192
193
193
194
194
195
195
196
196
197
197
198
198
199
199
200
200
201
201
202
202
203
203
204
204
205
205
206
206
207
207
208
208
209
209
210
210
211
211
212
212
213
213
214
214
215
216
217
218
219
220
220
221
221
222
222
223
224
224
225
225
226
226
227
227
228
229
229
230
230
231
231
232
232
233
234
234
235
235
236
236
237
237
238
238
239
240
240
241
241
242
242
243
243
244
244
245
246
246
247
247
248
248
249
249
250
250
251
252
252
253
253
254
254
255
255
256
256
257
257
258
259
259
260
260
261
261
262
262
263
263
264
264
265
266
266
267
267
268
268
269
269
270
270
271
271
272
272
273
274
274
275
275
276
276
277
277
278
278
279
279
280
280
281
281
282
283
283
284
284
285
285
286
286
287
287
288
288
289
289
290
290
291
292
292
293
293
294
294
295
295
296
296
297
297
298
298
299
299
300
300
301
302
302
303
303
304
304
305
305
306
306
307
307
308
308
309
309
310
310
311
311
312
312
313
313
314
314
315
315
316
316
317
317
318
318
319
319
320
320
321
321
322
322
323
323
324
324
325
325
326
326
327
327
328
328
329
330
330
331
331
332
332
333
333
334
334
335
335
336
336
337
337
338
338
339
339
340
340
341
341
342
342
343
343
344
344
345
345
346
346
347
347
348
348
349
349
350
350
351
351
352
352
353
353
354
354
355
355
356
356
357
358
358
359
359
360
360
361
361
362
362
363
363
364
364
365
365
366
366
367
367
368
368
369
369
370
370
371
371
372
372
373
373
374
374
375
375
376
376
377
377
378
378
379
379
380
380
381
381
382
382
383
383
384
384
385
386
386
387
387
388
388
389
389
390
390
391
391
392
392
393
393
394
394
395
395
396
396
397
397
398
398
399
399
400
400
401
401
402
402
403
403
404
404
405
405
406
406
407
407
408
408
409
409
410
410
411
411
412
412
413
414
414
415
415
416
416
417
417
418
418
419
419
420
420
421
421
422
422
423
423
424
424
425
425
426
426
427
427
428
428
429
429
430
430
431
431
432
432
433
433
434
434
435
435
436
436
437
437
438
438
439
439
440
440
441
442
442
443
443
444
444
445
445
446
446
447
447
448
448
449
449
450
450
451
451
452
452
453
453
454
454
455
455
456
456
457
457
458
458
459
459
460
460
461
461
462
462
463
463
464
464
465
465
466
466
467
467
468
468
469
470
470
471
471
472
472
473
473
474
474
475
475
476
476
477
477
478
478
479
479
480
480
481
481
482
482
483
483
484
484
485
485
486
486
487
487
488
488
489
489
490
490
491
491
492
492
493
493
494
494
495
495
496
496
497
498
498
499
499
500
500
501
501
502
502
503
503
504
504
505
505
506
506
507
507
508
508
509
509
510
510
511
511
512
512
513
513
514
514
515
515
516
516
517
517
518
518
519
519
520
520
521
521
522
522
523
523
524
524
525
526
526
527
527
528
528
529
529
530
530
531
531
532
532
533
533
534
534
535
535
536
536
537
537
538
538
539
539
540
540
541
541
542
542
543
543
544
544
545
545
546
546
547
547
548
548
549
549
550
550
551
551
552
552
553
554
554
555
555
556
556
557
557
558
558
559
559
560
560
561
561
562
562
563
563
564
564
565
565
566
566
567
567
568
568
569
569
570
570
571
571
572
572
573
573
574
574
575
575
576
576
577
577
578
578
579
579
580
580
581
582
582
583
583
584
584
585
585
586
586
587
587
588
588
589
589
590
590
591
591
592
592
593
593
594
594
595
595
596
596
597
597
598
598
599
599
600
600
601
601
602
602
603
603
604
604
605
605
606
606
607
607
608
608
609
610
610
611
611
612
612
613
613
614
614
615
615
616
616
617
617
618
618
619
619
620
620
621
621
622
622
623
623
624
624
625
625
626
626
627
627
628
628
629
629
630
630
631
631
632
632
633
633
634
634
635
635
636
636
637
638
638
639
639
640
640
641
641
642
642
643
643
644
644
645
645
646
646
647
647
648
648
649
649
650
650
651
651
652
652
653
653
654
654
655
655
656
656
657
657
658
658
659
659
660
660
661
661
662
662
663
663
664
664
665
666
666
667
667
668
668
669
669
670
670
671
671
672
672
673
673
674
674
675
675
676
676
677
677
678
678
679
679
680
680
681
681
682
682
683
683
684
684
685
685
686
686
687
687
688
688
689
689
690
690
691
691
692
692
693
694
694
695
695
696
696
697
697
698
698
699
699
700
700
701
701
702
702
703
703
704
704
705
705
706
706
707
707
708
708
709
709
710
710
711
711
712
712
713
713
714
714
715
715
716
716
717
717
718
718
719
719
720
720
721
722
722
723
723
724
724
725
725
726
726
727
727
728
728
729
729
730
730
731
731
732
732
733
733
734
734
735
735
736
736
737
737
738
738
739
739
740
740
741
741
742
742
743
743
744
744
745
745
746
746
747
747
748
748
749
750
750
751
751
752
752
753
753
754
754
755
755
756
756
757
757
758
758
759
759
760
760
761
761
762
762
763
763
764
764
765
765
766
766
767
767
768
768
769
769
770
770
771
771
772
772
773
773
774
774
775
775
776
776
777
778
778
779
779
780
780
781
781
782
782
783
783
784
784
785
785
786
786
787
787
788
788
789
789
790
790
791
791
792
792
793
793
794
794
795
795
796
796
797
797
798
798
799
799
800
800
801
801
802
802
803
803
804
804
805
806
806
807
807
808
808
809
809
810
810
811
811
812
812
813
813
814
814
815
815
816
816
817
817
818
818
819
819
820
820
821
821
822
822
823
823
824
824
825
825
826
826
827
827
828
828
829
829
830
830
831
831
832
832
833
834
835
836
837
838
839
840
841
842
843
844
845
846
847
848
849
850
851
852
853
854
855
856
857
858
859
860
95
96
97
98
99
119
215
216
217
218
219
834
835
836
837
838
839
840
841
842
843
844
845
846
847
848
849
850
851
852
853
854
855
856
857
858
859
860
861
0
5
10
15
20
25
30
35
40
45
50
55
60
65
70
75
80
85
90
95
1
6
11
16
21
26
31
36
41
46
51
56
61
66
71
76
81
86
91
96
2
7
12
17
22
27
32
37
42
47
52
57
62
67
72
77
82
87
92
97
3
8
13
18
23
28
33
38
43
48
53
58
63
68
73
78
83
88
93
98
4
9
14
19
24
29
34
39
44
49
54
59
64
69
74
79
84
89
94
99
100
101
102
103
104
105
106
107
108
109
110
111
112
113
114
115
116
117
118
119
120
125
130
135
140
145
150
155
160
165
170
175
180
185
190
195
200
205
210
215
121
126
131
136
141
146
151
156
161
166
171
176
181
186
191
196
201
206
211
216
122
127
132
137
142
147
152
157
162
167
172
177
182
187
192
197
202
207
212
217
123
128
133
138
143
148
153
158
163
168
173
178
183
188
193
198
203
208
213
218
124
129
134
139
144
149
154
159
164
169
174
179
184
189
194
199
204
209
214
219
302
330
358
386
414
442
470
498
526
554
582
610
638
666
694
722
750
778
806
834
303
331
359
387
415
443
471
499
527
555
583
611
639
667
695
723
751
779
807
835
304
332
360
388
416
444
472
500
528
556
584
612
640
668
696
724
752
780
808
836
305
333
361
389
417
445
473
501
529
557
585
613
641
669
697
725
753
781
809
837
306
334
362
390
418
446
474
502
530
558
586
614
642
670
698
726
754
782
810
838
307
335
363
391
419
447
475
503
531
559
587
615
643
671
699
727
755
783
811
839
308
336
364
392
420
448
476
504
532
560
588
616
644
672
700
728
756
784
812
840
309
337
365
393
421
449
477
505
533
561
589
617
645
673
701
729
757
785
813
841
310
338
366
394
422
450
478
506
534
562
590
618
646
674
702
730
758
786
814
842
311
339
367
395
423
451
479
507
535
563
591
619
647
675
703
731
759
787
815
843
312
340
368
396
424
452
480
508
536
564
592
620
648
676
704
732
760
788
816
844
313
341
369
397
425
453
481
509
537
565
593
621
649
677
705
733
761
789
817
845
314
342
370
398
426
454
482
510
538
566
594
622
650
678
706
734
762
790
818
846
315
343
371
399
427
455
483
511
539
567
595
623
651
679
707
735
763
791
819
847
316
344
372
400
428
456
484
512
540
568
596
624
652
680
708
736
764
792
820
848
317
345
373
401
429
457
485
513
541
569
597
625
653
681
709
737
765
793
821
849
318
346
374
402
430
458
486
514
542
570
598
626
654
682
710
738
766
794
822
850
319
347
375
403
431
459
487
515
543
571
599
627
655
683
711
739
767
795
823
851
292
320
348
376
404
432
460
488
516
544
572
600
628
656
684
712
740
768
796
824
852
274
283
293
321
349
377
405
433
461
489
517
545
573
601
629
657
685
713
741
769
797
825
853
266
275
284
294
322
350
378
406
434
462
490
518
546
574
602
630
658
686
714
742
770
798
826
854
252
259
267
276
285
295
323
351
379
407
435
463
491
519
547
575
603
631
659
687
715
743
771
799
827
855
234
240
246
253
260
268
277
286
296
324
352
380
408
436
464
492
520
548
576
604
632
660
688
716
744
772
800
828
856
220
224
229
235
241
247
254
261
269
278
287
297
325
353
381
409
437
465
493
521
549
577
605
633
661
689
717
745
773
801
829
857
221
225
230
236
242
248
255
262
270
279
288
298
326
354
382
410
438
466
494
522
550
578
606
634
662
690
718
746
774
802
830
858
222
226
231
237
243
249
256
263
271
280
289
299
327
355
383
411
439
467
495
523
551
579
607
635
663
691
719
747
775
803
831
859
223
227
232
238
244
250
257
264
272
281
290
300
328
356
384
412
440
468
496
524
552
580
608
636
664
692
720
748
776
804
832
860
228
233
239
245
251
258
265
273
282
291
301
329
357
385
413
441
469
497
525
553
581
609
637
665
693
721
749
777
805
833
861
0
5
10
15
20
25
30
35
40
45
50
55
60
65
70
75
80
85
90
95
1
6
11
16
21
26
31
36
41
46
51
56
61
66
71
76
81
86
91
96
2
7
12
17
22
27
32
37
42
47
52
57
62
67
72
77
82
87
92
97
3
8
13
18
23
28
33
38
43
48
53
58
63
68
73
78
83
88
93
98
4
9
14
19
24
29
34
39
44
49
54
59
64
69
74
79
84
89
94
99
100
101
102
103
104
105
106
107
108
109
110
111
112
113
114
115
116
117
118
119
120
125
130
135
140
145
150
155
160
165
170
175
180
185
190
195
200
205
210
215
121
126
131
136
141
146
151
156
161
166
171
176
181
186
191
196
201
206
211
216
122
127
132
137
142
147
152
157
162
167
172
177
182
187
192
197
202
207
212
217
123
128
133
138
143
148
153
158
163
168
173
178
183
188
193
198
203
208
213
218
124
129
134
139
144
149
154
159
164
169
174
179
184
189
194
199
204
209
214
219
302
330
358
386
414
442
470
498
526
554
582
610
638
666
694
722
750
778
806
834
303
331
359
387
415
443
471
499
527
555
583
611
639
667
695
723
751
779
807
835
304
332
360
388
416
444
472
500
528
556
584
612
640
668
696
724
752
780
808
836
305
333
361
389
417
445
473
501
529
557
585
613
641
669
697
725
753
781
809
837
306
334
362
390
418
446
474
502
530
558
586
614
642
670
698
726
754
782
810
838
307
335
363
391
419
447
475
503
531
559
587
615
643
671
699
727
755
783
811
839
308
336
364
392
420
448
476
504
532
560
588
616
644
672
700
728
756
784
812
840
309
337
365
393
421
449
477
505
533
561
589
617
645
673
701
729
757
785
813
841
310
338
366
394
422
450
478
506
534
562
590
618
646
674
702
730
758
786
814
842
311
339
367
395
423
451
479
507
535
563
591
619
647
675
703
731
759
787
815
843
312
340
368
396
424
452
480
508
536
564
592
620
648
676
704
732
760
788
816
844
313
341
369
397
425
453
481
509
537
565
593
621
649
677
705
733
761
789
817
845
314
342
370
398
426
454
482
510
538
566
594
622
650
678
706
734
762
790
818
846
315
343
371
399
427
455
483
511
539
567
595
623
651
679
707
735
763
791
819
847
316
344
372
400
428
456
484
512
540
568
596
624
652
680
708
736
764
792
820
848
317
345
373
401
429
457
485
513
541
569
597
625
653
681
709
737
765
793
821
849
318
346
374
402
430
458
486
514
542
570
598
626
654
682
710
738
766
794
822
850
319
347
375
403
431
459
487
515
543
571
599
627
655
683
711
739
767
795
823
851
292
320
348
376
404
432
460
488
516
544
572
600
628
656
684
712
740
768
796
824
852
274
283
293
321
349
377
405
433
461
489
517
545
573
601
629
657
685
713
741
769
797
825
853
266
275
284
294
322
350
378
406
434
462
490
518
546
574
602
630
658
686
714
742
770
798
826
854
252
259
267
276
285
295
323
351
379
407
435
463
491
519
547
575
603
631
659
687
715
743
771
799
827
855
234
240
246
253
260
268
277
286
296
324
352
380
408
436
464
492
520
548
576
604
632
660
688
716
744
772
800
828
856
220
224
229
235
241
247
254
261
269
278
287
297
325
353
381
409
437
465
493
521
549
577
605
633
661
689
717
745
773
801
829
857
221
225
230
236
242
248
255
262
270
279
288
298
326
354
382
410
438
466
494
522
550
578
606
634
662
690
718
746
774
802
830
858
222
226
231
237
243
249
256
263
271
280
289
299
327
355
383
411
439
467
495
523
551
579
607
635
663
691
719
747
775
803
831
859
223
227
232
238
244
250
257
264
272
281
290
300
328
356
384
412
440
468
496
524
552
580
608
636
664
692
720
748
776
804
832
860
228
233
239
245
251
258
265
273
282
291
301
329
357
385
413
441
469
497
525
553
581
609
637
665
693
721
749
777
805
833
861
251
258
265
273
282
291
301
329
357
385
413
441
469
497
525
553
581
609
637
665
693
721
749
777
805
833
861
220
221
222
223
223
228
228
233
239
245
0
1
2
3
4
100
120
121
122
123
124
220
224
229
234
234
240
246
252
252
259
266
266
274
274
283
292
302
303
304
305
306
307
308
309
310
311
312
313
314
315
316
317
318
292
319
)
)

// Processor5

13500
(
3485
(
0
0
1
1
2
2
3
3
4
4
5
5
6
6
7
7
8
8
9
9
10
10
11
11
12
12
13
13
14
14
15
15
16
16
17
17
18
18
19
19
20
20
21
21
22
22
23
23
24
24
25
25
26
26
27
27
28
28
29
29
30
30
31
31
32
32
33
33
34
34
35
35
36
36
37
37
38
38
39
39
40
40
41
41
42
42
43
43
44
44
45
45
46
46
47
47
48
48
49
49
50
50
51
51
52
52
53
53
54
54
55
55
56
56
57
57
58
58
59
59
60
60
61
61
62
62
63
63
64
64
65
65
66
66
67
67
68
68
69
69
70
70
71
71
72
72
73
73
74
74
75
75
76
76
77
77
78
78
79
79
80
80
81
81
82
82
83
83
84
84
85
85
86
86
87
87
88
88
89
89
90
90
91
91
92
92
93
93
94
94
95
95
96
96
97
97
98
98
99
99
100
100
101
101
102
102
103
103
104
104
105
105
106
106
107
107
108
108
109
109
110
110
111
111
112
112
113
113
114
114
115
115
116
116
117
117
118
118
119
119
120
121
122
123
124
125
125
126
126
127
127
128
128
129
129
130
130
131
131
132
132
133
133
134
134
135
135
136
136
137
137
138
138
139
139
140
140
141
141
142
142
143
143
144
144
145
145
146
146
147
147
148
148
149
150
150
151
151
152
152
153
153
154
154
155
155
156
156
157
157
158
158
159
159
160
160
161
161
162
162
163
163
164
164
165
165
166
166
167
167
168
168
169
169
170
170
171
171
172
172
173
173
174
174
175
175
176
176
177
177
178
178
179
179
180
180
181
181
182
182
183
183
184
184
185
185
186
186
187
187
188
188
189
189
190
190
191
191
192
192
193
193
194
194
195
195
196
196
197
197
198
198
199
199
200
200
201
201
202
202
203
203
204
204
205
205
206
206
207
207
208
208
209
209
210
210
211
211
212
212
213
213
214
214
215
215
216
216
217
217
218
218
219
219
220
220
221
221
222
222
223
223
224
224
225
225
226
226
227
227
228
228
229
229
230
230
231
231
232
232
233
233
234
234
235
235
236
236
237
237
238
238
239
239
240
240
241
241
242
242
243
243
244
244
245
245
246
246
247
247
248
248
249
249
250
250
251
251
252
252
253
253
254
254
255
255
256
256
257
257
258
258
259
259
260
260
261
261
262
262
263
263
264
264
265
265
266
266
267
267
268
268
269
269
270
271
272
273
274
275
275
276
276
277
277
278
278
279
279
280
280
281
282
282
283
283
284
284
285
285
286
286
287
287
288
289
289
290
290
291
291
292
292
293
293
294
294
295
295
296
296
297
297
298
298
299
299
300
300
301
301
302
302
303
303
304
304
305
305
306
306
307
307
308
308
309
310
310
311
311
312
312
313
313
314
314
315
315
316
316
317
317
318
318
319
319
320
320
321
321
322
322
323
323
324
324
325
325
326
326
327
327
328
328
329
329
330
330
331
331
332
333
333
334
334
335
335
336
336
337
337
338
338
339
339
340
340
341
341
342
342
343
343
344
344
345
345
346
346
347
347
348
348
349
349
350
350
351
351
352
352
353
353
354
354
355
356
356
357
357
358
358
359
359
360
360
361
361
362
362
363
363
364
364
365
365
366
366
367
367
368
368
369
369
370
370
371
371
372
372
373
373
374
374
375
375
376
376
377
377
378
379
379
380
380
381
381
382
382
383
383
384
384
385
385
386
386
387
387
388
388
389
389
390
390
391
391
392
392
393
393
394
394
395
395
396
396
397
397
398
398
399
399
400
400
401
402
402
403
403
404
404
405
405
406
406
407
407
408
408
409
409
410
410
411
411
412
412
413
413
414
414
415
415
416
416
417
417
418
418
419
419
420
420
421
421
422
422
423
423
424
425
425
426
426
427
427
428
428
429
429
430
430
431
431
432
432
433
433
434
434
435
435
436
436
437
437
438
438
439
439
440
440
441
441
442
442
443
443
444
444
445
445
446
446
447
448
448
449
449
450
450
451
451
452
452
453
453
454
454
455
455
456
456
457
457
458
458
459
459
460
460
461
461
462
462
463
463
464
464
465
465
466
466
467
467
468
468
469
469
470
471
471
472
472
473
473
474
474
475
475
476
476
477
477
478
478
479
479
480
480
481
481
482
482
483
483
484
484
485
485
486
486
487
487
488
488
489
489
490
490
491
491
492
492
493
494
494
495
495
496
496
497
497
498
498
499
499
500
500
501
501
502
502
503
503
504
504
505
505
506
506
507
507
508
508
509
509
510
510
511
511
512
512
513
513
514
514
515
515
516
517
517
518
518
519
519
520
520
521
521
522
522
523
523
524
524
525
525
526
526
527
527
528
528
529
529
530
530
531
531
532
532
533
533
534
534
535
535
536
536
537
537
538
538
539
540
540
541
541
542
542
543
543
544
544
545
545
546
546
547
547
548
548
549
549
550
550
551
551
552
552
553
553
554
554
555
555
556
556
557
557
558
558
559
559
560
560
561
561
562
563
563
564
564
565
565
566
566
567
567
568
568
569
569
570
570
571
571
572
572
573
573
574
574
575
575
576
576
577
577
578
578
579
579
580
580
581
581
582
582
583
583
584
584
585
586
586
587
587
588
588
589
589
590
590
591
591
592
592
593
593
594
594
595
595
596
596
597
597
598
598
599
599
600
600
601
601
602
602
603
603
604
604
605
605
606
606
607
607
608
609
609
610
610
611
611
612
612
613
613
614
614
615
615
616
616
617
617
618
618
619
619
620
620
621
621
622
622
623
623
624
624
625
625
626
626
627
627
628
628
629
629
630
630
631
632
632
633
633
634
634
635
635
636
636
637
637
638
638
639
639
640
640
641
641
642
642
643
643
644
644
645
645
646
646
647
647
648
648
649
649
650
650
651
651
652
652
653
653
654
655
655
656
656
657
657
658
658
659
659
660
660
661
661
662
662
663
663
664
664
665
665
666
666
667
667
668
668
669
669
670
670
671
671
672
672
673
673
674
674
675
675
676
676
678
678
679
679
680
680
681
681
682
682
683
683
684
684
685
685
686
686
687
687
688
688
689
689
690
690
691
691
692
692
693
693
694
694
695
695
696
696
697
697
698
698
699
700
700
701
701
702
702
703
703
704
704
705
705
706
706
707
707
708
708
709
709
710
710
711
711
712
712
713
713
714
714
715
715
716
716
717
717
718
718
719
719
720
720
721
722
722
723
723
724
724
725
725
726
726
727
727
728
728
729
729
730
730
731
731
732
732
733
733
734
734
735
735
736
736
737
737
738
738
739
739
740
740
741
741
742
742
744
744
745
745
746
746
747
747
748
748
749
749
750
750
751
751
752
752
753
753
754
754
755
755
756
756
757
757
758
758
759
759
760
760
761
761
762
762
763
763
764
765
765
766
766
767
767
768
768
769
769
770
770
771
771
772
772
773
773
774
774
775
775
776
776
777
777
778
778
779
779
780
780
781
781
782
782
783
783
784
784
786
786
787
787
788
788
789
789
790
790
791
791
792
792
793
793
794
794
795
795
796
796
797
797
798
798
799
799
800
800
801
801
802
802
803
803
804
804
806
806
807
807
808
808
809
809
810
810
811
811
812
812
813
813
814
814
815
815
816
816
817
817
818
818
819
819
820
820
821
821
822
822
823
823
824
825
825
826
826
827
827
828
828
829
829
830
830
831
831
832
832
833
833
834
834
835
835
836
836
837
837
838
838
839
839
840
840
841
841
842
842
844
845
846
847
848
849
850
851
852
853
854
855
856
857
858
859
860
0
5
10
15
20
25
30
35
40
45
50
55
60
65
70
75
80
85
90
95
100
105
110
115
120
1
6
11
16
21
26
31
36
41
46
51
56
61
66
71
76
81
86
91
96
101
106
111
116
121
2
7
12
17
22
27
32
37
42
47
52
57
62
67
72
77
82
87
92
97
102
107
112
117
122
3
8
13
18
23
28
33
38
43
48
53
58
63
68
73
78
83
88
93
98
103
108
113
118
123
4
9
14
19
24
29
34
39
44
49
54
59
64
69
74
79
84
89
94
99
104
109
114
119
124
125
126
127
128
129
130
131
132
133
134
135
136
137
138
139
140
141
142
143
144
145
146
147
148
149
150
155
160
165
170
175
180
185
190
195
200
205
210
215
220
225
230
235
240
245
250
255
260
265
270
151
156
161
166
171
176
181
186
191
196
201
206
211
216
221
226
231
236
241
246
251
256
261
266
271
152
157
162
167
172
177
182
187
192
197
202
207
212
217
222
227
232
237
242
247
252
257
262
267
272
153
158
163
168
173
178
183
188
193
198
203
208
213
218
223
228
233
238
243
248
253
258
263
268
273
154
159
164
169
174
179
184
189
194
199
204
209
214
219
224
229
234
239
244
249
254
259
264
269
274
310
333
356
379
402
425
448
471
494
517
540
563
586
609
632
655
678
700
722
744
765
786
806
825
844
311
334
357
380
403
426
449
472
495
518
541
564
587
610
633
656
679
701
723
745
766
787
807
826
845
289
312
335
358
381
404
427
450
473
496
519
542
565
588
611
634
657
680
702
724
746
767
788
808
827
846
290
313
336
359
382
405
428
451
474
497
520
543
566
589
612
635
658
681
703
725
747
768
789
809
828
847
291
314
337
360
383
406
429
452
475
498
521
544
567
590
613
636
659
682
704
726
748
769
790
810
829
848
292
315
338
361
384
407
430
453
476
499
522
545
568
591
614
637
660
683
705
727
749
770
791
811
830
849
293
316
339
362
385
408
431
454
477
500
523
546
569
592
615
638
661
684
706
728
750
771
792
812
831
850
294
317
340
363
386
409
432
455
478
501
524
547
570
593
616
639
662
685
707
729
751
772
793
813
832
851
295
318
341
364
387
410
433
456
479
502
525
548
571
594
617
640
663
686
708
730
752
773
794
814
833
852
296
319
342
365
388
411
434
457
480
503
526
549
572
595
618
641
664
687
709
731
753
774
795
815
834
853
297
320
343
366
389
412
435
458
481
504
527
550
573
596
619
642
665
688
710
732
754
775
796
816
835
854
298
321
344
367
390
413
436
459
482
505
528
551
574
597
620
643
666
689
711
733
755
776
797
817
836
855
299
322
345
368
391
414
437
460
483
506
529
552
575
598
621
644
667
690
712
734
756
777
798
818
837
856
300
323
346
369
392
415
438
461
484
507
530
553
576
599
622
645
668
691
713
735
757
778
799
819
838
857
301
324
347
370
393
416
439
462
485
508
531
554
577
600
623
646
669
692
714
736
758
779
800
820
839
858
302
325
348
371
394
417
440
463
486
509
532
555
578
601
624
647
670
693
715
737
759
780
801
821
840
859
275
282
303
326
349
372
395
418
441
464
487
510
533
556
579
602
625
648
671
694
716
738
760
781
802
822
841
860
276
283
304
327
350
373
396
419
442
465
488
511
534
557
580
603
626
649
672
695
717
739
761
782
803
823
842
861
277
284
305
328
351
374
397
420
443
466
489
512
535
558
581
604
627
650
673
696
718
740
762
783
804
824
843
278
285
306
329
352
375
398
421
444
467
490
513
536
559
582
605
628
651
674
697
719
741
763
784
805
279
286
307
330
353
376
399
422
445
468
491
514
537
560
583
606
629
652
675
698
720
742
764
785
280
287
308
331
354
377
400
423
446
469
492
515
538
561
584
607
630
653
676
699
721
743
281
288
309
332
355
378
401
424
447
470
493
516
539
562
585
608
631
654
677
0
5
10
15
20
25
30
35
40
45
50
55
60
65
70
75
80
85
90
95
100
105
110
115
120
1
6
11
16
21
26
31
36
41
46
51
56
61
66
71
76
81
86
91
96
101
106
111
116
121
2
7
12
17
22
27
32
37
42
47
52
57
62
67
72
77
82
87
92
97
102
107
112
117
122
3
8
13
18
23
28
33
38
43
48
53
58
63
68
73
78
83
88
93
98
103
108
113
118
123
4
9
14
19
24
29
34
39
44
49
54
59
64
69
74
79
84
89
94
99
104
109
114
119
124
125
126
127
128
129
130
131
132
133
134
135
136
137
138
139
140
141
142
143
144
145
146
147
148
149
150
155
160
165
170
175
180
185
190
195
200
205
210
215
220
225
230
235
240
245
250
255
260
265
270
151
156
161
166
171
176
181
186
191
196
201
206
211
216
221
226
231
236
241
246
251
256
261
266
271
152
157
162
167
172
177
182
187
192
197
202
207
212
217
222
227
232
237
242
247
252
257
262
267
272
153
158
163
168
173
178
183
188
193
198
203
208
213
218
223
228
233
238
243
248
253
258
263
268
273
154
159
164
169
174
179
184
189
194
199
204
209
214
219
224
229
234
239
244
249
254
259
264
269
274
310
333
356
379
402
425
448
471
494
517
540
563
586
609
632
655
678
700
722
744
765
786
806
825
844
311
334
357
380
403
426
449
472
495
518
541
564
587
610
633
656
679
701
723
745
766
787
807
826
845
289
312
335
358
381
404
427
450
473
496
519
542
565
588
611
634
657
680
702
724
746
767
788
808
827
846
290
313
336
359
382
405
428
451
474
497
520
543
566
589
612
635
658
681
703
725
747
768
789
809
828
847
291
314
337
360
383
406
429
452
475
498
521
544
567
590
613
636
659
682
704
726
748
769
790
810
829
848
292
315
338
361
384
407
430
453
476
499
522
545
568
591
614
637
660
683
705
727
749
770
791
811
830
849
293
316
339
362
385
408
431
454
477
500
523
546
569
592
615
638
661
684
706
728
750
771
792
812
831
850
294
317
340
363
386
409
432
455
478
501
524
547
570
593
616
639
662
685
707
729
751
772
793
813
832
851
295
318
341
364
387
410
433
456
479
502
525
548
571
594
617
640
663
686
708
730
752
773
794
814
833
852
296
319
342
365
388
411
434
457
480
503
526
549
572
595
618
641
664
687
709
731
753
774
795
815
834
853
297
320
343
366
389
412
435
458
481
504
527
550
573
596
619
642
665
688
710
732
754
775
796
816
835
854
298
321
344
367
390
413
436
459
482
505
528
551
574
597
620
643
666
689
711
733
755
776
797
817
836
855
299
322
345
368
391
414
437
460
483
506
529
552
575
598
621
644
667
690
712
734
756
777
798
818
837
856
300
323
346
369
392
415
438
461
484
507
530
553
576
599
622
645
668
691
713
735
757
778
799
819
838
857
301
324
347
370
393
416
439
462
485
508
531
554
577
600
623
646
669
692
714
736
758
779
800
820
839
858
302
325
348
371
394
417
440
463
486
509
532
555
578
601
624
647
670
693
715
737
759
780
801
821
840
859
275
282
303
326
349
372
395
418
441
464
487
510
533
556
579
602
625
648
671
694
716
738
760
781
802
822
841
860
276
283
304
327
350
373
396
419
442
465
488
511
534
557
580
603
626
649
672
695
717
739
761
782
803
823
842
861
277
284
305
328
351
374
397
420
443
466
489
512
535
558
581
604
627
650
673
696
718
740
762
783
804
824
843
278
285
306
329
352
375
398
421
444
467
490
513
536
559
582
605
628
651
674
697
719
741
763
784
805
279
286
307
330
353
376
399
422
445
468
491
514
537
560
583
606
629
652
675
698
720
742
764
785
280
287
308
331
354
377
400
423
446
469
492
515
538
561
584
607
630
653
676
699
721
743
281
288
309
332
355
378
401
424
447
470
493
516
539
562
585
608
631
654
677
275
276
277
278
279
280
281
281
288
309
332
355
378
401
424
447
470
493
516
539
562
585
608
0
1
2
3
4
125
150
151
152
153
154
275
289
290
291
292
293
294
295
296
297
298
299
300
301
282
302
310
289
311
120
121
122
123
124
149
270
271
272
273
274
631
654
677
677
699
721
743
743
764
785
785
805
805
824
843
843
844
845
846
847
848
849
850
851
852
853
854
855
856
857
858
859
860
861
861
)
)
