/*--------------------------------*- C++ -*----------------------------------*\
  =========                 |
  \\      /  F ield         | OpenFOAM: The Open Source CFD Toolbox
   \\    /   O peration     | Website:  https://openfoam.org
    \\  /    A nd           | Version:  10
     \\/     M anipulation  |
\*---------------------------------------------------------------------------*/
FoamFile
{
    format      ascii;
    class       volScalarField;
    location    "0.02499901733";
    object      C3H7;
}
// * * * * * * * * * * * * * * * * * * * * * * * * * * * * * * * * * * * * * //

dimensions      [0 0 0 0 0 0 0];

internalField   nonuniform List<scalar> 
5170
(
0
0
0
0
0
0
0
0
0
0
0
0
0
0
0
0
0
0
0
0
0
0
0
0
0
0
0
0
0
0
0
0
0
0
0
0
0
0
0
0
0
0
0
0
0
0
0
0
0
0
0
0
0
0
0
0
0
0
0
0
0
0
0
0
0
0
0
0
0
0
0
0
0
0
0
0
0
0
0
0
0
0
0
0
0
0
0
0
0
0
0
0
0
0
0
0
0
0
7.79781933e-13
4.488169341e-12
0
0
0
1.70434596e-37
3.104413071e-36
0
0
3.193046077e-38
0
0
0
0
0
0
0
0
0
0
0
0
0
0
0
0
0
0
0
0
0
0
0
0
0
0
0
0
0
0
0
0
0
0
0
0
0
0
0
0
0
0
0
0
0
0
0
0
0
0
0
0
0
0
0
0
0
0
0
0
0
0
0
0
0
0
0
0
0
0
0
0
0
0
0
0
0
0
0
0
0
0
2.301829458e-14
0
0
0
0
9.328989387e-12
1.596619729e-12
2.012449427e-13
3.507400282e-16
3.745807687e-18
0
6.637647806e-13
1.231923419e-11
1.865657628e-10
2.763911605e-09
3.230868435e-13
3.433348795e-12
4.455810852e-11
4.63077637e-10
4.318902694e-09
1.344456473e-12
9.535259126e-12
9.534894009e-11
7.685365313e-10
5.144351311e-09
3.542468487e-12
2.023816123e-11
1.591246697e-10
1.084448426e-09
5.684005155e-09
7.809286328e-12
3.886897834e-11
2.618498951e-10
1.43317486e-09
6.239055442e-09
1.553907057e-11
6.939724769e-11
3.901389088e-10
1.879739571e-09
7.204199931e-09
2.919887056e-11
1.194304001e-10
5.769045163e-10
2.497322915e-09
8.672504183e-09
5.272418684e-11
1.959546469e-10
8.483970839e-10
3.326848174e-09
1.045383529e-08
9.233710409e-11
3.129471473e-10
1.225732216e-09
4.316756262e-09
1.209805447e-08
1.566708997e-10
4.730341788e-10
1.733070158e-09
5.484770453e-09
1.367017906e-08
2.68078899e-10
7.304130601e-10
2.406117366e-09
6.848375571e-09
1.51793909e-08
4.318030414e-10
1.107820798e-09
3.260526475e-09
8.363602832e-09
1.635045911e-08
7.005276908e-10
1.631985333e-09
4.287282793e-09
9.899758622e-09
1.679810719e-08
1.16128281e-09
2.359763239e-09
5.523602617e-09
1.143457641e-08
1.651169381e-08
1.915300918e-09
3.396466243e-09
7.012702094e-09
1.285822401e-08
1.528559042e-08
2.994638097e-09
4.754606284e-09
8.729850441e-09
1.36904289e-08
1.329116364e-08
4.888984736e-09
6.911163981e-09
1.108164248e-08
1.473660754e-08
1.131064628e-08
7.919294093e-09
1.006371521e-08
1.386752952e-08
1.422037615e-08
9.322431136e-09
1.159654975e-08
1.304827633e-08
1.42348237e-08
1.150355626e-08
7.314568728e-09
1.310258579e-08
1.28834834e-08
1.120972191e-08
8.092131432e-09
5.479501896e-09
9.489052879e-09
8.790493127e-09
7.360605599e-09
5.74536927e-09
4.483110856e-09
6.161751581e-09
5.894888582e-09
5.394913422e-09
4.854682546e-09
4.441833908e-09
5.150610275e-09
5.110293774e-09
5.05136785e-09
5.025778668e-09
5.087712692e-09
4.902490957e-09
4.915909106e-09
4.945288621e-09
4.990209378e-09
5.041739042e-09
3.454473597e-09
3.434248538e-09
3.383999047e-09
3.297594147e-09
3.174790895e-09
1.701423926e-09
1.680889405e-09
1.632649212e-09
1.556833973e-09
1.456975482e-09
7.288119034e-10
7.185839705e-10
6.947011205e-10
6.581011267e-10
6.110122246e-10
2.957552731e-10
2.913817195e-10
2.812316574e-10
2.661209476e-10
2.473288223e-10
1.186678638e-10
1.171347145e-10
1.139022936e-10
1.085153182e-10
1.019141199e-10
4.741994346e-11
4.676902711e-11
4.548768577e-11
4.380371338e-11
4.129429377e-11
1.875087768e-11
1.873782434e-11
1.877920515e-11
1.820158232e-11
1.735813021e-11
8.412663459e-12
8.347452293e-12
8.191364243e-12
7.941174217e-12
7.618197974e-12
3.921150566e-12
3.895194662e-12
3.835956369e-12
3.748681164e-12
3.645207194e-12
2.042065373e-12
2.033768065e-12
2.013866475e-12
1.982382703e-12
1.935596435e-12
1.232019119e-12
1.229387558e-12
1.222949462e-12
1.213080962e-12
1.200386415e-12
8.075909563e-13
8.082408668e-13
8.090454084e-13
8.087185498e-13
8.135262727e-13
5.551508679e-13
5.563765212e-13
5.587632248e-13
5.621175222e-13
5.665361036e-13
3.456891548e-13
3.469395381e-13
3.494520544e-13
3.530671907e-13
3.577752803e-13
1.963846847e-13
1.972036065e-13
1.98823669e-13
2.011228253e-13
2.040846767e-13
9.165185361e-14
9.20582537e-14
9.276581009e-14
9.367125386e-14
9.477309592e-14
2.751662191e-14
2.758808517e-14
2.77398797e-14
2.793051665e-14
2.834797381e-14
5.825673483e-16
6.60205821e-16
8.41715829e-16
1.165316698e-15
1.698882907e-15
0
0
0
0
0
0
0
0
0
0
0
0
0
0
0
0
0
0
0
0
0
0
0
0
0
0
0
0
0
0
0
0
0
0
0
0
0
0
0
0
0
0
0
0
0
0
0
0
0
0
0
0
0
0
0
0
0
0
0
0
0
0
0
0
0
0
0
0
0
0
0
0
0
0
0
0
0
0
0
0
0
0
0
0
0
1.726260022e-17
1.750738459e-17
1.820961897e-17
1.937203797e-17
2.099684037e-17
4.20062757e-17
4.240149129e-17
4.322636493e-17
4.439172084e-17
4.580274042e-17
7.470844404e-17
7.469280101e-17
7.461321194e-17
7.438542684e-17
7.388704103e-17
9.566706633e-17
9.453958389e-17
9.206094523e-17
8.824524142e-17
8.291357468e-17
0
0
0
0
0
2.646986123e-17
2.495211782e-17
2.261309149e-17
2.038197005e-17
1.826043742e-17
1.603541792e-16
1.614732296e-16
1.663927605e-16
1.784578784e-16
1.937603338e-16
4.691533602e-16
4.668159016e-16
4.620003577e-16
4.551016292e-16
4.46216611e-16
5.267226786e-16
5.240416181e-16
5.183207252e-16
5.099562078e-16
4.992857595e-16
4.833751192e-16
4.824294876e-16
4.803775189e-16
4.773525213e-16
4.734973408e-16
5.008066652e-16
5.009153183e-16
5.010780825e-16
5.01064027e-16
5.00315124e-16
9.927454596e-09
1.324384094e-08
1.353982353e-08
1.27360085e-08
1.216202562e-08
1.268971165e-08
1.377378219e-08
1.470427756e-08
1.487572805e-08
1.477505716e-08
1.46507719e-08
1.42969081e-08
1.35398268e-08
1.255085607e-08
1.119952058e-08
9.623381819e-09
8.213309713e-09
6.871455783e-09
5.65892263e-09
4.497360043e-09
3.97922792e-09
4.304226005e-09
5.202741213e-09
5.06028419e-09
3.073401976e-09
1.385139759e-09
5.786374749e-10
2.348294981e-10
9.770035125e-11
3.954900032e-11
1.6749933e-11
7.397783977e-12
3.565038877e-12
1.920252565e-12
1.19426741e-12
8.217560412e-13
5.708357188e-13
3.622660693e-13
2.067688592e-13
9.595076218e-14
2.890765138e-14
2.283521359e-15
1.538158845e-17
0
0
0
0
0
0
0
0
0
0
0
0
0
0
0
0
2.222234702e-17
4.686101166e-17
7.328807708e-17
7.79345484e-17
0
1.401626009e-17
2.02303931e-16
4.385723403e-16
4.908083259e-16
4.70562238e-16
4.986951121e-16
2.765436053e-09
2.526320247e-10
8.883168596e-12
2.544379803e-13
1.755392669e-14
5.183171397e-09
2.165424325e-08
1.244183174e-09
3.857216876e-11
1.289467772e-12
6.04301924e-09
1.045192378e-08
1.02472322e-09
5.481040112e-11
7.1749958e-12
6.101991424e-09
5.218807041e-09
8.253342844e-10
6.957281719e-11
6.06814342e-12
6.388599482e-09
4.658014839e-09
1.260285882e-08
1.240272039e-09
8.790904015e-11
7.058931259e-09
5.780972571e-09
2.423998107e-08
3.002223049e-09
2.723587259e-10
7.85172365e-09
6.199529306e-09
2.336017005e-08
3.453558177e-09
3.924007957e-10
8.175335855e-09
5.472935609e-09
1.565153568e-08
2.685243435e-09
3.644406726e-10
7.910783653e-09
4.552762975e-09
1.000763299e-08
3.532617834e-09
5.275364011e-10
7.51945695e-09
4.102588688e-09
8.088835162e-09
8.378173842e-09
1.341088106e-09
7.135871149e-09
3.991539582e-09
7.683546691e-09
1.350607796e-08
2.389286533e-09
6.928939196e-09
3.910025325e-09
7.364877213e-09
1.64276763e-08
3.173366547e-09
6.624704283e-09
3.900520457e-09
6.606068649e-09
1.589559368e-08
3.439697468e-09
6.107849589e-09
3.752112957e-09
5.933527169e-09
1.432715796e-08
4.42908693e-09
5.528185942e-09
3.419829952e-09
5.485457182e-09
1.313936107e-08
6.347571052e-09
4.933489045e-09
3.138930858e-09
5.240391052e-09
1.230112796e-08
8.540232596e-09
4.46544342e-09
3.117022532e-09
5.301362215e-09
1.234761981e-08
9.517089785e-09
4.045669112e-09
3.38213752e-09
6.196890915e-09
1.424300853e-08
7.457498439e-09
3.853338482e-09
4.195567181e-09
9.249135896e-09
2.310807373e-08
6.246697651e-09
3.424011622e-09
3.625764696e-09
6.0265747e-09
1.211582317e-08
2.109772032e-08
3.388381243e-09
3.509328498e-09
4.720057483e-09
7.384735303e-09
1.177464337e-08
4.1347099e-09
4.620364588e-09
6.124674634e-09
9.039672371e-09
1.291700346e-08
5.360148273e-09
6.048958729e-09
7.025576883e-09
7.554460549e-09
6.780437243e-09
5.118176726e-09
5.028920801e-09
4.600745444e-09
3.805127168e-09
2.811268524e-09
2.976206489e-09
2.65133538e-09
2.18483081e-09
1.661641723e-09
1.171707177e-09
1.311043509e-09
1.126626931e-09
9.029760925e-10
6.790691235e-10
4.834238704e-10
5.453401153e-10
4.681253502e-10
3.784088345e-10
2.901953167e-10
2.149232771e-10
2.221551373e-10
1.939749774e-10
1.582358085e-10
1.224067829e-10
9.422796501e-11
9.365438077e-11
8.460070193e-11
7.0177366e-11
5.487373988e-11
4.172371316e-11
3.790168486e-11
3.357333902e-11
2.925022209e-11
2.432774391e-11
1.925337835e-11
1.619696178e-11
1.477731544e-11
1.315966061e-11
1.120112185e-11
9.08799478e-12
7.207305101e-12
6.632271385e-12
5.935843629e-12
5.325831112e-12
4.547875837e-12
3.499859192e-12
3.296526914e-12
3.040081565e-12
2.714096862e-12
2.409418665e-12
1.921303928e-12
1.852047591e-12
1.75146349e-12
1.647640593e-12
1.568771981e-12
1.194803884e-12
1.181655135e-12
1.16055101e-12
1.154396111e-12
1.13091809e-12
8.406772606e-13
8.529400441e-13
8.560997275e-13
8.564123856e-13
8.535076614e-13
5.809009887e-13
5.927518624e-13
6.024038249e-13
6.13175743e-13
6.160236428e-13
3.722630342e-13
3.859155104e-13
3.932589996e-13
3.974532004e-13
3.991016539e-13
2.132447786e-13
2.201761375e-13
2.238531792e-13
2.258130669e-13
2.265353153e-13
9.935442294e-14
1.028412077e-13
1.049703199e-13
1.065038619e-13
1.084822351e-13
3.06724481e-14
3.299796073e-14
3.504626458e-14
3.730395081e-14
3.720057561e-14
3.414782146e-15
5.966466838e-15
6.76921331e-15
6.423749796e-15
5.151827644e-15
6.519674263e-17
1.272727348e-16
1.004538982e-16
0
0
0
0
0
0
0
0
0
0
0
0
0
0
0
0
0
0
0
0
0
0
0
0
0
0
0
0
0
0
0
0
0
0
0
0
0
0
0
0
0
0
0
0
0
0
0
0
0
0
0
0
0
0
0
0
0
0
0
0
0
0
0
0
0
0
0
0
0
0
0
0
0
0
0
0
0
0
0
2.049313677e-18
9.595351635e-18
1.266626018e-17
2.380981577e-17
2.58316642e-17
2.606609679e-17
2.33342915e-17
1.94262395e-17
4.860231244e-17
5.056005068e-17
5.121028614e-17
5.008035692e-17
4.682405723e-17
7.228604672e-17
6.914702223e-17
6.367710427e-17
5.459800033e-17
3.671788728e-17
6.928007329e-17
4.412049381e-17
0
0
0
0
0
0
0
0
0
0
0
0
1.178390031e-17
2.072644076e-16
2.086272298e-16
2.129108169e-16
2.220123917e-16
2.169288339e-16
4.249572117e-16
4.025894428e-16
3.796007088e-16
3.56173265e-16
3.330948179e-16
4.774505317e-16
4.552697914e-16
4.329428252e-16
4.112670887e-16
3.907105517e-16
4.664544883e-16
4.588278091e-16
4.505843109e-16
4.396595591e-16
4.272267837e-16
4.959599868e-16
4.94224475e-16
4.92306184e-16
4.881053367e-16
4.829021453e-16
3.512939364e-14
4.153755297e-13
1.092659608e-13
5.819475616e-14
4.968292033e-14
4.773166141e-14
4.724827106e-14
4.716325773e-14
4.717324114e-14
4.719296955e-14
4.720497942e-14
4.720671984e-14
4.720135655e-14
4.719076943e-14
4.717928035e-14
4.718872192e-14
4.718483216e-14
4.717044306e-14
4.71773257e-14
4.718199729e-14
4.71823102e-14
4.71807942e-14
4.717873852e-14
4.717661636e-14
4.717462536e-14
4.717280953e-14
4.717114496e-14
4.716965138e-14
4.716828896e-14
4.716701297e-14
4.71658387e-14
4.716473846e-14
4.716371304e-14
4.716277197e-14
4.716192962e-14
4.716117638e-14
4.716051405e-14
4.715995992e-14
4.715947345e-14
4.715905092e-14
4.715864736e-14
4.7158275e-14
4.715794955e-14
4.715764495e-14
4.715740099e-14
4.715731861e-14
4.71573057e-14
4.715736642e-14
4.715744085e-14
4.715757394e-14
4.715772031e-14
4.715789875e-14
4.715809575e-14
4.715831226e-14
4.715799254e-14
4.715194095e-14
4.710471021e-14
4.685839746e-14
4.592133341e-14
4.473566158e-14
1.338757313e-12
3.651915502e-12
3.583941946e-13
1.189919637e-13
9.66916457e-14
9.256770686e-14
9.142722688e-14
9.104275478e-14
9.091855897e-14
9.087827457e-14
9.086766778e-14
9.086056417e-14
9.08487339e-14
9.082250937e-14
9.077932348e-14
9.074222263e-14
9.073392393e-14
9.076074967e-14
9.080009323e-14
9.082126033e-14
9.082821068e-14
9.082887901e-14
9.08275519e-14
9.082608715e-14
9.082521899e-14
9.082462463e-14
9.082409273e-14
9.082406255e-14
9.082408818e-14
9.082437607e-14
9.082486771e-14
9.08252212e-14
9.082586319e-14
9.082662382e-14
9.082757053e-14
9.082857629e-14
9.083002834e-14
9.08317748e-14
9.083341395e-14
9.083514434e-14
9.083692395e-14
9.083847657e-14
9.084025911e-14
9.084249618e-14
9.084423168e-14
9.084643885e-14
9.084786542e-14
9.084987921e-14
9.085163413e-14
9.085394051e-14
9.085593438e-14
9.085776182e-14
9.085965017e-14
9.086186274e-14
9.086329199e-14
9.086261866e-14
9.085554029e-14
9.085626967e-14
9.106709516e-14
9.150013829e-14
1.177883714e-11
0
3.990589006e-13
1.703779936e-13
1.292529145e-13
1.199388128e-13
1.16920595e-13
1.156775184e-13
1.151159426e-13
1.148642871e-13
1.147592778e-13
1.147174641e-13
1.146937014e-13
1.146575398e-13
1.145895822e-13
1.144996219e-13
1.144888526e-13
1.145771577e-13
1.146537475e-13
1.146933379e-13
1.147080536e-13
1.147121476e-13
1.147129304e-13
1.147131965e-13
1.147137976e-13
1.14714785e-13
1.147159999e-13
1.147176429e-13
1.147195146e-13
1.147217102e-13
1.147241838e-13
1.147268501e-13
1.147298682e-13
1.147330162e-13
1.14736454e-13
1.147400669e-13
1.147438979e-13
1.147478595e-13
1.147517598e-13
1.147557379e-13
1.147597952e-13
1.147638852e-13
1.147681294e-13
1.147726733e-13
1.147768485e-13
1.147813404e-13
1.14785224e-13
1.147895749e-13
1.147935675e-13
1.147978939e-13
1.148021064e-13
1.14806413e-13
1.14810295e-13
1.14814846e-13
1.148193627e-13
1.148280439e-13
1.148576687e-13
1.14990453e-13
1.154658181e-13
1.160229619e-13
3.897265877e-11
1.370011028e-11
3.976411429e-12
6.136798772e-13
2.184990204e-13
1.532017871e-13
1.357825269e-13
1.293168575e-13
1.265404892e-13
1.25331117e-13
1.248268096e-13
1.246350499e-13
1.245657194e-13
1.245213237e-13
1.244504567e-13
1.243450943e-13
1.243516624e-13
1.244963312e-13
1.246103171e-13
1.24673049e-13
1.247022845e-13
1.247168321e-13
1.247262215e-13
1.247340544e-13
1.247414776e-13
1.247487231e-13
1.247558151e-13
1.24762864e-13
1.24769835e-13
1.247767763e-13
1.247836716e-13
1.24790525e-13
1.247974418e-13
1.248043405e-13
1.24811217e-13
1.248181082e-13
1.248249665e-13
1.248317117e-13
1.248382556e-13
1.248447092e-13
1.24851081e-13
1.248573429e-13
1.248635462e-13
1.248697737e-13
1.24875812e-13
1.248818811e-13
1.248875954e-13
1.248933857e-13
1.248988519e-13
1.24904447e-13
1.249098546e-13
1.249153308e-13
1.249204036e-13
1.249260443e-13
1.249323568e-13
1.249451103e-13
1.249819117e-13
1.251062042e-13
1.254318948e-13
1.257526174e-13
1.796763527e-11
6.067150023e-11
1.113524283e-11
3.947141427e-12
7.318008493e-13
2.689392326e-13
1.74537755e-13
1.458792036e-13
1.350220025e-13
1.306057645e-13
1.288259778e-13
1.281511251e-13
1.279176049e-13
1.278292161e-13
1.277573213e-13
1.276630237e-13
1.277018654e-13
1.27892295e-13
1.280399498e-13
1.281259466e-13
1.281712033e-13
1.281976726e-13
1.282167602e-13
1.282328943e-13
1.28247594e-13
1.28261326e-13
1.282742774e-13
1.282865919e-13
1.282983414e-13
1.283096026e-13
1.283204122e-13
1.283308159e-13
1.283408914e-13
1.283506516e-13
1.283601011e-13
1.283692878e-13
1.283781972e-13
1.283868038e-13
1.283950901e-13
1.284031218e-13
1.284109131e-13
1.284184455e-13
1.28425747e-13
1.284328694e-13
1.2843976e-13
1.284464957e-13
1.284529793e-13
1.28459322e-13
1.284653872e-13
1.284713781e-13
1.284771555e-13
1.284828821e-13
1.284883413e-13
1.284942132e-13
1.285011922e-13
1.285141503e-13
1.285455941e-13
1.286289008e-13
1.287998046e-13
1.289467741e-13
2.355175344e-11
1.300956565e-10
5.782473334e-11
2.017894324e-11
2.836044905e-12
5.813667362e-13
2.516222167e-13
1.720585571e-13
1.453045161e-13
1.350103621e-13
1.309743293e-13
1.294570575e-13
1.289259464e-13
1.287415728e-13
1.286468986e-13
1.28559985e-13
1.286272961e-13
1.288510001e-13
1.290283181e-13
1.291375158e-13
1.29198989e-13
1.292368381e-13
1.292644185e-13
1.292872767e-13
1.293075188e-13
1.293259565e-13
1.293429848e-13
1.293588552e-13
1.293737281e-13
1.293877365e-13
1.294009736e-13
1.294135225e-13
1.294254643e-13
1.294368566e-13
1.294477369e-13
1.294581546e-13
1.294681317e-13
1.294776871e-13
1.294868405e-13
1.294956369e-13
1.295040988e-13
1.295122273e-13
1.295200445e-13
1.29527571e-13
1.295347952e-13
1.295417662e-13
1.295484873e-13
1.295549993e-13
1.295612584e-13
1.29567327e-13
1.295731657e-13
1.295788778e-13
1.295844408e-13
1.295903864e-13
1.295977595e-13
1.296104879e-13
1.296371247e-13
1.296933989e-13
1.297848796e-13
1.298522144e-13
2.705357154e-11
4.249286735e-11
1.843537602e-10
3.714074066e-11
1.031387444e-11
1.639200367e-12
4.518089224e-13
2.284841886e-13
1.646499462e-13
1.419663016e-13
1.334691996e-13
1.303616604e-13
1.292892154e-13
1.289304706e-13
1.287860408e-13
1.28695218e-13
1.287794111e-13
1.290247335e-13
1.292272113e-13
1.293600873e-13
1.294395669e-13
1.294900153e-13
1.295264836e-13
1.295558815e-13
1.295811338e-13
1.296035654e-13
1.296238688e-13
1.296424697e-13
1.296596572e-13
1.296756418e-13
1.296905798e-13
1.297045998e-13
1.297178097e-13
1.297302949e-13
1.297421212e-13
1.297533501e-13
1.297640273e-13
1.297741944e-13
1.297838902e-13
1.297931553e-13
1.298020207e-13
1.298105049e-13
1.298186346e-13
1.298264309e-13
1.298339001e-13
1.298410643e-13
1.298479375e-13
1.298545567e-13
1.298609311e-13
1.298670808e-13
1.298730036e-13
1.298787724e-13
1.29884482e-13
1.298906801e-13
1.298986672e-13
1.299120383e-13
1.299372496e-13
1.299820704e-13
1.300424766e-13
1.300792886e-13
2.98163947e-11
2.433416288e-11
2.716238185e-10
1.28364652e-10
4.447195635e-11
7.837244341e-12
1.219442161e-12
3.794793396e-13
2.059496551e-13
1.549368435e-13
1.375882373e-13
1.315882784e-13
1.295938058e-13
1.289554614e-13
1.287327199e-13
1.286273479e-13
1.287192076e-13
1.289768229e-13
1.29197806e-13
1.293522079e-13
1.294502765e-13
1.295147501e-13
1.295614467e-13
1.295983484e-13
1.296292117e-13
1.296559463e-13
1.296796466e-13
1.297009964e-13
1.297204559e-13
1.297383456e-13
1.297549014e-13
1.297703072e-13
1.297847081e-13
1.29798222e-13
1.298109422e-13
1.298229493e-13
1.298343094e-13
1.298450803e-13
1.298553123e-13
1.2986505e-13
1.298743315e-13
1.298831856e-13
1.298916438e-13
1.298997356e-13
1.299074838e-13
1.299149042e-13
1.299220017e-13
1.299287978e-13
1.299353157e-13
1.299415855e-13
1.299476395e-13
1.299535655e-13
1.299595419e-13
1.299662166e-13
1.299751384e-13
1.29989897e-13
1.30015785e-13
1.300569662e-13
1.301060985e-13
1.301305809e-13
4.908493116e-11
1.172058618e-11
9.870866776e-11
3.478574315e-10
7.494591061e-11
2.500348343e-11
3.338861815e-12
6.949337817e-13
2.793156619e-13
1.758622632e-13
1.437769963e-13
1.333040602e-13
1.299771072e-13
1.289627481e-13
1.286417214e-13
1.285164794e-13
1.286109271e-13
1.288765276e-13
1.29110961e-13
1.292827363e-13
1.293975987e-13
1.294761003e-13
1.295339202e-13
1.295794596e-13
1.29616943e-13
1.296487469e-13
1.296763824e-13
1.297008578e-13
1.297228572e-13
1.29742852e-13
1.297611807e-13
1.29778096e-13
1.297937931e-13
1.298084273e-13
1.298221229e-13
1.29834984e-13
1.298470955e-13
1.298585308e-13
1.298693511e-13
1.298796095e-13
1.298893526e-13
1.298986199e-13
1.299074478e-13
1.299158701e-13
1.299239164e-13
1.299316118e-13
1.299389717e-13
1.299460153e-13
1.299527592e-13
1.299592332e-13
1.299654881e-13
1.299716542e-13
1.299779969e-13
1.299853072e-13
1.29995375e-13
1.30011795e-13
1.300390055e-13
1.300791891e-13
1.301235115e-13
1.301412086e-13
1.406717481e-10
1.445546725e-11
5.279496882e-11
4.648661497e-10
2.105759712e-10
3.315587822e-11
9.602621189e-12
1.526030108e-12
4.25761069e-13
2.095469064e-13
1.523019958e-13
1.353953232e-13
1.303970629e-13
1.289634906e-13
1.285433556e-13
1.283991579e-13
1.284945977e-13
1.287666573e-13
1.290118541e-13
1.291978975e-13
1.293273185e-13
1.29418882e-13
1.294879012e-13
1.295427666e-13
1.295877615e-13
1.296254573e-13
1.296576764e-13
1.296857536e-13
1.297106407e-13
1.297330017e-13
1.297533054e-13
1.297718926e-13
1.297890209e-13
1.298048907e-13
1.298196614e-13
1.298334636e-13
1.29846403e-13
1.298585699e-13
1.298700392e-13
1.298808763e-13
1.298911374e-13
1.299008702e-13
1.299101174e-13
1.299189174e-13
1.299273028e-13
1.299353043e-13
1.299429458e-13
1.299502537e-13
1.299572502e-13
1.299639688e-13
1.2997047e-13
1.299769251e-13
1.299836938e-13
1.299917374e-13
1.300030528e-13
1.300211148e-13
1.300496068e-13
1.300893461e-13
1.301307341e-13
1.301431157e-13
2.87492851e-10
2.714391985e-11
2.437830876e-11
2.165790665e-10
4.895216292e-10
9.364665207e-11
2.742115037e-11
3.74490764e-12
7.129630503e-13
2.605888077e-13
1.627528738e-13
1.37491544e-13
1.307219462e-13
1.289261708e-13
1.284351934e-13
1.282800177e-13
1.283773415e-13
1.286556704e-13
1.289102809e-13
1.291086286e-13
1.292508638e-13
1.293543888e-13
1.294342703e-13
1.29498788e-13
1.295520171e-13
1.295964246e-13
1.296339473e-13
1.296661808e-13
1.296943599e-13
1.297193809e-13
1.297418792e-13
1.297623088e-13
1.297810034e-13
1.297982178e-13
1.298141515e-13
1.298289652e-13
1.298427897e-13
1.298557347e-13
1.298678916e-13
1.298793391e-13
1.298901446e-13
1.299003649e-13
1.299100496e-13
1.299192429e-13
1.299279818e-13
1.299363023e-13
1.299442327e-13
1.299518052e-13
1.299590512e-13
1.299660184e-13
1.29972787e-13
1.299795749e-13
1.299868397e-13
1.299957041e-13
1.300083025e-13
1.300278851e-13
1.300574279e-13
1.300966782e-13
1.301356871e-13
1.301432182e-13
4.282388567e-10
4.489018151e-11
1.585749501e-11
1.402952994e-10
8.348514301e-10
2.216443579e-10
3.98150196e-11
8.391202162e-12
1.260997435e-12
3.267959326e-13
1.71507823e-13
1.384939171e-13
1.307242682e-13
1.28824902e-13
1.28322843e-13
1.281657351e-13
1.282647998e-13
1.285480593e-13
1.288100716e-13
1.290185384e-13
1.291717787e-13
1.292859844e-13
1.293760173e-13
1.294500797e-13
1.295119481e-13
1.295637528e-13
1.296073013e-13
1.296443031e-13
1.296762355e-13
1.297042464e-13
1.297291748e-13
1.297516187e-13
1.297720099e-13
1.2979067e-13
1.298078457e-13
1.298237334e-13
1.298384924e-13
1.298522549e-13
1.298651313e-13
1.298772147e-13
1.298885844e-13
1.298993069e-13
1.299094396e-13
1.299190335e-13
1.299281317e-13
1.299367769e-13
1.299450017e-13
1.299528438e-13
1.299603421e-13
1.299675597e-13
1.299746085e-13
1.299817654e-13
1.299895989e-13
1.299993662e-13
1.300132362e-13
1.300341865e-13
1.300645361e-13
1.301031522e-13
1.301399721e-13
1.301425182e-13
5.175055535e-10
6.168300884e-11
1.667745239e-11
1.11072301e-10
7.996624793e-10
4.393682251e-10
6.863453373e-11
1.532720656e-11
2.040508713e-12
3.97144421e-13
1.751347071e-13
1.378596529e-13
1.303939161e-13
1.286908739e-13
1.282254772e-13
1.280685793e-13
1.281672554e-13
1.284522065e-13
1.287177676e-13
1.289326777e-13
1.290940571e-13
1.292168647e-13
1.293156168e-13
1.293984013e-13
1.29468693e-13
1.295281613e-13
1.295782543e-13
1.296205796e-13
1.296567338e-13
1.296880849e-13
1.297156895e-13
1.297403191e-13
1.297625289e-13
1.29782725e-13
1.298012128e-13
1.298182306e-13
1.298339694e-13
1.29848586e-13
1.298622102e-13
1.298749512e-13
1.298869008e-13
1.298981365e-13
1.299087247e-13
1.299187244e-13
1.299281864e-13
1.299371592e-13
1.299456807e-13
1.299537947e-13
1.299615487e-13
1.299690272e-13
1.299763802e-13
1.299839459e-13
1.29992406e-13
1.300031263e-13
1.300182296e-13
1.300403885e-13
1.300713114e-13
1.301091492e-13
1.301438385e-13
1.30140741e-13
7.220607567e-10
9.56943587e-11
1.996606643e-11
8.580336957e-11
7.028125049e-10
8.564963288e-10
1.400577976e-10
3.244340593e-11
3.237344526e-12
4.802378628e-13
1.759160883e-13
1.365368427e-13
1.299885937e-13
1.285708467e-13
1.281507952e-13
1.279953147e-13
1.280938915e-13
1.283779475e-13
1.286424963e-13
1.288588378e-13
1.290240737e-13
1.291522193e-13
1.292571784e-13
1.293468253e-13
1.294243515e-13
1.294909478e-13
1.295475539e-13
1.29595449e-13
1.296361532e-13
1.296711412e-13
1.297016492e-13
1.297286244e-13
1.297527618e-13
1.297745683e-13
1.297944205e-13
1.298126068e-13
1.298293548e-13
1.29844848e-13
1.298592371e-13
1.298726481e-13
1.298851863e-13
1.298969415e-13
1.299079898e-13
1.299183989e-13
1.299282271e-13
1.299375278e-13
1.299463461e-13
1.299547331e-13
1.29962748e-13
1.299705028e-13
1.29978191e-13
1.299862119e-13
1.299953504e-13
1.300070461e-13
1.300233315e-13
1.300465488e-13
1.300778384e-13
1.301147839e-13
1.30147332e-13
1.301378658e-13
1.124388059e-09
1.660705251e-10
3.24730033e-11
9.781032352e-11
9.104594762e-10
1.394491662e-09
2.431486525e-10
5.947924392e-11
5.583159402e-12
6.13873977e-13
1.770130065e-13
1.356192712e-13
1.29879523e-13
1.285907168e-13
1.281497454e-13
1.279720269e-13
1.280616515e-13
1.283377452e-13
1.2859431e-13
1.288056114e-13
1.289693327e-13
1.290984634e-13
1.292060836e-13
1.292996975e-13
1.293822125e-13
1.294543985e-13
1.295166582e-13
1.295697874e-13
1.296150174e-13
1.296537506e-13
1.296872955e-13
1.297167289e-13
1.297428753e-13
1.297663466e-13
1.297875986e-13
1.298069761e-13
1.298247476e-13
1.298411263e-13
1.298562852e-13
1.298703682e-13
1.298834955e-13
1.298957695e-13
1.299072771e-13
1.299180943e-13
1.299282863e-13
1.299379124e-13
1.299470261e-13
1.299556879e-13
1.299639731e-13
1.299720252e-13
1.299800862e-13
1.299886165e-13
1.299984838e-13
1.300111571e-13
1.300285575e-13
1.300526899e-13
1.300841705e-13
1.301201481e-13
1.301505971e-13
1.301349473e-13
1.647528175e-09
2.697903959e-10
6.221660406e-11
1.887515102e-10
1.675858073e-09
1.63862892e-09
2.988875553e-10
6.633863644e-11
7.886091369e-12
7.922299942e-13
1.837159089e-13
1.363643194e-13
1.303022913e-13
1.288017058e-13
1.282412148e-13
1.280098425e-13
1.280795183e-13
1.28338548e-13
1.285797376e-13
1.287794202e-13
1.289358833e-13
1.29061165e-13
1.291673762e-13
1.292614506e-13
1.293459751e-13
1.294213858e-13
1.294876233e-13
1.295449608e-13
1.295941909e-13
1.296364562e-13
1.296729831e-13
1.297048814e-13
1.297330576e-13
1.297582116e-13
1.297808735e-13
1.298014452e-13
1.298202378e-13
1.298374961e-13
1.298534175e-13
1.298681649e-13
1.298818737e-13
1.298946589e-13
1.299066182e-13
1.299178359e-13
1.299283842e-13
1.299383296e-13
1.299477352e-13
1.299566736e-13
1.299652398e-13
1.299736115e-13
1.299820797e-13
1.299911656e-13
1.300017975e-13
1.300154384e-13
1.300338751e-13
1.300587766e-13
1.300902871e-13
1.301252417e-13
1.301536894e-13
1.301324367e-13
1.948376881e-09
3.560457503e-10
2.006735716e-10
1.104946916e-09
6.068557611e-09
1.503160706e-09
2.688348752e-10
5.757238338e-11
9.058722885e-12
9.427987773e-13
1.953751676e-13
1.38014082e-13
1.307354976e-13
1.289636693e-13
1.283250274e-13
1.280692017e-13
1.281324775e-13
1.283754435e-13
1.285977999e-13
1.287810183e-13
1.289254133e-13
1.290426181e-13
1.291436848e-13
1.292348103e-13
1.293182251e-13
1.293941369e-13
1.294621828e-13
1.295221982e-13
1.295744703e-13
1.296197335e-13
1.296589756e-13
1.296932175e-13
1.297233705e-13
1.297501814e-13
1.297742358e-13
1.297959864e-13
1.298157847e-13
1.298339078e-13
1.298505778e-13
1.298659769e-13
1.298802556e-13
1.298935415e-13
1.299059423e-13
1.299175509e-13
1.299284476e-13
1.299387069e-13
1.299484023e-13
1.299576209e-13
1.299664821e-13
1.299752e-13
1.299841134e-13
1.299938003e-13
1.300052324e-13
1.300198419e-13
1.300392556e-13
1.300648129e-13
1.300962382e-13
1.301301508e-13
1.301567157e-13
1.301304507e-13
1.553812739e-09
3.404736666e-10
5.188031241e-10
3.330107388e-09
4.61088199e-09
8.803531785e-10
1.599193849e-10
3.454185673e-11
9.082348156e-12
1.564411993e-12
3.022902439e-13
1.539681842e-13
1.338233961e-13
1.298283905e-13
1.286634393e-13
1.282451548e-13
1.282522397e-13
1.284555886e-13
1.28647005e-13
1.288067956e-13
1.289345925e-13
1.290402574e-13
1.291330251e-13
1.292179679e-13
1.292968753e-13
1.293699668e-13
1.294371279e-13
1.294982378e-13
1.295527007e-13
1.296005216e-13
1.296422857e-13
1.296788247e-13
1.29710983e-13
1.297395088e-13
1.2976502e-13
1.297880097e-13
1.298088676e-13
1.298279027e-13
1.298453624e-13
1.298614489e-13
1.298763284e-13
1.298901416e-13
1.299030069e-13
1.299150267e-13
1.299262907e-13
1.299368835e-13
1.299468901e-13
1.299564168e-13
1.299656139e-13
1.29974741e-13
1.299841878e-13
1.299945962e-13
1.300069869e-13
1.300227643e-13
1.300433931e-13
1.300698861e-13
1.301015423e-13
1.301347317e-13
1.301596685e-13
1.301287851e-13
1.541478798e-09
1.368920835e-09
6.519964228e-09
1.20358953e-08
2.632322695e-09
4.409308249e-10
8.705771182e-11
2.652186841e-11
7.925754613e-12
3.102205336e-12
7.778412471e-13
2.423711248e-13
1.494624877e-13
1.333357379e-13
1.297633128e-13
1.2870841e-13
1.28500601e-13
1.285964797e-13
1.287265518e-13
1.288488219e-13
1.289525172e-13
1.290408609e-13
1.291187237e-13
1.291886574e-13
1.292515953e-13
1.29308971e-13
1.293647509e-13
1.294275038e-13
1.294865337e-13
1.295386504e-13
1.295840979e-13
1.296238633e-13
1.296588627e-13
1.296898668e-13
1.297175228e-13
1.297423643e-13
1.29764824e-13
1.297852492e-13
1.298039202e-13
1.298210656e-13
1.298368739e-13
1.298515041e-13
1.298650902e-13
1.298777494e-13
1.298895855e-13
1.299006997e-13
1.299111984e-13
1.299212222e-13
1.299309801e-13
1.29940828e-13
1.299512603e-13
1.299630918e-13
1.299775681e-13
1.299963057e-13
1.300209085e-13
1.300523664e-13
1.300896687e-13
1.30128471e-13
1.30157598e-13
1.301251033e-13
2.441007791e-08
1.624910829e-08
1.991380882e-08
5.728959767e-09
1.103876345e-09
2.195878737e-10
5.75513935e-11
2.072898827e-11
7.676562781e-12
3.692908709e-12
1.861101097e-12
6.55611476e-13
2.392440836e-13
1.502592701e-13
1.336274646e-13
1.299307147e-13
1.29021741e-13
1.288409513e-13
1.28838597e-13
1.288880797e-13
1.289436411e-13
1.289900767e-13
1.290217124e-13
1.290347029e-13
1.290305504e-13
1.289942938e-13
1.290466908e-13
1.29179157e-13
1.292709951e-13
1.29335686e-13
1.29384954e-13
1.294258449e-13
1.294613318e-13
1.294926788e-13
1.295206132e-13
1.295456785e-13
1.295683118e-13
1.295888683e-13
1.29607636e-13
1.296248503e-13
1.296407066e-13
1.29655369e-13
1.296689766e-13
1.296816511e-13
1.296935011e-13
1.297046339e-13
1.297151654e-13
1.297252489e-13
1.297351126e-13
1.297451177e-13
1.297557556e-13
1.297678065e-13
1.297823945e-13
1.298009035e-13
1.298245791e-13
1.298540267e-13
1.298880269e-13
1.299226074e-13
1.299474565e-13
1.299098919e-13
1.77014694e-08
1.951051925e-08
7.852858735e-09
2.022337e-09
4.639861813e-10
1.220368354e-10
3.889958372e-11
1.666190689e-11
7.083580214e-12
3.561715664e-12
2.624107185e-12
1.542374527e-12
6.217266623e-13
2.331957418e-13
1.484448199e-13
1.331775092e-13
1.300358474e-13
1.292231299e-13
1.289638665e-13
1.288725072e-13
1.288244726e-13
1.287754994e-13
1.287059347e-13
1.287410805e-13
1.288641032e-13
1.289718026e-13
1.291187904e-13
1.292458245e-13
1.29339136e-13
1.294052449e-13
1.294557713e-13
1.294977886e-13
1.295343047e-13
1.295665814e-13
1.29595334e-13
1.296211037e-13
1.296443378e-13
1.296654043e-13
1.296846082e-13
1.297021967e-13
1.297183752e-13
1.297333174e-13
1.297471704e-13
1.297600644e-13
1.29772116e-13
1.297834439e-13
1.297941783e-13
1.298044954e-13
1.298146498e-13
1.298250374e-13
1.298361521e-13
1.298487924e-13
1.298640265e-13
1.298831248e-13
1.299070931e-13
1.299362969e-13
1.299692665e-13
1.300021643e-13
1.300248659e-13
1.299832713e-13
1.301796972e-08
7.053746507e-09
2.543278379e-09
7.549948375e-10
2.242364149e-10
7.394659132e-11
2.751730509e-11
1.16729762e-11
5.675719516e-12
3.167849248e-12
2.145214387e-12
2.280425283e-12
1.447696023e-12
5.961527807e-13
2.170633116e-13
1.431088077e-13
1.318320376e-13
1.29668642e-13
1.290678799e-13
1.288377238e-13
1.287167364e-13
1.286361724e-13
1.285849607e-13
1.287177135e-13
1.289338236e-13
1.291021132e-13
1.292399208e-13
1.293470459e-13
1.29426852e-13
1.294877353e-13
1.295373426e-13
1.295799305e-13
1.296173826e-13
1.296506039e-13
1.296802102e-13
1.297067251e-13
1.29730604e-13
1.297522342e-13
1.297719354e-13
1.297899666e-13
1.298065427e-13
1.298218437e-13
1.298360238e-13
1.298492195e-13
1.298615567e-13
1.29873164e-13
1.29884188e-13
1.298948252e-13
1.299053611e-13
1.299162129e-13
1.29927866e-13
1.299411158e-13
1.299569564e-13
1.299764837e-13
1.30000456e-13
1.300289611e-13
1.300603776e-13
1.300910004e-13
1.301111625e-13
1.300654659e-13
4.691131096e-09
2.310043409e-09
9.184876226e-10
3.371175457e-10
1.267467677e-10
5.09040266e-11
2.28279948e-11
8.667332773e-12
4.110086999e-12
2.481547386e-12
1.936224969e-12
1.828581949e-12
2.313359531e-12
1.478957773e-12
6.345723337e-13
2.217525259e-13
1.431511781e-13
1.316498646e-13
1.294645708e-13
1.28852466e-13
1.286142177e-13
1.285115125e-13
1.284940645e-13
1.287049004e-13
1.289751956e-13
1.291690012e-13
1.293031386e-13
1.293976909e-13
1.294687967e-13
1.29526453e-13
1.295758737e-13
1.296193881e-13
1.296580059e-13
1.29692323e-13
1.297228695e-13
1.297501677e-13
1.297746988e-13
1.297968822e-13
1.298170633e-13
1.298355197e-13
1.298524792e-13
1.298681303e-13
1.298826341e-13
1.298961332e-13
1.299087623e-13
1.299206617e-13
1.299319938e-13
1.299429774e-13
1.299539258e-13
1.299652629e-13
1.299774671e-13
1.299913107e-13
1.300077033e-13
1.30027552e-13
1.300513895e-13
1.300790537e-13
1.301088594e-13
1.301372555e-13
1.301550493e-13
1.301054883e-13
1.75012518e-09
8.920058986e-10
4.053652618e-10
1.767016136e-10
7.751644105e-11
3.39475662e-11
1.55019226e-11
7.047948009e-12
3.563526346e-12
1.972274096e-12
1.54642255e-12
1.562560925e-12
1.757947032e-12
2.346774067e-12
1.544541626e-12
6.770462433e-13
2.292418707e-13
1.443501787e-13
1.319678132e-13
1.295715317e-13
1.288902269e-13
1.286411324e-13
1.28564359e-13
1.287343541e-13
1.28994409e-13
1.291850768e-13
1.293149034e-13
1.294051148e-13
1.294741424e-13
1.29532003e-13
1.295828697e-13
1.296282113e-13
1.296685891e-13
1.297044183e-13
1.297361853e-13
1.297644379e-13
1.297897129e-13
1.298124863e-13
1.298331506e-13
1.298520183e-13
1.298693395e-13
1.29885317e-13
1.299001218e-13
1.299139049e-13
1.299268115e-13
1.299389961e-13
1.299506382e-13
1.299619817e-13
1.299733644e-13
1.299852109e-13
1.299979992e-13
1.300124734e-13
1.30029461e-13
1.300497141e-13
1.3007359e-13
1.301007153e-13
1.301293519e-13
1.301560655e-13
1.301719235e-13
1.301184351e-13
7.263294749e-10
3.924210141e-10
1.947517963e-10
9.689554192e-11
4.685187714e-11
2.313766994e-11
1.16754387e-11
4.912270073e-12
2.262652678e-12
1.458391172e-12
1.101417428e-12
1.256505863e-12
1.443006084e-12
1.683613038e-12
2.147231177e-12
1.237564905e-12
5.259657326e-13
2.063618608e-13
1.421176249e-13
1.31707092e-13
1.295081166e-13
1.28865508e-13
1.286531119e-13
1.287651548e-13
1.289975329e-13
1.291763488e-13
1.29301914e-13
1.293913251e-13
1.294614328e-13
1.295214637e-13
1.295749858e-13
1.296230212e-13
1.296658495e-13
1.29703741e-13
1.297371422e-13
1.297666339e-13
1.297928296e-13
1.298162894e-13
1.298374798e-13
1.298567696e-13
1.298744451e-13
1.298907334e-13
1.299058207e-13
1.299198707e-13
1.299330426e-13
1.299455066e-13
1.299574618e-13
1.299691781e-13
1.29981014e-13
1.299933914e-13
1.300067884e-13
1.30021919e-13
1.300395356e-13
1.300602563e-13
1.300842823e-13
1.301110695e-13
1.301388381e-13
1.301642578e-13
1.301785004e-13
1.301212722e-13
3.11008997e-10
1.816733435e-10
1.01621088e-10
5.540793108e-11
2.962340776e-11
1.552260859e-11
8.074694413e-12
3.573588946e-12
1.177973991e-12
9.971304845e-13
9.820312305e-13
9.651817178e-13
1.317276056e-12
1.637247559e-12
2.126097635e-12
2.2183119e-12
1.119192868e-12
4.165742288e-13
1.744936217e-13
1.360194322e-13
1.303179996e-13
1.290952216e-13
1.287388525e-13
1.287974092e-13
1.289997516e-13
1.291629467e-13
1.292820734e-13
1.293701212e-13
1.294414221e-13
1.295039262e-13
1.295605085e-13
1.296117367e-13
1.296575677e-13
1.296980607e-13
1.297335633e-13
1.297646578e-13
1.297920286e-13
1.298163362e-13
1.298381446e-13
1.298579016e-13
1.298759487e-13
1.2989255e-13
1.299079161e-13
1.299222298e-13
1.299356669e-13
1.299484152e-13
1.299606955e-13
1.299728019e-13
1.299851083e-13
1.299980304e-13
1.300120459e-13
1.300278338e-13
1.300460621e-13
1.300672145e-13
1.3009136e-13
1.301178318e-13
1.301448352e-13
1.301691708e-13
1.301821176e-13
1.3012212e-13
1.4392645e-10
8.960757017e-11
5.434096556e-11
3.066967773e-11
1.781333751e-11
9.249320666e-12
4.974568252e-12
2.20311844e-12
5.40268975e-13
8.171775612e-13
1.044394067e-12
1.188137594e-12
1.266038446e-12
1.534818411e-12
1.533499398e-12
2.885120689e-12
2.796948571e-12
1.289333085e-12
4.120505606e-13
1.677100206e-13
1.345683421e-13
1.299248319e-13
1.289756777e-13
1.28888607e-13
1.290297714e-13
1.291626635e-13
1.292674034e-13
1.293498554e-13
1.294201477e-13
1.294840056e-13
1.295431595e-13
1.295975033e-13
1.296465282e-13
1.29689963e-13
1.297279533e-13
1.297610074e-13
1.297898392e-13
1.29815199e-13
1.298377589e-13
1.298580635e-13
1.298765276e-13
1.298934673e-13
1.299091282e-13
1.29923719e-13
1.299374367e-13
1.299504885e-13
1.29963118e-13
1.299756403e-13
1.2998844e-13
1.300019209e-13
1.300165555e-13
1.300329813e-13
1.300517842e-13
1.300733298e-13
1.300975627e-13
1.301237141e-13
1.301499953e-13
1.301733216e-13
1.301850929e-13
1.301227742e-13
6.750087533e-11
4.390566092e-11
2.643144426e-11
1.651104419e-11
9.804948842e-12
5.766048281e-12
3.391783388e-12
1.725872556e-12
8.885616018e-13
1.002073814e-12
1.118202716e-12
1.244145067e-12
1.226379906e-12
1.4774242e-12
1.586207813e-12
1.559530211e-12
3.005556307e-12
2.840277116e-12
1.255715858e-12
3.732023844e-13
1.61000573e-13
1.336362504e-13
1.297468915e-13
1.291349178e-13
1.291220407e-13
1.291916592e-13
1.292672548e-13
1.2933673e-13
1.294020608e-13
1.294650246e-13
1.295254379e-13
1.295821766e-13
1.296340891e-13
1.296804485e-13
1.297210861e-13
1.297563364e-13
1.297868691e-13
1.298134834e-13
1.29836946e-13
1.298579023e-13
1.298768531e-13
1.298941781e-13
1.299101675e-13
1.29925064e-13
1.299390896e-13
1.299524732e-13
1.299654823e-13
1.299784504e-13
1.299917691e-13
1.300058241e-13
1.3002108e-13
1.300381293e-13
1.300574823e-13
1.300794008e-13
1.301037014e-13
1.301295173e-13
1.301550746e-13
1.3017739e-13
1.301880239e-13
1.301235839e-13
3.080985723e-11
2.095837996e-11
1.409831348e-11
8.848257316e-12
5.117708915e-12
3.480156113e-12
2.344421607e-12
1.573027493e-12
9.290128036e-13
1.001007115e-12
1.091826725e-12
1.168868873e-12
1.227436353e-12
1.197737272e-12
1.571534962e-12
1.975308575e-12
2.678391595e-12
2.852754515e-12
1.639455178e-12
7.082913824e-13
2.44207073e-13
1.446583485e-13
1.314243614e-13
1.295590288e-13
1.29279444e-13
1.29254173e-13
1.292863836e-13
1.293350842e-13
1.293908121e-13
1.294499604e-13
1.2950971e-13
1.295675636e-13
1.296215535e-13
1.296703916e-13
1.297135048e-13
1.297509616e-13
1.297833005e-13
1.298113048e-13
1.298357976e-13
1.29857509e-13
1.298770244e-13
1.298947919e-13
1.299111544e-13
1.299263939e-13
1.29940761e-13
1.299545088e-13
1.299679277e-13
1.299813686e-13
1.299952254e-13
1.300098613e-13
1.300257292e-13
1.300433665e-13
1.300631961e-13
1.300853835e-13
1.301096514e-13
1.301350595e-13
1.301598713e-13
1.301812075e-13
1.301907576e-13
1.301239594e-13
1.480605251e-11
1.064147764e-11
7.108325137e-12
4.826836775e-12
3.08736351e-12
2.343199278e-12
1.804341491e-12
1.334451958e-12
1.143979407e-12
1.058146338e-12
1.043259528e-12
1.083126188e-12
1.152977958e-12
1.16967038e-12
1.202552751e-12
1.303008365e-12
1.239720474e-12
2.728755929e-12
2.866672591e-12
1.554086183e-12
6.11245978e-13
2.089598359e-13
1.390506872e-13
1.30761487e-13
1.295929464e-13
1.293683142e-13
1.293305887e-13
1.293484709e-13
1.293893706e-13
1.294413876e-13
1.294981661e-13
1.295554627e-13
1.296103224e-13
1.296608106e-13
1.297058886e-13
1.297452926e-13
1.297793547e-13
1.29808769e-13
1.298343585e-13
1.298569031e-13
1.298770549e-13
1.298953262e-13
1.299121136e-13
1.299277403e-13
1.299424879e-13
1.299566352e-13
1.29970494e-13
1.2998443e-13
1.299988351e-13
1.300140464e-13
1.300305001e-13
1.300486727e-13
1.300688993e-13
1.30091255e-13
1.301153948e-13
1.301403292e-13
1.301643871e-13
1.301847974e-13
1.301932756e-13
1.301236096e-13
7.218203889e-12
5.433621794e-12
3.888113836e-12
2.842803984e-12
2.254534815e-12
1.813317602e-12
1.529207772e-12
1.308224357e-12
1.185693182e-12
1.093420423e-12
1.04541025e-12
1.035708221e-12
9.96716088e-13
9.840990739e-13
8.723875027e-13
1.144247184e-12
1.28444976e-12
1.257724968e-12
3.002820285e-12
3.06693876e-12
1.523672823e-12
5.349419739e-13
1.87413765e-13
1.364458392e-13
1.30538475e-13
1.296126567e-13
1.294165901e-13
1.293819203e-13
1.294003146e-13
1.294413089e-13
1.294925492e-13
1.295473961e-13
1.296016811e-13
1.296527327e-13
1.296990028e-13
1.297398558e-13
1.297753645e-13
1.298060694e-13
1.298327323e-13
1.298561363e-13
1.298769714e-13
1.298957991e-13
1.299130632e-13
1.299291245e-13
1.299442967e-13
1.299588845e-13
1.299732199e-13
1.299876815e-13
1.300026496e-13
1.300184328e-13
1.300354492e-13
1.300541258e-13
1.300747349e-13
1.300972488e-13
1.301212416e-13
1.301456867e-13
1.301689671e-13
1.301883894e-13
1.301955146e-13
1.301219499e-13
3.679734476e-12
2.887219671e-12
2.343865856e-12
1.965975334e-12
1.693095864e-12
1.471582602e-12
1.335435296e-12
1.198774724e-12
1.112192329e-12
1.025156989e-12
9.495283081e-13
8.896136467e-13
8.491094167e-13
8.439480176e-13
8.0921438e-13
9.541066362e-13
1.205082002e-12
1.645004147e-12
2.896465862e-12
3.19697455e-12
1.94291918e-12
9.133438137e-13
3.192005273e-13
1.531806355e-13
1.324434251e-13
1.29962894e-13
1.29530691e-13
1.294332908e-13
1.294245297e-13
1.294509583e-13
1.294940532e-13
1.295444849e-13
1.295966626e-13
1.296470744e-13
1.296936163e-13
1.297352556e-13
1.297717731e-13
1.298035103e-13
1.298311158e-13
1.298553295e-13
1.298768453e-13
1.298962515e-13
1.29914025e-13
1.29930558e-13
1.299461927e-13
1.299612579e-13
1.299761058e-13
1.299911247e-13
1.300066722e-13
1.300230288e-13
1.300405979e-13
1.300597559e-13
1.300807032e-13
1.301033244e-13
1.30127127e-13
1.301510578e-13
1.301735395e-13
1.301919389e-13
1.301975923e-13
1.301200932e-13
2.177251542e-12
1.887117529e-12
1.657543059e-12
1.507507623e-12
1.398442982e-12
1.256539367e-12
1.18952391e-12
1.07532552e-12
9.855592352e-13
8.982119477e-13
8.095715138e-13
7.465245212e-13
7.047374905e-13
6.981722278e-13
7.293068738e-13
6.785991055e-13
1.023476927e-12
1.267515591e-12
1.293057381e-12
3.044040014e-12
3.157502824e-12
1.760340143e-12
7.494659141e-13
2.521151098e-13
1.434894641e-13
1.31313299e-13
1.298069601e-13
1.295292522e-13
1.294691129e-13
1.294728744e-13
1.295037877e-13
1.295474268e-13
1.295958986e-13
1.296444632e-13
1.296903349e-13
1.297320378e-13
1.297690393e-13
1.298014547e-13
1.29829784e-13
1.298546856e-13
1.298768233e-13
1.298967864e-13
1.299150687e-13
1.299320845e-13
1.299481989e-13
1.299637621e-13
1.299791432e-13
1.29994732e-13
1.300108552e-13
1.300277634e-13
1.300458322e-13
1.300653878e-13
1.300865614e-13
1.301091709e-13
1.301326711e-13
1.301560069e-13
1.301776823e-13
1.301951823e-13
1.301996031e-13
1.301189534e-13
1.458273879e-12
1.349368021e-12
1.296652753e-12
1.219194143e-12
1.166358871e-12
1.089614507e-12
1.021441782e-12
9.325938453e-13
8.307281583e-13
7.435987007e-13
6.670885311e-13
6.255441493e-13
6.103547867e-13
6.424101795e-13
7.373879881e-13
8.374017426e-13
1.175654979e-12
1.655805029e-12
2.361603784e-12
3.531339029e-12
3.981704157e-12
3.426566535e-12
1.693078313e-12
6.357772754e-13
2.110773509e-13
1.384468044e-13
1.307428185e-13
1.297371711e-13
1.295459806e-13
1.29510074e-13
1.295228759e-13
1.295566318e-13
1.295995647e-13
1.296450913e-13
1.296894101e-13
1.297304967e-13
1.297674637e-13
1.298001817e-13
1.298289797e-13
1.298544079e-13
1.298770724e-13
1.298975409e-13
1.299163076e-13
1.299337988e-13
1.299503952e-13
1.299664614e-13
1.299823761e-13
1.299985218e-13
1.300151919e-13
1.300326104e-13
1.300511202e-13
1.300710036e-13
1.300923275e-13
1.301148492e-13
1.301379927e-13
1.301607286e-13
1.301816375e-13
1.301982954e-13
1.302015703e-13
1.301181842e-13
1.095760095e-12
1.085988333e-12
1.044892027e-12
9.932201843e-13
9.417692529e-13
8.793038192e-13
8.139409864e-13
7.44129664e-13
6.583070379e-13
5.832602057e-13
5.282062141e-13
5.051388127e-13
5.12039919e-13
5.578992381e-13
6.535797283e-13
8.132004929e-13
9.964992092e-13
1.326685998e-12
1.62377631e-12
1.597917859e-12
3.375646971e-12
3.579236637e-12
2.151800838e-12
1.036167661e-12
3.767422023e-13
1.617607977e-13
1.329906838e-13
1.30065022e-13
1.296464425e-13
1.295601809e-13
1.295511146e-13
1.295722486e-13
1.296076413e-13
1.296488264e-13
1.296907467e-13
1.297305992e-13
1.297670705e-13
1.297997522e-13
1.298287812e-13
1.298545796e-13
1.298776758e-13
1.298985976e-13
1.299178258e-13
1.299357869e-13
1.299528683e-13
1.299694427e-13
1.29985892e-13
1.300025854e-13
1.300197793e-13
1.300376862e-13
1.300566429e-13
1.300768737e-13
1.300983623e-13
1.301208137e-13
1.301436261e-13
1.301657903e-13
1.301859233e-13
1.302016346e-13
1.302036842e-13
1.301179776e-13
8.592736705e-13
8.463640799e-13
8.090387504e-13
7.555183877e-13
7.008375988e-13
6.493795586e-13
5.996396928e-13
5.548259554e-13
4.910439716e-13
4.380376363e-13
4.030629688e-13
3.933097961e-13
4.132959752e-13
4.591643451e-13
5.494771184e-13
6.988986844e-13
8.280783842e-13
1.149094729e-12
1.549048263e-12
2.080019504e-12
2.99616377e-12
3.754717656e-12
3.451329213e-12
1.85618723e-12
8.084314034e-13
2.817758699e-13
1.465246709e-13
1.314282868e-13
1.298817736e-13
1.296407956e-13
1.295919516e-13
1.295950555e-13
1.296202505e-13
1.296555086e-13
1.296940976e-13
1.297321612e-13
1.297677541e-13
1.298001225e-13
1.29829186e-13
1.298552229e-13
1.298786689e-13
1.29899998e-13
1.299196643e-13
1.299380859e-13
1.299556506e-13
1.299727337e-13
1.299897144e-13
1.300069402e-13
1.300246376e-13
1.300430233e-13
1.300624044e-13
1.300829385e-13
1.301045498e-13
1.301268999e-13
1.30149359e-13
1.301709283e-13
1.301902523e-13
1.302049975e-13
1.302059014e-13
1.301183775e-13
6.167709931e-13
6.031119981e-13
5.65484039e-13
5.230029856e-13
4.818162333e-13
4.470492112e-13
4.156182246e-13
3.902703974e-13
3.455959433e-13
3.099988206e-13
2.904990077e-13
2.905401515e-13
3.141880323e-13
3.525400439e-13
4.24529307e-13
5.362459724e-13
6.283430193e-13
8.771516602e-13
1.170271105e-12
1.452768803e-12
1.506878476e-12
3.250502127e-12
3.579978987e-12
2.329941555e-12
1.246487722e-12
5.16770502e-13
1.990414588e-13
1.365172434e-13
1.304317084e-13
1.297657565e-13
1.2964768e-13
1.296261991e-13
1.296379027e-13
1.296652473e-13
1.296993334e-13
1.297349622e-13
1.297693271e-13
1.298011686e-13
1.298301212e-13
1.298562938e-13
1.298800183e-13
1.299017073e-13
1.299217831e-13
1.299406512e-13
1.299586964e-13
1.299762894e-13
1.299937932e-13
1.300115189e-13
1.300296621e-13
1.300484459e-13
1.300681416e-13
1.300888515e-13
1.301104519e-13
1.301325693e-13
1.301545632e-13
1.30175487e-13
1.301940822e-13
1.302080595e-13
1.302080863e-13
1.301192747e-13
3.997542102e-13
3.900154126e-13
3.596187706e-13
3.287290606e-13
3.014153466e-13
2.819454158e-13
2.661941375e-13
2.559458567e-13
2.254957778e-13
2.031406135e-13
1.943833237e-13
1.982635788e-13
2.214466813e-13
2.572121734e-13
3.217599718e-13
4.154299908e-13
5.52788199e-13
6.77540709e-13
9.308793309e-13
1.228619694e-12
1.567320655e-12
2.071497603e-12
3.354433979e-12
3.3601885e-12
1.948961609e-12
9.418886519e-13
3.640388663e-13
1.617399553e-13
1.326557422e-13
1.300507246e-13
1.297319761e-13
1.296685144e-13
1.296616569e-13
1.296784111e-13
1.297065073e-13
1.297389091e-13
1.297716314e-13
1.298027231e-13
1.298314412e-13
1.298576757e-13
1.298816333e-13
1.299036579e-13
1.299241366e-13
1.299434573e-13
1.299619925e-13
1.299800931e-13
1.299980928e-13
1.300162801e-13
1.300348428e-13
1.300539922e-13
1.300739476e-13
1.300947589e-13
1.301162633e-13
1.301380711e-13
1.301595621e-13
1.301798631e-13
1.301977867e-13
1.30211037e-13
1.302103293e-13
1.301206679e-13
2.266704571e-13
2.145486488e-13
1.984166423e-13
1.811230459e-13
1.682156036e-13
1.549492475e-13
1.440669699e-13
1.344469773e-13
1.234732385e-13
1.146724471e-13
1.145036035e-13
1.209918781e-13
1.43720676e-13
1.785279115e-13
2.310283333e-13
3.12381229e-13
4.305202012e-13
5.107717715e-13
7.178196483e-13
9.736840645e-13
1.259721886e-12
1.501627353e-12
3.214471532e-12
3.791038535e-12
3.039648222e-12
1.597933142e-12
6.950472873e-13
2.592681788e-13
1.438017897e-13
1.31017997e-13
1.298869807e-13
1.297268017e-13
1.296930659e-13
1.296959039e-13
1.297160698e-13
1.29744208e-13
1.297747862e-13
1.298048856e-13
1.298332417e-13
1.298594788e-13
1.298836498e-13
1.299060109e-13
1.299268993e-13
1.299466696e-13
1.299656662e-13
1.299842228e-13
1.300026827e-13
1.300213488e-13
1.300403773e-13
1.300599279e-13
1.300801671e-13
1.301011003e-13
1.301225332e-13
1.301440643e-13
1.301650907e-13
1.30184754e-13
1.302018514e-13
1.302141447e-13
1.302125346e-13
1.301216847e-13
1.049470431e-13
9.749699287e-14
8.808846846e-14
7.888781785e-14
7.471864021e-14
6.786458689e-14
6.265172182e-14
5.842714046e-14
5.469860034e-14
5.212780699e-14
5.567322689e-14
6.212840788e-14
8.06734026e-14
1.104364064e-13
1.48656998e-13
2.117961474e-13
3.004959701e-13
3.669441958e-13
5.710913322e-13
8.294414908e-13
1.150572022e-12
1.504248328e-12
2.041802069e-12
3.448021261e-12
3.546939276e-12
2.139278393e-12
1.085931795e-12
4.559040393e-13
1.898210964e-13
1.352959871e-13
1.302955293e-13
1.298191901e-13
1.297359772e-13
1.297196976e-13
1.297291585e-13
1.297514475e-13
1.297791104e-13
1.298079007e-13
1.298357684e-13
1.298619463e-13
1.298862975e-13
1.299089658e-13
1.299302191e-13
1.299503718e-13
1.299697563e-13
1.299887229e-13
1.300076293e-13
1.300267459e-13
1.300461802e-13
1.300660752e-13
1.300865654e-13
1.301076114e-13
1.301289843e-13
1.301502558e-13
1.301708098e-13
1.301897638e-13
1.302059005e-13
1.302171486e-13
1.302145547e-13
1.301220497e-13
3.458254213e-14
3.088254234e-14
2.673396028e-14
2.547501656e-14
2.242315742e-14
1.922076247e-14
1.742047518e-14
1.604048544e-14
1.507362436e-14
1.446976552e-14
1.891980764e-14
2.487573411e-14
4.133771233e-14
6.932248909e-14
1.042779639e-13
1.618178972e-13
2.489831998e-13
3.75162688e-13
4.842223465e-13
6.927499751e-13
9.580185567e-13
1.262883558e-12
1.564052537e-12
3.339615073e-12
4.041032452e-12
3.529405119e-12
1.852759037e-12
8.346381745e-13
3.248515592e-13
1.568366118e-13
1.320122536e-13
1.300187301e-13
1.297991743e-13
1.29753031e-13
1.297476926e-13
1.297615635e-13
1.297848994e-13
1.29811725e-13
1.29838835e-13
1.298648325e-13
1.29889288e-13
1.299122131e-13
1.29933801e-13
1.299543269e-13
1.299741132e-13
1.299935025e-13
1.300128215e-13
1.300322922e-13
1.300519977e-13
1.30072087e-13
1.300926718e-13
1.301136785e-13
1.301348601e-13
1.301557858e-13
1.30175856e-13
1.30194177e-13
1.302095223e-13
1.302199601e-13
1.302166365e-13
1.301230403e-13
3.821410814e-15
1.703611886e-15
2.337357702e-16
2.324660153e-15
1.434235847e-15
1.171205747e-15
1.806339051e-15
9.966291809e-16
1.133176972e-15
7.839838379e-16
3.579973587e-15
6.985720942e-15
2.062942345e-14
4.430028952e-14
7.423213684e-14
1.252905684e-13
2.057354437e-13
3.22723634e-13
4.077683689e-13
6.108841053e-13
8.886255036e-13
1.253061431e-12
1.695230183e-12
2.511973432e-12
3.750800781e-12
3.77841517e-12
2.310654864e-12
1.202748641e-12
5.323420296e-13
2.222251588e-13
1.396156451e-13
1.306303451e-13
1.299043196e-13
1.297980751e-13
1.297720976e-13
1.29774186e-13
1.297910716e-13
1.298148282e-13
1.298407183e-13
1.298663954e-13
1.298909432e-13
1.299141635e-13
1.299361731e-13
1.299572101e-13
1.299775657e-13
1.299975423e-13
1.300174134e-13
1.300373426e-13
1.300573924e-13
1.300777148e-13
1.30098397e-13
1.301193432e-13
1.301403081e-13
1.301608825e-13
1.301804693e-13
1.301981578e-13
1.302128263e-13
1.302225876e-13
1.302186534e-13
1.301241429e-13
0
0
0
0
0
2.421803733e-16
4.177369962e-15
4.33925888e-16
0
0
9.907074347e-17
5.584246874e-17
8.992452323e-15
2.553974148e-14
4.549324001e-14
8.258469041e-14
1.409447374e-13
2.24515228e-13
2.931941045e-13
4.475447488e-13
6.917912078e-13
9.869472805e-13
1.324252095e-12
1.668957809e-12
3.477919053e-12
4.192643841e-12
3.701002489e-12
1.993133911e-12
9.300403716e-13
3.845912075e-13
1.757020166e-13
1.338270728e-13
1.301730274e-13
1.29844874e-13
1.297789739e-13
1.297626921e-13
1.297696836e-13
1.297888811e-13
1.298131906e-13
1.29838797e-13
1.298640253e-13
1.298883169e-13
1.299116297e-13
1.299341475e-13
1.299561374e-13
1.299778798e-13
1.299996296e-13
1.300214988e-13
1.300435396e-13
1.300659169e-13
1.300886786e-13
1.30111693e-13
1.301346779e-13
1.301571842e-13
1.301785048e-13
1.301975676e-13
1.302133878e-13
1.302236233e-13
1.302193837e-13
1.301240705e-13
0
0
0
0
0
0
0
0
0
0
0
0
4.411752446e-15
1.553249797e-14
2.993699372e-14
6.101708154e-14
1.072853731e-13
1.769384041e-13
2.775651267e-13
3.446964405e-13
4.869264713e-13
6.554259778e-13
8.268777308e-13
9.342492995e-13
2.538411983e-12
3.764754413e-12
3.81449753e-12
2.371035268e-12
1.265322349e-12
5.848153475e-13
2.537963874e-13
1.469002508e-13
1.310039884e-13
1.297981994e-13
1.296599955e-13
1.296256492e-13
1.296219851e-13
1.296345872e-13
1.296550854e-13
1.296784108e-13
1.297021472e-13
1.297253784e-13
1.29747887e-13
1.297697551e-13
1.297911838e-13
1.298124043e-13
1.298336108e-13
1.298548624e-13
1.298761927e-13
1.298976998e-13
1.299193619e-13
1.299410052e-13
1.299623326e-13
1.299829092e-13
1.30002086e-13
1.300190129e-13
1.300328466e-13
1.300414875e-13
1.300365418e-13
1.299407917e-13
0
0
0
0
0
0
0
0
0
0
0
0
2.214765984e-15
1.000116396e-14
2.030997054e-14
4.605956108e-14
8.251055986e-14
1.40341346e-13
2.266634172e-13
2.641640657e-13
3.707078863e-13
5.235754592e-13
7.452829514e-13
1.000791305e-12
1.49489993e-12
3.393726382e-12
4.12947016e-12
3.629711511e-12
1.970787177e-12
9.441214615e-13
4.085419271e-13
1.890081375e-13
1.356599073e-13
1.302396313e-13
1.29832914e-13
1.297648757e-13
1.297465821e-13
1.297502325e-13
1.297656892e-13
1.297862348e-13
1.298083095e-13
1.298304764e-13
1.298523014e-13
1.298737488e-13
1.298949276e-13
1.299159986e-13
1.299371032e-13
1.299582497e-13
1.299794481e-13
1.300007511e-13
1.30022076e-13
1.300432006e-13
1.300638005e-13
1.300834127e-13
1.301014101e-13
1.301171743e-13
1.30129777e-13
1.301371604e-13
1.301315187e-13
1.300349258e-13
0
0
0
0
0
0
0
0
0
0
0
0
1.380418386e-15
6.18290387e-15
1.4056686e-14
2.807702451e-14
5.189416443e-14
9.107421886e-14
1.511521002e-13
1.770533744e-13
2.539079016e-13
4.043386022e-13
5.971299077e-13
8.369510954e-13
1.125841182e-12
2.991811083e-12
4.0074757e-12
3.905661272e-12
2.40401073e-12
1.291585e-12
6.096831642e-13
2.743909411e-13
1.544236201e-13
1.31890466e-13
1.300564352e-13
1.298905146e-13
1.298528394e-13
1.298457634e-13
1.298545811e-13
1.298711307e-13
1.298905667e-13
1.299108101e-13
1.299311861e-13
1.299515381e-13
1.299718771e-13
1.299922813e-13
1.300128244e-13
1.300334574e-13
1.300541477e-13
1.300749056e-13
1.300956224e-13
1.301160545e-13
1.301358669e-13
1.301545572e-13
1.301714804e-13
1.301861254e-13
1.301974676e-13
1.302036734e-13
1.301974822e-13
1.301001692e-13
0
0
0
0
0
0
0
0
0
0
0
0
4.241405097e-16
2.106721059e-15
4.799759919e-15
1.045822452e-14
2.159090038e-14
4.042349867e-14
6.790784856e-14
9.990717696e-14
1.839007891e-13
3.345451524e-13
5.202722665e-13
7.444031372e-13
9.835964818e-13
1.559663967e-12
3.451775694e-12
4.083061156e-12
3.410020828e-12
1.888929599e-12
9.293565254e-13
4.185689207e-13
2.012196336e-13
1.388980288e-13
1.305695952e-13
1.300005576e-13
1.299307231e-13
1.299126546e-13
1.29914022e-13
1.299252854e-13
1.299405876e-13
1.299573179e-13
1.299746647e-13
1.299924383e-13
1.300106099e-13
1.300291991e-13
1.300482158e-13
1.30067561e-13
1.300871396e-13
1.301069066e-13
1.301267288e-13
1.301463242e-13
1.301652905e-13
1.30183039e-13
1.301989473e-13
1.302125216e-13
1.302227534e-13
1.302280331e-13
1.302213098e-13
1.301227755e-13
0
0
0
0
0
0
0
0
0
0
0
0
1.411031357e-16
8.902293954e-16
2.30407298e-15
6.78541593e-15
1.77455956e-14
3.727955914e-14
7.333261751e-14
1.274585393e-13
1.783940101e-13
2.882112056e-13
4.413833477e-13
6.504186761e-13
8.845885594e-13
1.265568153e-12
3.190469515e-12
4.157592824e-12
3.95824344e-12
2.41468499e-12
1.300565269e-12
6.235122743e-13
2.883519055e-13
1.610790342e-13
1.327995231e-13
1.301864816e-13
1.300067332e-13
1.299772724e-13
1.299727945e-13
1.299789399e-13
1.299893501e-13
1.300013665e-13
1.300142757e-13
1.300279395e-13
1.300423531e-13
1.300575486e-13
1.300735403e-13
1.300902445e-13
1.301075428e-13
1.301253096e-13
1.30143353e-13
1.301613086e-13
1.301786794e-13
1.301948295e-13
1.302093004e-13
1.302216893e-13
1.302309401e-13
1.302354737e-13
1.302282824e-13
1.301285023e-13
0
0
0
0
0
0
0
0
0
0
0
0
1.419461719e-16
9.173008994e-16
2.449290816e-15
7.372165563e-15
1.976152432e-14
3.885638105e-14
7.571872031e-14
1.329120595e-13
1.620636093e-13
2.337378024e-13
3.787261629e-13
5.636204143e-13
7.779487819e-13
9.826153265e-13
1.596666712e-12
3.48250318e-12
3.994270503e-12
3.032058011e-12
1.768092498e-12
9.028412069e-13
4.203108142e-13
2.083609106e-13
1.416009349e-13
1.308290104e-13
1.300948732e-13
1.30040051e-13
1.300335291e-13
1.300379316e-13
1.300455136e-13
1.300539724e-13
1.300629153e-13
1.300723673e-13
1.300824374e-13
1.300932589e-13
1.301049465e-13
1.301175408e-13
1.30130997e-13
1.301451558e-13
1.301598042e-13
1.30174545e-13
1.301889164e-13
1.302024778e-13
1.30215072e-13
1.302261711e-13
1.302344545e-13
1.302383313e-13
1.302306895e-13
1.301294075e-13
0
0
0
0
0
0
0
0
0
0
0
0
8.634745712e-17
4.62780074e-16
1.394716672e-15
4.636536255e-15
1.295137538e-14
2.490275575e-14
5.034760266e-14
9.486336791e-14
1.133090705e-13
1.70304846e-13
2.920204659e-13
4.456470699e-13
6.36439281e-13
8.237962109e-13
1.273368532e-12
3.295429983e-12
4.243357918e-12
3.967511164e-12
2.400977562e-12
1.293964541e-12
6.269243957e-13
2.953649538e-13
1.663643406e-13
1.339288052e-13
1.302934144e-13
1.300948906e-13
1.300807535e-13
1.300833338e-13
1.300898951e-13
1.300972403e-13
1.301047454e-13
1.301124021e-13
1.30120279e-13
1.301284739e-13
1.301370749e-13
1.301461595e-13
1.301557658e-13
1.30165826e-13
1.301762834e-13
1.301869725e-13
1.301978357e-13
1.302088333e-13
1.302198445e-13
1.30229752e-13
1.302369451e-13
1.302401313e-13
1.302319436e-13
1.30128578e-13
0
0
0
0
0
0
0
0
0
0
0
2.732513621e-18
2.138116142e-17
8.079858917e-17
3.487244574e-16
7.720590976e-16
2.948279304e-15
5.150704954e-15
1.386253243e-14
2.899964915e-14
4.988846098e-14
9.469200531e-14
1.831246085e-13
2.892412772e-13
4.153940969e-13
5.138783332e-13
6.850679439e-13
2.356836906e-12
3.730826055e-12
3.93028761e-12
2.642598962e-12
1.56149527e-12
8.15052776e-13
3.936574125e-13
2.046353307e-13
1.421450766e-13
1.309364879e-13
1.301529968e-13
1.301149506e-13
1.301145518e-13
1.301196382e-13
1.301259016e-13
1.301323713e-13
1.301388942e-13
1.301454836e-13
1.30152177e-13
1.301590073e-13
1.301659984e-13
1.301731829e-13
1.301805646e-13
1.301882595e-13
1.301963682e-13
1.302051809e-13
1.302147108e-13
1.302245537e-13
1.302332394e-13
1.302391786e-13
1.302416279e-13
1.302329268e-13
1.301273959e-13
0
0
0
0
0
0
0
0
0
0
0
1.249671534e-18
2.671699543e-18
1.557901701e-17
2.4709044e-16
1.75986423e-17
9.905247129e-17
0
3.895543943e-16
6.443208434e-15
1.976606196e-14
5.812869738e-14
1.228159499e-13
2.429150783e-13
3.835079702e-13
5.416957013e-13
7.005551677e-13
1.334480987e-12
3.406054017e-12
4.286805687e-12
3.904782799e-12
2.307544926e-12
1.221774606e-12
5.875821078e-13
2.805935312e-13
1.639842548e-13
1.339467319e-13
1.303159788e-13
1.301478542e-13
1.301416701e-13
1.301443351e-13
1.301487876e-13
1.301536744e-13
1.301587103e-13
1.301638295e-13
1.301690278e-13
1.30174338e-13
1.30179794e-13
1.301854416e-13
1.301913518e-13
1.301977264e-13
1.302047148e-13
1.302125551e-13
1.302209947e-13
1.302294467e-13
1.302365186e-13
1.302410969e-13
1.302428345e-13
1.302333276e-13
1.301240363e-13
0
0
0
0
0
0
0
0
0
0
0
9.855669052e-19
2.353712056e-18
1.428433221e-17
2.451323392e-16
0
0
0
7.045448784e-16
9.987027687e-15
2.898840713e-14
4.846454946e-14
9.413140088e-14
1.933523809e-13
3.12417873e-13
4.679026692e-13
6.192196936e-13
1.081026717e-12
3.134588867e-12
4.239771387e-12
4.163571572e-12
2.685441007e-12
1.533810662e-12
7.839706338e-13
3.778601754e-13
2.006348127e-13
1.423053547e-13
1.310427913e-13
1.301922985e-13
1.301665273e-13
1.3016775e-13
1.301707942e-13
1.301741066e-13
1.301776251e-13
1.301812751e-13
1.30185042e-13
1.301889465e-13
1.301930629e-13
1.301974729e-13
1.302022826e-13
1.302076544e-13
1.302136395e-13
1.302202928e-13
1.302272448e-13
1.302339582e-13
1.302391861e-13
1.302424895e-13
1.302435847e-13
1.302327403e-13
1.301174348e-13
0
0
0
0
0
0
2.448785699e-18
1.384680348e-19
0
0
0
1.950663143e-18
2.531906318e-18
1.489511496e-17
2.449292399e-16
0
0
0
9.989952775e-16
1.063494018e-14
2.872153403e-14
3.842072758e-14
7.231913325e-14
1.588079643e-13
2.657492585e-13
4.189998411e-13
5.849088384e-13
8.794975282e-13
1.64090552e-12
3.617063204e-12
4.337459284e-12
3.81092061e-12
2.173496088e-12
1.125963963e-12
5.419116976e-13
2.6616246e-13
1.619451503e-13
1.340156782e-13
1.303403262e-13
1.301885687e-13
1.301877267e-13
1.301897703e-13
1.301922208e-13
1.301947703e-13
1.301974447e-13
1.302002164e-13
1.302030769e-13
1.302061248e-13
1.3020949e-13
1.302132632e-13
1.302175319e-13
1.302222851e-13
1.302275153e-13
1.302328388e-13
1.302377307e-13
1.302412813e-13
1.302435989e-13
1.302442011e-13
1.302320781e-13
1.301113687e-13
0
0
0
0
0
3.454331027e-18
1.253912248e-18
0
0
0
9.731269595e-19
2.5779245e-18
3.444947569e-18
1.558651132e-17
2.410728963e-16
9.67300984e-18
0
0
0
3.823916984e-15
1.624056528e-14
2.235931256e-14
5.022844366e-14
1.179051193e-13
2.208476702e-13
3.573347916e-13
5.12532569e-13
6.50946434e-13
1.199116597e-12
3.338983327e-12
4.377559643e-12
4.177739903e-12
2.603814616e-12
1.455718912e-12
7.389812652e-13
3.602549267e-13
1.966247875e-13
1.423288965e-13
1.311402415e-13
1.302198748e-13
1.302020407e-13
1.302039758e-13
1.302059419e-13
1.302079944e-13
1.30210114e-13
1.302122933e-13
1.302145254e-13
1.302168839e-13
1.302195219e-13
1.302225047e-13
1.302258665e-13
1.302295397e-13
1.302334457e-13
1.302372263e-13
1.302405192e-13
1.302428949e-13
1.302446008e-13
1.302449032e-13
1.302318845e-13
1.301076587e-13
0
0
0
0
4.913982773e-18
6.203623477e-18
2.586046771e-18
0
0
0
2.211669312e-18
2.097481012e-18
2.019109657e-18
0
0
0
0
0
0
0
1.242750765e-15
3.009908979e-15
1.903177305e-14
5.412612358e-14
1.303494232e-13
2.086375037e-13
3.007474141e-13
3.38724582e-13
7.213400843e-13
2.734372457e-12
3.975315977e-12
4.117934985e-12
2.830822479e-12
1.717940728e-12
9.252332081e-13
4.627600653e-13
2.410441366e-13
1.567002915e-13
1.335994306e-13
1.3035041e-13
1.30211259e-13
1.302133553e-13
1.302154335e-13
1.302173689e-13
1.302192892e-13
1.302212066e-13
1.302231381e-13
1.302251428e-13
1.302273377e-13
1.302297569e-13
1.302323868e-13
1.302351321e-13
1.302379062e-13
1.302404804e-13
1.302427009e-13
1.302444314e-13
1.302458145e-13
1.302459665e-13
1.302325598e-13
1.301071006e-13
0
0
2.832366699e-19
7.259497633e-18
8.580316103e-18
4.63943481e-18
0
0
0
3.668743006e-19
2.491464243e-18
1.768842961e-18
2.448233297e-18
0
0
0
0
0
0
0
0
0
7.007760749e-15
3.304604704e-14
1.020807275e-13
1.799435127e-13
2.899750661e-13
3.983976142e-13
6.519615937e-13
1.376750687e-12
3.506057441e-12
4.407168036e-12
4.034497491e-12
2.44463091e-12
1.340068583e-12
6.736114028e-13
3.313213959e-13
1.87323263e-13
1.408851039e-13
1.311217356e-13
1.302344223e-13
1.302189328e-13
1.30221572e-13
1.302235741e-13
1.302254864e-13
1.302273349e-13
1.30229139e-13
1.302309565e-13
1.302328538e-13
1.302348533e-13
1.302369223e-13
1.30238992e-13
1.302410118e-13
1.302428821e-13
1.302445614e-13
1.302460099e-13
1.302472472e-13
1.302473262e-13
1.302337612e-13
1.301079237e-13
0
7.063439967e-18
1.043082608e-17
9.457225161e-18
5.073940156e-18
0
0
0
0
5.209738489e-18
2.451784856e-18
2.227942081e-18
2.206006983e-18
0
0
0
0
0
0
0
0
0
3.88860816e-15
2.639279267e-14
8.848138647e-14
1.675283196e-13
2.756727592e-13
3.742460915e-13
5.420112355e-13
1.113403263e-12
3.31069542e-12
4.429840528e-12
4.308644138e-12
2.791515214e-12
1.621458938e-12
8.537209679e-13
4.25591375e-13
2.267136792e-13
1.532107472e-13
1.333727521e-13
1.303779684e-13
1.302234156e-13
1.302259468e-13
1.302281218e-13
1.302300461e-13
1.302318588e-13
1.302335926e-13
1.302352906e-13
1.302369903e-13
1.302387105e-13
1.302404309e-13
1.302421202e-13
1.302437596e-13
1.302453152e-13
1.302467744e-13
1.302481167e-13
1.302492871e-13
1.302493376e-13
1.302358258e-13
1.301104053e-13
1.324363856e-17
1.439332742e-17
1.366348661e-17
1.365125214e-17
1.278513924e-17
0
0
0
5.011818649e-18
6.746270586e-18
2.909651168e-18
3.614019662e-18
3.548991519e-18
1.292608829e-18
0
0
0
0
0
0
0
0
0
1.135016047e-14
5.002336949e-14
1.043233532e-13
1.634070226e-13
2.155632017e-13
2.33841385e-13
6.428037366e-13
2.703689223e-12
4.027186938e-12
4.320650757e-12
3.38039796e-12
1.967907016e-12
1.052785314e-12
5.307980566e-13
2.748611307e-13
1.706728479e-13
1.37891879e-13
1.309327024e-13
1.30243449e-13
1.302296394e-13
1.302322704e-13
1.302341493e-13
1.302358984e-13
1.30237544e-13
1.302391312e-13
1.302406867e-13
1.302422288e-13
1.302437528e-13
1.302452484e-13
1.302467164e-13
1.302481433e-13
1.302495139e-13
1.30250798e-13
1.302519097e-13
1.30251899e-13
1.302382746e-13
1.301128206e-13
1.730099483e-17
1.568440166e-17
1.081692105e-17
0
0
0
0
6.699654096e-18
1.39598449e-17
1.335027664e-17
3.096884441e-17
4.533734179e-17
3.566804882e-17
5.02787634e-18
0
0
0
0
0
0
0
0
0
3.833385196e-16
1.712412783e-14
6.923603939e-14
1.165102546e-13
1.745164425e-13
2.20673933e-13
5.368127371e-13
1.326893948e-12
3.512840489e-12
4.468822583e-12
4.153367198e-12
2.567355105e-12
1.441984468e-12
7.465271743e-13
3.75347594e-13
2.08682456e-13
1.487897246e-13
1.328903101e-13
1.303850579e-13
1.302351534e-13
1.302370657e-13
1.302390866e-13
1.302407795e-13
1.302423342e-13
1.302438184e-13
1.302452615e-13
1.302466764e-13
1.302480726e-13
1.302494433e-13
1.302507945e-13
1.302521037e-13
1.302533589e-13
1.302545268e-13
1.302555375e-13
1.302554564e-13
1.302418604e-13
1.301171759e-13
4.010228652e-17
2.61220819e-17
0
0
0
0
2.055312676e-17
2.874336707e-17
3.436266306e-17
4.589480402e-17
7.573114258e-17
9.460106789e-17
8.881867173e-17
2.676314058e-16
2.294886161e-18
0
0
0
0
0
0
0
0
0
1.427814924e-14
6.90664302e-14
1.287794065e-13
2.157888791e-13
2.9185117e-13
4.882182122e-13
1.097287903e-12
3.329975727e-12
4.470433408e-12
4.366094919e-12
2.874254677e-12
1.705458989e-12
9.222281589e-13
4.716577763e-13
2.520470223e-13
1.64038874e-13
1.367879297e-13
1.309107672e-13
1.302616381e-13
1.302421239e-13
1.302453038e-13
1.302471084e-13
1.302485969e-13
1.30249975e-13
1.302512856e-13
1.302525152e-13
1.302537018e-13
1.302548416e-13
1.302559753e-13
1.302571068e-13
1.302582697e-13
1.302594201e-13
1.302604853e-13
1.30260465e-13
1.302468575e-13
1.301223663e-13
0
0
0
0
0
2.857896246e-17
4.198395085e-17
4.441261215e-17
4.703851348e-17
5.238438152e-17
5.414000591e-17
4.31983385e-17
1.960619851e-17
0
0
0
0
0
0
0
0
0
0
0
8.478489377e-15
5.459355468e-14
9.882639651e-14
1.583930392e-13
1.875705487e-13
2.681682414e-13
7.447832586e-13
2.882582734e-12
4.192438486e-12
4.463603574e-12
3.536786314e-12
2.09172522e-12
1.138933644e-12
5.843391487e-13
3.04314933e-13
1.844404835e-13
1.429307335e-13
1.321864403e-13
1.303894632e-13
1.302522184e-13
1.302528793e-13
1.302553708e-13
1.302570371e-13
1.302583265e-13
1.302593821e-13
1.302602779e-13
1.302611887e-13
1.302621836e-13
1.302633181e-13
1.302645429e-13
1.302658533e-13
1.302671533e-13
1.30268375e-13
1.302684867e-13
1.302549914e-13
1.301308283e-13
0
0
0
0
2.723963716e-17
3.824203831e-17
4.116852521e-17
4.219636629e-17
4.698617012e-17
4.933436953e-17
4.153531989e-17
2.178417214e-17
3.10684709e-18
0
0
0
0
0
0
0
0
0
0
0
1.255362251e-15
3.337865368e-14
6.550184243e-14
1.039136318e-13
1.298572704e-13
1.591802031e-13
5.575227693e-13
1.453336543e-12
3.608322144e-12
4.548240447e-12
4.229150731e-12
2.646554177e-12
1.510181405e-12
7.973283943e-13
4.082753012e-13
2.26693564e-13
1.565444474e-13
1.354123653e-13
1.308584251e-13
1.302886325e-13
1.302619882e-13
1.302648684e-13
1.302669094e-13
1.302685075e-13
1.302697203e-13
1.302707162e-13
1.302717447e-13
1.302729243e-13
1.30274299e-13
1.302757759e-13
1.302773264e-13
1.302788243e-13
1.302802061e-13
1.302804123e-13
1.302666627e-13
1.301412374e-13
0
0
6.528308335e-18
4.687062956e-17
6.361329468e-17
7.130791735e-17
7.423205236e-17
7.213898338e-17
7.835156385e-17
8.597468077e-17
8.473456844e-17
6.16136126e-17
2.747599623e-17
0
0
0
0
0
0
0
0
0
0
0
0
1.696838207e-14
4.583186142e-14
7.477564603e-14
1.086241151e-13
1.154318588e-13
4.051400994e-13
1.096653624e-12
3.37922222e-12
4.53196113e-12
4.422389108e-12
2.932343311e-12
1.7591381e-12
9.663777172e-13
5.032749317e-13
2.712095521e-13
1.734428879e-13
1.40291211e-13
1.318618058e-13
1.304121783e-13
1.302799349e-13
1.302785965e-13
1.302816264e-13
1.302839693e-13
1.302857639e-13
1.302871564e-13
1.302884951e-13
1.302899455e-13
1.302915731e-13
1.302932738e-13
1.302950163e-13
1.302966612e-13
1.302981539e-13
1.302984703e-13
1.302848385e-13
1.301596981e-13
4.844889578e-17
8.572480559e-17
9.680458241e-17
1.005247162e-16
1.011526985e-16
9.849141098e-17
8.958538242e-17
8.671878088e-17
8.360323389e-17
7.365966706e-17
5.24375192e-17
2.295546572e-17
0
0
0
0
0
0
0
0
0
0
0
0
0
2.507781277e-15
4.186369206e-14
7.344587093e-14
1.114494281e-13
1.195764027e-13
2.862433115e-13
8.546625351e-13
3.071361428e-12
4.373154097e-12
4.5963808e-12
3.627985893e-12
2.159074378e-12
1.187121965e-12
6.166780404e-13
3.239005461e-13
1.946186128e-13
1.471616263e-13
1.335265907e-13
1.306919795e-13
1.303229284e-13
1.303006281e-13
1.303039403e-13
1.303070088e-13
1.303093521e-13
1.303112128e-13
1.303128619e-13
1.30314514e-13
1.303162887e-13
1.303181087e-13
1.303199575e-13
1.303217021e-13
1.303232954e-13
1.303236891e-13
1.303098149e-13
1.301834766e-13
2.085482145e-16
1.983792871e-16
1.880512447e-16
1.781908045e-16
1.657837903e-16
1.461788184e-16
1.318441608e-16
1.180669101e-16
9.936841009e-17
7.199385449e-17
3.837656008e-17
1.875845339e-17
0
0
0
0
0
0
0
0
0
0
0
0
0
2.413473701e-15
4.202430734e-14
7.932822687e-14
1.369303492e-13
1.844170885e-13
3.279823575e-13
9.133184029e-13
2.196475269e-12
4.006643253e-12
4.770033279e-12
4.35071267e-12
2.718800478e-12
1.556414593e-12
8.281027696e-13
4.27972703e-13
2.378845866e-13
1.618030859e-13
1.373175145e-13
1.314067579e-13
1.304315721e-13
1.303385309e-13
1.303377824e-13
1.303415286e-13
1.303443252e-13
1.303464829e-13
1.303483073e-13
1.303500243e-13
1.303517514e-13
1.30353479e-13
1.303552396e-13
1.3035693e-13
1.303585131e-13
1.303589634e-13
1.303453019e-13
1.302195881e-13
3.089462876e-16
2.856098418e-16
2.646953607e-16
2.429476235e-16
2.149582863e-16
1.925884327e-16
1.717709033e-16
1.481416351e-16
1.187290569e-16
8.400289233e-17
5.628285141e-17
1.561257468e-17
0
0
0
0
0
0
0
0
0
0
0
0
0
5.173823719e-16
2.89542154e-14
4.551594418e-14
7.049457751e-14
8.067818753e-14
1.189317633e-13
4.896288198e-13
1.258083487e-12
3.546964835e-12
4.661647383e-12
4.503308041e-12
2.972833976e-12
1.78446387e-12
9.850626266e-13
5.17145051e-13
2.803112639e-13
1.783689843e-13
1.423925692e-13
1.325715579e-13
1.306423242e-13
1.304009243e-13
1.303853947e-13
1.303884866e-13
1.303913863e-13
1.303935552e-13
1.303954059e-13
1.30397107e-13
1.303987045e-13
1.304002498e-13
1.304018288e-13
1.304033913e-13
1.304049177e-13
1.304053538e-13
1.303914315e-13
1.302644381e-13
3.686858752e-16
3.440325283e-16
3.151296253e-16
2.882497356e-16
2.626765142e-16
2.366673444e-16
2.069607539e-16
1.706433188e-16
1.255807104e-16
7.580873003e-17
4.203150814e-17
0
0
0
0
0
0
0
0
0
0
0
0
0
0
8.016961876e-17
2.131706166e-14
2.582945205e-14
2.667269788e-14
9.986936147e-15
0
2.422143112e-13
8.904606243e-13
3.181298963e-12
4.435405445e-12
4.502886025e-12
3.251124895e-12
1.98290024e-12
1.110214367e-12
5.873934057e-13
3.158752222e-13
1.939369907e-13
1.479254733e-13
1.340772837e-13
1.309730874e-13
1.304962214e-13
1.30451132e-13
1.304517308e-13
1.304546221e-13
1.304564957e-13
1.304579778e-13
1.304593374e-13
1.304605689e-13
1.304617182e-13
1.304629082e-13
1.304641733e-13
1.304655271e-13
1.304659272e-13
1.304523031e-13
1.303263536e-13
4.084445386e-16
3.883928639e-16
3.685296953e-16
3.471331476e-16
3.216199527e-16
2.900948688e-16
2.510976255e-16
2.034903291e-16
1.487375591e-16
9.937340404e-17
3.577969537e-17
1.135674443e-18
0
0
0
0
0
0
0
0
0
0
0
0
0
0
1.472925002e-14
2.321740895e-14
2.478633844e-14
2.428775517e-14
0
4.92068391e-14
5.095616755e-13
2.682259377e-12
4.148181736e-12
4.679614288e-12
4.116583475e-12
2.471071984e-12
1.366625691e-12
7.138536723e-13
3.726834433e-13
2.165574035e-13
1.556055455e-13
1.361910805e-13
1.314503115e-13
1.306302055e-13
1.30537754e-13
1.305308858e-13
1.305328537e-13
1.30534184e-13
1.305350879e-13
1.305358997e-13
1.305367017e-13
1.30537505e-13
1.305384082e-13
1.305394974e-13
1.305408146e-13
1.305412539e-13
1.305276828e-13
1.304015376e-13
4.745983425e-16
4.622718575e-16
4.446022722e-16
4.195330616e-16
3.854100693e-16
3.409379762e-16
2.850703308e-16
2.188028028e-16
1.529683073e-16
7.689339305e-17
0
0
0
0
0
0
0
0
0
0
0
0
0
0
0
0
1.074851095e-14
2.298365628e-14
2.599871125e-14
2.816048416e-14
0
9.06950046e-14
5.872783752e-13
1.777812003e-12
3.747821541e-12
4.689461345e-12
4.407422153e-12
2.817457063e-12
1.643295975e-12
8.891594405e-13
4.649085582e-13
2.574163554e-13
1.706741849e-13
1.406730369e-13
1.325057875e-13
1.308666132e-13
1.306457788e-13
1.30628757e-13
1.306307384e-13
1.306314199e-13
1.306312479e-13
1.306310206e-13
1.306309219e-13
1.306309823e-13
1.306313423e-13
1.306320704e-13
1.306332007e-13
1.306336163e-13
1.306205439e-13
1.30496213e-13
)
;

boundaryField
{
    inletCH4
    {
        type            fixedValue;
        value           uniform 0;
    }
    wallOutside
    {
        type            zeroGradient;
    }
    wallTube
    {
        type            zeroGradient;
    }
    inletPilot
    {
        type            fixedValue;
        value           uniform 0;
    }
    inletAir
    {
        type            fixedValue;
        value           uniform 0;
    }
    outlet
    {
        type            zeroGradient;
    }
    axis
    {
        type            empty;
    }
    frontAndBack_pos
    {
        type            wedge;
    }
    frontAndBack_neg
    {
        type            wedge;
    }
}


// ************************************************************************* //
