/*--------------------------------*- C++ -*----------------------------------*\
  =========                 |
  \\      /  F ield         | OpenFOAM: The Open Source CFD Toolbox
   \\    /   O peration     | Website:  https://openfoam.org
    \\  /    A nd           | Version:  10
     \\/     M anipulation  |
\*---------------------------------------------------------------------------*/
FoamFile
{
    format      ascii;
    class       volScalarField;
    location    "0.02499901733";
    object      CH2CO_0;
}
// * * * * * * * * * * * * * * * * * * * * * * * * * * * * * * * * * * * * * //

dimensions      [0 0 0 0 0 0 0];

internalField   nonuniform List<scalar> 
5170
(
0
0
0
0
0
0
0
0
0
0
0
0
0
0
0
0
0
0
0
0
0
0
0
0
0
0
0
0
0
0
0
0
0
0
0
0
0
0
0
0
0
0
0
0
0
0
0
0
0
0
0
0
0
0
0
0
0
0
0
0
0
0
0
0
0
0
0
0
0
0
0
0
0
0
0
0
0
0
0
0
0
0
0
0
0
0
0
0
0
0
0
0
0
8.187771185e-14
1.003576864e-12
2.678458344e-13
2.484046584e-12
2.136850414e-11
1.521493967e-10
7.344231098e-10
8.08096077e-16
1.504109962e-14
0
3.698359688e-15
7.768128847e-15
8.803890357e-15
1.390654557e-14
9.30762333e-15
1.094745438e-14
9.455507612e-15
4.202405655e-15
8.046555357e-15
4.457577467e-15
4.58950761e-15
3.193357654e-15
1.349915079e-15
2.521423821e-15
1.027430892e-15
9.92649178e-16
4.022464695e-16
0
4.46112432e-16
8.501237198e-17
1.545544201e-17
0
0
0
0
0
0
0
0
0
9.520681393e-12
0
8.243608999e-10
2.888557718e-11
2.358356387e-13
1.037610705e-11
3.187194548e-09
3.637491476e-09
5.532618254e-10
0
2.273096771e-09
9.843779732e-11
6.384343627e-10
2.988204792e-09
2.593920967e-09
1.468215659e-09
5.846307557e-11
2.52750521e-11
8.545765569e-10
8.296629909e-10
5.611996666e-11
1.151585566e-10
9.739281458e-11
0
0
4.860062527e-11
4.394497505e-11
2.569600681e-11
3.75010029e-12
4.37610897e-11
6.070913357e-11
9.698538714e-11
5.80055093e-11
3.878120859e-11
3.949755439e-11
6.276550323e-11
8.455282776e-11
7.060796923e-11
4.630443233e-11
4.701820667e-11
6.810583325e-11
6.234937904e-11
5.541365089e-11
5.842195553e-11
5.814299859e-11
6.250236966e-11
4.150691531e-11
3.721128075e-11
5.4062512e-11
5.481616746e-11
4.583135776e-11
2.882076162e-11
2.974207392e-11
4.070019755e-11
4.103419701e-11
3.210002416e-11
2.399397638e-11
4.903080649e-10
1.709118819e-10
5.861628491e-11
3.141567523e-11
2.37110095e-11
5.452942028e-08
1.642580381e-08
2.42461996e-09
5.144366232e-10
2.336904999e-11
1.922722154e-11
1.491258619e-10
2.261234229e-09
3.308210799e-08
4.336049358e-07
4.590012179e-10
3.54297899e-09
5.126615487e-08
6.736539139e-07
7.21786333e-06
2.867840898e-09
2.019393391e-08
2.425224761e-07
2.428706597e-06
1.722857005e-05
1.105120916e-08
7.006779177e-08
7.014230362e-07
5.439258619e-06
2.678596078e-05
3.322580234e-08
1.905628187e-07
1.600677999e-06
9.620216223e-06
3.509476816e-05
8.658674937e-08
4.542071577e-07
3.178033338e-06
1.495332723e-05
4.41149374e-05
2.036786105e-07
9.737853993e-07
5.658338165e-06
2.159725547e-05
5.515573698e-05
4.436703879e-07
1.92036663e-06
9.261105582e-06
2.944892524e-05
6.687251117e-05
9.120603344e-07
3.52975024e-06
1.406957677e-05
3.794832594e-05
7.745663137e-05
1.782398787e-06
6.056389703e-06
1.99959424e-05
4.663360498e-05
8.659414118e-05
3.337140729e-06
9.778188706e-06
2.6875031e-05
5.530144779e-05
9.493519005e-05
6.21091811e-06
1.49386419e-05
3.453284909e-05
6.414976529e-05
0.0001034145787
1.076828319e-05
2.152240931e-05
4.296286799e-05
7.339828516e-05
0.0001123998649
1.773026733e-05
2.979024458e-05
5.239605806e-05
8.3343974e-05
0.0001221229301
2.758207504e-05
3.999814405e-05
6.309335516e-05
9.422569176e-05
0.0001326847273
4.007846458e-05
5.235764423e-05
7.547124695e-05
0.0001064593918
0.0001443417179
5.611684058e-05
6.775533524e-05
9.020801151e-05
0.000120497854
0.0001574658456
7.502084497e-05
8.575696288e-05
0.0001071754774
0.0001366437251
0.00017283527
9.610939341e-05
0.000106098781
0.0001263414926
0.0001542708906
0.0001883370086
0.0001191045278
0.0001276792673
0.0001448525536
0.0001677485004
0.0001940103001
0.0001400239904
0.0001455729556
0.0001563555559
0.0001699154473
0.0001841281904
0.0001473415921
0.0001495628464
0.0001538028866
0.0001587832788
0.00016325201
0.0001373033184
0.0001376920724
0.000138244994
0.0001384600358
0.0001378214024
0.000117082563
0.0001167474654
0.0001158539517
0.0001142557865
0.0001118236405
9.412435931e-05
9.363650453e-05
9.247938028e-05
9.064570065e-05
8.813778132e-05
7.290859412e-05
7.24677425e-05
7.145703671e-05
6.9897246e-05
6.7825988e-05
5.615981628e-05
5.581941098e-05
5.503631109e-05
5.383745403e-05
5.226174066e-05
4.293286588e-05
4.268033557e-05
4.210167163e-05
4.121937931e-05
4.006475881e-05
3.257462492e-05
3.239213069e-05
3.197487212e-05
3.133960903e-05
3.050934981e-05
2.444392166e-05
2.431490379e-05
2.401984152e-05
2.357045313e-05
2.298297216e-05
1.805472306e-05
1.796563711e-05
1.776138065e-05
1.74497179e-05
1.704178882e-05
1.305998451e-05
1.300006721e-05
1.286202898e-05
1.265077096e-05
1.237376685e-05
9.202779942e-06
9.163654689e-06
9.072907235e-06
8.933468551e-06
8.750244161e-06
6.282723901e-06
6.258044289e-06
6.200288436e-06
6.11111051e-06
5.993658529e-06
4.134345553e-06
4.119400431e-06
4.084032856e-06
4.02910351e-06
3.956579812e-06
2.611108274e-06
2.602481428e-06
2.581768509e-06
2.549372508e-06
2.506486954e-06
1.577308105e-06
1.572589586e-06
1.561052934e-06
1.542855557e-06
1.518695529e-06
9.08869616e-07
9.06441856e-07
9.003626284e-07
8.906729339e-07
8.777658332e-07
4.984410959e-07
4.97274535e-07
4.942604644e-07
4.893930945e-07
4.828842313e-07
2.596965553e-07
2.591786218e-07
2.577813638e-07
2.554866248e-07
2.52403381e-07
1.283668548e-07
1.281573868e-07
1.275563431e-07
1.265469298e-07
1.2518253e-07
6.014083636e-08
6.006569112e-08
5.98282747e-08
5.941697335e-08
5.885662984e-08
2.669589878e-08
2.667322899e-08
2.658845006e-08
2.643468576e-08
2.622289097e-08
1.123041802e-08
1.122558174e-08
1.119899116e-08
1.114701981e-08
1.107425761e-08
4.483840749e-09
4.483835892e-09
4.476965119e-09
4.461489248e-09
4.439227348e-09
1.705698783e-09
1.706428429e-09
1.705248317e-09
1.701391806e-09
1.695545483e-09
6.243585143e-10
6.248692564e-10
6.249420295e-10
6.242615057e-10
6.230773411e-10
2.263873091e-10
2.266390314e-10
2.26807806e-10
2.267760848e-10
2.266286875e-10
8.68135102e-11
8.690521596e-11
8.697505907e-11
8.698199372e-11
8.69537756e-11
3.954550388e-11
3.956303182e-11
3.955744152e-11
3.953030439e-11
3.947605198e-11
2.341705788e-11
2.340748949e-11
2.337683742e-11
2.332238822e-11
2.324718796e-11
1.781906227e-11
1.780461052e-11
1.776899077e-11
1.771221752e-11
1.763535555e-11
1.530501542e-11
1.528933472e-11
1.525355672e-11
1.519836992e-11
1.512444256e-11
1.376329412e-11
1.374881189e-11
1.371642193e-11
1.36668314e-11
1.360010778e-11
1.257747352e-11
1.256406068e-11
1.253425194e-11
1.248880452e-11
1.24280959e-11
1.155000569e-11
1.153803033e-11
1.15114577e-11
1.14709577e-11
1.141686112e-11
1.062707171e-11
1.061635877e-11
1.05926089e-11
1.055643041e-11
1.050808459e-11
9.7846961e-12
9.775151673e-12
9.754006865e-12
9.721824372e-12
9.678849185e-12
9.019220114e-12
9.010712506e-12
8.991877766e-12
8.963245793e-12
8.92509433e-12
8.330073459e-12
8.322454145e-12
8.305576949e-12
8.27988777e-12
8.245582466e-12
7.708932316e-12
7.702110338e-12
7.687005766e-12
7.664020533e-12
7.633329165e-12
7.152923341e-12
7.146787807e-12
7.133209949e-12
7.11255034e-12
7.084957961e-12
6.653669282e-12
6.648093207e-12
6.635761812e-12
6.617002531e-12
6.591942401e-12
6.197747041e-12
6.192641699e-12
6.181384373e-12
6.164293156e-12
6.141481814e-12
5.77648098e-12
5.771848899e-12
5.76162306e-12
5.74608623e-12
5.725345358e-12
5.380864855e-12
5.376703042e-12
5.367528907e-12
5.353616562e-12
5.335076939e-12
5.00904038e-12
5.005304991e-12
4.99704636e-12
4.984483208e-12
4.967698595e-12
4.6588532e-12
4.655537044e-12
4.648199266e-12
4.637030766e-12
4.622105059e-12
4.339325e-12
4.336394474e-12
4.329906464e-12
4.320026443e-12
4.306816663e-12
4.078051831e-12
4.075417943e-12
4.069585193e-12
4.060698597e-12
4.048805478e-12
1.571446053e-06
3.068782708e-05
5.127430069e-05
6.008406802e-05
6.64366975e-05
7.720512316e-05
9.186515837e-05
0.0001050747115
0.000114335387
0.0001211575594
0.0001276891146
0.0001351881799
0.0001435641336
0.0001527341798
0.0001627365168
0.0001736417191
0.0001859360832
0.0002006929889
0.0002142139083
0.0002123200695
0.0001929386874
0.0001653765222
0.0001367568774
0.0001098071207
8.620668887e-05
6.62667276e-05
5.109172459e-05
3.921134873e-05
2.989740018e-05
2.255151854e-05
1.674383608e-05
1.217304535e-05
8.618929968e-06
5.910708268e-06
3.906330514e-06
2.477494578e-06
1.50286965e-06
8.696482707e-07
4.790035512e-07
2.506929333e-07
1.244990403e-07
5.861638979e-08
2.615357882e-08
1.106151036e-08
4.440896307e-09
1.698746222e-09
6.251441241e-10
2.275964251e-10
8.730096552e-11
3.955288072e-11
2.322142163e-11
1.758355206e-11
1.506772268e-11
1.354701314e-11
1.237936781e-11
1.137333168e-11
1.046906696e-11
9.644138033e-12
8.894359359e-12
8.217874041e-12
7.608521743e-12
7.062616346e-12
6.571607225e-12
6.122935404e-12
5.708470911e-12
5.319955485e-12
4.954074063e-12
4.610002106e-12
4.296108265e-12
4.039145426e-12
3.787507522e-06
1.461043418e-06
8.551568417e-08
1.184584156e-08
1.80823938e-09
9.50687588e-05
0.0004781377812
2.748804248e-05
9.052146382e-07
1.430960239e-07
0.0001260994113
0.0003553353998
3.348308265e-05
1.800953616e-06
3.402773452e-07
0.0001234525802
0.0002360123174
6.85821243e-05
5.359191729e-06
5.224597005e-07
0.0001237426109
0.0002283280531
0.0002958960199
2.94219041e-05
2.190494482e-06
0.0001385975742
0.0002804169789
0.000500448739
6.234798303e-05
5.724841389e-06
0.0001594175218
0.0003186525865
0.0005430024437
7.964313243e-05
9.043564273e-06
0.0001727347476
0.0003118712139
0.000454227765
8.664953568e-05
1.150260724e-05
0.0001769423072
0.0002874067101
0.000375835106
0.0001628507406
2.378509693e-05
0.0001781489733
0.0002718562334
0.0003532561569
0.0002650888561
4.297446594e-05
0.0001810434965
0.0002698938426
0.0003619774245
0.0003539705496
6.331810873e-05
0.0001866425627
0.0002750909472
0.0003744019827
0.0004070252523
8.119619828e-05
0.0001937256624
0.0002806440973
0.0003782522375
0.000426279901
0.0001251709
0.0002016510081
0.0002856902235
0.0003784648995
0.0004324915568
0.0001813500314
0.0002104211723
0.0002916172588
0.0003802177323
0.0004368177606
0.0002367734471
0.0002198591934
0.000297801007
0.0003823801229
0.0004407109235
0.0002852398789
0.0002305757187
0.0003057150169
0.0003875238812
0.0004455710268
0.0003025413539
0.0002440173963
0.000317075977
0.0003950320449
0.0004402378216
0.0002463202996
0.0002541573856
0.0003203151108
0.0003884850147
0.0004226727293
0.000123984216
0.0002399485743
0.0002770235289
0.0003013193596
0.0002964965503
0.000234535639
0.0002061994475
0.0002171733785
0.0002143638518
0.0001936844167
0.0001550041122
0.0001689447774
0.000166787697
0.0001557042252
0.0001364639555
0.0001119717341
0.0001358120351
0.000129318219
0.0001179626347
0.0001030197912
8.630537091e-05
0.000107519194
0.0001008154217
9.134754406e-05
8.009426294e-05
6.814601519e-05
8.395871975e-05
7.835427188e-05
7.103960607e-05
6.270652779e-05
5.402265833e-05
6.4438414e-05
6.016351646e-05
5.47735316e-05
4.874508742e-05
4.250817855e-05
4.972349611e-05
4.656945586e-05
4.263294256e-05
3.824913685e-05
3.370921521e-05
3.821719199e-05
3.592946995e-05
3.307577509e-05
2.989152986e-05
2.657779107e-05
2.919131305e-05
2.755207714e-05
2.549571282e-05
2.318833072e-05
2.077096962e-05
2.206288771e-05
2.090609869e-05
1.943898166e-05
1.777914745e-05
1.602644758e-05
1.641649623e-05
1.561665842e-05
1.458571796e-05
1.340689812e-05
1.215099595e-05
1.196220228e-05
1.142281837e-05
1.071258905e-05
9.890071464e-06
9.005215706e-06
8.489464205e-06
8.136390919e-06
7.658900563e-06
7.097785459e-06
6.487923512e-06
5.83589566e-06
5.612918098e-06
5.301349971e-06
4.929167326e-06
4.520318625e-06
3.866449678e-06
3.731575494e-06
3.535466972e-06
3.296874819e-06
3.031849891e-06
2.458524669e-06
2.380956122e-06
2.262563784e-06
2.115538041e-06
1.950303733e-06
1.495378405e-06
1.453264436e-06
1.385032486e-06
1.298324544e-06
1.199663743e-06
8.67749851e-07
8.463277858e-07
8.089346602e-07
7.601669456e-07
7.039390313e-07
4.793648573e-07
4.692508029e-07
4.498318637e-07
4.237506083e-07
3.932511367e-07
2.516533471e-07
2.472800313e-07
2.377556424e-07
2.245269367e-07
2.088189357e-07
1.253762329e-07
1.236823523e-07
1.19284737e-07
1.129354978e-07
1.052695436e-07
5.922549858e-08
5.866349327e-08
5.675795881e-08
5.387930123e-08
5.033942361e-08
2.651576936e-08
2.637449329e-08
2.560193161e-08
2.437064378e-08
2.282555839e-08
1.125382406e-08
1.124202967e-08
1.094987704e-08
1.045334886e-08
9.816112378e-09
4.533858043e-09
4.548769781e-09
4.445997626e-09
4.257181216e-09
4.008790199e-09
1.740072587e-09
1.753205631e-09
1.719654e-09
1.651899247e-09
1.560333483e-09
6.421760279e-10
6.496084884e-10
6.39551183e-10
6.164980608e-10
5.843254653e-10
2.340703463e-10
2.373572084e-10
2.343688671e-10
2.267240378e-10
2.157690746e-10
8.953833177e-11
9.069457777e-11
8.9690948e-11
8.710124355e-11
8.334926175e-11
4.022462574e-11
4.048924569e-11
4.002785782e-11
3.901976775e-11
3.760991571e-11
2.335333591e-11
2.329673453e-11
2.299165719e-11
2.24904822e-11
2.183579184e-11
1.755897125e-11
1.740801954e-11
1.714950832e-11
1.680083821e-11
1.63779574e-11
1.500069037e-11
1.48335586e-11
1.460661355e-11
1.432764724e-11
1.400147006e-11
1.347502233e-11
1.33170422e-11
1.311496194e-11
1.287302466e-11
1.259530306e-11
1.231099595e-11
1.216671176e-11
1.198665896e-11
1.177361639e-11
1.15307206e-11
1.131153368e-11
1.118271511e-11
1.102243348e-11
1.083303922e-11
1.061695894e-11
1.041338978e-11
1.029800044e-11
1.015499582e-11
9.986302564e-12
9.79385224e-12
9.594552031e-12
9.491718506e-12
9.364352029e-12
9.214316167e-12
9.043590421e-12
8.850435354e-12
8.759086293e-12
8.645765157e-12
8.511830056e-12
8.358713664e-12
8.17822738e-12
8.096076547e-12
7.994286387e-12
7.87411093e-12
7.736867254e-12
7.572930381e-12
7.499412404e-12
7.408522171e-12
7.301426421e-12
7.17924483e-12
7.03041425e-12
6.964125439e-12
6.882302916e-12
6.785913453e-12
6.675820529e-12
6.542130165e-12
6.481625266e-12
6.406810125e-12
6.319159638e-12
6.219346465e-12
6.095877308e-12
6.040735738e-12
5.97301552e-12
5.893432292e-12
5.802691949e-12
5.683805381e-12
5.633631332e-12
5.5720873e-12
5.499845115e-12
5.417702871e-12
5.297930074e-12
5.252789507e-12
5.197306172e-12
5.131981573e-12
5.057411799e-12
4.934316708e-12
4.893822887e-12
4.843942268e-12
4.785205805e-12
4.718129607e-12
4.592519954e-12
4.556536402e-12
4.512091889e-12
4.459668628e-12
4.399722022e-12
4.280676291e-12
4.248806182e-12
4.209336347e-12
4.162659771e-12
4.109209865e-12
4.025199727e-12
3.99645219e-12
3.96084152e-12
3.918694438e-12
3.870378025e-12
2.008409769e-10
1.392583425e-11
0
0
0
0
0
0
0
0
0
0
0
0
0
0
0
0
0
0
0
0
0
0
0
0
0
0
0
0
0
0
0
0
0
0
0
0
0
0
0
0
0
0
0
0
0
0
0
0
0
0
0
0
0
0
0
0
0
0
1.593820235e-08
1.604692742e-09
1.637765652e-10
2.112156672e-11
2.861920017e-12
0
0
0
0
0
0
0
0
0
0
0
0
0
0
0
0
0
0
0
0
0
0
0
0
0
0
0
0
0
0
0
0
0
0
0
0
0
0
0
0
0
0
0
0
0
0
0
0
0
0
0
0
0
0
0
5.086882824e-08
1.051169848e-08
1.382053062e-09
1.953690582e-10
4.200508086e-11
1.140679802e-11
2.676071649e-12
0
0
0
0
0
0
0
0
0
0
0
0
0
0
0
0
0
0
0
0
0
0
0
0
0
0
0
0
0
0
0
0
0
0
0
0
0
0
0
0
0
0
0
0
0
0
0
0
0
0
0
0
0
1.012688749e-07
4.695688884e-08
1.340621788e-08
1.722105355e-09
3.330064044e-10
1.00854655e-10
3.786674074e-11
1.411834105e-11
4.139810962e-12
2.99442856e-13
0
0
0
0
0
0
0
0
0
0
0
0
0
0
0
0
0
0
0
0
0
0
0
0
0
0
0
0
0
0
0
0
0
0
0
0
0
0
0
0
0
0
0
0
0
0
0
0
0
0
4.458799011e-07
1.589768743e-07
8.704574277e-08
1.596160833e-08
2.391845948e-09
5.910036454e-10
2.079370504e-10
8.309275635e-11
3.244699651e-11
1.088039149e-11
2.41784086e-12
0
0
0
0
0
0
0
0
0
0
0
0
0
0
0
0
0
0
0
0
0
0
0
0
0
0
0
0
0
0
0
0
0
0
0
0
0
0
0
0
0
0
0
0
0
0
0
0
0
9.878041988e-07
3.062375962e-07
2.100912985e-07
8.825680823e-08
1.331424396e-08
2.427643066e-09
7.06457942e-10
2.620366798e-10
1.029896302e-10
3.834277678e-11
1.205121423e-11
2.418961266e-12
0
0
0
0
0
0
0
0
0
0
0
0
0
0
0
0
0
0
0
0
0
0
0
0
0
0
0
0
0
0
0
0
0
0
0
0
0
0
0
0
0
0
0
0
0
0
0
0
9.431708491e-07
3.276822854e-07
2.793467934e-07
2.378330185e-07
6.86072759e-08
9.917939331e-09
2.152361003e-09
6.89896293e-10
2.580189606e-10
9.690996908e-11
3.33474516e-11
9.260139985e-12
1.36740849e-12
0
0
0
0
0
0
0
0
0
0
0
0
0
0
0
0
0
0
0
0
0
0
0
0
0
0
0
0
0
0
0
0
0
0
0
0
0
0
0
0
0
0
0
0
0
0
0
9.647511072e-07
3.720880798e-07
3.008087315e-07
3.706089842e-07
2.383577643e-07
4.490739617e-08
7.093671125e-09
1.815334169e-09
6.08674468e-10
2.19924137e-10
7.657028779e-11
2.351171705e-11
5.345435768e-12
3.108641874e-13
0
0
0
0
0
0
0
0
0
0
0
0
0
0
0
0
0
0
0
0
0
0
0
0
0
0
0
0
0
0
0
0
0
0
0
0
0
0
0
0
0
0
0
0
0
0
2.172725053e-06
4.304301238e-07
3.374694689e-07
4.548408896e-07
4.733066625e-07
1.798527749e-07
2.548857863e-08
4.812995882e-09
1.369147011e-09
4.573403219e-10
1.544991502e-10
4.834394249e-11
1.258293689e-11
1.957611246e-12
0
0
0
0
0
0
0
0
0
0
0
0
0
0
0
0
0
0
0
0
0
0
0
0
0
0
0
0
0
0
0
0
0
0
0
0
0
0
0
0
0
0
0
0
0
0
4.548916173e-06
5.622834381e-07
4.680980129e-07
5.556314427e-07
6.807263786e-07
4.668413416e-07
9.327231263e-08
1.293255911e-08
2.950941324e-09
8.804780286e-10
2.813282751e-10
8.651826626e-11
2.349140114e-11
4.667849591e-12
1.668123287e-13
0
0
0
0
0
0
0
0
0
0
0
0
0
0
0
0
0
0
0
0
0
0
0
0
0
0
0
0
0
0
0
0
0
0
0
0
0
0
0
0
0
0
0
0
0
7.682981431e-06
7.687154655e-07
4.418476681e-07
6.077826287e-07
8.589501202e-07
8.272234455e-07
2.707693338e-07
3.840128469e-08
6.78064766e-09
1.697859887e-09
4.89834828e-10
1.424577254e-10
3.835397844e-11
8.372622343e-12
8.415467124e-13
0
0
0
0
0
0
0
0
0
0
0
0
0
0
0
0
0
0
0
0
0
0
0
0
0
0
0
0
0
0
0
0
0
0
0
0
0
0
0
0
0
0
0
0
0
1.102009269e-05
1.164025076e-06
3.949696309e-07
9.351073022e-07
1.156687486e-06
1.245204239e-06
6.198681662e-07
9.787826187e-08
1.507598958e-08
3.100965357e-09
7.822528783e-10
2.096895523e-10
5.444840395e-11
1.226994277e-11
1.67717022e-12
0
0
0
0
0
0
0
0
0
0
0
0
0
0
0
0
0
0
0
0
0
0
0
0
0
0
0
0
0
0
0
0
0
0
0
0
0
0
0
0
0
0
0
0
0
1.846908005e-05
2.158102493e-06
4.357684252e-07
1.222884669e-06
1.554639979e-06
1.813805696e-06
1.161497579e-06
2.295144335e-07
3.229418667e-08
5.442853289e-09
1.145451147e-09
2.746882449e-10
6.776230604e-11
1.543778544e-11
2.44006048e-12
2.947289032e-15
0
0
0
0
0
0
0
0
0
0
0
0
0
0
0
0
0
0
0
0
0
0
0
0
0
0
0
0
0
0
0
0
0
0
0
0
0
0
0
0
0
0
0
0
2.931178568e-05
3.830451388e-06
5.683978696e-07
1.057026202e-06
1.85632994e-06
2.4915784e-06
1.889682833e-06
5.404802113e-07
6.860219251e-08
9.937594155e-09
1.682722829e-09
3.472961647e-10
8.003763074e-11
1.831710694e-11
3.212446823e-12
5.915190431e-14
0
0
0
0
0
0
0
0
0
0
0
0
0
0
0
0
0
0
0
0
0
0
0
0
0
0
0
0
0
0
0
0
0
0
0
0
0
0
0
0
0
0
0
0
4.21513679e-05
6.198086682e-06
8.834014831e-07
9.831403953e-07
2.378436526e-06
3.377648513e-06
2.723417734e-06
1.065186829e-06
1.503049835e-07
1.90790452e-08
2.500680952e-09
4.255655353e-10
9.04920884e-11
2.079409404e-11
3.951641103e-12
1.475720158e-13
0
0
0
0
0
0
0
0
0
0
0
0
0
0
0
0
0
0
0
0
0
0
0
0
0
0
0
0
0
0
0
0
0
0
0
0
0
0
0
0
0
0
0
0
5.546485657e-05
9.024403356e-06
1.410706009e-06
1.410772823e-06
3.627265889e-06
4.703024102e-06
3.59018929e-06
1.690950531e-06
3.15822082e-07
3.860220012e-08
3.876055802e-09
5.231312548e-10
1.020521915e-10
2.363882739e-11
4.802103865e-12
2.825700312e-13
0
0
0
0
0
0
0
0
0
0
0
0
0
0
0
0
0
0
0
0
0
0
0
0
0
0
0
0
0
0
0
0
0
0
0
0
0
0
0
0
0
0
0
0
6.21669311e-05
1.076240879e-05
2.485019632e-06
7.935906046e-06
6.8475635e-06
6.453523786e-06
4.40518201e-06
2.165035119e-06
5.883602272e-07
8.11678022e-08
7.043231196e-09
7.717318671e-10
1.354430733e-10
3.049582365e-11
6.445274141e-12
6.049368431e-13
0
0
0
0
0
0
0
0
0
0
0
0
0
0
0
0
0
0
0
0
0
0
0
0
0
0
0
0
0
0
0
0
0
0
0
0
0
0
0
0
0
0
0
0
5.060309531e-05
8.582043519e-06
2.583014718e-06
9.034543641e-06
1.06973467e-05
8.327715552e-06
5.04914082e-06
2.483952283e-06
9.055977548e-07
1.945133166e-07
2.128493343e-08
2.018553194e-09
2.687284587e-10
5.021490263e-11
1.019417364e-11
1.325513365e-12
0
0
0
0
0
0
0
0
0
0
0
0
0
0
0
0
0
0
0
0
0
0
0
0
0
0
0
0
0
0
0
0
0
0
0
0
0
0
0
0
0
0
0
0
2.718992865e-05
8.974000282e-06
2.688008901e-05
2.217617772e-05
1.554749667e-05
9.725481463e-06
5.526229103e-06
2.811884754e-06
1.233394714e-06
4.118446173e-07
8.177605135e-08
8.950222397e-09
8.755479402e-10
1.150985031e-10
1.958480158e-11
2.943273963e-12
3.500673959e-15
0
0
0
0
0
0
0
0
0
0
0
0
0
0
0
0
0
0
0
0
0
0
0
0
0
0
0
0
0
0
0
0
0
0
0
0
0
0
0
0
0
0
0
0.0001529108992
7.341496313e-05
4.412969551e-05
2.812258851e-05
1.738517474e-05
1.04266442e-05
5.95498356e-06
3.177627552e-06
1.550793849e-06
6.619161589e-07
2.159421886e-07
4.183553661e-08
4.478068222e-09
4.247080108e-10
5.192228128e-11
7.294492382e-12
4.1448241e-13
0
0
0
0
0
0
0
0
0
0
0
0
0
0
0
0
0
0
0
0
0
0
0
0
0
0
0
0
0
0
0
0
0
0
0
0
0
0
0
0
0
0
0
0.0001077341493
6.913085219e-05
4.459862145e-05
2.831555339e-05
1.768590498e-05
1.07893694e-05
6.353343084e-06
3.568460808e-06
1.882791726e-06
9.110879377e-07
3.855140642e-07
1.244712425e-07
2.36272292e-08
2.41415857e-09
2.143480415e-10
2.326912139e-11
2.261226309e-12
0
0
0
0
0
0
0
0
0
0
0
0
0
0
0
0
0
0
0
0
0
0
0
0
0
0
0
0
0
0
0
0
0
0
0
0
0
0
0
0
0
0
0
8.443172146e-05
5.926894476e-05
4.027546422e-05
2.669285675e-05
1.730071063e-05
1.093552514e-05
6.704070952e-06
3.955993036e-06
2.222448122e-06
1.169235166e-06
5.612269497e-07
2.342398176e-07
7.412172924e-08
1.352132302e-08
1.285047842e-09
1.042463931e-10
9.345764777e-12
3.023102418e-13
0
0
0
0
0
0
0
0
0
0
0
0
0
0
0
0
0
0
0
0
0
0
0
0
0
0
0
0
0
0
0
0
0
0
0
0
0
0
0
0
0
0
6.781435995e-05
4.997019638e-05
3.554050636e-05
2.457325895e-05
1.657294337e-05
1.088916554e-05
6.94913434e-06
4.284472694e-06
2.531653236e-06
1.416862508e-06
7.378794645e-07
3.477271003e-07
1.411382755e-07
4.288555751e-08
7.308115694e-09
6.259922366e-10
4.448506723e-11
2.887919126e-12
0
0
0
0
0
0
0
0
0
0
0
0
0
0
0
0
0
0
0
0
0
0
0
0
0
0
0
0
0
0
0
0
0
0
0
0
0
0
0
0
0
0
5.509530421e-05
4.212293411e-05
3.108609698e-05
2.228070895e-05
1.55611801e-05
1.059035069e-05
7.00266179e-06
4.4807977e-06
2.757643705e-06
1.618111077e-06
8.93812554e-07
4.559613516e-07
2.083505615e-07
8.089647471e-08
2.307763591e-08
3.570436054e-09
2.658653416e-10
1.598339928e-11
3.259912818e-13
0
0
0
0
0
0
0
0
0
0
0
0
0
0
0
0
0
0
0
0
0
0
0
0
0
0
0
0
0
0
0
0
0
0
0
0
0
0
0
0
0
4.452361914e-05
3.484048671e-05
2.644427367e-05
1.966147399e-05
1.418244656e-05
9.947119912e-06
6.783786411e-06
4.480484352e-06
2.8522702e-06
1.738336761e-06
1.004508665e-06
5.426331383e-07
2.682183712e-07
1.172410498e-07
4.274234398e-08
1.116020691e-08
1.525496744e-09
9.925861553e-11
4.434071581e-12
0
0
0
0
0
0
0
0
0
0
0
0
0
0
0
0
0
0
0
0
0
0
0
0
0
0
0
0
0
0
0
0
0
0
0
0
0
0
0
0
0
3.568070786e-05
2.868005098e-05
2.24545294e-05
1.71251819e-05
1.271095939e-05
9.163343196e-06
6.406740261e-06
4.341082888e-06
2.840725061e-06
1.785096184e-06
1.068766035e-06
6.028952044e-07
3.152871168e-07
1.491766858e-07
6.142656637e-08
2.060992741e-08
4.784735146e-09
5.548375155e-10
2.975389656e-11
4.579089408e-13
0
0
0
0
0
0
0
0
0
0
0
0
0
0
0
0
0
0
0
0
0
0
0
0
0
0
0
0
0
0
0
0
0
0
0
0
0
0
0
0
2.870839321e-05
2.350397297e-05
1.875270606e-05
1.458805696e-05
1.106138445e-05
8.164592534e-06
5.84931287e-06
4.056693894e-06
2.714952982e-06
1.749151042e-06
1.077305211e-06
6.284121521e-07
3.42694117e-07
1.714953246e-07
7.658990664e-08
2.916520588e-08
8.761894761e-09
1.731973878e-09
1.580144217e-10
5.740688482e-12
0
0
0
0
0
0
0
0
0
0
0
0
0
0
0
0
0
0
0
0
0
0
0
0
0
0
0
0
0
0
0
0
0
0
0
0
0
0
0
0
2.289836073e-05
1.901370588e-05
1.540167672e-05
1.217421129e-05
9.387129073e-06
7.053121414e-06
5.154213277e-06
3.651036141e-06
2.497766827e-06
1.642487279e-06
1.034456323e-06
6.191462359e-07
3.483716725e-07
1.815406302e-07
8.576741748e-08
3.556475899e-08
1.223582456e-08
3.158041175e-09
4.969559692e-10
3.176163439e-11
2.032839054e-13
0
0
0
0
0
0
0
0
0
0
0
0
0
0
0
0
0
0
0
0
0
0
0
0
0
0
0
0
0
0
0
0
0
0
0
0
0
0
0
1.806439571e-05
1.51695455e-05
1.24379282e-05
9.958758396e-06
7.783224889e-06
5.931527742e-06
4.400223793e-06
3.169158788e-06
2.207177156e-06
1.47980744e-06
9.49550634e-07
5.794046008e-07
3.336162815e-07
1.790322702e-07
8.803273526e-08
3.869678269e-08
1.461601143e-08
4.432327154e-09
9.993326054e-10
1.259298231e-10
5.139453759e-12
0
0
0
0
0
0
0
0
0
0
0
0
0
0
0
0
0
0
0
0
0
0
0
0
0
0
0
0
0
0
0
0
0
0
0
0
0
0
0
1.404739622e-05
1.190486955e-05
9.856962842e-06
7.973454732e-06
6.298175194e-06
4.852821911e-06
3.641387804e-06
2.654624855e-06
1.873813459e-06
1.274519075e-06
8.30876117e-07
5.155928458e-07
3.018593431e-07
1.654735825e-07
8.375047146e-08
3.837907004e-08
1.54594448e-08
5.163437494e-09
1.289118398e-09
2.266246254e-10
1.884064511e-11
4.200239059e-14
0
0
0
0
0
0
0
0
0
0
0
0
0
0
0
0
0
0
0
0
0
0
0
0
0
0
0
0
0
0
0
0
0
0
0
0
0
0
1.072056758e-05
9.153606033e-06
7.638092337e-06
6.227903776e-06
4.959172602e-06
3.852256344e-06
2.914403004e-06
2.142532416e-06
1.525952792e-06
1.048576317e-06
6.913062935e-07
4.345255421e-07
2.583267798e-07
1.437209137e-07
7.424482483e-08
3.505069683e-08
1.477296266e-08
5.339730193e-09
1.482166095e-09
2.324390574e-10
2.482294549e-11
4.799695336e-13
0
0
0
0
0
0
0
0
0
0
0
0
0
0
0
0
0
0
0
0
0
0
0
0
0
0
0
0
0
0
0
0
0
0
0
0
0
0
7.988510525e-06
6.861748637e-06
5.760063891e-06
4.724447115e-06
3.783771051e-06
2.955731686e-06
2.248356447e-06
1.661775361e-06
1.189995099e-06
8.226314841e-07
5.463705421e-07
3.464796009e-07
2.082790484e-07
1.175903993e-07
6.165714724e-08
2.974841401e-08
1.295662527e-08
4.929312831e-09
1.488880776e-09
2.800725278e-10
3.960141776e-11
2.351664144e-12
0
0
0
0
0
0
0
0
0
0
0
0
0
0
0
0
0
0
0
0
0
0
0
0
0
0
0
0
0
0
0
0
0
0
0
0
0
0
5.78107564e-06
4.98878276e-06
4.206417072e-06
3.464518352e-06
2.785397676e-06
2.183524017e-06
1.666338318e-06
1.235339232e-06
8.8726355e-07
6.152964777e-07
4.102482674e-07
2.615770567e-07
1.584191719e-07
9.041025489e-08
4.810504121e-08
2.360462707e-08
1.054732235e-08
4.178661798e-09
1.384454264e-09
2.927634099e-10
4.227045832e-12
2.159226798e-14
0
0
0
0
0
0
0
0
0
0
0
0
0
0
0
0
0
0
0
0
0
0
0
0
0
0
0
0
0
0
0
0
0
0
0
0
0
0
4.042406823e-06
3.500796358e-06
2.961173849e-06
2.445674688e-06
1.970906464e-06
1.548048394e-06
1.18326892e-06
8.78382329e-07
6.316507965e-07
4.386188153e-07
2.929721896e-07
1.873396303e-07
1.139923816e-07
6.551716094e-08
3.525763083e-08
1.755047466e-08
7.993932369e-09
3.257092075e-09
1.121618147e-09
2.487140453e-10
2.838222187e-12
0
0
0
0
0
0
0
0
0
0
0
0
0
0
0
0
0
0
0
0
0
0
0
0
0
0
0
0
0
0
0
0
0
0
0
0
0
0
0
2.719447358e-06
2.361569897e-06
2.002072012e-06
1.656462734e-06
1.336607459e-06
1.050697225e-06
8.034487134e-07
5.964984438e-07
4.289317738e-07
2.978605116e-07
1.990341283e-07
1.274247906e-07
7.775560864e-08
4.492845439e-08
2.438410421e-08
1.229894697e-08
5.690138582e-09
2.376369097e-09
8.554374739e-10
2.343841991e-10
5.66227059e-12
0
0
0
0
0
0
0
0
0
0
0
0
0
0
0
0
0
0
0
0
0
0
0
0
0
0
0
0
0
0
0
0
0
0
0
0
0
0
0
1.753884754e-06
1.526451788e-06
1.29621752e-06
1.073631804e-06
8.668075443e-07
6.814432264e-07
5.209100823e-07
3.864855538e-07
2.776929809e-07
1.926929498e-07
1.287076597e-07
8.242606731e-08
5.037109995e-08
2.92032252e-08
1.594752289e-08
8.128450059e-09
3.817450812e-09
1.621968128e-09
5.970715717e-10
1.666366751e-10
3.813168082e-12
0
0
0
0
0
0
0
0
0
0
0
0
0
0
0
0
0
0
0
0
0
0
0
0
0
0
0
0
0
0
0
0
0
0
0
0
0
0
0
1.081373886e-06
9.429245514e-07
8.017213577e-07
6.645024421e-07
5.365621806e-07
4.216644255e-07
3.220754651e-07
2.386993386e-07
1.71293059e-07
1.187173708e-07
7.922376094e-08
5.072126781e-08
3.10202467e-08
1.802993064e-08
9.894857579e-09
5.084315443e-09
2.418476095e-09
1.042100983e-09
3.916187735e-10
1.107753685e-10
1.454531708e-11
0
0
0
0
0
0
0
0
0
0
0
0
0
0
0
0
0
0
0
0
0
0
0
0
0
0
0
0
0
0
0
0
0
0
0
0
0
0
0
6.359295021e-07
5.554558724e-07
4.727779305e-07
3.920403166e-07
3.165297383e-07
2.486041883e-07
1.897006676e-07
1.404114895e-07
1.006164745e-07
6.963642376e-08
4.641830859e-08
2.970155094e-08
1.81714836e-08
1.057996878e-08
5.82742743e-09
3.013814718e-09
1.446820062e-09
6.333896675e-10
2.393693146e-10
6.616302983e-11
5.410978487e-12
0
0
0
0
0
0
0
0
0
0
0
0
0
0
0
0
0
0
0
0
0
0
0
0
0
0
0
0
0
0
0
0
0
0
0
0
0
0
0
3.560237397e-07
3.11478998e-07
2.653761792e-07
2.20142029e-07
1.777136328e-07
1.394902224e-07
1.063325419e-07
7.860373879e-08
5.624519201e-08
3.887228408e-08
2.588130409e-08
1.654939287e-08
1.012625002e-08
5.903428219e-09
3.261437315e-09
1.695285015e-09
8.191596661e-10
3.626697329e-10
1.372330907e-10
3.881190085e-11
2.51854759e-12
0
0
0
0
0
0
0
0
0
0
0
0
0
0
0
0
0
0
0
0
0
0
0
0
0
0
0
0
0
0
0
0
0
0
0
0
0
0
0
1.894626843e-07
1.66031159e-07
1.415984728e-07
1.175124747e-07
9.485547699e-08
7.441357572e-08
5.667411575e-08
4.184653498e-08
2.990478753e-08
2.064156683e-08
1.372883747e-08
8.773345641e-09
5.36886103e-09
3.133458045e-09
1.735586566e-09
9.058267149e-10
4.402859785e-10
1.963118004e-10
7.34108478e-11
1.899177807e-11
4.175610571e-13
0
0
0
0
0
0
0
0
0
0
0
0
0
0
0
0
0
0
0
0
0
0
0
0
0
0
0
0
0
0
0
0
0
0
0
0
0
0
0
9.57268719e-08
8.403389055e-08
7.174696542e-08
5.957550912e-08
4.809184795e-08
3.771421504e-08
2.870362844e-08
2.117428666e-08
1.511597718e-08
1.04229749e-08
6.926795526e-09
4.424720282e-09
2.708360877e-09
1.582455777e-09
8.785663584e-10
4.600828845e-10
2.243664562e-10
9.859486823e-11
3.819690838e-11
7.403207776e-12
0
0
0
0
0
0
0
0
0
0
0
0
0
0
0
0
0
0
0
0
0
0
0
0
0
0
0
0
0
0
0
0
0
0
0
0
0
0
0
0
4.588497562e-08
4.03560972e-08
3.449930683e-08
2.866802051e-08
2.314856772e-08
1.815154393e-08
1.380906577e-08
1.018062917e-08
7.262694986e-09
5.004485595e-09
3.324443438e-09
2.123521988e-09
1.300572807e-09
7.608799302e-10
4.233573702e-10
2.220584787e-10
1.079843286e-10
4.606487591e-11
1.723587835e-11
7.490738125e-13
0
0
0
0
0
0
0
0
0
0
0
0
0
0
0
0
0
0
0
0
0
0
0
0
0
0
0
0
0
0
0
0
0
0
0
0
0
0
0
0
2.085845891e-08
1.838322995e-08
1.573885535e-08
1.309155116e-08
1.057697285e-08
8.29550805e-09
6.310276731e-09
4.651637279e-09
3.317771381e-09
2.285882236e-09
1.518932719e-09
9.70969146e-10
5.956270827e-10
3.493405167e-10
1.951170921e-10
1.027473588e-10
5.009721674e-11
2.118911571e-11
8.121892304e-12
1.914797095e-12
0
0
0
0
0
0
0
0
0
0
0
0
0
0
0
0
0
0
0
0
0
0
0
0
0
0
0
0
0
0
0
0
0
0
0
0
0
0
0
0
8.994567441e-09
7.945704023e-09
6.814891556e-09
5.676208636e-09
4.590551792e-09
3.603023648e-09
2.742497044e-09
2.022541412e-09
1.443405428e-09
9.952779196e-10
6.624560539e-10
4.245416e-10
2.614962443e-10
1.542878285e-10
8.696688292e-11
4.636016994e-11
2.287155474e-11
9.52187457e-12
1.72665918e-12
3.456452811e-13
0
0
0
0
0
0
0
0
0
0
0
0
0
0
0
0
0
0
0
0
0
0
0
0
0
0
0
0
0
0
0
0
0
0
0
0
0
0
0
0
3.684257932e-09
3.263296009e-09
2.805023283e-09
2.340695433e-09
1.896070681e-09
1.49042543e-09
1.136288078e-09
8.395348705e-10
6.004784562e-10
4.153650412e-10
2.777238548e-10
1.791614849e-10
1.11465654e-10
6.670264059e-11
3.838413879e-11
2.103469605e-11
1.06669176e-11
4.406409554e-12
1.815558671e-13
0
0
0
0
0
0
0
0
0
0
0
0
0
0
0
0
0
0
0
0
0
0
0
0
0
0
0
0
0
0
0
0
0
0
0
0
0
0
0
0
0
1.438812589e-09
1.278511471e-09
1.102231558e-09
9.224691704e-10
7.494940353e-10
5.910854679e-10
4.523389093e-10
3.357418364e-10
2.414986842e-10
1.684717637e-10
1.139532595e-10
7.468634251e-11
4.7538759e-11
2.934179987e-11
1.740072034e-11
1.012144864e-11
5.457183441e-12
2.388046535e-12
1.033121135e-13
3.160875571e-14
0
0
0
0
0
0
0
0
0
0
0
0
0
0
0
0
0
0
0
0
0
0
0
0
0
0
0
0
0
0
0
0
0
0
0
0
0
0
0
0
5.409465984e-10
4.827713957e-10
4.181479555e-10
3.517411874e-10
2.874696227e-10
2.283404951e-10
1.762934618e-10
1.32300398e-10
9.644939897e-11
6.866649035e-11
4.773440317e-11
3.241983339e-11
2.166259276e-11
1.421193116e-11
9.018341244e-12
5.836002337e-12
3.595251164e-12
1.944172543e-12
6.83829747e-13
3.132414984e-13
5.311165203e-14
0
0
0
0
0
0
0
0
0
0
0
0
0
0
0
0
0
0
0
0
0
0
0
0
0
0
0
0
0
0
0
0
0
0
0
0
0
0
0
2.008320069e-10
1.804761773e-10
1.576415378e-10
1.33979644e-10
1.108952162e-10
8.948118978e-11
7.046840538e-11
5.421937241e-11
4.080590832e-11
3.031343889e-11
2.22394572e-11
1.611386711e-11
1.166824583e-11
8.364267612e-12
5.790738418e-12
4.198394188e-12
2.90010721e-12
1.798863413e-12
8.502271135e-13
1.62107707e-13
0
0
0
0
0
0
0
0
0
0
0
0
0
0
0
0
0
0
0
0
0
0
0
0
0
0
0
0
0
0
0
0
0
0
0
0
0
0
0
0
7.818644799e-11
7.10832147e-11
6.302085226e-11
5.459797923e-11
4.638590622e-11
3.866863376e-11
3.167125136e-11
2.554426099e-11
2.036721181e-11
1.616487912e-11
1.279677215e-11
1.004920224e-11
7.935723654e-12
6.171612181e-12
4.578001148e-12
3.581191903e-12
2.636050435e-12
1.706511555e-12
8.403532739e-13
1.354762761e-13
9.583027285e-15
0
0
0
0
0
0
0
0
0
0
0
0
0
0
0
0
0
0
0
0
0
0
0
0
0
0
0
0
0
0
0
0
0
0
0
0
0
0
0
3.568203343e-11
3.303545955e-11
3.002380952e-11
2.687347685e-11
2.372719136e-11
2.068638691e-11
1.783026779e-11
1.520638416e-11
1.293947038e-11
1.100462058e-11
9.326837624e-12
7.836869195e-12
6.548576602e-12
5.372292572e-12
4.198096126e-12
3.391069877e-12
2.562801067e-12
1.697552638e-12
8.496554637e-13
0
1.396805371e-14
0
0
0
0
0
0
0
0
0
0
0
0
0
0
0
0
0
0
0
0
0
0
0
0
0
0
0
0
0
0
0
0
0
0
0
0
0
0
0
2.096399598e-11
1.980412547e-11
1.849057154e-11
1.708764818e-11
1.564579334e-11
1.420120381e-11
1.278229888e-11
1.142457041e-11
1.017362755e-11
9.038995454e-12
7.964805108e-12
6.938524033e-12
5.975312713e-12
5.037004221e-12
4.042568736e-12
3.367514874e-12
2.660798717e-12
1.937132653e-12
1.283173755e-12
7.392794381e-13
4.057854274e-13
1.100584524e-13
0
0
0
0
0
0
0
0
0
0
0
0
0
0
0
0
0
0
0
0
0
0
0
0
0
0
0
0
0
0
0
0
0
0
0
0
0
0
1.583796254e-11
1.515344937e-11
1.438222531e-11
1.354560271e-11
1.266121215e-11
1.174056764e-11
1.079922503e-11
9.86887395e-12
8.999473237e-12
8.153648441e-12
7.307995626e-12
6.470699542e-12
5.6617986e-12
4.852843135e-12
3.98878224e-12
3.368818816e-12
2.733115199e-12
2.090968114e-12
1.498520949e-12
9.905012324e-13
6.062214835e-13
2.919896034e-13
0
0
0
0
0
0
0
0
0
0
0
0
0
0
0
0
0
0
0
0
0
0
0
0
0
0
0
0
0
0
0
0
0
0
0
0
0
0
1.35898947e-11
1.307567236e-11
1.25023583e-11
1.18780026e-11
1.120781766e-11
1.049920301e-11
9.765465189e-12
9.029851667e-12
8.316160756e-12
7.591298966e-12
6.850750181e-12
6.11164756e-12
5.391021583e-12
4.658993663e-12
3.860018256e-12
3.285814056e-12
2.677908291e-12
2.038585615e-12
1.387365506e-12
7.383060265e-13
1.888318824e-13
6.722909933e-14
0
0
0
0
0
0
0
0
0
0
0
0
0
0
0
0
0
0
0
0
0
0
0
0
0
0
0
0
0
0
0
0
0
0
0
0
0
0
1.224879257e-11
1.18197405e-11
1.134127583e-11
1.081715364e-11
1.025210004e-11
9.653282159e-12
9.032198882e-12
8.409257427e-12
7.7758592e-12
7.126424968e-12
6.463552831e-12
5.799953752e-12
5.140215644e-12
4.461544168e-12
3.710883248e-12
3.176145362e-12
2.597001455e-12
1.977101859e-12
1.323405591e-12
6.790897224e-13
1.71126454e-13
3.537176315e-14
0
0
0
0
0
0
0
0
0
0
0
0
0
0
0
0
0
0
0
0
0
0
0
0
0
0
0
0
0
0
0
0
0
0
0
0
0
0
1.122792335e-11
1.085259298e-11
1.043324935e-11
9.972929791e-12
9.476018185e-12
8.949467768e-12
8.409676268e-12
7.858206186e-12
7.288838062e-12
6.701284747e-12
6.101706627e-12
5.504816913e-12
4.900001527e-12
4.275466843e-12
3.579945676e-12
3.097649997e-12
2.57053528e-12
2.009541955e-12
1.401862525e-12
7.854118582e-13
2.241962569e-13
1.515584976e-13
5.393813252e-14
0
0
0
0
0
0
0
0
0
0
0
0
0
0
0
0
0
0
0
0
0
0
0
0
0
0
0
0
0
0
0
0
0
0
0
0
0
1.034764591e-11
1.001392594e-11
9.641091544e-12
9.232320457e-12
8.790977957e-12
8.327656742e-12
7.8505646e-12
7.354069151e-12
6.839830749e-12
6.310430313e-12
5.771612627e-12
5.240176627e-12
4.702595705e-12
4.156220615e-12
3.61006017e-12
3.098050627e-12
2.611877045e-12
2.120286826e-12
1.609242938e-12
1.160818139e-12
8.031005453e-13
5.40478645e-13
3.012969124e-13
3.268450131e-14
0
0
0
0
0
0
0
0
0
0
0
0
0
0
0
0
0
0
0
0
0
0
0
0
0
0
0
0
0
0
0
0
0
0
0
0
9.554161047e-12
9.257846597e-12
8.926241981e-12
8.561963341e-12
8.170774587e-12
7.761773684e-12
7.331705148e-12
6.882753078e-12
6.417466416e-12
5.940152698e-12
5.45869003e-12
4.981436906e-12
4.497527055e-12
4.007401935e-12
3.518697595e-12
3.055095061e-12
2.609836655e-12
2.162650266e-12
1.701301313e-12
1.306243252e-12
9.896208501e-13
6.992819815e-13
4.164550608e-13
1.006165381e-13
0
0
0
0
0
0
0
0
0
0
0
0
0
0
0
0
0
0
0
0
0
0
0
0
0
0
0
0
0
0
0
0
0
0
0
0
8.830255242e-12
8.565056305e-12
8.26819986e-12
7.944029554e-12
7.599860359e-12
7.232592917e-12
6.844752547e-12
6.439055977e-12
6.01828954e-12
5.586345682e-12
5.154666601e-12
4.720587676e-12
4.279577008e-12
3.833006385e-12
3.387811126e-12
2.963593614e-12
2.550714658e-12
2.133273107e-12
1.699069923e-12
1.326595355e-12
1.025407816e-12
7.409043573e-13
4.580159626e-13
1.444503546e-13
0
0
0
0
0
0
0
0
0
0
0
0
0
0
0
0
0
0
0
0
0
0
0
0
0
0
0
0
0
0
0
0
0
0
0
0
8.167475651e-12
7.930224477e-12
7.666701479e-12
7.381279859e-12
7.072372248e-12
6.740987701e-12
6.391254273e-12
6.025642399e-12
5.64660919e-12
5.256715869e-12
4.863688555e-12
4.464244191e-12
4.057760684e-12
3.645464588e-12
3.234468844e-12
2.841411008e-12
2.452200438e-12
2.054858057e-12
1.637325497e-12
1.279052876e-12
9.911151603e-13
7.217795657e-13
4.585577116e-13
1.818047188e-13
0
0
0
0
0
0
0
0
0
0
0
0
0
0
0
0
0
0
0
0
0
0
0
0
0
0
0
0
0
0
0
0
0
0
0
0
7.566199162e-12
7.356459197e-12
7.122239433e-12
6.864462328e-12
6.585590606e-12
6.287028736e-12
5.970612803e-12
5.638410266e-12
5.292509532e-12
4.940472239e-12
4.579340274e-12
4.207911243e-12
3.82688655e-12
3.440242418e-12
3.060695118e-12
2.704610897e-12
2.34266894e-12
1.966799519e-12
1.567834449e-12
1.226144215e-12
9.548239145e-13
7.049184201e-13
4.683423453e-13
2.437076948e-13
0
0
0
0
0
0
0
0
0
0
0
0
0
0
0
0
0
0
0
0
0
0
0
0
0
0
0
0
0
0
0
0
0
0
0
0
7.026969482e-12
6.838277386e-12
6.626768947e-12
6.394661696e-12
6.143009224e-12
5.873326633e-12
5.587484958e-12
5.285649021e-12
4.970327945e-12
4.647119477e-12
4.312110258e-12
3.964555332e-12
3.605797241e-12
3.223104359e-12
2.904235919e-12
2.580470717e-12
2.247828877e-12
1.89887148e-12
1.525320423e-12
1.207074667e-12
9.56118923e-13
7.21349281e-13
4.955399618e-13
2.762867331e-13
2.770449109e-14
0
0
0
0
0
0
0
0
0
0
0
0
0
0
0
0
0
0
0
0
0
0
0
0
0
0
0
0
0
0
0
0
0
0
0
6.538126869e-12
6.367731273e-12
6.177160901e-12
5.96741037e-12
5.739760755e-12
5.495921454e-12
5.236150639e-12
4.962629795e-12
4.678467601e-12
4.383951361e-12
4.079327164e-12
3.765078482e-12
3.442193618e-12
3.116368643e-12
2.803715122e-12
2.496886379e-12
2.180714768e-12
1.850975564e-12
1.498429059e-12
1.200615165e-12
9.672090915e-13
7.450138191e-13
5.25700723e-13
3.053335333e-13
4.633186257e-14
0
0
0
0
0
0
0
0
0
0
0
0
0
0
0
0
0
0
0
0
0
0
0
0
0
0
0
0
0
0
0
0
0
0
0
6.094897652e-12
5.940532019e-12
5.767694678e-12
5.577513311e-12
5.370669454e-12
5.147865123e-12
4.911114826e-12
4.663611818e-12
4.405343671e-12
4.136953837e-12
3.85933496e-12
3.572856705e-12
3.278242795e-12
2.98165611e-12
2.697180418e-12
2.410327881e-12
2.113288952e-12
1.803383132e-12
1.472034175e-12
1.193798623e-12
9.766949216e-13
7.664701558e-13
5.542280006e-13
3.370662712e-13
8.46416638e-14
0
0
0
0
0
0
0
0
0
0
0
0
0
0
0
0
0
0
0
0
0
0
0
0
0
0
0
0
0
0
0
0
0
0
0
5.689528715e-12
5.549241007e-12
5.39253248e-12
5.219388876e-12
5.030894212e-12
4.828220076e-12
4.612584895e-12
4.385308201e-12
4.147273947e-12
3.898936669e-12
3.640696083e-12
3.373642533e-12
3.102237941e-12
2.836325864e-12
2.581126173e-12
2.31964454e-12
2.046211481e-12
1.759263122e-12
1.451085798e-12
1.194303268e-12
9.951572738e-13
7.98381269e-13
5.947985642e-13
3.831069717e-13
1.455746136e-13
0
0
0
0
0
0
0
0
0
0
0
0
0
0
0
0
0
0
0
0
0
0
0
0
0
0
0
0
0
0
0
0
0
0
0
5.315186225e-12
5.187772798e-12
5.044835952e-12
4.887145575e-12
4.715589647e-12
4.531115201e-12
4.334781878e-12
4.127758288e-12
3.910830568e-12
3.684646043e-12
3.44958967e-12
3.206252494e-12
2.959075775e-12
2.720703155e-12
2.484570969e-12
2.240601172e-12
1.985835796e-12
1.715316895e-12
1.43274313e-12
1.197576057e-12
1.017640777e-12
8.363349938e-13
6.448084334e-13
4.429376863e-13
2.27482869e-13
0
0
0
0
0
0
0
0
0
0
0
0
0
0
0
0
0
0
0
0
0
0
0
0
0
0
0
0
0
0
0
0
0
0
0
4.964332786e-12
4.848739925e-12
4.719116506e-12
4.576076374e-12
4.420305885e-12
4.252654727e-12
4.074177606e-12
3.885680836e-12
3.687924951e-12
3.48148723e-12
3.266676056e-12
3.044623901e-12
2.820933741e-12
2.60611527e-12
2.388595492e-12
2.162874001e-12
1.926486904e-12
1.6695829e-12
1.413081418e-12
1.198634302e-12
1.039348033e-12
8.693829997e-13
6.886159027e-13
4.959955093e-13
2.884335537e-13
3.560261461e-14
0
0
0
0
0
0
0
0
0
0
0
0
0
0
0
0
0
0
0
0
0
0
0
0
0
0
0
0
0
0
0
0
0
0
4.634351011e-12
4.530205668e-12
4.413297064e-12
4.284084225e-12
4.14319641e-12
3.991500281e-12
3.829690885e-12
3.658507339e-12
3.478608323e-12
3.290352152e-12
3.093947905e-12
2.891563976e-12
2.693298414e-12
2.498115005e-12
2.297069237e-12
2.087983512e-12
1.86871909e-12
1.629397467e-12
1.391288761e-12
1.194467731e-12
1.050571562e-12
8.922331914e-13
7.196825497e-13
5.311104681e-13
3.220088629e-13
5.885761992e-14
0
0
0
0
0
0
0
0
0
0
0
0
0
0
0
0
0
0
0
0
0
0
0
0
0
0
0
0
0
0
0
0
0
0
4.324747741e-12
4.231328564e-12
4.126261305e-12
4.010024517e-12
3.883120433e-12
3.746083834e-12
3.599500877e-12
3.443962547e-12
3.279955119e-12
3.107806654e-12
2.928599012e-12
2.746779654e-12
2.569905378e-12
2.390391224e-12
2.204471377e-12
2.01061894e-12
1.805989598e-12
1.578472882e-12
1.363892192e-12
1.198914664e-12
1.056416603e-12
9.056712839e-13
7.383616177e-13
5.523870018e-13
3.433815124e-13
7.989373155e-14
0
0
0
0
0
0
0
0
0
0
0
0
0
0
0
0
0
0
0
0
0
0
0
0
0
0
0
0
0
0
0
0
0
0
4.042203314e-12
3.958633389e-12
3.864507521e-12
3.760112576e-12
3.64582604e-12
3.52210108e-12
3.389433157e-12
3.248269909e-12
3.098832231e-12
2.94128631e-12
2.777658091e-12
2.61673606e-12
2.456070342e-12
2.289873016e-12
2.117111956e-12
1.936398511e-12
1.744493298e-12
1.527816119e-12
1.33340382e-12
1.18933344e-12
1.055474889e-12
9.117528867e-13
7.495136402e-13
5.673376654e-13
3.623811538e-13
1.133549554e-13
0
0
0
0
0
0
0
0
0
0
0
0
0
0
0
0
0
0
0
0
0
0
0
0
0
0
0
0
0
0
0
0
0
0
3.809772116e-12
3.73400519e-12
3.648446786e-12
3.553316621e-12
3.448897701e-12
3.335513253e-12
3.213455488e-12
3.082843793e-12
2.943708127e-12
2.797080087e-12
2.649330929e-12
2.504193018e-12
2.355271762e-12
2.200079867e-12
2.037889381e-12
1.867091405e-12
1.685106048e-12
1.481367139e-12
1.302299172e-12
1.17547929e-12
1.047163437e-12
9.085909293e-13
7.512683184e-13
5.742286925e-13
3.76049726e-13
1.430352527e-13
0
0
0
0
0
0
0
0
0
0
0
0
0
0
0
0
0
0
0
0
0
0
0
0
0
0
0
0
0
0
0
0
0
0
)
;

boundaryField
{
    inletCH4
    {
        type            fixedValue;
        value           uniform 0;
    }
    wallOutside
    {
        type            zeroGradient;
    }
    wallTube
    {
        type            zeroGradient;
    }
    inletPilot
    {
        type            fixedValue;
        value           uniform 0;
    }
    inletAir
    {
        type            fixedValue;
        value           uniform 0;
    }
    outlet
    {
        type            zeroGradient;
    }
    axis
    {
        type            empty;
    }
    frontAndBack_pos
    {
        type            wedge;
    }
    frontAndBack_neg
    {
        type            wedge;
    }
}


// ************************************************************************* //
