/*--------------------------------*- C++ -*----------------------------------*\
  =========                 |
  \\      /  F ield         | OpenFOAM: The Open Source CFD Toolbox
   \\    /   O peration     | Website:  https://openfoam.org
    \\  /    A nd           | Version:  10
     \\/     M anipulation  |
\*---------------------------------------------------------------------------*/
FoamFile
{
    format      ascii;
    class       volScalarField;
    location    "0.02499901733";
    object      CH3OH;
}
// * * * * * * * * * * * * * * * * * * * * * * * * * * * * * * * * * * * * * //

dimensions      [0 0 0 0 0 0 0];

internalField   nonuniform List<scalar> 
5170
(
1.356552148e-11
1.354295447e-11
1.339167407e-11
1.23169473e-11
9.229126555e-13
2.679734374e-11
2.672672245e-11
2.640415191e-11
2.475997873e-11
1.541853422e-11
3.995071445e-11
3.983220374e-11
3.935915571e-11
3.73884642e-11
2.965556327e-11
5.300424638e-11
5.2842861e-11
5.225660197e-11
5.015195269e-11
4.397738221e-11
6.593998383e-11
6.574294819e-11
6.508551921e-11
6.300454974e-11
5.837757679e-11
7.874177357e-11
7.852272777e-11
7.783907137e-11
7.592492165e-11
7.284135693e-11
9.140506849e-11
9.117546112e-11
9.05094409e-11
8.890474282e-11
8.735591422e-11
1.039395927e-10
1.037149259e-10
1.031063751e-10
1.01930353e-10
1.019108942e-10
1.163542089e-10
1.161484218e-10
1.156415741e-10
1.150027258e-10
1.164994633e-10
1.286647428e-10
1.284873114e-10
1.281132421e-10
1.281299019e-10
1.311223315e-10
1.408823452e-10
1.407421473e-10
1.40524102e-10
1.413163571e-10
1.457756762e-10
1.53009379e-10
1.529183026e-10
1.529056629e-10
1.545576607e-10
1.604440895e-10
1.650504379e-10
1.650212864e-10
1.652755529e-10
1.678547457e-10
1.751141609e-10
1.770123386e-10
1.770578882e-10
1.77633979e-10
1.812090807e-10
1.897751571e-10
1.889003459e-10
1.890355573e-10
1.899832708e-10
1.946158974e-10
2.044139661e-10
2.007161817e-10
2.009576618e-10
2.023446872e-10
2.080804796e-10
2.189996335e-10
2.124647065e-10
2.128312146e-10
2.147091186e-10
2.215800093e-10
2.335489138e-10
2.241524687e-10
2.246676338e-10
2.271198279e-10
2.351480501e-10
2.480698693e-10
2.358234275e-10
2.366290984e-10
2.40621339e-10
2.562339559e-10
2.924230098e-10
2.58810561e-10
3.120043053e-10
7.607689482e-10
3.849683588e-09
1.738872249e-08
6.807235843e-18
0
0
4.33473459e-18
8.082533074e-18
6.643499311e-18
1.122119678e-17
9.803808201e-18
1.179108838e-17
8.018661316e-18
6.010504183e-18
9.462179785e-18
7.325182094e-18
5.773447849e-18
4.013583693e-18
0
3.644780915e-18
3.194973112e-18
1.011870727e-18
0
0
0
0
0
0
0
0
5.170319239e-15
2.860220617e-13
0
0
0
0
3.537009667e-11
3.64213636e-10
1.049611524e-09
2.663249624e-11
0
0
6.541239515e-09
6.503062271e-09
4.43715164e-11
0
3.818761275e-09
5.443819506e-10
1.219142808e-09
4.713032401e-09
4.219445037e-09
1.550063949e-09
1.064665514e-10
1.084262384e-10
1.141844913e-09
1.075248939e-09
0
9.966380192e-11
1.273837029e-10
0
0
1.450514796e-11
2.361879394e-11
3.672978081e-11
7.114014069e-12
1.774948619e-11
5.681694254e-11
2.303571737e-10
1.771224286e-10
3.952574985e-11
3.260525009e-11
9.974721561e-11
2.377708332e-10
2.708240647e-10
1.092999847e-10
9.170332197e-11
1.850381089e-10
2.060879781e-10
2.501024862e-10
2.04273551e-10
1.884415504e-10
2.229709267e-10
1.773514382e-10
1.81803699e-10
2.255492672e-10
2.201658532e-10
1.987871836e-10
1.496117017e-10
1.397086055e-10
1.892433529e-10
1.882938462e-10
1.539579231e-10
1.226250143e-10
1.167971126e-09
4.269410715e-10
1.996300902e-10
1.327146851e-10
1.025508898e-10
1.229661663e-07
3.012514115e-08
3.922269573e-09
7.930240587e-10
2.600601289e-11
6.997985462e-10
3.711182184e-09
5.371770374e-08
7.960365665e-07
1.011482465e-05
2.652373183e-09
1.637053537e-08
1.97022927e-07
2.053735154e-06
1.434745991e-05
8.102071477e-09
4.741054614e-08
4.678973944e-07
3.628521627e-06
1.707870722e-05
2.031846061e-08
1.087642521e-07
8.97763046e-07
5.436769163e-06
1.905785293e-05
4.501806049e-08
2.208797623e-07
1.556100334e-06
7.383717668e-06
2.05454597e-05
9.187925375e-08
4.148505611e-07
2.449676461e-06
9.356398824e-06
2.192097519e-05
1.761485089e-07
7.291224051e-07
3.60070033e-06
1.132458043e-05
2.346076941e-05
3.210616779e-07
1.210572185e-06
4.995299565e-06
1.328980977e-05
2.507483447e-05
5.635714337e-07
1.915900121e-06
6.599084796e-06
1.520565261e-05
2.652097081e-05
9.577100763e-07
2.890123062e-06
8.363570337e-06
1.706261732e-05
2.779030806e-05
1.584408742e-06
4.179655677e-06
1.024071429e-05
1.884411195e-05
2.891472043e-05
2.633578134e-06
5.814274563e-06
1.218689046e-05
2.058556928e-05
2.999040162e-05
4.160074509e-06
7.741969995e-06
1.419808705e-05
2.228679533e-05
3.098883321e-05
6.291514401e-06
9.984430844e-06
1.630415293e-05
2.396673188e-05
3.192154999e-05
9.076495928e-06
1.256979808e-05
1.855499861e-05
2.568662102e-05
3.289190781e-05
1.233442349e-05
1.550315425e-05
2.102328075e-05
2.751485281e-05
3.400603961e-05
1.622700177e-05
1.898122205e-05
2.391624885e-05
2.974759254e-05
3.553769955e-05
2.071850294e-05
2.308533394e-05
2.750464016e-05
3.279158122e-05
3.816786499e-05
2.611101776e-05
2.827702599e-05
3.244385896e-05
3.766391622e-05
4.327554632e-05
3.347336433e-05
3.557304099e-05
3.972576872e-05
4.517326283e-05
5.139146663e-05
4.350499084e-05
4.533129507e-05
4.899203593e-05
5.387959503e-05
5.955587449e-05
5.288626461e-05
5.40269836e-05
5.638230206e-05
5.958210659e-05
6.326660269e-05
5.639154676e-05
5.690622154e-05
5.79524009e-05
5.932174588e-05
6.079048832e-05
5.346681676e-05
5.357185813e-05
5.374409435e-05
5.388547021e-05
5.388906272e-05
4.675220874e-05
4.666990773e-05
4.645054459e-05
4.606303429e-05
4.54773082e-05
3.91416947e-05
3.900808676e-05
3.869397851e-05
3.81944187e-05
3.751000436e-05
3.277463485e-05
3.265246186e-05
3.236828671e-05
3.192785546e-05
3.134061527e-05
2.786203728e-05
2.776476223e-05
2.754137167e-05
2.719906144e-05
2.674771584e-05
2.439411344e-05
2.432129425e-05
2.415576546e-05
2.390382448e-05
2.357313211e-05
2.219949657e-05
2.214587125e-05
2.202529988e-05
2.184266634e-05
2.160314392e-05
2.106824774e-05
2.102758878e-05
2.093743592e-05
2.080155718e-05
2.062306153e-05
2.077387478e-05
2.074055184e-05
2.06678676e-05
2.055890453e-05
2.041536256e-05
2.107093254e-05
2.10405743e-05
2.097530103e-05
2.087790951e-05
2.074927145e-05
2.170238429e-05
2.16721511e-05
2.160765167e-05
2.151164538e-05
2.138462622e-05
2.242453711e-05
2.239307722e-05
2.232603104e-05
2.222622067e-05
2.20940602e-05
2.304040202e-05
2.300753975e-05
2.293729786e-05
2.283255085e-05
2.269379091e-05
2.342372017e-05
2.33900135e-05
2.331763493e-05
2.320944539e-05
2.306606782e-05
2.352246399e-05
2.348876316e-05
2.341604737e-05
2.330708544e-05
2.316261887e-05
2.334414968e-05
2.331128602e-05
2.324005995e-05
2.313308459e-05
2.299117786e-05
2.293320918e-05
2.290182498e-05
2.283354536e-05
2.27307884e-05
2.2594401e-05
2.234929851e-05
2.231980057e-05
2.225542543e-05
2.215838045e-05
2.202950091e-05
2.165143374e-05
2.162401752e-05
2.156403999e-05
2.147350033e-05
2.135319349e-05
2.088908248e-05
2.086378519e-05
2.08083425e-05
2.072455769e-05
2.061316854e-05
2.009918228e-05
2.007594283e-05
2.002494157e-05
1.994780319e-05
1.98452017e-05
1.930713626e-05
1.928583892e-05
1.923905505e-05
1.916824893e-05
1.907402919e-05
1.852935432e-05
1.850986058e-05
1.846700831e-05
1.840211881e-05
1.831573848e-05
1.777598704e-05
1.775815224e-05
1.771892761e-05
1.765950686e-05
1.758037842e-05
1.705313593e-05
1.703681974e-05
1.700092144e-05
1.694652134e-05
1.68740551e-05
1.636421032e-05
1.634927947e-05
1.631642111e-05
1.626661416e-05
1.620024655e-05
1.571073048e-05
1.56970624e-05
1.566697719e-05
1.562136374e-05
1.556056693e-05
1.509250124e-05
1.507997409e-05
1.505240614e-05
1.501060506e-05
1.495487729e-05
1.45112604e-05
1.449978045e-05
1.447450855e-05
1.44361802e-05
1.438506818e-05
1.396397636e-05
1.395343933e-05
1.393024255e-05
1.389505647e-05
1.384812365e-05
1.344817341e-05
1.34384882e-05
1.34171662e-05
1.338481974e-05
1.334166474e-05
1.296102312e-05
1.295210776e-05
1.293248018e-05
1.290270045e-05
1.286296122e-05
1.249991318e-05
1.249169463e-05
1.247360029e-05
1.244614325e-05
1.240949576e-05
1.206290833e-05
1.205531989e-05
1.203861226e-05
1.201325627e-05
1.197940618e-05
1.164883223e-05
1.164181057e-05
1.162635059e-05
1.160288565e-05
1.157155426e-05
1.125693074e-05
1.125041402e-05
1.123606659e-05
1.121428893e-05
1.118520572e-05
1.088617628e-05
1.088010501e-05
1.086673988e-05
1.08464532e-05
1.081935804e-05
1.053478949e-05
1.052911092e-05
1.051661249e-05
1.049764213e-05
1.047230329e-05
1.020004343e-05
1.019471588e-05
1.018299181e-05
1.016519765e-05
1.014142885e-05
9.878755941e-06
9.873752164e-06
9.862741536e-06
9.846030417e-06
9.823707324e-06
9.567594927e-06
9.562901693e-06
9.552573762e-06
9.536897957e-06
9.515956961e-06
9.264358878e-06
9.259974954e-06
9.250325665e-06
9.235677552e-06
9.216107345e-06
8.967972277e-06
8.963898164e-06
8.954927277e-06
8.941305082e-06
8.923102381e-06
8.680332663e-06
8.676565542e-06
8.668267505e-06
8.655663452e-06
8.638817423e-06
8.404132262e-06
8.40065156e-06
8.3929821e-06
8.381329927e-06
8.365752835e-06
8.146583985e-06
8.143359912e-06
8.136255856e-06
8.125461718e-06
8.111029378e-06
7.93037103e-06
7.927344706e-06
7.920676832e-06
7.910545347e-06
7.896997479e-06
2.458317502e-05
2.864291526e-05
3.016676648e-05
3.046398794e-05
3.052889598e-05
3.103637286e-05
3.207236482e-05
3.317475901e-05
3.394547356e-05
3.452997319e-05
3.501402572e-05
3.555996747e-05
3.607209198e-05
3.648316771e-05
3.700032214e-05
3.771453896e-05
3.891274862e-05
4.139152243e-05
4.69151048e-05
5.574095235e-05
6.358745248e-05
6.581326506e-05
6.172173697e-05
5.37949444e-05
4.499949844e-05
3.698467515e-05
3.089928055e-05
2.640952235e-05
2.332358376e-05
2.141919721e-05
2.048190491e-05
2.029760382e-05
2.06403259e-05
2.127523013e-05
2.19799802e-05
2.257474438e-05
2.294419015e-05
2.304097297e-05
2.28726925e-05
2.248131388e-05
2.192321457e-05
2.125436982e-05
2.052192231e-05
1.976130713e-05
1.899707554e-05
1.824523341e-05
1.751581205e-05
1.681492845e-05
1.614608927e-05
1.551094239e-05
1.490936999e-05
1.434331399e-05
1.380976464e-05
1.330637637e-05
1.283045169e-05
1.237950377e-05
1.195169317e-05
1.154589288e-05
1.116137415e-05
1.079714339e-05
1.04515174e-05
1.01219223e-05
9.805382509e-06
9.498767603e-06
9.200047948e-06
8.908172039e-06
8.625005628e-06
8.352983526e-06
8.099195289e-06
7.885882431e-06
3.470022506e-05
2.610823311e-06
7.786383219e-08
8.964855296e-09
2.981430429e-09
4.328791621e-05
4.592907208e-05
2.649937604e-06
8.23331611e-08
7.563058076e-08
4.646872289e-05
5.542642376e-05
5.097965082e-06
2.805223064e-07
2.894567793e-07
4.588964748e-05
5.117916366e-05
8.793046963e-06
6.941248428e-07
2.157004818e-07
4.418813502e-05
4.927533576e-05
2.140687442e-05
2.153672908e-06
2.263740424e-07
4.375521057e-05
5.07456568e-05
3.403841767e-05
4.260094643e-06
4.344307302e-07
4.428951306e-05
5.309331886e-05
4.280529077e-05
6.224755915e-06
7.224937599e-07
4.465670545e-05
5.322634267e-05
4.53652375e-05
7.89867616e-06
1.048337497e-06
4.441007851e-05
5.199242781e-05
4.581232459e-05
1.393548002e-05
2.043370844e-06
4.397296639e-05
5.095040325e-05
4.656227035e-05
1.930535077e-05
3.157674629e-06
4.348859109e-05
5.016757642e-05
4.737538276e-05
2.377863566e-05
4.279542449e-06
4.330510167e-05
4.958489576e-05
4.762936804e-05
2.770910879e-05
5.447959163e-06
4.316712629e-05
4.870387621e-05
4.737168688e-05
3.125703807e-05
8.658767829e-06
4.280908452e-05
4.794992319e-05
4.723891759e-05
3.407791561e-05
1.253685549e-05
4.270397947e-05
4.763979827e-05
4.734450031e-05
3.620210972e-05
1.571930855e-05
4.288323587e-05
4.761719169e-05
4.758947059e-05
3.797503883e-05
1.844649935e-05
4.362270027e-05
4.808837954e-05
4.826105251e-05
3.905003386e-05
1.965293484e-05
4.583479462e-05
5.018189108e-05
4.971414366e-05
3.873333106e-05
1.754290857e-05
5.196364548e-05
5.824430973e-05
5.957356996e-05
4.599490609e-05
1.411770699e-05
6.195093879e-05
7.213835393e-05
8.309034822e-05
9.349052621e-05
0.0001013230866
6.942935024e-05
7.881596223e-05
8.8286008e-05
9.698161038e-05
0.000101967986
6.9587681e-05
7.458641681e-05
7.781623957e-05
7.810914319e-05
7.414334185e-05
6.325232497e-05
6.41989481e-05
6.312701061e-05
5.972699168e-05
5.406043287e-05
5.389258883e-05
5.278221142e-05
5.024333345e-05
4.639367403e-05
4.156146587e-05
4.452957801e-05
4.286583702e-05
4.030175679e-05
3.703909308e-05
3.334079397e-05
3.640011292e-05
3.48530201e-05
3.275080464e-05
3.026676887e-05
2.758133728e-05
3.03896602e-05
2.915438295e-05
2.755819368e-05
2.573033051e-05
2.379166323e-05
2.600640439e-05
2.507718424e-05
2.390850528e-05
2.258956933e-05
2.119948484e-05
2.301374649e-05
2.232935767e-05
2.148536048e-05
2.053963473e-05
1.954225036e-05
2.117641055e-05
2.066691969e-05
2.005199107e-05
1.936616254e-05
1.863909164e-05
2.02791234e-05
1.988061978e-05
1.941333877e-05
1.889498678e-05
1.834101323e-05
2.011208012e-05
1.977195388e-05
1.938643819e-05
1.89618277e-05
1.850413739e-05
2.045610766e-05
2.013560342e-05
1.978250453e-05
1.939614292e-05
1.897688372e-05
2.10839701e-05
2.075911462e-05
2.040609085e-05
2.002082302e-05
1.96009986e-05
2.178013857e-05
2.144069918e-05
2.107150799e-05
2.066771214e-05
2.022648903e-05
2.236950462e-05
2.201589335e-05
2.162745e-05
2.120021334e-05
2.073219207e-05
2.273891875e-05
2.237790049e-05
2.197577969e-05
2.153028484e-05
2.104087411e-05
2.284109597e-05
2.248169598e-05
2.207547442e-05
2.162199043e-05
2.112221708e-05
2.2682445e-05
2.233305957e-05
2.193268915e-05
2.148248114e-05
2.098467592e-05
2.230331962e-05
2.197025745e-05
2.158396918e-05
2.114676479e-05
2.066177102e-05
2.17586241e-05
2.144576806e-05
2.10792588e-05
2.06621267e-05
2.019799617e-05
2.110325252e-05
2.08123768e-05
2.046887011e-05
2.007610791e-05
1.963790248e-05
2.038368829e-05
2.011502729e-05
1.979577907e-05
1.942938919e-05
1.901962636e-05
1.96350544e-05
1.938790056e-05
1.909281826e-05
1.875314634e-05
1.837246752e-05
1.888180244e-05
1.865493682e-05
1.838310737e-05
1.806944737e-05
1.771727932e-05
1.813995004e-05
1.793193459e-05
1.768201572e-05
1.7393073e-05
1.706813771e-05
1.741959407e-05
1.722894682e-05
1.699942055e-05
1.673362079e-05
1.643428184e-05
1.672692611e-05
1.655219505e-05
1.634149422e-05
1.609716878e-05
1.58216663e-05
1.606553403e-05
1.590535641e-05
1.571197164e-05
1.548747433e-05
1.523404306e-05
1.543713798e-05
1.529024621e-05
1.511274087e-05
1.490647889e-05
1.467339254e-05
1.484167136e-05
1.470687088e-05
1.454387607e-05
1.43543233e-05
1.41399168e-05
1.428116851e-05
1.415737601e-05
1.400761179e-05
1.383331758e-05
1.363599544e-05
1.3752635e-05
1.363881787e-05
1.350106649e-05
1.334064671e-05
1.315887865e-05
1.325378525e-05
1.314899953e-05
1.302213203e-05
1.287429391e-05
1.270664549e-05
1.278197504e-05
1.268537127e-05
1.256836394e-05
1.243192987e-05
1.227709004e-05
1.233476159e-05
1.224557771e-05
1.213750985e-05
1.201141926e-05
1.186820596e-05
1.19103338e-05
1.182787244e-05
1.172790809e-05
1.161120086e-05
1.147854521e-05
1.150757397e-05
1.143116905e-05
1.133851817e-05
1.123029167e-05
1.110719061e-05
1.112575678e-05
1.105475861e-05
1.096865798e-05
1.086804568e-05
1.075354077e-05
1.076390309e-05
1.069768763e-05
1.061740245e-05
1.052356796e-05
1.041673248e-05
1.042037438e-05
1.035839365e-05
1.028327224e-05
1.019547077e-05
1.009547771e-05
1.009266413e-05
1.003448183e-05
9.963990925e-06
9.881603937e-06
9.787759817e-06
9.777881296e-06
9.72321277e-06
9.65699282e-06
9.579598883e-06
9.491433638e-06
9.472978785e-06
9.421692327e-06
9.35954789e-06
9.286896962e-06
9.204113382e-06
9.175983445e-06
9.128060526e-06
9.069938469e-06
9.001947498e-06
8.924435491e-06
8.885842126e-06
8.841277399e-06
8.787150847e-06
8.723773138e-06
8.651470553e-06
8.60438781e-06
8.563142511e-06
8.512966272e-06
8.454148536e-06
8.386986499e-06
8.333944246e-06
8.295793037e-06
8.249325666e-06
8.194804231e-06
8.132495828e-06
8.081544572e-06
8.046170987e-06
8.003068959e-06
7.952468413e-06
7.894602829e-06
7.869284344e-06
7.83604115e-06
7.795546684e-06
7.74800302e-06
7.693616048e-06
1.093307777e-08
7.942784231e-08
2.339461228e-08
1.130510002e-08
8.864872754e-09
8.161643254e-09
7.916660602e-09
7.832075556e-09
7.80568433e-09
7.797955257e-09
7.794537635e-09
7.790449437e-09
7.785534285e-09
7.780996244e-09
7.778579245e-09
7.781127392e-09
7.777740424e-09
7.768469666e-09
7.764016283e-09
7.761469942e-09
7.759452688e-09
7.757573138e-09
7.755753447e-09
7.754027466e-09
7.75243623e-09
7.750981197e-09
7.749645421e-09
7.748427948e-09
7.747306986e-09
7.746260944e-09
7.74528718e-09
7.744374657e-09
7.743525462e-09
7.742738894e-09
7.742015091e-09
7.741352154e-09
7.740747659e-09
7.740198135e-09
7.739689141e-09
7.739223338e-09
7.738779986e-09
7.738358147e-09
7.737961508e-09
7.737577785e-09
7.737228421e-09
7.736949755e-09
7.736710184e-09
7.736508836e-09
7.736321788e-09
7.736167456e-09
7.736028302e-09
7.735907838e-09
7.735795336e-09
7.7356757e-09
7.735153285e-09
7.731303882e-09
7.707154254e-09
7.595737629e-09
7.208788453e-09
6.70029354e-09
1.461966345e-07
3.848186491e-07
8.008217996e-08
3.073389025e-08
2.253190315e-08
2.0420338e-08
1.969690908e-08
1.940992026e-08
1.929504314e-08
1.924645315e-08
1.922254079e-08
1.920473423e-08
1.918808707e-08
1.917213477e-08
1.916031214e-08
1.915857499e-08
1.91482396e-08
1.91272752e-08
1.911657069e-08
1.91101355e-08
1.910484818e-08
1.909960897e-08
1.909445187e-08
1.908969966e-08
1.908554312e-08
1.908183697e-08
1.907846653e-08
1.907553255e-08
1.907285423e-08
1.907046079e-08
1.906831314e-08
1.906629437e-08
1.906453575e-08
1.906297244e-08
1.906160271e-08
1.906040495e-08
1.905947291e-08
1.905871249e-08
1.905797254e-08
1.905736679e-08
1.905684991e-08
1.905631109e-08
1.905590236e-08
1.905566251e-08
1.905533118e-08
1.905519361e-08
1.905487134e-08
1.905480067e-08
1.90546822e-08
1.90548038e-08
1.90548881e-08
1.905496171e-08
1.905503548e-08
1.905522916e-08
1.90545316e-08
1.90492429e-08
1.902356105e-08
1.893831978e-08
1.877822699e-08
1.868480016e-08
3.899063044e-07
5.091341073e-07
1.201960571e-07
4.733582061e-08
3.501103045e-08
3.190649273e-08
3.082985445e-08
3.037471925e-08
3.016230787e-08
3.005715781e-08
3.000012132e-08
2.996260309e-08
2.99316414e-08
2.990257043e-08
2.987724787e-08
2.986265345e-08
2.984431959e-08
2.981998852e-08
2.980731117e-08
2.979891978e-08
2.979089292e-08
2.97822526e-08
2.977350245e-08
2.976531755e-08
2.975802471e-08
2.975157373e-08
2.974579744e-08
2.974073647e-08
2.973624635e-08
2.973232093e-08
2.972887845e-08
2.972587546e-08
2.972341338e-08
2.972133329e-08
2.971964539e-08
2.971832268e-08
2.971732609e-08
2.971651294e-08
2.971578533e-08
2.971525773e-08
2.971493549e-08
2.971476274e-08
2.971479164e-08
2.971511015e-08
2.97153809e-08
2.971587122e-08
2.971616903e-08
2.97168127e-08
2.971733709e-08
2.971816897e-08
2.971905513e-08
2.972009442e-08
2.972087495e-08
2.972211473e-08
2.972269486e-08
2.972221082e-08
2.971951597e-08
2.973283324e-08
2.98667608e-08
3.008435709e-08
6.591543612e-07
6.21936969e-07
1.861339952e-07
5.98982897e-08
4.327305068e-08
3.97692265e-08
3.859396592e-08
3.807133775e-08
3.780511892e-08
3.766338609e-08
3.758502631e-08
3.753777224e-08
3.750374886e-08
3.74740914e-08
3.744714847e-08
3.742768621e-08
3.741266532e-08
3.740186161e-08
3.739935764e-08
3.739793992e-08
3.739426906e-08
3.738835423e-08
3.738142958e-08
3.737461079e-08
3.736847797e-08
3.736309651e-08
3.735838642e-08
3.735435408e-08
3.735090677e-08
3.734802433e-08
3.734562237e-08
3.73436759e-08
3.734227497e-08
3.734131351e-08
3.734069919e-08
3.734047886e-08
3.734055765e-08
3.734076508e-08
3.734101776e-08
3.73414363e-08
3.734203928e-08
3.734277816e-08
3.734368731e-08
3.734485182e-08
3.734608726e-08
3.734748089e-08
3.734877135e-08
3.735027746e-08
3.735165627e-08
3.735334559e-08
3.73550391e-08
3.735696136e-08
3.735857379e-08
3.736081195e-08
3.736310936e-08
3.736871488e-08
3.738699211e-08
3.746256858e-08
3.770018289e-08
3.797197248e-08
8.864382402e-07
9.908469492e-07
4.950531387e-07
1.126659899e-07
5.263882074e-08
4.482855561e-08
4.300407525e-08
4.232110293e-08
4.199558816e-08
4.1826777e-08
4.173791457e-08
4.169099091e-08
4.166491756e-08
4.164774436e-08
4.163437117e-08
4.162532818e-08
4.162785341e-08
4.164257214e-08
4.165939644e-08
4.16721109e-08
4.167885243e-08
4.168091117e-08
4.168046296e-08
4.167913703e-08
4.167779947e-08
4.16767005e-08
4.167588453e-08
4.167538296e-08
4.167516677e-08
4.167523496e-08
4.167554206e-08
4.167608085e-08
4.167690175e-08
4.167796576e-08
4.167920012e-08
4.168064229e-08
4.168222437e-08
4.168383667e-08
4.168543038e-08
4.168709246e-08
4.16888345e-08
4.169060623e-08
4.169244199e-08
4.169440193e-08
4.169639568e-08
4.169845491e-08
4.170047307e-08
4.170255654e-08
4.170453897e-08
4.170670813e-08
4.170885279e-08
4.171117208e-08
4.171326994e-08
4.171595606e-08
4.171930611e-08
4.172760582e-08
4.17518329e-08
4.183008633e-08
4.20207001e-08
4.221007378e-08
5.207876028e-07
1.477452427e-06
1.059836446e-06
3.610234878e-07
8.509696338e-08
5.102208775e-08
4.587537561e-08
4.450286299e-08
4.396998543e-08
4.372641841e-08
4.361063525e-08
4.355705102e-08
4.353376156e-08
4.352433747e-08
4.352113876e-08
4.352248801e-08
4.354239426e-08
4.358020609e-08
4.361585336e-08
4.36433033e-08
4.366133957e-08
4.36721732e-08
4.367878317e-08
4.368332591e-08
4.368700694e-08
4.36903026e-08
4.369340393e-08
4.369640841e-08
4.369933741e-08
4.370222446e-08
4.37050683e-08
4.370788277e-08
4.371069882e-08
4.371351814e-08
4.371631209e-08
4.371910484e-08
4.372187177e-08
4.372457585e-08
4.372720272e-08
4.372980097e-08
4.373237709e-08
4.373489546e-08
4.373738097e-08
4.373985442e-08
4.374227295e-08
4.374467641e-08
4.374704033e-08
4.374939624e-08
4.375166018e-08
4.375395938e-08
4.375619787e-08
4.375851951e-08
4.376073317e-08
4.376340554e-08
4.376698604e-08
4.377488969e-08
4.37951195e-08
4.384965498e-08
4.396032576e-08
4.40598586e-08
2.338514799e-07
1.55026265e-06
1.770242081e-06
1.043872692e-06
2.683910877e-07
7.271546274e-08
5.025301212e-08
4.624607632e-08
4.504747533e-08
4.457229681e-08
4.436529097e-08
4.427522695e-08
4.423871896e-08
4.4226584e-08
4.422581162e-08
4.423212852e-08
4.426235136e-08
4.43142556e-08
4.436279142e-08
4.440164889e-08
4.44292331e-08
4.44476759e-08
4.44602652e-08
4.446960339e-08
4.447722044e-08
4.448386011e-08
4.448985507e-08
4.449537724e-08
4.450052245e-08
4.450535929e-08
4.450992463e-08
4.451425671e-08
4.451839425e-08
4.452235743e-08
4.452615169e-08
4.452980078e-08
4.453330818e-08
4.453667406e-08
4.453990432e-08
4.45430246e-08
4.454604386e-08
4.454895034e-08
4.455176203e-08
4.455448713e-08
4.455711182e-08
4.45596583e-08
4.456212527e-08
4.456453519e-08
4.456686268e-08
4.45691427e-08
4.457134765e-08
4.457356193e-08
4.457574566e-08
4.457828775e-08
4.458175008e-08
4.458844568e-08
4.46031145e-08
4.463575953e-08
4.469165726e-08
4.47372646e-08
1.579692381e-07
8.915178192e-07
2.384996138e-06
1.965424843e-06
9.137990672e-07
1.780134029e-07
6.336946222e-08
4.926770904e-08
4.616350545e-08
4.512977853e-08
4.471437856e-08
4.453915971e-08
4.446750472e-08
4.444195548e-08
4.443773076e-08
4.444526379e-08
4.448058206e-08
4.453955074e-08
4.459530528e-08
4.464160615e-08
4.467628141e-08
4.470080152e-08
4.471822016e-08
4.473131382e-08
4.474188533e-08
4.475091505e-08
4.475889899e-08
4.476609975e-08
4.477268437e-08
4.477875939e-08
4.478439849e-08
4.478966525e-08
4.479460752e-08
4.479926416e-08
4.480366066e-08
4.480782547e-08
4.481177828e-08
4.481553419e-08
4.481910906e-08
4.482252148e-08
4.482578404e-08
4.482890067e-08
4.48318851e-08
4.483474725e-08
4.483749064e-08
4.484012474e-08
4.484265134e-08
4.484508411e-08
4.484742448e-08
4.484968638e-08
4.485187307e-08
4.485403836e-08
4.485622559e-08
4.485874431e-08
4.486217309e-08
4.486811968e-08
4.487927957e-08
4.489970986e-08
4.492925427e-08
4.495048603e-08
2.275261328e-07
4.6657841e-07
2.922620135e-06
3.03189761e-06
2.087502557e-06
6.481125374e-07
1.136438363e-07
5.691550052e-08
4.823059272e-08
4.588659855e-08
4.503604502e-08
4.46912397e-08
4.454940328e-08
4.449491566e-08
4.447994924e-08
4.448498283e-08
4.452198021e-08
4.458436206e-08
4.46441501e-08
4.469514891e-08
4.473489351e-08
4.476422624e-08
4.478571605e-08
4.480202519e-08
4.481508317e-08
4.482605046e-08
4.48355777e-08
4.48440388e-08
4.485166889e-08
4.485862351e-08
4.486501402e-08
4.487092454e-08
4.487641982e-08
4.488155221e-08
4.488636135e-08
4.489088332e-08
4.48951459e-08
4.489917314e-08
4.490298575e-08
4.490660287e-08
4.491004058e-08
4.491331045e-08
4.491642613e-08
4.491939881e-08
4.492223751e-08
4.492495141e-08
4.492754622e-08
4.493003112e-08
4.493241238e-08
4.493470165e-08
4.493691513e-08
4.4939104e-08
4.494136084e-08
4.494398327e-08
4.494757353e-08
4.495338233e-08
4.496311172e-08
4.497844412e-08
4.499768459e-08
4.500935532e-08
3.617363142e-07
2.849099218e-07
2.461573656e-06
4.00251311e-06
3.326984273e-06
1.672770883e-06
3.097057666e-07
7.818401224e-08
5.256338413e-08
4.722593128e-08
4.553279309e-08
4.488435172e-08
4.46199907e-08
4.451398616e-08
4.447793583e-08
4.44755066e-08
4.451112386e-08
4.457470768e-08
4.463680569e-08
4.469094948e-08
4.473445867e-08
4.476772228e-08
4.47928203e-08
4.481214396e-08
4.482759325e-08
4.484042192e-08
4.485140201e-08
4.486101507e-08
4.486957551e-08
4.487729705e-08
4.488433058e-08
4.489078651e-08
4.489674885e-08
4.490228307e-08
4.490744129e-08
4.491226682e-08
4.491679478e-08
4.492105521e-08
4.492507322e-08
4.492887105e-08
4.493246772e-08
4.493587914e-08
4.493912016e-08
4.494220362e-08
4.494514043e-08
4.494794091e-08
4.495061338e-08
4.495316735e-08
4.49556117e-08
4.495795916e-08
4.496023301e-08
4.49624933e-08
4.496486967e-08
4.496768652e-08
4.497157808e-08
4.497762395e-08
4.498707076e-08
4.500066595e-08
4.501618556e-08
4.502394559e-08
5.364666037e-07
1.775001877e-07
1.293332282e-06
5.232827567e-06
4.845112535e-06
3.095082426e-06
8.450822574e-07
1.427025065e-07
6.216571848e-08
4.956688245e-08
4.629253213e-08
4.516280352e-08
4.472050303e-08
4.454102733e-08
4.447343151e-08
4.445805006e-08
4.448910014e-08
4.455198503e-08
4.461511576e-08
4.467134334e-08
4.471770211e-08
4.475422791e-08
4.478258198e-08
4.48048305e-08
4.482272659e-08
4.483751705e-08
4.485003872e-08
4.486086066e-08
4.487037989e-08
4.487887634e-08
4.488654875e-08
4.489354056e-08
4.489995812e-08
4.490588286e-08
4.491137882e-08
4.49164979e-08
4.492128255e-08
4.492576844e-08
4.492998552e-08
4.49339596e-08
4.493771283e-08
4.494126414e-08
4.494463022e-08
4.494782577e-08
4.495086332e-08
4.495375467e-08
4.495650973e-08
4.495913913e-08
4.496165437e-08
4.496407203e-08
4.496642331e-08
4.496878316e-08
4.49713149e-08
4.497438137e-08
4.497864247e-08
4.498507843e-08
4.499467778e-08
4.5007724e-08
4.502169841e-08
4.502733877e-08
7.508952958e-07
1.626965875e-07
7.835002201e-07
6.364055694e-06
6.893971867e-06
4.871718163e-06
1.823914633e-06
2.859498582e-07
8.199915129e-08
5.357948995e-08
4.747329144e-08
4.559348111e-08
4.488947024e-08
4.460172638e-08
4.448547286e-08
4.444816732e-08
4.446980483e-08
4.452929685e-08
4.45918291e-08
4.464898761e-08
4.469729017e-08
4.47363977e-08
4.476759017e-08
4.479260142e-08
4.481296868e-08
4.482984127e-08
4.484404676e-08
4.485620017e-08
4.486676802e-08
4.487609907e-08
4.488444817e-08
4.489199944e-08
4.489888731e-08
4.490521253e-08
4.491105279e-08
4.491647e-08
4.492151448e-08
4.492622802e-08
4.493064571e-08
4.493479726e-08
4.493870814e-08
4.49424e-08
4.49458917e-08
4.494919985e-08
4.495233883e-08
4.495532215e-08
4.49581612e-08
4.496086818e-08
4.496345721e-08
4.496594998e-08
4.496838798e-08
4.497086531e-08
4.497357904e-08
4.497692842e-08
4.498158156e-08
4.498843606e-08
4.499828408e-08
4.501109349e-08
4.502413355e-08
4.502810044e-08
1.285122867e-06
2.202612516e-07
6.071870619e-07
5.520258462e-06
9.090235582e-06
7.013947604e-06
3.206530001e-06
5.859026529e-07
1.21652689e-07
6.05905727e-08
4.925334178e-08
4.621166732e-08
4.514058298e-08
4.470495878e-08
4.452115354e-08
4.445199459e-08
4.445888505e-08
4.451180905e-08
4.457167272e-08
4.462829193e-08
4.46774067e-08
4.471821176e-08
4.47516112e-08
4.477900984e-08
4.480169868e-08
4.482066459e-08
4.483664973e-08
4.485025262e-08
4.486197339e-08
4.487221751e-08
4.488129715e-08
4.488944334e-08
4.489682479e-08
4.490356608e-08
4.490976152e-08
4.491548479e-08
4.492079498e-08
4.492574057e-08
4.493036193e-08
4.493469307e-08
4.493876286e-08
4.49425959e-08
4.494621342e-08
4.494963414e-08
4.495287445e-08
4.495594947e-08
4.495887227e-08
4.496165699e-08
4.496432093e-08
4.496689266e-08
4.496942617e-08
4.49720362e-08
4.497495222e-08
4.497860288e-08
4.498364684e-08
4.499089651e-08
4.500096843e-08
4.50135761e-08
4.502582937e-08
4.502814056e-08
2.032911368e-06
3.222179059e-07
4.569792967e-07
3.67343381e-06
1.211653252e-05
9.52691248e-06
4.815454354e-06
1.223333289e-06
1.991833787e-07
7.324980871e-08
5.187919959e-08
4.700646333e-08
4.545232239e-08
4.483952184e-08
4.457682833e-08
4.446985177e-08
4.445841316e-08
4.450222735e-08
4.455742524e-08
4.46118782e-08
4.466042907e-08
4.470179153e-08
4.47364809e-08
4.476559406e-08
4.479017742e-08
4.481102504e-08
4.482873556e-08
4.484382312e-08
4.485676516e-08
4.486799021e-08
4.487785414e-08
4.488663318e-08
4.489453345e-08
4.490170724e-08
4.490826856e-08
4.491430503e-08
4.491988578e-08
4.49250667e-08
4.492989384e-08
4.493440573e-08
4.493863489e-08
4.494260911e-08
4.494635223e-08
4.494988516e-08
4.495322625e-08
4.495639219e-08
4.495939808e-08
4.496226053e-08
4.496500095e-08
4.496765646e-08
4.497029532e-08
4.497305321e-08
4.497618866e-08
4.49801499e-08
4.498557275e-08
4.499317858e-08
4.500341943e-08
4.501579567e-08
4.502729055e-08
4.502788075e-08
2.810453993e-06
4.672552005e-07
4.255422448e-07
2.959375926e-06
1.680119468e-05
1.236845743e-05
6.353548246e-06
2.127263587e-06
3.677792553e-07
1.008733487e-07
5.68456239e-08
4.833386509e-08
4.59483579e-08
4.505649252e-08
4.467514862e-08
4.451239349e-08
4.447409005e-08
4.45041497e-08
4.45517653e-08
4.460198789e-08
4.46483733e-08
4.468893725e-08
4.472376062e-08
4.47536447e-08
4.477940871e-08
4.480165532e-08
4.482081458e-08
4.483726545e-08
4.485140238e-08
4.486362633e-08
4.487430516e-08
4.488374527e-08
4.489218554e-08
4.489980614e-08
4.490674248e-08
4.491309772e-08
4.491895225e-08
4.492437018e-08
4.492940373e-08
4.493409628e-08
4.49384843e-08
4.49425989e-08
4.494646669e-08
4.495011084e-08
4.495355158e-08
4.495680736e-08
4.495989571e-08
4.496283643e-08
4.496565616e-08
4.49684019e-08
4.497115735e-08
4.497407875e-08
4.497744852e-08
4.498172341e-08
4.498750673e-08
4.499542569e-08
4.500577809e-08
4.501788783e-08
4.502864175e-08
4.502756689e-08
3.6068288e-06
6.667072169e-07
5.899423439e-07
3.715974427e-06
2.197709994e-05
1.455732422e-05
7.339429372e-06
3.002598445e-06
7.043022056e-07
1.67467703e-07
6.771805484e-08
5.080368558e-08
4.677384749e-08
4.540187013e-08
4.483378984e-08
4.45873314e-08
4.450985232e-08
4.451974554e-08
4.455620768e-08
4.459997407e-08
4.464255171e-08
4.468093184e-08
4.47146729e-08
4.474426908e-08
4.477032993e-08
4.479328806e-08
4.481341229e-08
4.483092782e-08
4.484610346e-08
4.485926134e-08
4.487073816e-08
4.48808424e-08
4.488983102e-08
4.489790617e-08
4.490522291e-08
4.491189999e-08
4.491802956e-08
4.492368453e-08
4.492892377e-08
4.493379587e-08
4.493834143e-08
4.494259492e-08
4.494658578e-08
4.495033948e-08
4.495387826e-08
4.495722266e-08
4.496039306e-08
4.496341318e-08
4.496631611e-08
4.496915969e-08
4.497204337e-08
4.497514287e-08
4.49787587e-08
4.498334638e-08
4.498946868e-08
4.499765741e-08
4.500806786e-08
4.501988113e-08
4.502991941e-08
4.502730903e-08
4.117683669e-06
1.110125167e-06
2.679366701e-06
1.868720593e-05
2.695391834e-05
1.524423458e-05
7.52602699e-06
3.448711184e-06
1.216218172e-06
3.22096385e-07
9.490636244e-08
5.595971695e-08
4.817882186e-08
4.59188418e-08
4.506001945e-08
4.469632801e-08
4.456599198e-08
4.454889457e-08
4.457057098e-08
4.460573635e-08
4.464301402e-08
4.467801095e-08
4.470960673e-08
4.473794349e-08
4.47634281e-08
4.478635222e-08
4.480685531e-08
4.482502255e-08
4.48409795e-08
4.485493122e-08
4.486714096e-08
4.487788522e-08
4.488741707e-08
4.489594864e-08
4.490364915e-08
4.491065093e-08
4.491705742e-08
4.492295046e-08
4.492839583e-08
4.493344753e-08
4.493815036e-08
4.494254226e-08
4.494665549e-08
4.495051795e-08
4.495415419e-08
4.495758722e-08
4.496084062e-08
4.496394287e-08
4.496693486e-08
4.49698862e-08
4.49729121e-08
4.497620614e-08
4.498008187e-08
4.498498613e-08
4.499143419e-08
4.499986236e-08
4.501029414e-08
4.50217958e-08
4.503115288e-08
4.502714256e-08
3.790058324e-06
1.547542102e-06
5.873661958e-06
4.314872689e-05
2.67032756e-05
1.403966535e-05
7.235470424e-06
3.718383424e-06
1.813948273e-06
6.892991511e-07
1.952438641e-07
7.474572429e-08
5.217081347e-08
4.707189664e-08
4.549522671e-08
4.488905202e-08
4.466064288e-08
4.459757499e-08
4.459592305e-08
4.461848737e-08
4.464843759e-08
4.467881321e-08
4.470729715e-08
4.473348606e-08
4.475754801e-08
4.477967405e-08
4.47999503e-08
4.481838683e-08
4.483491363e-08
4.484956018e-08
4.486247217e-08
4.487386382e-08
4.488396459e-08
4.489298473e-08
4.490110127e-08
4.490845734e-08
4.491516691e-08
4.49213208e-08
4.492699205e-08
4.493224043e-08
4.493711532e-08
4.494165841e-08
4.494590513e-08
4.49498862e-08
4.495362894e-08
4.495715947e-08
4.496050533e-08
4.496370131e-08
4.49667982e-08
4.496988012e-08
4.497307984e-08
4.497661091e-08
4.498080166e-08
4.498609116e-08
4.499294771e-08
4.500171216e-08
4.501227186e-08
4.50235683e-08
4.503233646e-08
4.502703388e-08
5.510834408e-06
1.189388392e-05
6.605793426e-05
4.53270201e-05
2.395146016e-05
1.280361253e-05
7.100805516e-06
4.10773213e-06
2.40922198e-06
1.302285087e-06
5.15115986e-07
1.577508802e-07
6.798549087e-08
5.055125505e-08
4.653197357e-08
4.528830355e-08
4.483898786e-08
4.468188337e-08
4.463618023e-08
4.46368756e-08
4.465512117e-08
4.467842167e-08
4.470193847e-08
4.472419856e-08
4.474500396e-08
4.476450491e-08
4.478310981e-08
4.48018617e-08
4.481931188e-08
4.483497775e-08
4.484883667e-08
4.486106569e-08
4.487189723e-08
4.488155185e-08
4.489021744e-08
4.489804823e-08
4.490516893e-08
4.491168008e-08
4.491766301e-08
4.492318428e-08
4.492829901e-08
4.493305357e-08
4.493748746e-08
4.494163525e-08
4.494552813e-08
4.494919684e-08
4.495267525e-08
4.495600802e-08
4.495926215e-08
4.496254633e-08
4.496602247e-08
4.496994495e-08
4.497469025e-08
4.49807352e-08
4.498856349e-08
4.499848946e-08
4.501031101e-08
4.50227822e-08
4.503229303e-08
4.502640227e-08
0.0001075202931
0.0001021505259
6.664823801e-05
3.644694692e-05
2.034556697e-05
1.182238748e-05
7.22541059e-06
4.634115929e-06
3.053788075e-06
1.975006666e-06
1.105119175e-06
4.490513541e-07
1.42050478e-07
6.482433145e-08
4.974670857e-08
4.626456006e-08
4.521664394e-08
4.484211331e-08
4.470269188e-08
4.465920362e-08
4.465462214e-08
4.466406712e-08
4.467709587e-08
4.468982324e-08
4.470126028e-08
4.470844296e-08
4.472667343e-08
4.475462001e-08
4.477664018e-08
4.479458431e-08
4.48095774e-08
4.482240251e-08
4.483359831e-08
4.484351904e-08
4.485240094e-08
4.486041422e-08
4.486769016e-08
4.487433384e-08
4.488043021e-08
4.488604907e-08
4.489124825e-08
4.489607627e-08
4.490057473e-08
4.490478004e-08
4.490872579e-08
4.491244537e-08
4.491597702e-08
4.491937118e-08
4.492270375e-08
4.492609044e-08
4.492970068e-08
4.493378832e-08
4.493871164e-08
4.494489687e-08
4.495274807e-08
4.49624738e-08
4.497379649e-08
4.498547008e-08
4.499400865e-08
4.49867815e-08
9.710990795e-05
7.307131211e-05
4.614126131e-05
2.825595882e-05
1.753943937e-05
1.125117337e-05
7.543089475e-06
5.270528086e-06
3.770105427e-06
2.679344365e-06
1.809186468e-06
1.031317159e-06
4.230738126e-07
1.345245714e-07
6.295415756e-08
4.920069153e-08
4.60894083e-08
4.515716885e-08
4.481669287e-08
4.46863648e-08
4.46391745e-08
4.462385786e-08
4.461828132e-08
4.463137848e-08
4.465832399e-08
4.468437128e-08
4.471609279e-08
4.474507106e-08
4.476921499e-08
4.478877162e-08
4.480473034e-08
4.481810423e-08
4.48296409e-08
4.483980611e-08
4.484888065e-08
4.485705029e-08
4.486445346e-08
4.487120028e-08
4.487738045e-08
4.48830674e-08
4.488832203e-08
4.489319555e-08
4.489773189e-08
4.49019699e-08
4.490594572e-08
4.490969613e-08
4.491326386e-08
4.491670602e-08
4.49201062e-08
4.492358758e-08
4.492732297e-08
4.493156429e-08
4.493664889e-08
4.494295994e-08
4.495082872e-08
4.496038362e-08
4.497127452e-08
4.49822711e-08
4.498994975e-08
4.498150682e-08
6.42055075e-05
4.832389665e-05
3.37300547e-05
2.298425734e-05
1.573880446e-05
1.104235467e-05
8.009265007e-06
5.987156926e-06
4.550916984e-06
3.44499456e-06
2.528167017e-06
1.730581071e-06
9.853770675e-07
3.978693512e-07
1.23701897e-07
5.983637675e-08
4.828848455e-08
4.575529385e-08
4.500705792e-08
4.473600479e-08
4.463202738e-08
4.45947527e-08
4.45861449e-08
4.461178485e-08
4.465286658e-08
4.469001965e-08
4.472433541e-08
4.475420283e-08
4.477893676e-08
4.47989951e-08
4.481539998e-08
4.482917683e-08
4.484107406e-08
4.485155318e-08
4.48608935e-08
4.486928383e-08
4.487686873e-08
4.488376577e-08
4.489007123e-08
4.489586362e-08
4.490120786e-08
4.490615835e-08
4.491076186e-08
4.491506002e-08
4.491909231e-08
4.492289961e-08
4.492653028e-08
4.49300491e-08
4.493354869e-08
4.493716191e-08
4.494106374e-08
4.494550799e-08
4.495081571e-08
4.495733541e-08
4.496533618e-08
4.497487983e-08
4.498554461e-08
4.499609858e-08
4.500312732e-08
4.499359248e-08
4.583231875e-05
3.586108199e-05
2.689910359e-05
1.984825467e-05
1.470786231e-05
1.109107808e-05
8.559109627e-06
6.740321994e-06
5.363736356e-06
4.250262154e-06
3.292754718e-06
2.436696943e-06
1.663485359e-06
9.342810973e-07
3.690704026e-07
1.133328816e-07
5.739200922e-08
4.761945974e-08
4.550112633e-08
4.488078228e-08
4.466153691e-08
4.458513744e-08
4.456956751e-08
4.460423922e-08
4.46551426e-08
4.469952493e-08
4.473693253e-08
4.476761481e-08
4.479240181e-08
4.481250211e-08
4.482914812e-08
4.484331753e-08
4.485565361e-08
4.486654409e-08
4.487623776e-08
4.488492067e-08
4.489274595e-08
4.489984281e-08
4.490631758e-08
4.491225617e-08
4.491772898e-08
4.492279425e-08
4.492750186e-08
4.493189635e-08
4.493602059e-08
4.493992007e-08
4.494364909e-08
4.494728029e-08
4.495091492e-08
4.495469272e-08
4.495878829e-08
4.496345221e-08
4.496898436e-08
4.497568986e-08
4.498377359e-08
4.499322695e-08
4.500357222e-08
4.50135826e-08
4.501989326e-08
4.500923307e-08
3.557937636e-05
2.892521802e-05
2.289506613e-05
1.794683269e-05
1.412789237e-05
1.126662312e-05
9.125334042e-06
7.48682669e-06
6.176416964e-06
5.069033559e-06
4.08498855e-06
3.182080244e-06
2.346891812e-06
1.586613623e-06
8.758786918e-07
3.393050532e-07
1.045055449e-07
5.558583583e-08
4.719967584e-08
4.536396818e-08
4.482687767e-08
4.464467846e-08
4.459107251e-08
4.461148831e-08
4.466011308e-08
4.470548175e-08
4.474380299e-08
4.477482301e-08
4.479973795e-08
4.482009411e-08
4.483720971e-08
4.485197871e-08
4.486492779e-08
4.487636723e-08
4.488651626e-08
4.489556306e-08
4.490367708e-08
4.491100616e-08
4.491767274e-08
4.492377487e-08
4.492939111e-08
4.49345852e-08
4.493941097e-08
4.49439163e-08
4.49481479e-08
4.495215624e-08
4.495600148e-08
4.495976396e-08
4.496355218e-08
4.49675082e-08
4.497180473e-08
4.497668205e-08
4.498241322e-08
4.498925425e-08
4.499734968e-08
4.500662159e-08
4.501655556e-08
4.50259415e-08
4.503147735e-08
4.501963109e-08
2.901966931e-05
2.433128551e-05
2.010018769e-05
1.661581393e-05
1.374747404e-05
1.146612074e-05
9.661024166e-06
8.198012942e-06
6.965496864e-06
5.878246272e-06
4.879686159e-06
3.939803726e-06
3.050903479e-06
2.223052841e-06
1.474053308e-06
7.888188891e-07
2.954468862e-07
9.295701127e-08
5.334537812e-08
4.666965584e-08
4.519936423e-08
4.477336469e-08
4.46379812e-08
4.462785962e-08
4.466502156e-08
4.470637212e-08
4.474346524e-08
4.477431141e-08
4.479955047e-08
4.482054422e-08
4.483848612e-08
4.485414205e-08
4.486793005e-08
4.488009402e-08
4.489082956e-08
4.490033151e-08
4.490879242e-08
4.491638705e-08
4.4923262e-08
4.492953401e-08
4.493529434e-08
4.494061531e-08
4.494555648e-08
4.495017045e-08
4.495450868e-08
4.495862695e-08
4.49625918e-08
4.496649094e-08
4.497043882e-08
4.497457739e-08
4.497907652e-08
4.49841633e-08
4.499008319e-08
4.499704606e-08
4.500514224e-08
4.501423471e-08
4.502378581e-08
4.503260835e-08
4.503743804e-08
4.502445617e-08
2.45348038e-05
2.130036608e-05
1.835060767e-05
1.577023596e-05
1.357651509e-05
1.173614109e-05
1.019241858e-05
8.87783035e-06
7.719239602e-06
6.657011175e-06
5.651536104e-06
4.683185637e-06
3.750350142e-06
2.866152934e-06
2.055876963e-06
1.326761726e-06
6.811315456e-07
2.425277419e-07
7.990068725e-08
5.085952177e-08
4.608180074e-08
4.502518259e-08
4.472437446e-08
4.465814219e-08
4.467325541e-08
4.470566597e-08
4.473932348e-08
4.476918482e-08
4.479459863e-08
4.481633625e-08
4.483528209e-08
4.485201371e-08
4.486682526e-08
4.487988418e-08
4.489135118e-08
4.49014204e-08
4.49103063e-08
4.491821526e-08
4.492532523e-08
4.493177875e-08
4.493768568e-08
4.494313108e-08
4.494818324e-08
4.495290137e-08
4.495734281e-08
4.496156937e-08
4.496565452e-08
4.496969286e-08
4.497380352e-08
4.497812738e-08
4.498283095e-08
4.498812767e-08
4.499423559e-08
4.500132174e-08
4.50094297e-08
4.501837738e-08
4.502761207e-08
4.50359756e-08
4.504022639e-08
4.502628718e-08
2.161186093e-05
1.929487253e-05
1.713793913e-05
1.520237347e-05
1.350356304e-05
1.202192542e-05
1.07150486e-05
9.537901961e-06
8.446861486e-06
7.410230827e-06
6.401408288e-06
5.410293823e-06
4.441602893e-06
3.512104147e-06
2.646578908e-06
1.872704214e-06
1.18122152e-06
5.803780231e-07
1.967532709e-07
7.03359391e-08
4.921273262e-08
4.570861429e-08
4.492285071e-08
4.472577365e-08
4.469510684e-08
4.47095661e-08
4.473601596e-08
4.476321186e-08
4.478802422e-08
4.481014814e-08
4.482995348e-08
4.484774052e-08
4.486363376e-08
4.48776902e-08
4.489000569e-08
4.490075069e-08
4.491014853e-08
4.491843376e-08
4.492581849e-08
4.49324764e-08
4.493854161e-08
4.494411657e-08
4.494928159e-08
4.49541049e-08
4.495865107e-08
4.496298877e-08
4.496719873e-08
4.497138183e-08
4.497566067e-08
4.498017399e-08
4.498508399e-08
4.499059011e-08
4.49968842e-08
4.500409559e-08
4.501222623e-08
4.502105669e-08
4.503002436e-08
4.503799763e-08
4.504174454e-08
4.502694832e-08
1.963553402e-05
1.795932374e-05
1.636904629e-05
1.490260726e-05
1.356934489e-05
1.235687213e-05
1.123891576e-05
1.018184931e-05
9.156218677e-06
8.139231965e-06
7.124303785e-06
6.110415118e-06
5.107882284e-06
4.136556071e-06
3.222049164e-06
2.391011439e-06
1.666079351e-06
1.0253299e-06
4.803855304e-07
1.548162907e-07
6.226200053e-08
4.779447859e-08
4.538107296e-08
4.48617248e-08
4.474121307e-08
4.472373666e-08
4.473742834e-08
4.475936665e-08
4.478220465e-08
4.480392621e-08
4.482412752e-08
4.484271318e-08
4.485957358e-08
4.487461036e-08
4.488781637e-08
4.489930565e-08
4.490928666e-08
4.491800871e-08
4.492571349e-08
4.493260681e-08
4.493885045e-08
4.494456796e-08
4.494985479e-08
4.495479047e-08
4.495944832e-08
4.49639046e-08
4.496824746e-08
4.497258343e-08
4.497703749e-08
4.498174481e-08
4.498686225e-08
4.499257485e-08
4.499904943e-08
4.500638194e-08
4.501453517e-08
4.502325621e-08
4.503197584e-08
4.503958626e-08
4.50428626e-08
4.502725062e-08
1.841251398e-05
1.718525669e-05
1.599451346e-05
1.486178453e-05
1.379097813e-05
1.277252151e-05
1.17884472e-05
1.081737987e-05
9.838549952e-06
8.839116471e-06
7.814869274e-06
6.774491935e-06
5.737364228e-06
4.725825251e-06
3.766255178e-06
2.885154992e-06
2.106226052e-06
1.422879215e-06
8.213754124e-07
3.621416654e-07
1.151790765e-07
5.557800892e-08
4.664932261e-08
4.515371847e-08
4.483191107e-08
4.475536236e-08
4.474713685e-08
4.475993906e-08
4.477884629e-08
4.4799037e-08
4.481892528e-08
4.483785123e-08
4.485539321e-08
4.487125266e-08
4.488528446e-08
4.489751398e-08
4.490810624e-08
4.491730422e-08
4.492536671e-08
4.49325263e-08
4.49389718e-08
4.494484915e-08
4.495027114e-08
4.495533039e-08
4.496011011e-08
4.496469486e-08
4.496918009e-08
4.497367731e-08
4.497831264e-08
4.498321626e-08
4.498853837e-08
4.499444784e-08
4.50010854e-08
4.50085156e-08
4.501666866e-08
4.502526524e-08
4.503373589e-08
4.50409977e-08
4.504382025e-08
4.502737165e-08
1.780567433e-05
1.688319282e-05
1.596280842e-05
1.505477201e-05
1.415883542e-05
1.326690506e-05
1.236644935e-05
1.144402645e-05
1.048805129e-05
9.491281769e-06
8.456120485e-06
7.393331176e-06
6.322247656e-06
5.27511553e-06
4.27874336e-06
3.359087178e-06
2.538021177e-06
1.830465903e-06
1.208928232e-06
6.700175965e-07
2.780139612e-07
9.093857885e-08
5.174151588e-08
4.603323338e-08
4.504589587e-08
4.482326064e-08
4.477076749e-08
4.476714149e-08
4.477922655e-08
4.479645422e-08
4.481516358e-08
4.483384021e-08
4.485164908e-08
4.486804985e-08
4.488273394e-08
4.489561373e-08
4.490678504e-08
4.491646063e-08
4.492489829e-08
4.493234615e-08
4.493901444e-08
4.494506981e-08
4.495064252e-08
4.495583885e-08
4.496075267e-08
4.49654772e-08
4.49701147e-08
4.497478093e-08
4.49796018e-08
4.498470124e-08
4.499022155e-08
4.499631434e-08
4.50030942e-08
4.50105961e-08
4.501872348e-08
4.50271768e-08
4.503539387e-08
4.504231726e-08
4.50446859e-08
4.502732182e-08
1.769570892e-05
1.696479405e-05
1.621170554e-05
1.543917982e-05
1.464422252e-05
1.381993198e-05
1.295778922e-05
1.205017678e-05
1.10925918e-05
1.008485545e-05
9.03214201e-06
7.948674511e-06
6.85506828e-06
5.776598589e-06
4.750070057e-06
3.800006326e-06
2.946394518e-06
2.202600538e-06
1.573356141e-06
1.02281788e-06
5.413217548e-07
2.093589901e-07
7.322136701e-08
4.89565351e-08
4.556183325e-08
4.495276171e-08
4.481294518e-08
4.478224805e-08
4.478402089e-08
4.479676882e-08
4.481340622e-08
4.483119762e-08
4.484879008e-08
4.486536847e-08
4.488044613e-08
4.489380839e-08
4.490546349e-08
4.491557278e-08
4.492437338e-08
4.493211405e-08
4.493901705e-08
4.494526485e-08
4.495100291e-08
4.49563503e-08
4.496141146e-08
4.496628818e-08
4.497108902e-08
4.497593312e-08
4.498094427e-08
4.49862391e-08
4.499195164e-08
4.499821727e-08
4.500512848e-08
4.501269098e-08
4.502078077e-08
4.502908198e-08
4.503703959e-08
4.504361329e-08
4.504546566e-08
4.50270295e-08
1.796179633e-05
1.73330537e-05
1.666516125e-05
1.595627894e-05
1.52020921e-05
1.439709693e-05
1.35361908e-05
1.261634747e-05
1.16381278e-05
1.060681755e-05
9.532411915e-06
8.429540442e-06
7.319290204e-06
6.226035088e-06
5.17702089e-06
4.205348339e-06
3.32923473e-06
2.561032407e-06
1.906515667e-06
1.325980561e-06
8.065542768e-07
4.02322509e-07
1.463787384e-07
6.015727145e-08
4.704100185e-08
4.522285731e-08
4.488506946e-08
4.480762089e-08
4.479400673e-08
4.480040372e-08
4.481401594e-08
4.483027569e-08
4.484714927e-08
4.486350729e-08
4.487867312e-08
4.48922975e-08
4.490429015e-08
4.491474571e-08
4.49238636e-08
4.493187812e-08
4.493901234e-08
4.494545727e-08
4.495136933e-08
4.495687815e-08
4.496209764e-08
4.49671374e-08
4.497211165e-08
4.497714176e-08
4.498234717e-08
4.498783621e-08
4.49937346e-08
4.500016203e-08
4.500718877e-08
4.501479361e-08
4.502282897e-08
4.503096654e-08
4.503865909e-08
4.504487873e-08
4.504618965e-08
4.502666917e-08
1.847338189e-05
1.787925912e-05
1.723441732e-05
1.653487139e-05
1.577633772e-05
1.495514904e-05
1.406930531e-05
1.3119593e-05
1.211042015e-05
1.105039717e-05
9.952453543e-06
8.833131539e-06
7.712093339e-06
6.612359826e-06
5.556686687e-06
4.571027468e-06
3.678494372e-06
2.889090826e-06
2.206505684e-06
1.626805449e-06
1.108894694e-06
6.484604479e-07
3.020112184e-07
1.056933502e-07
5.319773885e-08
4.605991263e-08
4.504888942e-08
4.485471034e-08
4.481185864e-08
4.480814302e-08
4.481730363e-08
4.483128344e-08
4.484692686e-08
4.48626659e-08
4.487760547e-08
4.489125147e-08
4.49034077e-08
4.491409233e-08
4.492345475e-08
4.493170207e-08
4.493904715e-08
4.494568133e-08
4.495176662e-08
4.495744007e-08
4.496282315e-08
4.496803201e-08
4.49731853e-08
4.497840472e-08
4.498380294e-08
4.498947905e-08
4.499554851e-08
4.500211527e-08
4.500922827e-08
4.501684352e-08
4.502479446e-08
4.503274659e-08
4.504016923e-08
4.504605854e-08
4.504687856e-08
4.502639002e-08
1.909311814e-05
1.848807733e-05
1.782479406e-05
1.70991317e-05
1.630795833e-05
1.544979187e-05
1.452546935e-05
1.353879174e-05
1.249692665e-05
1.141062448e-05
1.029403235e-05
9.164192355e-06
8.039732585e-06
6.940666094e-06
5.888010256e-06
4.900297171e-06
4.00129028e-06
3.202583156e-06
2.508839558e-06
1.921007612e-06
1.399161146e-06
9.324527383e-07
5.230868621e-07
2.274324403e-07
8.069975987e-08
4.953708373e-08
4.55503248e-08
4.496065694e-08
4.48446926e-08
4.482159694e-08
4.482369367e-08
4.483435021e-08
4.484818703e-08
4.486291464e-08
4.487732759e-08
4.489076335e-08
4.490290852e-08
4.491369686e-08
4.492321927e-08
4.493164607e-08
4.493917076e-08
4.494597744e-08
4.495222824e-08
4.495806403e-08
4.496361135e-08
4.496899091e-08
4.497432379e-08
4.497972984e-08
4.498531368e-08
4.499116574e-08
4.499739068e-08
4.500407736e-08
4.501125435e-08
4.501885676e-08
4.502670433e-08
4.503446345e-08
4.504162178e-08
4.504719378e-08
4.504754398e-08
4.502616951e-08
1.969129268e-05
1.905146298e-05
1.834884121e-05
1.758051022e-05
1.674520593e-05
1.584374421e-05
1.487939669e-05
1.385821418e-05
1.278917554e-05
1.168411046e-05
1.055739252e-05
9.425420824e-06
8.30588545e-06
7.216410044e-06
6.174237865e-06
5.195508707e-06
4.296189773e-06
3.491999822e-06
2.786086148e-06
2.177144746e-06
1.657545924e-06
1.18368404e-06
7.443081963e-07
3.980243774e-07
1.61667541e-07
6.400646613e-08
4.728491601e-08
4.522386397e-08
4.490577598e-08
4.484304104e-08
4.48336166e-08
4.483954723e-08
4.485091258e-08
4.486421728e-08
4.487781995e-08
4.489083294e-08
4.490280825e-08
4.491358465e-08
4.492318635e-08
4.493173949e-08
4.49394111e-08
4.494637189e-08
4.495277924e-08
4.495877423e-08
4.496448565e-08
4.49700366e-08
4.497554865e-08
4.498113813e-08
4.498690121e-08
4.499292109e-08
4.49992957e-08
4.500609818e-08
4.501333378e-08
4.502091854e-08
4.502866094e-08
4.503622857e-08
4.504312128e-08
4.504835908e-08
4.504822693e-08
4.502603102e-08
2.016410751e-05
1.94843687e-05
1.873933852e-05
1.792808892e-05
1.705151546e-05
1.611260106e-05
1.511660453e-05
1.407115717e-05
1.298627964e-05
1.187409104e-05
1.074851477e-05
9.624718587e-06
8.518402488e-06
7.445069075e-06
6.419488135e-06
5.455460056e-06
4.564083345e-06
3.760038833e-06
3.048774667e-06
2.430402123e-06
1.903053711e-06
1.43290314e-06
1.001182206e-06
6.038262387e-07
3.019207032e-07
1.154062782e-07
5.450073457e-08
4.604974951e-08
4.504006381e-08
4.487862e-08
4.484808321e-08
4.484700665e-08
4.485507292e-08
4.486650508e-08
4.487900808e-08
4.48914062e-08
4.49030753e-08
4.491374212e-08
4.492335457e-08
4.493198801e-08
4.493977745e-08
4.494687536e-08
4.495343044e-08
4.495958086e-08
4.496545539e-08
4.497117747e-08
4.497686704e-08
4.498263493e-08
4.498856874e-08
4.499474743e-08
4.500126038e-08
4.500816268e-08
4.501543994e-08
4.50229921e-08
4.503061766e-08
4.503798595e-08
4.504460764e-08
4.504951103e-08
4.504892223e-08
4.502599245e-08
2.044659336e-05
1.973518585e-05
1.895739126e-05
1.811443892e-05
1.720930726e-05
1.624682172e-05
1.523371938e-05
1.417862149e-05
1.309195391e-05
1.198559311e-05
1.087261228e-05
9.766759923e-06
8.68194362e-06
7.631742662e-06
6.628538404e-06
5.683432423e-06
4.80609349e-06
4.006334002e-06
3.292874416e-06
2.665701332e-06
2.121920241e-06
1.6537346e-06
1.217504603e-06
8.009113782e-07
4.61585534e-07
2.136546516e-07
8.178803883e-08
4.925623445e-08
4.541340327e-08
4.494703662e-08
4.486985719e-08
4.485726148e-08
4.486074954e-08
4.486975106e-08
4.488083118e-08
4.489241337e-08
4.490365239e-08
4.491412999e-08
4.492370005e-08
4.493237789e-08
4.494026141e-08
4.49474815e-08
4.495417568e-08
4.496047731e-08
4.496651332e-08
4.497240517e-08
4.497826823e-08
4.49842051e-08
4.499029437e-08
4.49966112e-08
4.500323492e-08
4.50102038e-08
4.501748698e-08
4.502497165e-08
4.503245112e-08
4.503960502e-08
4.504596837e-08
4.505057948e-08
4.504960136e-08
4.502604276e-08
2.051488725e-05
1.978720338e-05
1.899303347e-05
1.813554362e-05
1.721942677e-05
1.625090334e-05
1.523769539e-05
1.418892792e-05
1.311500701e-05
1.202726384e-05
1.09377437e-05
9.858748595e-06
8.802443771e-06
7.78045156e-06
6.803402027e-06
5.880836317e-06
5.021117364e-06
4.230405586e-06
3.518191851e-06
2.885965911e-06
2.331824519e-06
1.852040249e-06
1.427277394e-06
1.025833362e-06
6.458407741e-07
3.507282737e-07
1.505933402e-07
6.267585338e-08
4.682172339e-08
4.512394855e-08
4.490801678e-08
4.487174241e-08
4.486824361e-08
4.487401563e-08
4.488328403e-08
4.489382566e-08
4.490450161e-08
4.491471144e-08
4.492419316e-08
4.493288804e-08
4.494084939e-08
4.494818276e-08
4.495501216e-08
4.4961464e-08
4.496766092e-08
4.497371967e-08
4.49797492e-08
4.498584517e-08
4.499208071e-08
4.499852478e-08
4.500524269e-08
4.50122562e-08
4.501952044e-08
4.502691442e-08
4.50342326e-08
4.504117047e-08
4.504728433e-08
4.505161322e-08
4.505028588e-08
4.502618901e-08
2.037899426e-05
1.965220701e-05
1.88596053e-05
1.80058412e-05
1.709682808e-05
1.613967748e-05
1.514264604e-05
1.411497157e-05
1.306672691e-05
1.200855165e-05
1.095143458e-05
9.906363138e-06
8.884046903e-06
7.894638106e-06
6.947462804e-06
6.050570338e-06
5.210861749e-06
4.434152045e-06
3.726936567e-06
3.0941568e-06
2.53497786e-06
2.046847661e-06
1.623907587e-06
1.224397585e-06
8.40082736e-07
5.037222662e-07
2.553273679e-07
1.048075438e-07
5.299794208e-08
4.574904128e-08
4.499661517e-08
4.489486389e-08
4.487839432e-08
4.487956296e-08
4.488648034e-08
4.489569837e-08
4.490565395e-08
4.49155102e-08
4.492485593e-08
4.493354317e-08
4.494157098e-08
4.494901335e-08
4.495597635e-08
4.496257568e-08
4.496892692e-08
4.497514208e-08
4.49813284e-08
4.498758085e-08
4.49939653e-08
4.500053813e-08
4.500734947e-08
4.501440598e-08
4.502165066e-08
4.502895549e-08
4.50361158e-08
4.504283378e-08
4.504866771e-08
4.505266469e-08
4.505095653e-08
4.502630383e-08
2.007075722e-05
1.936017488e-05
1.858511477e-05
1.775115563e-05
1.686491462e-05
1.593393948e-05
1.496662523e-05
1.397202987e-05
1.295974206e-05
1.19396484e-05
1.092176086e-05
9.915933239e-06
8.93166749e-06
7.977891767e-06
7.062760735e-06
6.193439498e-06
5.376217838e-06
4.616336723e-06
3.917572467e-06
3.286775452e-06
2.724246977e-06
2.228139086e-06
1.794671449e-06
1.406987512e-06
1.033165102e-06
6.701070793e-07
3.830465192e-07
1.823652183e-07
7.613788097e-08
4.838116399e-08
4.526214558e-08
4.493958503e-08
4.489315629e-08
4.488695616e-08
4.489069122e-08
4.489818236e-08
4.490719698e-08
4.491658625e-08
4.492574073e-08
4.493439179e-08
4.494247068e-08
4.495001174e-08
4.495709777e-08
4.496383131e-08
4.497032164e-08
4.497668003e-08
4.498301411e-08
4.498941251e-08
4.499592948e-08
4.500261329e-08
4.500950347e-08
4.501659301e-08
4.502381349e-08
4.50310284e-08
4.503802929e-08
4.504451554e-08
4.505004228e-08
4.505368595e-08
4.505158341e-08
4.502633987e-08
1.963140448e-05
1.894867484e-05
1.820333684e-05
1.740139829e-05
1.654971884e-05
1.565591313e-05
1.472821259e-05
1.377530147e-05
1.280619272e-05
1.183002216e-05
1.08559219e-05
9.892787264e-06
8.949151459e-06
8.033016941e-06
7.151739892e-06
6.311879978e-06
5.518982957e-06
4.777709008e-06
4.09201146e-06
3.466545742e-06
2.904727136e-06
2.405720678e-06
1.967364448e-06
1.584956485e-06
1.218476091e-06
8.631265664e-07
5.314466053e-07
2.850745347e-07
1.273398245e-07
5.919872427e-08
4.630839944e-08
4.505545587e-08
4.491811902e-08
4.48972931e-08
4.489633285e-08
4.490146804e-08
4.490919565e-08
4.491792958e-08
4.492679938e-08
4.493536905e-08
4.494347418e-08
4.49510993e-08
4.495830019e-08
4.496516475e-08
4.497179553e-08
4.497829913e-08
4.49847752e-08
4.499130062e-08
4.499792043e-08
4.500467914e-08
4.501160877e-08
4.501869172e-08
4.502585247e-08
4.503295193e-08
4.503978413e-08
4.504604808e-08
4.505129792e-08
4.505464318e-08
4.505221658e-08
4.502647004e-08
1.910199099e-05
1.845472313e-05
1.774712919e-05
1.698525099e-05
1.617585568e-05
1.53263369e-05
1.444454947e-05
1.353869445e-05
1.261715833e-05
1.168836482e-05
1.076067353e-05
9.842184497e-06
8.94065181e-06
8.063347442e-06
7.216967662e-06
6.407498304e-06
5.640190575e-06
4.919531856e-06
4.249172122e-06
3.631838949e-06
3.072751073e-06
2.572182749e-06
2.129366745e-06
1.741661267e-06
1.38469619e-06
1.034076297e-06
6.8586797e-07
4.05471379e-07
2.064631856e-07
9.066246653e-08
5.089913215e-08
4.547259756e-08
4.497321583e-08
4.491257786e-08
4.490342384e-08
4.490520712e-08
4.491114317e-08
4.491894058e-08
4.492738714e-08
4.493582267e-08
4.494394584e-08
4.495166893e-08
4.495901425e-08
4.496605313e-08
4.49728771e-08
4.497958137e-08
4.498625156e-08
4.499294893e-08
4.499970846e-08
4.50065707e-08
4.501355921e-08
4.502064688e-08
4.502775412e-08
4.503474354e-08
4.504141154e-08
4.504745463e-08
4.505245203e-08
4.505553679e-08
4.50528246e-08
4.502661848e-08
1.851760672e-05
1.79098637e-05
1.724437153e-05
1.652692504e-05
1.57639764e-05
1.496251072e-05
1.412988574e-05
1.327375104e-05
1.240185206e-05
1.15219539e-05
1.064173178e-05
9.768605545e-06
8.909676497e-06
8.071620491e-06
7.260622036e-06
6.482261629e-06
5.74153172e-06
5.042577429e-06
4.388888468e-06
3.783469446e-06
3.229658258e-06
2.730239593e-06
2.285097735e-06
1.892338288e-06
1.545699268e-06
1.206199735e-06
8.712532849e-07
5.483511036e-07
3.055122968e-07
1.468635183e-07
6.772929817e-08
4.733210505e-08
4.514056753e-08
4.493550777e-08
4.490700233e-08
4.490325117e-08
4.490657133e-08
4.491305538e-08
4.492093719e-08
4.492923907e-08
4.493746916e-08
4.494543448e-08
4.495310444e-08
4.496052748e-08
4.496778402e-08
4.497496029e-08
4.498213366e-08
4.498935144e-08
4.499664172e-08
4.500404412e-08
4.501157116e-08
4.501918353e-08
4.502678991e-08
4.50342408e-08
4.504130831e-08
4.504764894e-08
4.505286685e-08
4.50559908e-08
4.505308136e-08
4.502646128e-08
1.790528983e-05
1.733845963e-05
1.671663291e-05
1.604521078e-05
1.533019423e-05
1.457804343e-05
1.379556971e-05
1.298981854e-05
1.216793248e-05
1.133705091e-05
1.050422768e-05
9.676283187e-06
8.859757477e-06
8.06083221e-06
7.285255052e-06
6.538243303e-06
5.824507809e-06
5.148123374e-06
4.512545655e-06
3.920549114e-06
3.374346811e-06
2.877959697e-06
2.432700154e-06
2.03780685e-06
1.689781489e-06
1.357286134e-06
1.025441238e-06
6.900437152e-07
4.173556462e-07
2.214859095e-07
1.03503032e-07
5.487650775e-08
4.577892503e-08
4.496866434e-08
4.488836858e-08
4.48766575e-08
4.487699777e-08
4.488172691e-08
4.488852609e-08
4.489616312e-08
4.490397972e-08
4.491168262e-08
4.491918429e-08
4.4926498e-08
4.493368014e-08
4.494079839e-08
4.494791143e-08
4.495505067e-08
4.496223359e-08
4.49694814e-08
4.49767877e-08
4.498409826e-08
4.499131465e-08
4.499828806e-08
4.500480339e-08
4.501056532e-08
4.501522463e-08
4.501787158e-08
4.50146743e-08
4.498767087e-08
1.728440499e-05
1.675807268e-05
1.617959421e-05
1.555389741e-05
1.488645256e-05
1.41831655e-05
1.345026778e-05
1.269421056e-05
1.192153375e-05
1.113879714e-05
1.035247089e-05
9.568848332e-06
8.793970908e-06
8.033575802e-06
7.293021782e-06
6.577206363e-06
5.890607801e-06
5.237156945e-06
4.620119399e-06
4.042241636e-06
3.505874302e-06
3.014125207e-06
2.570083361e-06
2.17176138e-06
1.816196684e-06
1.497769949e-06
1.178310252e-06
8.575449941e-07
5.475907394e-07
3.130739283e-07
1.578314868e-07
7.489477316e-08
4.858207634e-08
4.520575668e-08
4.492770308e-08
4.489589774e-08
4.489158483e-08
4.489398362e-08
4.489934578e-08
4.490607087e-08
4.491328538e-08
4.492057591e-08
4.492779164e-08
4.493490873e-08
4.494195589e-08
4.494897825e-08
4.49560165e-08
4.4963086e-08
4.49701931e-08
4.497734601e-08
4.498452114e-08
4.499165007e-08
4.49986244e-08
4.500528976e-08
4.501143486e-08
4.501681024e-08
4.502107182e-08
4.502332215e-08
4.501983167e-08
4.499242149e-08
1.666814013e-05
1.618081192e-05
1.564421387e-05
1.506276757e-05
1.444139893e-05
1.37854496e-05
1.310057685e-05
1.239264567e-05
1.166762941e-05
1.093153639e-05
1.019029435e-05
9.449707156e-06
8.715353289e-06
7.992558429e-06
7.286328142e-06
6.601279109e-06
5.941651905e-06
5.311238089e-06
4.713355503e-06
4.15077041e-06
3.625764425e-06
3.14114919e-06
2.700164351e-06
2.302593975e-06
1.947721108e-06
1.633027238e-06
1.320848592e-06
1.004281151e-06
6.819529187e-07
4.19325555e-07
2.289313654e-07
1.123440198e-07
5.897353262e-08
4.628016022e-08
4.503800968e-08
4.493364867e-08
4.492017987e-08
4.491954206e-08
4.49230969e-08
4.492859485e-08
4.493491732e-08
4.494152629e-08
4.49482134e-08
4.495492193e-08
4.496165387e-08
4.496843072e-08
4.497527344e-08
4.498217827e-08
4.498913681e-08
4.499614423e-08
4.500316502e-08
4.501012011e-08
4.501689125e-08
4.502331158e-08
4.502915922e-08
4.503421579e-08
4.503811971e-08
4.504000713e-08
4.503625587e-08
4.500844083e-08
1.60652884e-05
1.561490219e-05
1.511808941e-05
1.457876893e-05
1.400133981e-05
1.339059512e-05
1.275163533e-05
1.208976639e-05
1.141041624e-05
1.071906994e-05
1.002115049e-05
9.321996218e-06
8.62675899e-06
7.940385231e-06
7.267553286e-06
6.612604382e-06
5.979563902e-06
5.372072254e-06
4.793355743e-06
4.246096871e-06
3.733587693e-06
3.258310865e-06
2.820727538e-06
2.423235251e-06
2.06474068e-06
1.741263345e-06
1.44688729e-06
1.143724117e-06
8.316349445e-07
5.39540735e-07
3.150538252e-07
1.643722805e-07
8.14204413e-08
5.059868945e-08
4.539635275e-08
4.498724942e-08
4.495035397e-08
4.494568155e-08
4.494721031e-08
4.495117422e-08
4.495620141e-08
4.496167392e-08
4.4967363e-08
4.497320474e-08
4.497919116e-08
4.498533026e-08
4.499162743e-08
4.499806418e-08
4.500461479e-08
4.501125637e-08
4.50179409e-08
4.502457528e-08
4.503102201e-08
4.503709003e-08
4.504256006e-08
4.504723386e-08
4.505074994e-08
4.505229802e-08
4.50482888e-08
4.502000599e-08
1.5481628e-05
1.50658635e-05
1.460644298e-05
1.410681307e-05
1.357086879e-05
1.300288551e-05
1.240743109e-05
1.178928545e-05
1.115336125e-05
1.050464426e-05
9.848087774e-06
9.188592669e-06
8.530910696e-06
7.879631347e-06
7.239116952e-06
6.61344666e-06
6.006437745e-06
5.421578389e-06
4.861992008e-06
4.331460965e-06
3.832904678e-06
3.367166287e-06
2.935844327e-06
2.541270267e-06
2.184340654e-06
1.863564093e-06
1.576434438e-06
1.284402928e-06
9.824579223e-07
6.722898021e-07
4.186935537e-07
2.333946753e-07
1.184344417e-07
6.261700183e-08
4.688107999e-08
4.510615989e-08
4.498208363e-08
4.49703147e-08
4.497000467e-08
4.497251509e-08
4.497609236e-08
4.498011938e-08
4.498441104e-08
4.49889307e-08
4.499368608e-08
4.499869552e-08
4.500396884e-08
4.500948981e-08
4.501522654e-08
4.502113678e-08
4.502715502e-08
4.50331676e-08
4.503901422e-08
4.504449444e-08
4.504943223e-08
4.505366072e-08
4.505680049e-08
4.505805191e-08
4.505379818e-08
4.502502515e-08
1.492087232e-05
1.453733668e-05
1.411281863e-05
1.365032654e-05
1.315329003e-05
1.26254941e-05
1.20710106e-05
1.14941257e-05
1.089927045e-05
1.029095549e-05
9.673707479e-06
9.052007745e-06
8.430237858e-06
7.812659832e-06
7.203351442e-06
6.606165718e-06
6.024753474e-06
5.462513276e-06
4.922560857e-06
4.408724724e-06
3.923507142e-06
3.467991007e-06
3.043889527e-06
2.652261711e-06
2.295265003e-06
1.971489375e-06
1.676220997e-06
1.403443324e-06
1.114696643e-06
8.082656375e-07
5.31690539e-07
3.153237961e-07
1.681224927e-07
8.57301166e-08
5.238293443e-08
4.55836427e-08
4.502950315e-08
4.499309826e-08
4.499074859e-08
4.499245745e-08
4.499509964e-08
4.499804008e-08
4.500115364e-08
4.500443788e-08
4.500792169e-08
4.50116421e-08
4.50156282e-08
4.501988783e-08
4.502440757e-08
4.502914543e-08
4.503403767e-08
4.503897574e-08
4.504382477e-08
4.504844582e-08
4.505273802e-08
4.505650299e-08
4.505928092e-08
4.506026799e-08
4.505576901e-08
4.502646037e-08
1.438504053e-05
1.403135951e-05
1.363925465e-05
1.321133249e-05
1.275059031e-05
1.226036236e-05
1.17442594e-05
1.120610618e-05
1.064988998e-05
1.007968007e-05
9.499600234e-06
8.913742628e-06
8.326146229e-06
7.74076157e-06
7.161397541e-06
6.591678815e-06
6.035059558e-06
5.494761771e-06
4.974686639e-06
4.478062187e-06
4.00632152e-06
3.56153643e-06
3.145441321e-06
2.759385671e-06
2.405049393e-06
2.083183557e-06
1.79145096e-06
1.527502662e-06
1.251689248e-06
9.605585778e-07
6.590646579e-07
4.12510393e-07
2.322910662e-07
1.201856404e-07
6.497649562e-08
4.754425019e-08
4.516045154e-08
4.501496116e-08
4.500700007e-08
4.500797943e-08
4.501015799e-08
4.501258883e-08
4.501510674e-08
4.501770341e-08
4.502039783e-08
4.502321912e-08
4.502619284e-08
4.502933802e-08
4.503266105e-08
4.503614348e-08
4.503976198e-08
4.504347089e-08
4.504723779e-08
4.505102619e-08
4.505475335e-08
4.505808779e-08
4.506048041e-08
4.506120179e-08
4.505642877e-08
4.502649366e-08
1.38743952e-05
1.354825065e-05
1.318611306e-05
1.27902229e-05
1.236318212e-05
1.190791089e-05
1.142759682e-05
1.092564284e-05
1.040561781e-05
9.87119326e-06
9.326114825e-06
8.774123312e-06
8.218953042e-06
7.664276099e-06
7.113675927e-06
6.570611644e-06
6.038457549e-06
5.520457923e-06
5.019748597e-06
4.538949107e-06
4.080453595e-06
3.646323364e-06
3.238360746e-06
2.857925802e-06
2.505964113e-06
2.184417289e-06
1.892297223e-06
1.627850055e-06
1.360347186e-06
1.07535661e-06
7.695589842e-07
5.054100408e-07
2.998995462e-07
1.610403403e-07
8.422255731e-08
5.262757245e-08
4.56311218e-08
4.504792455e-08
4.501967859e-08
4.501926704e-08
4.502094488e-08
4.502295091e-08
4.502503899e-08
4.502717108e-08
4.502934852e-08
4.503158339e-08
4.503388898e-08
4.503627755e-08
4.503875908e-08
4.504133797e-08
4.50440391e-08
4.504688777e-08
4.504993449e-08
4.505316783e-08
4.50564454e-08
4.50593414e-08
4.506130394e-08
4.506174902e-08
4.505668597e-08
4.502603844e-08
1.339138426e-05
1.309050406e-05
1.27559092e-05
1.238951077e-05
1.199355417e-05
1.157058398e-05
1.11234035e-05
1.065503194e-05
1.016865748e-05
9.66758468e-06
9.155212593e-06
8.634960966e-06
8.110274166e-06
7.584566667e-06
7.061194125e-06
6.543419202e-06
6.034436005e-06
5.537297434e-06
5.054880977e-06
4.58983683e-06
4.144571569e-06
3.721180674e-06
3.321412776e-06
2.94665689e-06
2.597872052e-06
2.276013759e-06
1.981466477e-06
1.71076419e-06
1.460023594e-06
1.191905332e-06
9.064286578e-07
6.135768719e-07
3.790620907e-07
2.121912411e-07
1.114687626e-07
6.32204332e-08
4.75281778e-08
4.516295593e-08
4.503303312e-08
4.502873583e-08
4.502970249e-08
4.503116657e-08
4.503274977e-08
4.503438893e-08
4.503606876e-08
4.503778884e-08
4.503955899e-08
4.504139312e-08
4.504330779e-08
4.50453272e-08
4.504750087e-08
4.504987322e-08
4.505249176e-08
4.505529681e-08
4.50580944e-08
4.506046057e-08
4.506196515e-08
4.506213657e-08
4.505668157e-08
4.502503973e-08
1.293332861e-05
1.265552059e-05
1.234612245e-05
1.200675133e-05
1.163933388e-05
1.124607923e-05
1.08294448e-05
1.039210447e-05
9.936900184e-06
9.466819308e-06
8.984933621e-06
8.494371383e-06
7.998312951e-06
7.49993074e-06
7.002364663e-06
6.508684909e-06
6.02191204e-06
5.544945768e-06
5.080534402e-06
4.631250316e-06
4.199452381e-06
3.787210139e-06
3.396328019e-06
3.028292988e-06
2.684162345e-06
2.364690467e-06
2.071260718e-06
1.802430609e-06
1.557027588e-06
1.297099249e-06
1.017484059e-06
7.189678129e-07
4.66770426e-07
2.755959794e-07
1.495088725e-07
8.093521306e-08
5.256947737e-08
4.569636212e-08
4.505970722e-08
4.503736956e-08
4.503753451e-08
4.50385449e-08
4.503965544e-08
4.504082753e-08
4.504204587e-08
4.504330611e-08
4.504461455e-08
4.504599444e-08
4.50474734e-08
4.504908514e-08
4.50508728e-08
4.505286197e-08
4.50550641e-08
4.505738315e-08
4.505961741e-08
4.506139349e-08
4.506246959e-08
4.506237882e-08
4.505636122e-08
4.502335279e-08
1.249841948e-05
1.224161279e-05
1.195518652e-05
1.164050086e-05
1.129920282e-05
1.093320474e-05
1.054466307e-05
1.013593915e-05
9.709569856e-06
9.268248326e-06
8.814761865e-06
8.351989046e-06
7.882858955e-06
7.410322747e-06
6.937320331e-06
6.466744182e-06
6.001456839e-06
5.544219278e-06
5.097660642e-06
4.664254362e-06
4.246285976e-06
3.845780615e-06
3.464521629e-06
3.103932777e-06
2.765051606e-06
2.448578694e-06
2.154983982e-06
1.88396437e-06
1.632488373e-06
1.392830498e-06
1.131794774e-06
8.534920522e-07
5.732838085e-07
3.539090686e-07
1.999197e-07
1.07351764e-07
6.284291193e-08
4.768901824e-08
4.517460668e-08
4.504614498e-08
4.504414998e-08
4.50448325e-08
4.50456387e-08
4.504648368e-08
4.504737008e-08
4.504829453e-08
4.504925646e-08
4.505028319e-08
4.505141401e-08
4.505268176e-08
4.505411237e-08
4.505571022e-08
4.505746041e-08
4.505925235e-08
4.506089869e-08
4.506213325e-08
4.506287496e-08
4.506257293e-08
4.505601933e-08
4.502175127e-08
1.208459496e-05
1.184688541e-05
1.158138313e-05
1.128922665e-05
1.097181952e-05
1.06308203e-05
1.026811439e-05
9.885792104e-06
9.486133293e-06
9.07155644e-06
8.64459768e-06
8.207906502e-06
7.76419091e-06
7.31619763e-06
6.866680853e-06
6.418364827e-06
5.9739586e-06
5.536082973e-06
5.107244481e-06
4.68980746e-06
4.28596739e-06
3.897696959e-06
3.526725918e-06
3.174534505e-06
2.842270349e-06
2.530757981e-06
2.240515616e-06
1.97234382e-06
1.724474203e-06
1.495430243e-06
1.246140733e-06
9.745841164e-07
6.846537068e-07
4.431827816e-07
2.620180153e-07
1.434431469e-07
7.927390547e-08
5.260318441e-08
4.575440072e-08
4.506724623e-08
4.504916851e-08
4.504962986e-08
4.505027831e-08
4.505094867e-08
4.505164149e-08
4.505235936e-08
4.505310265e-08
4.50538947e-08
4.505477823e-08
4.505577839e-08
4.505690438e-08
4.505814129e-08
4.505945501e-08
4.506074301e-08
4.506187369e-08
4.506271159e-08
4.506323712e-08
4.506279225e-08
4.505584331e-08
4.502067758e-08
1.16900051e-05
1.146967435e-05
1.122324716e-05
1.095167178e-05
1.065614719e-05
1.033810573e-05
9.9991996e-06
9.641280404e-06
9.266390956e-06
8.876713019e-06
8.474569156e-06
8.062384456e-06
7.642666184e-06
7.217969924e-06
6.790875813e-06
6.363927152e-06
5.939695652e-06
5.520652911e-06
5.109179347e-06
4.70752131e-06
4.317776845e-06
3.94184916e-06
3.58141606e-06
3.237956349e-06
2.91265924e-06
2.606431495e-06
2.319997757e-06
2.053914199e-06
1.808229157e-06
1.582982093e-06
1.341297072e-06
1.076059866e-06
7.850047076e-07
5.290028668e-07
3.258241326e-07
1.840169959e-07
1.00168094e-07
6.076917788e-08
4.746372533e-08
4.517304897e-08
4.505372276e-08
4.505290533e-08
4.505354428e-08
4.505416318e-08
4.505477907e-08
4.505539933e-08
4.505602976e-08
4.505668985e-08
4.505741348e-08
4.505821566e-08
4.505909209e-08
4.506001831e-08
4.506096036e-08
4.506185074e-08
4.506262382e-08
4.506322778e-08
4.506363379e-08
4.506310646e-08
4.505592969e-08
4.502023128e-08
1.131333926e-05
1.110883277e-05
1.087980763e-05
1.062705081e-05
1.035157809e-05
1.005462698e-05
9.737644317e-06
9.40228183e-06
9.050357535e-06
8.683842422e-06
8.304861353e-06
7.915638496e-06
7.518489913e-06
7.115788191e-06
6.709941154e-06
6.303337115e-06
5.898392523e-06
5.497437824e-06
5.102722427e-06
4.716372992e-06
4.340384298e-06
3.976574836e-06
3.626556216e-06
3.291761162e-06
2.973395299e-06
2.672324828e-06
2.389160618e-06
2.124171144e-06
1.877028313e-06
1.645616646e-06
1.425462494e-06
1.179995698e-06
9.1096774e-07
6.294024561e-07
4.004348364e-07
2.336337167e-07
1.282395483e-07
7.334046897e-08
5.142471588e-08
4.571127849e-08
4.507174745e-08
4.505508396e-08
4.505571557e-08
4.5056342e-08
4.505694505e-08
4.505753248e-08
4.505811088e-08
4.505869778e-08
4.505931528e-08
4.505997239e-08
4.506066015e-08
4.506135856e-08
4.506204648e-08
4.506269185e-08
4.50632696e-08
4.506375937e-08
4.506410522e-08
4.506352525e-08
4.505619983e-08
4.502014922e-08
1.095376236e-05
1.076362748e-05
1.055043682e-05
1.031483762e-05
1.005768795e-05
9.780053693e-06
9.483209986e-06
9.168610785e-06
8.837881423e-06
8.492815085e-06
8.135340436e-06
7.767502972e-06
7.391440703e-06
7.009356494e-06
6.623493622e-06
6.236110556e-06
5.84945993e-06
5.465742876e-06
5.087087287e-06
4.71551393e-06
4.352926758e-06
4.001071861e-06
3.661505498e-06
3.335646037e-06
3.02472161e-06
2.729666023e-06
2.451265472e-06
2.190132256e-06
1.946166761e-06
1.718931758e-06
1.506837997e-06
1.270747022e-06
1.007909216e-06
7.214329976e-07
4.774310552e-07
2.901491675e-07
1.636528986e-07
9.127988597e-08
5.826361434e-08
4.724134176e-08
4.518774347e-08
4.505818781e-08
4.505729748e-08
4.505794072e-08
4.505853894e-08
4.505910775e-08
4.505965491e-08
4.506019479e-08
4.506074131e-08
4.506130093e-08
4.506186756e-08
4.50624304e-08
4.506297988e-08
4.506350341e-08
4.506399105e-08
4.506442926e-08
4.50647431e-08
4.506413319e-08
4.505673366e-08
4.502047416e-08
1.061072654e-05
1.043357244e-05
1.02347182e-05
1.001468936e-05
9.77420469e-06
9.514184807e-06
9.235741776e-06
8.940165348e-06
8.628913952e-06
8.303616613e-06
7.96603179e-06
7.618040419e-06
7.261618377e-06
6.89881461e-06
6.531724756e-06
6.162477509e-06
5.793187002e-06
5.425933871e-06
5.062735061e-06
4.705511269e-06
4.356077665e-06
4.016106277e-06
3.687097285e-06
3.370430133e-06
3.067319482e-06
2.778769259e-06
2.505574613e-06
2.248347515e-06
2.007710959e-06
1.782921838e-06
1.574672982e-06
1.347084352e-06
1.094198603e-06
8.166853027e-07
5.563923399e-07
3.496879985e-07
2.031827958e-07
1.133172082e-07
6.78645182e-08
5.023927527e-08
4.562914522e-08
4.507476045e-08
4.505878992e-08
4.505940095e-08
4.505998002e-08
4.506052386e-08
4.506103883e-08
4.506153915e-08
4.50620346e-08
4.506253031e-08
4.506302437e-08
4.506351201e-08
4.50639899e-08
4.506445264e-08
4.506489359e-08
4.506529767e-08
4.506558028e-08
4.5064929e-08
4.505742299e-08
4.502099098e-08
1.028340981e-05
1.011789642e-05
9.931931954e-06
9.72593854e-06
9.500529819e-06
9.25649498e-06
8.994805563e-06
8.716605918e-06
8.423224604e-06
8.116132547e-06
7.796944806e-06
7.467395219e-06
7.129317562e-06
6.784623546e-06
6.43527566e-06
6.083273501e-06
5.730611574e-06
5.379252788e-06
5.031103446e-06
4.687980774e-06
4.351606431e-06
4.023569183e-06
3.705301747e-06
3.398114749e-06
3.103168262e-06
2.821452509e-06
2.553666946e-06
2.300337712e-06
2.061859885e-06
1.836602848e-06
1.623120854e-06
1.41760846e-06
1.183885516e-06
9.239746449e-07
6.47670604e-07
4.203210009e-07
2.518819641e-07
1.422740274e-07
8.196105864e-08
5.546585224e-08
4.685171349e-08
4.518307383e-08
4.506210776e-08
4.506106718e-08
4.506165853e-08
4.506218072e-08
4.506266295e-08
4.506312491e-08
4.506357588e-08
4.506401896e-08
4.506445611e-08
4.50648848e-08
4.506530456e-08
4.506571328e-08
4.506610932e-08
4.506647968e-08
4.506673832e-08
4.506606203e-08
4.50585011e-08
4.502206572e-08
9.970642258e-06
9.815567947e-06
9.641204007e-06
9.447894787e-06
9.236154197e-06
9.006667921e-06
8.760291901e-06
8.498068263e-06
8.221189006e-06
7.931002133e-06
7.628993055e-06
7.316765631e-06
6.996024449e-06
6.668553066e-06
6.336186605e-06
6.000801606e-06
5.66426671e-06
5.328423967e-06
4.995063462e-06
4.665891489e-06
4.342526569e-06
4.026463464e-06
3.719058214e-06
3.421552736e-06
3.135065797e-06
2.860581043e-06
2.598865704e-06
2.350560134e-06
2.116377772e-06
1.8957149e-06
1.687240908e-06
1.490381841e-06
1.26620559e-06
1.012558529e-06
7.331455221e-07
4.929562791e-07
3.062469655e-07
1.774798611e-07
1.009816205e-07
6.351803986e-08
4.934414701e-08
4.558734283e-08
4.508262266e-08
4.50630697e-08
4.50637363e-08
4.506430138e-08
4.506477106e-08
4.506519092e-08
4.506558114e-08
4.50659458e-08
4.506630099e-08
4.5066656e-08
4.506702041e-08
4.506739396e-08
4.506777637e-08
4.506814984e-08
4.506842294e-08
4.506774629e-08
4.506012016e-08
4.502368041e-08
9.670572966e-06
9.524940991e-06
9.361104585e-06
9.179345518e-06
8.980104121e-06
8.763981339e-06
8.531758853e-06
8.284367706e-06
8.022898455e-06
7.748588266e-06
7.462803992e-06
7.167029112e-06
6.862844761e-06
6.551906461e-06
6.235934213e-06
5.916662861e-06
5.595831881e-06
5.275153626e-06
4.956291682e-06
4.640831261e-06
4.330277455e-06
4.026022362e-06
3.729346591e-06
3.441420299e-06
3.163327374e-06
2.896049575e-06
2.640396744e-06
2.397090301e-06
2.167022706e-06
1.950090879e-06
1.745190727e-06
1.553242811e-06
1.337608626e-06
1.094019868e-06
8.243907439e-07
5.683153869e-07
3.632945565e-07
2.160371619e-07
1.23384236e-07
7.414597994e-08
5.318619113e-08
4.654789372e-08
4.519088528e-08
4.506806643e-08
4.506610347e-08
4.506687303e-08
4.506744185e-08
4.506787034e-08
4.506821294e-08
4.506850926e-08
4.506880861e-08
4.506913791e-08
4.506951096e-08
4.506991692e-08
4.507034535e-08
4.507076579e-08
4.507108394e-08
4.507043451e-08
4.506277661e-08
4.502629124e-08
9.38131262e-06
9.244413941e-06
9.090337514e-06
8.919319222e-06
8.731745812e-06
8.528164378e-06
8.309269302e-06
8.07591017e-06
7.829084214e-06
7.569922458e-06
7.299680669e-06
7.019724493e-06
6.731510656e-06
6.436564499e-06
6.136471259e-06
5.832830268e-06
5.527241803e-06
5.221281436e-06
4.916480448e-06
4.614300584e-06
4.316134926e-06
4.023280459e-06
3.736943298e-06
3.458232441e-06
3.188192596e-06
2.927783335e-06
2.677809031e-06
2.438974241e-06
2.212081877e-06
1.997040893e-06
1.791951172e-06
1.595549934e-06
1.401610511e-06
1.177371287e-06
9.251680348e-07
6.548659527e-07
4.309727853e-07
2.633931791e-07
1.523022299e-07
8.89871067e-08
5.923695361e-08
4.837594547e-08
4.552761837e-08
4.509431205e-08
4.506948252e-08
4.507011486e-08
4.507085083e-08
4.507140145e-08
4.50718134e-08
4.507215068e-08
4.507248998e-08
4.507287521e-08
4.507331969e-08
4.50738019e-08
4.507430427e-08
4.507478714e-08
4.507515287e-08
4.507451173e-08
4.506671745e-08
4.502997955e-08
9.100686525e-06
8.972057187e-06
8.827226309e-06
8.666404475e-06
8.489935232e-06
8.298303637e-06
8.092140029e-06
7.872215561e-06
7.639434011e-06
7.394825417e-06
7.139535342e-06
6.874810139e-06
6.601979812e-06
6.322436451e-06
6.037626455e-06
5.749012708e-06
5.458056667e-06
5.166200287e-06
4.874850305e-06
4.585357316e-06
4.299019791e-06
4.017060142e-06
3.740633985e-06
3.470819941e-06
3.208660069e-06
2.95514054e-06
2.711143739e-06
2.477463358e-06
2.255000122e-06
2.044172628e-06
1.843330658e-06
1.651607093e-06
1.468262017e-06
1.254591752e-06
1.009086059e-06
7.362097557e-07
5.00394075e-07
3.157055314e-07
1.866574286e-07
1.081186711e-07
6.789185126e-08
5.135847415e-08
4.62601932e-08
4.519401273e-08
4.507842259e-08
4.507497854e-08
4.507594404e-08
4.507672792e-08
4.507731809e-08
4.507777836e-08
4.507821207e-08
4.507868031e-08
4.507920307e-08
4.507975658e-08
4.508032202e-08
4.508085561e-08
4.508126111e-08
4.508064865e-08
4.507282446e-08
4.503595437e-08
8.827553185e-06
8.706997438e-06
8.571189918e-06
8.420304776e-06
8.254645024e-06
8.074643239e-06
7.880862464e-06
7.673991807e-06
7.454843437e-06
7.224345399e-06
6.983530758e-06
6.733523964e-06
6.475524232e-06
6.210802624e-06
5.940661021e-06
5.666429983e-06
5.389444542e-06
5.111029442e-06
4.83248273e-06
4.555067158e-06
4.28000849e-06
4.008477908e-06
3.741601875e-06
3.480449313e-06
3.226073303e-06
2.979489311e-06
2.741654315e-06
2.513407034e-06
2.295764503e-06
2.089354587e-06
1.893196877e-06
1.706706047e-06
1.529656097e-06
1.32487562e-06
1.089125294e-06
8.254514218e-07
5.736963562e-07
3.710030643e-07
2.240863198e-07
1.30125114e-07
7.867404521e-08
5.553299162e-08
4.74571317e-08
4.542247566e-08
4.51054509e-08
4.50832185e-08
4.508374675e-08
4.508472505e-08
4.508549473e-08
4.508610282e-08
4.508663775e-08
4.508717491e-08
4.508774765e-08
4.508834068e-08
4.508894047e-08
4.508950521e-08
4.508993924e-08
4.508933117e-08
4.508138109e-08
4.504425337e-08
8.561042213e-06
8.448419503e-06
8.321449343e-06
8.180276273e-06
8.025159194e-06
7.856472728e-06
7.674708424e-06
7.480474375e-06
7.274491244e-06
7.057585249e-06
6.830678734e-06
6.594778714e-06
6.350961849e-06
6.100374255e-06
5.844199042e-06
5.58364757e-06
5.319944446e-06
5.054315374e-06
4.787971155e-06
4.522104859e-06
4.257887292e-06
3.996449684e-06
3.738897144e-06
3.486289359e-06
3.239679466e-06
3.000086654e-06
2.76847902e-06
2.545682205e-06
2.332699396e-06
2.1301631e-06
1.937307455e-06
1.753114479e-06
1.577100237e-06
1.389772403e-06
1.171530349e-06
9.242092673e-07
6.577448142e-07
4.362887907e-07
2.696204723e-07
1.580173284e-07
9.321222468e-08
6.170275888e-08
4.945834974e-08
4.589020846e-08
4.517818702e-08
4.509845869e-08
4.509549559e-08
4.509654058e-08
4.50974383e-08
4.50981425e-08
4.509873803e-08
4.50993015e-08
4.509986852e-08
4.510044002e-08
4.510101839e-08
4.51015713e-08
4.5102009e-08
4.510142114e-08
4.509347765e-08
4.505624023e-08
8.302918411e-06
8.198108721e-06
8.079826335e-06
7.948177106e-06
7.803367791e-06
7.645709953e-06
7.47562218e-06
7.293629315e-06
7.100359123e-06
6.89653678e-06
6.682977207e-06
6.460578092e-06
6.230302882e-06
5.993186258e-06
5.750305196e-06
5.502769832e-06
5.251712877e-06
4.998279378e-06
4.743611748e-06
4.488847888e-06
4.235116608e-06
3.98351928e-06
3.735140109e-06
3.491021761e-06
3.252200926e-06
3.019680658e-06
2.794411057e-06
2.577194037e-06
2.368978693e-06
2.170360944e-06
1.980765144e-06
1.79878177e-06
1.623043964e-06
1.451050114e-06
1.245194695e-06
1.004868529e-06
7.354334446e-07
5.021497218e-07
3.189323727e-07
1.902835638e-07
1.112416342e-07
7.000633064e-08
5.245941841e-08
4.669395514e-08
4.532876381e-08
4.512653052e-08
4.511223443e-08
4.511277596e-08
4.51136782e-08
4.511439187e-08
4.511499463e-08
4.511554901e-08
4.511607553e-08
4.511658933e-08
4.511711055e-08
4.511762377e-08
4.51180441e-08
4.51174372e-08
4.510936575e-08
4.507185186e-08
8.054438912e-06
7.957012988e-06
7.846938275e-06
7.724277645e-06
7.589184599e-06
7.441908419e-06
7.282796389e-06
7.112293916e-06
6.930942686e-06
6.739376864e-06
6.538318294e-06
6.328558031e-06
6.110982983e-06
5.886527923e-06
5.656179918e-06
5.420965463e-06
5.181940382e-06
4.94018012e-06
4.696764386e-06
4.452779954e-06
4.209305042e-06
3.96740225e-06
3.728118748e-06
3.492461945e-06
3.261432815e-06
3.035999357e-06
2.817078972e-06
2.605456608e-06
2.402063988e-06
2.20754521e-06
2.021744836e-06
1.843306535e-06
1.671470982e-06
1.505355541e-06
1.306572587e-06
1.072465464e-06
8.062162492e-07
5.623929552e-07
3.649734239e-07
2.215663201e-07
1.297176679e-07
7.917454415e-08
5.612074706e-08
4.780686193e-08
4.558188558e-08
4.517739935e-08
4.513579339e-08
4.513448815e-08
4.513526848e-08
4.513588397e-08
4.513638541e-08
4.513684197e-08
4.513726151e-08
4.513766195e-08
4.513807462e-08
4.51385083e-08
4.513889005e-08
4.513828987e-08
4.513027763e-08
4.509277204e-08
7.8220573e-06
7.731426573e-06
7.628915657e-06
7.514544571e-06
7.388415369e-06
7.250717226e-06
7.101729632e-06
6.941823699e-06
6.771461595e-06
6.591194066e-06
6.401653336e-06
6.203552967e-06
5.997690517e-06
5.784921516e-06
5.566155822e-06
5.342349261e-06
5.114494265e-06
4.883610769e-06
4.650730121e-06
4.416897343e-06
4.183147684e-06
3.950501911e-06
3.719961904e-06
3.492476687e-06
3.268989575e-06
3.050392218e-06
2.837517243e-06
2.631071321e-06
2.431865056e-06
2.240429281e-06
2.056865476e-06
1.880130005e-06
1.710045665e-06
1.547488086e-06
1.357507627e-06
1.136669638e-06
8.882130032e-07
6.250011536e-07
4.104228745e-07
2.521087002e-07
1.480949305e-07
8.870776871e-08
6.019982135e-08
4.917388749e-08
4.592652949e-08
4.525234989e-08
4.516748185e-08
4.51619424e-08
4.516229335e-08
4.516271835e-08
4.51630458e-08
4.516333714e-08
4.516361358e-08
4.516389142e-08
4.516420244e-08
4.51645714e-08
4.516493165e-08
4.516432684e-08
4.515628969e-08
4.51187056e-08
7.625401898e-06
7.540118285e-06
7.443579837e-06
7.335772558e-06
7.216758193e-06
7.086679685e-06
6.945764878e-06
6.794328515e-06
6.632772781e-06
6.461586478e-06
6.281332483e-06
6.092676749e-06
5.896342962e-06
5.693118699e-06
5.483857129e-06
5.2694713e-06
5.05091165e-06
4.829155365e-06
4.605194483e-06
4.380035014e-06
4.154668146e-06
3.930069753e-06
3.707188418e-06
3.486911542e-06
3.270111173e-06
3.057596999e-06
2.850112637e-06
2.648286025e-06
2.452808707e-06
2.264139601e-06
2.082334945e-06
1.906259901e-06
1.735152578e-06
1.569293437e-06
1.392771006e-06
1.183348833e-06
9.42118571e-07
6.768310104e-07
4.53602165e-07
2.838682761e-07
1.686798584e-07
1.00264902e-07
6.565276864e-08
5.124942637e-08
4.653906972e-08
4.539856953e-08
4.521257625e-08
4.519592041e-08
4.519574614e-08
4.519590957e-08
4.519591014e-08
4.519589509e-08
4.51959074e-08
4.519596642e-08
4.519611763e-08
4.519638647e-08
4.519670576e-08
4.519612075e-08
4.51882199e-08
4.515077598e-08
)
;

boundaryField
{
    inletCH4
    {
        type            fixedValue;
        value           uniform 0;
    }
    wallOutside
    {
        type            zeroGradient;
    }
    wallTube
    {
        type            zeroGradient;
    }
    inletPilot
    {
        type            fixedValue;
        value           uniform 0;
    }
    inletAir
    {
        type            fixedValue;
        value           uniform 0;
    }
    outlet
    {
        type            zeroGradient;
    }
    axis
    {
        type            empty;
    }
    frontAndBack_pos
    {
        type            wedge;
    }
    frontAndBack_neg
    {
        type            wedge;
    }
}


// ************************************************************************* //
