/*--------------------------------*- C++ -*----------------------------------*\
  =========                 |
  \\      /  F ield         | OpenFOAM: The Open Source CFD Toolbox
   \\    /   O peration     | Website:  https://openfoam.org
    \\  /    A nd           | Version:  10
     \\/     M anipulation  |
\*---------------------------------------------------------------------------*/
FoamFile
{
    format      ascii;
    class       volScalarField;
    location    "0.02499901733";
    object      CH4_0;
}
// * * * * * * * * * * * * * * * * * * * * * * * * * * * * * * * * * * * * * //

dimensions      [0 0 0 0 0 0 0];

internalField   nonuniform List<scalar> 
5170
(
0.1560999977
0.1560999977
0.1560999977
0.1560999979
0.1560999998
0.1560999954
0.1560999954
0.1560999955
0.1560999958
0.1560999974
0.1560999931
0.1560999932
0.1560999932
0.1560999936
0.1560999949
0.1560999909
0.1560999909
0.156099991
0.1560999914
0.1560999924
0.1560999886
0.1560999886
0.1560999888
0.1560999891
0.1560999899
0.1560999864
0.1560999864
0.1560999865
0.1560999869
0.1560999874
0.1560999842
0.1560999842
0.1560999843
0.1560999846
0.1560999849
0.156099982
0.156099982
0.1560999821
0.1560999823
0.1560999823
0.1560999798
0.1560999799
0.15609998
0.1560999801
0.1560999798
0.1560999777
0.1560999777
0.1560999778
0.1560999778
0.1560999773
0.1560999755
0.1560999756
0.1560999756
0.1560999755
0.1560999747
0.1560999734
0.1560999734
0.1560999734
0.1560999732
0.1560999721
0.1560999713
0.1560999713
0.1560999713
0.1560999708
0.1560999696
0.1560999692
0.1560999692
0.1560999691
0.1560999685
0.156099967
0.1560999672
0.1560999671
0.156099967
0.1560999662
0.1560999645
0.1560999651
0.1560999651
0.1560999648
0.1560999638
0.1560999619
0.156099963
0.156099963
0.1560999626
0.1560999614
0.1560999594
0.156099961
0.1560999609
0.1560999605
0.1560999591
0.1560999568
0.1560999589
0.1560999587
0.1560999574
0.1560999499
0.1560999269
0.1560999467
0.1560998999
0.1560995011
0.1560967344
0.1560843298
1.686899497e-17
5.675685346e-17
3.382878422e-17
9.227392487e-17
1.021289993e-16
1.009545902e-16
1.259556929e-16
1.227001511e-16
1.315308674e-16
1.109621183e-16
5.128035468e-17
7.99565638e-17
6.516453657e-17
5.722239502e-17
3.987454145e-17
0
2.265404631e-17
2.122289596e-17
8.135970076e-18
0
0
0
0
8.478595231e-16
0
0
0
0
3.19190323e-12
5.778314575e-11
0
0
0
0
0
0
0
0
0
0
0
0
0
0
0
0
0
0
0
0
0
0
0
0
0
0
0
0
0
0
0
0
0
0
0
0
0
0
0
0
0
0
0
0
0
0
0
0
0
0
0
0
0
0
0
0
0
0
0
0
8.785973262e-07
0
0
0
0
0.0002458245234
3.525585275e-05
4.177273428e-06
2.793564193e-09
0
0.1560995712
0.1560969609
0.1560537316
0.1554105717
0.146864647
0.1560978558
0.156085759
0.155926084
0.1542747
0.142201766
0.1560929284
0.1560573465
0.1556727437
0.1527131339
0.1387415927
0.1560815325
0.1559990654
0.1552506456
0.1507790654
0.1359527239
0.1560579251
0.1558899035
0.154593159
0.148559285
0.1336427569
0.1560116474
0.1556927395
0.1536302026
0.1462066082
0.1315554718
0.1559258485
0.1553627679
0.1523547867
0.143822527
0.1294835245
0.1557743366
0.154844499
0.1507767385
0.1414474195
0.1274377999
0.1555152282
0.1540704336
0.1489293922
0.1391045245
0.1254491053
0.1550854978
0.152978834
0.1468560307
0.1367615152
0.1234746666
0.1543884826
0.1515038851
0.1445966926
0.1344163822
0.1215216407
0.1532010122
0.1495977263
0.1421931782
0.1320300072
0.1195355569
0.1514447532
0.1473022713
0.139638684
0.1295808761
0.1175022398
0.1489259688
0.1445601366
0.1368696129
0.1270080175
0.1153532916
0.1455619977
0.1413190768
0.1338151631
0.1242455041
0.1130375518
0.1415233698
0.1375492214
0.1303641627
0.121175069
0.1104669293
0.1366006023
0.133023414
0.126332402
0.1176501669
0.1074904801
0.1310132649
0.1278516836
0.1216838054
0.1134569074
0.1037000703
0.1246569387
0.1217390176
0.1158927232
0.1079576224
0.09846830685
0.1164568443
0.1137170302
0.108178534
0.1006630095
0.09180034525
0.1049856488
0.102682295
0.09802282156
0.09172356045
0.08434614857
0.09168994827
0.09011005576
0.08679563759
0.08217010035
0.07663284885
0.07967786157
0.0786253781
0.07637521614
0.07315416898
0.06918544155
0.06972250609
0.06900469493
0.06745119543
0.06519369038
0.06237474213
0.06172078313
0.06122607304
0.06015345186
0.05858429191
0.05659500628
0.05549124057
0.05513820838
0.05436851725
0.05323011853
0.05177009602
0.05063834718
0.05037219899
0.04979045568
0.04892640629
0.04781069211
0.0466966254
0.04648908191
0.04603501739
0.04535852761
0.04448076748
0.04341740226
0.04325164768
0.04288879839
0.04234692299
0.04164115116
0.04062977633
0.04049512227
0.04020019281
0.03975885779
0.03918217732
0.03820810354
0.03809723942
0.03785426543
0.03748998851
0.03701260885
0.03605400635
0.03596159813
0.03575890868
0.03545447863
0.03505447646
0.03409324084
0.03401531402
0.03384422734
0.03358682213
0.03324781744
0.03228128127
0.03221487593
0.03206894104
0.03184904096
0.03155885094
0.0306037824
0.03054667114
0.03042106465
0.03023155444
0.02998104573
0.02906560153
0.02901605126
0.02890702497
0.02874237433
0.02852442477
0.02767441011
0.0276310284
0.0275355756
0.02739133554
0.02720018926
0.02642956691
0.0263912386
0.0263069307
0.02617948876
0.02601045324
0.02531972582
0.02528557066
0.02521048046
0.02509695331
0.02494626649
0.02432651866
0.02429585824
0.02422848525
0.02412661619
0.02399132417
0.02342958064
0.02340189402
0.02334108238
0.02324912643
0.02312693842
0.02261032407
0.02258520941
0.02253006296
0.02244666418
0.02233579698
0.02185367038
0.02183080908
0.02178061936
0.0217047053
0.02160374625
0.02114828954
0.02112742259
0.02108161353
0.02101231259
0.02092011283
0.02048600177
0.02046691147
0.02042500233
0.02036158837
0.02027719018
0.01986095731
0.01984345794
0.01980503845
0.01974689234
0.01966947884
0.0192688974
0.01925282733
0.01921754272
0.01916412967
0.01909299481
0.01870661075
0.01869182879
0.01865936862
0.01861022087
0.01854474689
0.01817155841
0.01815793971
0.01812803075
0.01808273669
0.01802237959
0.01766162352
0.01764905778
0.01762145796
0.01757965292
0.01752393057
0.01717492884
0.01716331702
0.01713781059
0.01709916973
0.01704765248
0.01671009083
0.01669934629
0.01667574151
0.01663997518
0.01659227929
0.01626553333
0.01625557714
0.01623370211
0.01620055137
0.01615633394
0.01583995372
0.015830716
0.01581041743
0.01577965109
0.0157386058
0.01543216333
0.01542358155
0.0154047226
0.01537613419
0.01533798724
0.0150410824
0.01503310054
0.01501555827
0.01498896227
0.0149534676
0.01466573266
0.01465830031
0.01464196443
0.01461719431
0.0145841309
0.01430521343
0.01429828508
0.0142830557
0.01425996061
0.01422912824
0.0139587044
0.01395223904
0.01393802641
0.01391647079
0.01388768937
0.01362542361
0.01361938389
0.01360610599
0.01358596592
0.01355907085
0.01330467487
0.01329902721
0.01328661048
0.0132677748
0.0132426183
0.01299575592
0.01299046927
0.01297884552
0.01296121112
0.01293765613
0.01269810188
0.01269314855
0.01268225714
0.01266573234
0.01264365691
0.01241104952
0.01240640346
0.01239618707
0.01238068516
0.01235997394
0.01213422156
0.01212986047
0.01212027032
0.01210571752
0.01208627236
0.01186681906
0.01186272103
0.01185370882
0.01184003198
0.01182175542
0.01160883752
0.01160498492
0.01159651215
0.01158365313
0.01156646789
0.01135945959
0.01135583266
0.01134785571
0.01133574838
0.0113195664
0.01112257768
0.01111916149
0.01111164808
0.0111002438
0.01108500031
0.01091918169
0.01091593701
0.01090880021
0.01089796676
0.01088348493
0.1223355701
0.1215195736
0.120949803
0.1202730205
0.1194490876
0.1184020213
0.1171255321
0.1157692611
0.114406619
0.1129875716
0.1115390334
0.1100049748
0.1083994365
0.1066644851
0.1047419228
0.1025890055
0.1000081528
0.09646510071
0.09143626978
0.08541638779
0.07908122897
0.07262967697
0.06624030323
0.06026311749
0.05507196471
0.05063788462
0.04693834549
0.04379008505
0.04108291661
0.03872401257
0.03663187702
0.03473447252
0.03297599772
0.03132578422
0.02977954433
0.02834880387
0.02704583439
0.02587362196
0.02482398774
0.02388128911
0.02302736884
0.02224531157
0.02152124681
0.02084469989
0.02020810719
0.01960607537
0.01903470488
0.01849107293
0.01797288181
0.0174782183
0.0170053767
0.01655312875
0.01612002932
0.0157048977
0.01530665251
0.01492430558
0.01455696121
0.0142037874
0.01386403023
0.01353695887
0.01322193266
0.01291828469
0.01262549988
0.01234293686
0.01207027484
0.01180671768
0.01155232668
0.01130624975
0.01107245471
0.01087156487
0.07296481247
0.005316805396
0.0001518103652
3.804002224e-06
1.299321043e-07
0.08425465683
0.02701549859
0.001569688792
4.724909462e-05
2.494687511e-06
0.08968065621
0.04229408487
0.003825854283
0.000200652909
1.32640411e-05
0.09296505837
0.05046878682
0.006469865675
0.0004980364584
3.013081799e-05
0.09488595676
0.05553835988
0.0122829836
0.001241584311
8.990574676e-05
0.09590900969
0.05945077533
0.01974227748
0.00246856759
0.0002260612533
0.09633104968
0.06258819532
0.02615522737
0.003788473968
0.0004260394742
0.09644097063
0.06522430483
0.03168048941
0.005158840614
0.0006747023006
0.09635474729
0.06730271365
0.03602578516
0.007626574858
0.001123680092
0.0960417212
0.06881595691
0.03932329059
0.01081495783
0.001765973857
0.09555727836
0.06989398856
0.04197933467
0.01420208612
0.002545168704
0.09487617788
0.07061225509
0.04427987334
0.01773484641
0.003433155372
0.0940508114
0.07113280979
0.04641516204
0.02138105721
0.004775145431
0.09305942827
0.0714040656
0.04815474069
0.02445777848
0.006663255806
0.0918256092
0.07130892539
0.04936794603
0.02691959691
0.008704581432
0.09037376556
0.07100953485
0.05032721293
0.02902303146
0.01071175309
0.08845958211
0.07004646947
0.05023992797
0.02958390791
0.01136325561
0.08536857817
0.06733392467
0.0476590703
0.02694516629
0.009181187515
0.08079897911
0.06339817165
0.04451762102
0.02425072064
0.006796730218
0.07597911644
0.06107157852
0.04612807177
0.03208329177
0.02070119244
0.07139794504
0.05948795533
0.04809037507
0.03790335149
0.02966160388
0.06681736876
0.05760552889
0.04872383485
0.04073948998
0.03397045162
0.06196282904
0.05497849114
0.04812258916
0.04176041962
0.03609301981
0.05720067737
0.05201999194
0.04673360022
0.04163382116
0.03690010007
0.05285241289
0.04895880108
0.04485779606
0.0407668795
0.03683609003
0.04898387583
0.04600747166
0.04278982764
0.03948940455
0.03622572157
0.04566157156
0.04332034865
0.04073923824
0.03803541576
0.03530301852
0.04277751111
0.0408948709
0.03878833284
0.03654583742
0.03424132236
0.04026297427
0.03872262146
0.03697907132
0.03509920569
0.03314113535
0.0380497246
0.0367726326
0.03531320032
0.03372270814
0.03204686534
0.03607073756
0.03500024844
0.03376639545
0.0324087729
0.03096345262
0.03426275429
0.03335626286
0.03230291568
0.03113364654
0.02987718618
0.03257582192
0.03180084125
0.0308933053
0.02987781418
0.02877759262
0.03098336011
0.03031513883
0.02952709896
0.0286391493
0.02767033481
0.02948392842
0.02890336568
0.02821474108
0.02743432542
0.02657785763
0.02809108972
0.02758290793
0.02697768797
0.02628873127
0.02552904803
0.02681879772
0.02637046402
0.02583530367
0.025224145
0.02454770865
0.02567156765
0.02527283601
0.02479648772
0.02425131062
0.02364612294
0.02464258389
0.02428526511
0.02385841167
0.02336916769
0.02282480357
0.02371731402
0.02339501144
0.02301013475
0.02256853246
0.022076239
0.02287842263
0.02258618495
0.02223732186
0.02183667315
0.02138929564
0.0221095569
0.02184351948
0.02152595408
0.02116091546
0.02075268628
0.02139721446
0.02115428853
0.02086424398
0.02053051874
0.02015677604
0.02073116207
0.02050880458
0.02024318994
0.01993726327
0.01959418458
0.02010400489
0.01990006547
0.01965629177
0.01937522786
0.01905961818
0.01951047707
0.01932309876
0.01909895114
0.01884024598
0.01854937928
0.01894678538
0.018774346
0.01856790314
0.01832938908
0.01806090408
0.01841009759
0.01825116616
0.01806074112
0.01784051715
0.01759234112
0.01789819603
0.01775150421
0.0175756052
0.0173719899
0.01714228644
0.0174092375
0.01727365605
0.0171109561
0.01692245248
0.0167095837
0.01694157725
0.0168160962
0.0166654087
0.01649067683
0.01629317392
0.01649404339
0.01637775699
0.01623801461
0.01607584609
0.01589238112
0.0160652376
0.01595733422
0.01582758127
0.01567689322
0.01550627413
0.01565402396
0.01555377709
0.01543315678
0.01529297674
0.01513413097
0.01525936056
0.01516611907
0.01505386246
0.01492331618
0.01477527768
0.0148802929
0.01479347037
0.01468888417
0.01456718224
0.01442907705
0.01451595571
0.01443502435
0.01433748383
0.01422391388
0.01409495204
0.0141655424
0.01409002306
0.01399896047
0.01389287419
0.01377233554
0.01382832366
0.01375778482
0.01367268821
0.01357350019
0.01346073355
0.01350358774
0.01343763401
0.01335803373
0.0132652062
0.0131596123
0.0131907145
0.01312899081
0.0130544647
0.01296751369
0.01286855255
0.01288905042
0.01283122646
0.01276138137
0.01267985556
0.01258702287
0.01259809854
0.01254388063
0.01247836687
0.01240186472
0.01231471152
0.01231722616
0.01226633534
0.01220482031
0.0121329592
0.01205105697
0.01204613277
0.01199833242
0.01194053387
0.01187298889
0.01179597326
0.01178402475
0.01173907834
0.01168471332
0.01162115814
0.0115486628
0.01153098662
0.01148870889
0.01143755607
0.01137773554
0.01130947384
0.0112861557
0.01124633262
0.011198136
0.01114175491
0.01107739551
0.01105352263
0.01101599757
0.01097056907
0.01091740858
0.01085670252
0.01085357764
0.01081791125
0.0107747229
0.01072417046
0.01066642577
3.852524318e-08
2.337240791e-09
0
0
0
0
0
0
0
0
0
0
0
0
0
0
0
0
0
0
0
0
0
0
0
0
0
0
0
0
0
0
0
0
0
0
0
0
0
0
0
0
0
0
0
0
0
0
0
0
0
0
0
0
0
0
0
0
0
0
8.915495749e-07
2.294354154e-07
6.566861535e-08
1.04008201e-08
7.508590148e-10
0
0
0
0
0
0
0
0
0
0
0
0
0
0
0
0
0
0
0
0
0
0
0
0
0
0
0
0
0
0
0
0
0
0
0
0
0
0
0
0
0
0
0
0
0
0
0
0
0
0
0
0
0
0
0
5.355233582e-06
3.594785228e-06
6.67129649e-07
1.260860226e-07
3.64276605e-08
1.422070935e-08
5.812725564e-09
1.70231392e-09
0
0
0
0
0
0
0
0
0
0
0
0
0
0
0
0
0
0
0
0
0
0
0
0
0
0
0
0
0
0
0
0
0
0
0
0
0
0
0
0
0
0
0
0
0
0
0
0
0
0
0
0
1.474959754e-05
1.537307847e-05
5.375251377e-06
8.868580792e-07
2.448194052e-07
1.070893027e-07
5.729368545e-08
3.163636369e-08
1.632490193e-08
7.200338618e-09
2.075982951e-09
0
0
0
0
0
0
0
0
0
0
0
0
0
0
0
0
0
0
0
0
0
0
0
0
0
0
0
0
0
0
0
0
0
0
0
0
0
0
0
0
0
0
0
0
0
0
0
0
0
2.564462314e-05
3.339765144e-05
2.80488607e-05
6.259222059e-06
1.281942525e-06
4.634897921e-07
2.351528173e-07
1.342995815e-07
7.738970509e-08
4.247381589e-08
2.100919302e-08
8.558592007e-09
2.26303438e-09
0
0
0
0
0
0
0
0
0
0
0
0
0
0
0
0
0
0
0
0
0
0
0
0
0
0
0
0
0
0
0
0
0
0
0
0
0
0
0
0
0
0
0
0
0
0
0
2.758693221e-05
4.56786588e-05
6.264642416e-05
3.198093472e-05
6.105531195e-06
1.600472112e-06
6.894059929e-07
3.735196779e-07
2.16549969e-07
1.250091326e-07
6.896237681e-08
3.492193929e-08
1.520451812e-08
4.852595136e-09
4.621145541e-10
0
0
0
0
0
0
0
0
0
0
0
0
0
0
0
0
0
0
0
0
0
0
0
0
0
0
0
0
0
0
0
0
0
0
0
0
0
0
0
0
0
0
0
0
0
3.263757557e-05
4.433955764e-05
8.972837888e-05
8.915204611e-05
2.948490504e-05
5.685007276e-06
1.837210488e-06
8.810036281e-07
4.925439381e-07
2.859392775e-07
1.642297346e-07
9.044327268e-08
4.614573716e-08
2.062355995e-08
7.11259319e-09
1.222843611e-09
0
0
0
0
0
0
0
0
0
0
0
0
0
0
0
0
0
0
0
0
0
0
0
0
0
0
0
0
0
0
0
0
0
0
0
0
0
0
0
0
0
0
0
0
5.332211762e-05
3.056805221e-05
0.0001002460994
0.0001460617428
0.000100492736
2.281657797e-05
5.176075173e-06
2.016960096e-06
1.032470379e-06
5.831146256e-07
3.369961178e-07
1.923777343e-07
1.056088663e-07
5.398324743e-08
2.437678997e-08
8.689397838e-09
1.717652039e-09
0
0
0
0
0
0
0
0
0
0
0
0
0
0
0
0
0
0
0
0
0
0
0
0
0
0
0
0
0
0
0
0
0
0
0
0
0
0
0
0
0
0
0
0.0001030629292
2.191647797e-05
9.914540246e-05
0.0001891118248
0.0002065224683
8.733506786e-05
1.633512254e-05
4.670966464e-06
2.07010823e-06
1.10264147e-06
6.271211795e-07
3.623619632e-07
2.0674438e-07
1.13497845e-07
5.804674555e-08
2.624541157e-08
9.405701654e-09
1.924359886e-09
0
0
0
0
0
0
0
0
0
0
0
0
0
0
0
0
0
0
0
0
0
0
0
0
0
0
0
0
0
0
0
0
0
0
0
0
0
0
0
0
0
0
0.0001877480037
2.221846776e-05
7.9507033e-05
0.0002232167807
0.0003039892907
0.0002273229921
5.556785423e-05
1.141479724e-05
4.115311092e-06
1.996362357e-06
1.094056882e-06
6.289393187e-07
3.658322532e-07
2.096678343e-07
1.153220292e-07
5.888304306e-08
2.648066001e-08
9.414448226e-09
1.863372597e-09
0
0
0
0
0
0
0
0
0
0
0
0
0
0
0
0
0
0
0
0
0
0
0
0
0
0
0
0
0
0
0
0
0
0
0
0
0
0
0
0
0
0.0003093970252
3.155299782e-05
4.845864156e-05
0.0002410823124
0.0004114514877
0.0004244207735
0.0001615136757
3.153089336e-05
8.727253533e-06
3.625657021e-06
1.845930807e-06
1.032191456e-06
6.016185457e-07
3.535340899e-07
2.0378264e-07
1.121131337e-07
5.695053664e-08
2.535807888e-08
8.760426297e-09
1.563371324e-09
0
0
0
0
0
0
0
0
0
0
0
0
0
0
0
0
0
0
0
0
0
0
0
0
0
0
0
0
0
0
0
0
0
0
0
0
0
0
0
0
0.0004644203167
5.054119746e-05
3.334069735e-05
0.0002423730347
0.0005414298849
0.0006681528669
0.0003846496735
8.056167644e-05
1.889803174e-05
6.522259853e-06
2.997392568e-06
1.603910906e-06
9.266959416e-07
5.523798346e-07
3.287566897e-07
1.902494323e-07
1.043497809e-07
5.255236515e-08
2.286180607e-08
7.474559671e-09
1.05214902e-09
0
0
0
0
0
0
0
0
0
0
0
0
0
0
0
0
0
0
0
0
0
0
0
0
0
0
0
0
0
0
0
0
0
0
0
0
0
0
0
0.0007084383239
8.472686463e-05
3.064459111e-05
0.0002130153618
0.0006981778508
0.0009914139274
0.0007529896662
0.0001964347397
4.197212772e-05
1.191710989e-05
4.757069487e-06
2.386857427e-06
1.352801734e-06
8.109476418e-07
4.930762826e-07
2.955153452e-07
1.706787843e-07
9.285333018e-08
4.579758137e-08
1.913278367e-08
5.674344417e-09
4.229561642e-10
0
0
0
0
0
0
0
0
0
0
0
0
0
0
0
0
0
0
0
0
0
0
0
0
0
0
0
0
0
0
0
0
0
0
0
0
0
0
0.001080155048
0.0001432671047
3.469995709e-05
0.0001727474082
0.0008885230286
0.001416882213
0.001273893039
0.0004753690942
9.436421549e-05
2.300581446e-05
7.669565554e-06
3.501491462e-06
1.915967233e-06
1.141954087e-06
7.015757167e-07
4.299801561e-07
2.57087703e-07
1.471349042e-07
7.837722881e-08
3.728478894e-08
1.455001977e-08
3.655155544e-09
3.166255655e-12
0
0
0
0
0
0
0
0
0
0
0
0
0
0
0
0
0
0
0
0
0
0
0
0
0
0
0
0
0
0
0
0
0
0
0
0
0
0.001550812516
0.0002305958169
4.946849473e-05
0.0001733086425
0.001196035142
0.001990577217
0.001894205807
0.0009840419853
0.0002217226543
4.821505896e-05
1.294887063e-05
5.163650709e-06
2.673755187e-06
1.566072605e-06
9.626480008e-07
5.969962038e-07
3.649632521e-07
2.159602113e-07
1.209878744e-07
6.229112454e-08
2.794922234e-08
9.699713027e-09
1.729595278e-09
0
0
0
0
0
0
0
0
0
0
0
0
0
0
0
0
0
0
0
0
0
0
0
0
0
0
0
0
0
0
0
0
0
0
0
0
0
0.002080039662
0.0003423402557
8.093791807e-05
0.0002637859721
0.001841652129
0.002800274988
0.002596087744
0.00165775874
0.0005123743438
0.0001112802017
2.404923526e-05
7.97937729e-06
3.782080623e-06
2.137822821e-06
1.299606909e-06
8.077776324e-07
5.000892598e-07
3.025577525e-07
1.752927419e-07
9.499993046e-08
4.641915562e-08
1.902869927e-08
5.405212741e-09
2.732010264e-10
0
0
0
0
0
0
0
0
0
0
0
0
0
0
0
0
0
0
0
0
0
0
0
0
0
0
0
0
0
0
0
0
0
0
0
0
0.002334132565
0.0004203552099
0.0001982420935
0.001048750343
0.003207003692
0.00389687971
0.003377420972
0.002313568145
0.001044316057
0.0002768118999
5.401629478e-05
1.423468911e-05
5.77734573e-06
3.027344633e-06
1.781064987e-06
1.096666373e-06
6.811539046e-07
4.171095161e-07
2.469322393e-07
1.385638438e-07
7.168486371e-08
3.257537723e-08
1.169606034e-08
2.369769994e-09
0
0
0
0
0
0
0
0
0
0
0
0
0
0
0
0
0
0
0
0
0
0
0
0
0
0
0
0
0
0
0
0
0
0
0
0
0.001906643664
0.0003909977906
0.0005164876281
0.003469185346
0.005206716628
0.005150223279
0.004213981745
0.002985173774
0.001726525804
0.0006834844499
0.0001639168366
3.552307013e-05
1.080424379e-05
4.744007136e-06
2.577416721e-06
1.536916521e-06
9.461758599e-07
5.817853366e-07
3.494112396e-07
2.011749699e-07
1.086010863e-07
5.311451264e-08
2.202691858e-08
6.538517089e-09
5.600244528e-10
0
0
0
0
0
0
0
0
0
0
0
0
0
0
0
0
0
0
0
0
0
0
0
0
0
0
0
0
0
0
0
0
0
0
0
0.001579644514
0.001106817156
0.004853827667
0.007223240814
0.007370895424
0.006455942641
0.005151698906
0.003784910661
0.002506691253
0.001372293364
0.0005178392325
0.0001259783331
2.877818658e-05
9.179970106e-06
4.156113444e-06
2.29444682e-06
1.373715552e-06
8.406027505e-07
5.094944422e-07
2.995235753e-07
1.674922956e-07
8.686600939e-08
4.004812701e-08
1.502073825e-08
3.543988725e-09
0
0
0
0
0
0
0
0
0
0
0
0
0
0
0
0
0
0
0
0
0
0
0
0
0
0
0
0
0
0
0
0
0
0
0
0.01388765175
0.01192394844
0.01156669796
0.01075683193
0.009432439291
0.007873605264
0.006278426974
0.004764811364
0.003400440184
0.002211137524
0.001192973388
0.0004464309825
0.0001092671157
2.547630286e-05
8.316720426e-06
3.828894572e-06
2.131255079e-06
1.275383437e-06
7.74740792e-07
4.63392513e-07
2.67346732e-07
1.457682704e-07
7.300446962e-08
3.192190552e-08
1.087705623e-08
1.99042676e-09
0
0
0
0
0
0
0
0
0
0
0
0
0
0
0
0
0
0
0
0
0
0
0
0
0
0
0
0
0
0
0
0
0
0
0.02322099245
0.01896151282
0.01604813134
0.01364359381
0.01146854767
0.009455181533
0.007604530763
0.005931862659
0.004447475481
0.003153936174
0.002044599173
0.001103173497
0.0004136849273
0.0001008628948
2.363521577e-05
7.835205822e-06
3.65656229e-06
2.047604373e-06
1.22602039e-06
7.412380075e-07
4.393216326e-07
2.501318824e-07
1.339505914e-07
6.540739588e-08
2.746222459e-08
8.628804367e-09
1.16647092e-09
0
0
0
0
0
0
0
0
0
0
0
0
0
0
0
0
0
0
0
0
0
0
0
0
0
0
0
0
0
0
0
0
0
0.02793985754
0.02302682472
0.01922597394
0.01612189476
0.01346951495
0.01114240534
0.009079609382
0.007250367248
0.005635560249
0.004220015265
0.002991450456
0.001939810976
0.001048408932
0.0003924280768
9.443745473e-05
2.223872174e-05
7.52101742e-06
3.563704798e-06
2.014968634e-06
1.210196748e-06
7.304449443e-07
4.308147706e-07
2.434343141e-07
1.289470075e-07
6.19057926e-08
2.529191615e-08
7.479835375e-09
7.222989904e-10
0
0
0
0
0
0
0
0
0
0
0
0
0
0
0
0
0
0
0
0
0
0
0
0
0
0
0
0
0
0
0
0
0.03062215565
0.02572107438
0.02167621085
0.01828322916
0.01538078286
0.01285059678
0.01062307339
0.008654111177
0.00691330471
0.005377448005
0.004028309751
0.002853346622
0.001846633623
0.0009948776958
0.0003685404016
8.680548001e-05
2.069697204e-05
7.215823738e-06
3.503816658e-06
2.006042594e-06
1.210535162e-06
7.309401203e-07
4.302725326e-07
2.421055778e-07
1.272752683e-07
6.045124261e-08
2.422859209e-08
6.839470877e-09
4.46392435e-10
0
0
0
0
0
0
0
0
0
0
0
0
0
0
0
0
0
0
0
0
0
0
0
0
0
0
0
0
0
0
0
0.03211772454
0.02755797672
0.02358012962
0.02012527206
0.01711649187
0.01447521987
0.01213688474
0.01006005397
0.008213250623
0.006571493186
0.005114811744
0.003828420486
0.002703824198
0.001740335139
0.0009294262192
0.0003382710047
7.782858836e-05
1.892236725e-05
6.893872666e-06
3.445787602e-06
1.999592361e-06
1.212723053e-06
7.331321276e-07
4.310285118e-07
2.415998183e-07
1.263653154e-07
5.948255958e-08
2.342850709e-08
6.324960119e-09
2.230202539e-10
0
0
0
0
0
0
0
0
0
0
0
0
0
0
0
0
0
0
0
0
0
0
0
0
0
0
0
0
0
0
0.03272446199
0.02864750705
0.0249596325
0.02162272068
0.01861911424
0.01593434839
0.01354064048
0.01139626288
0.009473444916
0.007749032652
0.00620399337
0.004823870754
0.003599396573
0.002527083388
0.001610458578
0.0008459120604
0.0002990299556
6.725931454e-05
1.694767358e-05
6.50377258e-06
3.356544129e-06
1.975728144e-06
1.204870458e-06
7.290326251e-07
4.276766563e-07
2.390005321e-07
1.242978288e-07
5.788908061e-08
2.231882754e-08
5.709809068e-09
2.805826354e-11
0
0
0
0
0
0
0
0
0
0
0
0
0
0
0
0
0
0
0
0
0
0
0
0
0
0
0
0
0
0.03271093088
0.02909720802
0.02572522604
0.02261826308
0.01976645402
0.01714993401
0.0147601186
0.01259350793
0.01063179564
0.008854966044
0.007246838608
0.005795136088
0.004491868486
0.003333326655
0.002320279968
0.001458896887
0.0007484413292
0.000254350991
5.655323906e-05
1.499457829e-05
6.073808394e-06
3.228317301e-06
1.923577603e-06
1.177906824e-06
7.125947566e-07
4.17386701e-07
2.322956896e-07
1.198421893e-07
5.495869929e-08
2.053723209e-08
4.875761316e-09
0
0
0
0
0
0
0
0
0
0
0
0
0
0
0
0
0
0
0
0
0
0
0
0
0
0
0
0
0
0.0322955571
0.02912200584
0.02609094664
0.02323480887
0.02056666988
0.01808538554
0.01577869004
0.0136422103
0.01167208207
0.009869808476
0.008221868927
0.006719325869
0.005356699817
0.004131558024
0.003044089642
0.002097389008
0.001297600423
0.0006440494242
0.0002060314564
4.561688591e-05
1.295507981e-05
5.570938389e-06
3.053176495e-06
1.84002572e-06
1.129751941e-06
6.833531771e-07
3.989799166e-07
2.205313013e-07
1.12329848e-07
5.029218151e-08
1.789025243e-08
3.740383482e-09
0
0
0
0
0
0
0
0
0
0
0
0
0
0
0
0
0
0
0
0
0
0
0
0
0
0
0
0
0.0316613247
0.02888157853
0.02617352623
0.02357365665
0.02110260443
0.01876943268
0.01657506895
0.0145128867
0.01258076708
0.01077690342
0.009109260768
0.00757452842
0.006170392144
0.004896251246
0.00375281083
0.002741806117
0.001866681322
0.001131614358
0.0005365464436
0.0001586410398
3.566877705e-05
1.101709329e-05
5.036392342e-06
2.840556622e-06
1.72799661e-06
1.06294366e-06
6.413099254e-07
3.720524483e-07
2.033265987e-07
1.01546979e-07
4.383956862e-08
1.442103952e-08
2.342234975e-09
0
0
0
0
0
0
0
0
0
0
0
0
0
0
0
0
0
0
0
0
0
0
0
0
0
0
0
0.03091832859
0.0284815767
0.02606689193
0.02371020931
0.02143498215
0.01925489866
0.01717666151
0.0152020759
0.01332896859
0.01155941236
0.009895943858
0.008345595308
0.006916424362
0.005609712449
0.004426887431
0.003369336196
0.002438569678
0.001637594556
0.0009687488689
0.0004353109317
0.0001196700077
2.807752695e-05
9.421964871e-06
4.528556993e-06
2.60798054e-06
1.595520078e-06
9.796508342e-07
5.873332475e-07
3.370850292e-07
1.810655547e-07
8.787074298e-08
3.598137567e-08
1.046884823e-08
8.919107879e-10
0
0
0
0
0
0
0
0
0
0
0
0
0
0
0
0
0
0
0
0
0
0
0
0
0
0
0.0301214154
0.02797838802
0.02582209355
0.02368576082
0.02159326107
0.01956083743
0.01759910857
0.01571482632
0.01391155651
0.0121907763
0.01055828089
0.009019954679
0.007582178461
0.006259409661
0.005053601059
0.003965900797
0.002996886174
0.002147231751
0.00141955404
0.000813953874
0.0003429523733
8.856222954e-05
2.189863301e-05
7.985400749e-06
4.021028447e-06
2.357625224e-06
1.445877896e-06
8.830326367e-07
5.237655071e-07
2.957301094e-07
1.549433398e-07
7.21950757e-08
2.742102904e-08
6.659925187e-09
0
0
0
0
0
0
0
0
0
0
0
0
0
0
0
0
0
0
0
0
0
0
0
0
0
0
0.02928480667
0.02739072492
0.0254583534
0.02351768421
0.02159197734
0.01969880094
0.01785128824
0.01605944415
0.01433115097
0.01267202445
0.01108610938
0.009580771026
0.008163069517
0.006839026538
0.005624734704
0.004521216765
0.003528525437
0.002646310582
0.001874794876
0.00121678782
0.0006703388217
0.0002600124902
6.322625935e-05
1.668682587e-05
6.648172129e-06
3.511620869e-06
2.091398825e-06
1.281945438e-06
7.759813964e-07
4.53271952e-07
2.501769495e-07
1.26598836e-07
5.563964865e-08
1.88345814e-08
3.318389502e-09
0
0
0
0
0
0
0
0
0
0
0
0
0
0
0
0
0
0
0
0
0
0
0
0
0
0.02840370223
0.02672055372
0.02498220051
0.02321553586
0.02144275513
0.01968187947
0.01794749817
0.01625155223
0.0146040582
0.01301361607
0.01148703906
0.01002962832
0.008648440537
0.007349605976
0.006139968606
0.005033147366
0.004029047883
0.003126906114
0.002325962648
0.001626457552
0.001030978115
0.0005399851346
0.000190952538
4.476070116e-05
1.282550117e-05
5.529072147e-06
3.02983321e-06
1.820766763e-06
1.110983914e-06
6.639417769e-07
3.800042281e-07
2.034708999e-07
9.82029357e-08
3.971436598e-08
1.116457027e-08
7.19715797e-10
0
0
0
0
0
0
0
0
0
0
0
0
0
0
0
0
0
0
0
0
0
0
0
0
0.0274764535
0.02597411738
0.02440617208
0.02279664572
0.0211663643
0.01953313136
0.01791208625
0.01631612568
0.01475631212
0.0132421413
0.0117818132
0.01038193401
0.009048073457
0.007786460304
0.006601568409
0.005502125679
0.004496672894
0.00358456361
0.002764938669
0.002037340042
0.001402588381
0.0008642768631
0.0004243548917
0.0001337131858
3.129733837e-05
9.921565752e-06
4.592132952e-06
2.588208276e-06
1.559828514e-06
9.424580661e-07
5.531166205e-07
3.081788059e-07
1.585643623e-07
7.179970774e-08
2.579991235e-08
5.41558043e-09
0
0
0
0
0
0
0
0
0
0
0
0
0
0
0
0
0
0
0
0
0
0
0
0
0.02651645213
0.02517187177
0.02375625672
0.02229097454
0.02079523669
0.01928605057
0.0177783261
0.01628505692
0.01481752737
0.01338552469
0.01199746953
0.01066054467
0.009380263982
0.008161614174
0.007009989538
0.005928925892
0.004930163238
0.004016106969
0.003186057358
0.00243955514
0.001777020656
0.001200746042
0.0007150535768
0.0003246709757
9.093912476e-05
2.214900158e-05
7.780089202e-06
3.815949003e-06
2.190513605e-06
1.314834296e-06
7.820431119e-07
4.480025703e-07
2.411663726e-07
1.178173497e-07
4.885280344e-08
1.457028694e-08
1.46252517e-09
0
0
0
0
0
0
0
0
0
0
0
0
0
0
0
0
0
0
0
0
0
0
0
0.02555174366
0.02434677462
0.02306883513
0.02173672955
0.02036783627
0.01897793023
0.01758113894
0.01618998653
0.01481548266
0.01346724445
0.01215359644
0.01088170738
0.009657743066
0.00848649286
0.007372197463
0.006318855905
0.005332516343
0.004422356963
0.003588200131
0.002829909268
0.002147794901
0.001543295157
0.00102009192
0.0005811216643
0.0002407638738
6.183778455e-05
1.605080601e-05
6.176837691e-06
3.167932762e-06
1.835503802e-06
1.090325417e-06
6.348230817e-07
3.527510856e-07
1.818432872e-07
8.302278519e-08
3.04319826e-08
6.751832558e-09
0
0
0
0
0
0
0
0
0
0
0
0
0
0
0
0
0
0
0
0
0
0
0
0.02461441316
0.0235333616
0.02237967848
0.0211697005
0.01991887304
0.01864150972
0.01735066541
0.01605809435
0.01477426597
0.01350841134
0.01226860443
0.01106183047
0.009894047962
0.008770232585
0.007694740519
0.006671837761
0.005704716155
0.004803129375
0.003970068453
0.003205776655
0.002510733822
0.00188605919
0.001333982778
0.000859095642
0.0004629307145
0.0001716296294
4.121139598e-05
1.163258068e-05
4.901348375e-06
2.614151756e-06
1.519635846e-06
8.889841101e-07
5.042030954e-07
2.700253593e-07
1.318517416e-07
5.496155989e-08
1.666339482e-08
1.843088727e-09
0
0
0
0
0
0
0
0
0
0
0
0
0
0
0
0
0
0
0
0
0
0
0.02372997878
0.02275819615
0.02171552208
0.02061597455
0.01947308279
0.01829962259
0.01710744622
0.01590738954
0.01470923941
0.01352174009
0.01235263564
0.01120873036
0.01009597242
0.009019566445
0.007983780031
0.00699237087
0.006049033073
0.005159677592
0.004331782484
0.003566120221
0.00286346124
0.002224821223
0.001651821877
0.001146981367
0.0007145513115
0.0003583355016
0.0001174012707
2.77234551e-05
8.681723283e-06
3.934616993e-06
2.150069811e-06
1.243476005e-06
7.129339864e-07
3.921194247e-07
2.009687607e-07
9.164033042e-08
3.373070831e-08
7.603303062e-09
0
0
0
0
0
0
0
0
0
0
0
0
0
0
0
0
0
0
0
0
0
0
0.02291205422
0.02203572298
0.02109105066
0.02008995615
0.01904417156
0.01796497989
0.01686302792
0.01574820559
0.01462958151
0.01351537749
0.01241297808
0.01132895749
0.01026912402
0.009238562632
0.008241677811
0.007282471013
0.006364837947
0.005491898708
0.004672555011
0.003909324607
0.00320324879
0.00255542884
0.001967220745
0.00144051086
0.0009784393363
0.0005859592477
0.0002686995507
7.652441887e-05
1.880184137e-05
6.598413925e-06
3.175585766e-06
1.760541148e-06
1.00707983e-06
5.634124065e-07
2.989197203e-07
1.452012169e-07
6.049639961e-08
1.846406849e-08
2.144325698e-09
0
0
0
0
0
0
0
0
0
0
0
0
0
0
0
0
0
0
0
0
0
0.02216265678
0.02136916673
0.02051030248
0.01959615072
0.01863683023
0.01764224596
0.01662190082
0.01558476083
0.01453916973
0.01349280239
0.01245265204
0.01142503934
0.01041563808
0.0094295238
0.008471244203
0.007544644575
0.006653197967
0.005800425203
0.004992093133
0.004234228225
0.003528142528
0.002875053546
0.002276246947
0.0017333223
0.001248595779
0.0008262322373
0.0004704414148
0.0001946857271
5.028492902e-05
1.328369782e-05
5.135177904e-06
2.579040391e-06
1.435419273e-06
8.070634996e-07
4.383785904e-07
2.228329335e-07
1.012325966e-07
3.734033962e-08
8.537048044e-09
0
0
0
0
0
0
0
0
0
0
0
0
0
0
0
0
0
0
0
0
0
0.02147600569
0.02075436868
0.01997048875
0.01913289571
0.018250302
0.01733138047
0.01638458502
0.01541801364
0.01443931367
0.01345562092
0.01247352783
0.0114990716
0.01053773512
0.009594465492
0.008673689261
0.007779327847
0.00691501632
0.006084226441
0.005289925251
0.004540130331
0.003837106519
0.003182228645
0.002576849758
0.002022417534
0.001520880703
0.001075155836
0.0006900690524
0.0003686610838
0.0001347551985
3.255145951e-05
9.464307005e-06
4.01148232e-06
2.088093559e-06
1.15981937e-06
6.38137086e-07
3.348600341e-07
1.616215657e-07
6.726420147e-08
2.068104096e-08
2.532333835e-09
0
0
0
0
0
0
0
0
0
0
0
0
0
0
0
0
0
0
0
0
0.02084269703
0.02018367099
0.01946554159
0.01869553744
0.01788116754
0.01703002595
0.01614962594
0.01524726724
0.0143299368
0.01340423732
0.01247634229
0.01155197077
0.01063638261
0.009734383689
0.008850345723
0.007988243642
0.007151487861
0.006343237722
0.005566760916
0.004827191673
0.004129774172
0.003476075216
0.002867539541
0.002305568412
0.001791904358
0.001328747165
0.0009191320573
0.0005676598811
0.0002788016856
8.853594808e-05
2.137690889e-05
6.977175613e-06
3.17477338e-06
1.685319507e-06
9.2625659e-07
4.963454676e-07
2.501121277e-07
1.131721446e-07
4.183067107e-08
9.701826406e-09
0
0
0
0
0
0
0
0
0
0
0
0
0
0
0
0
0
0
0
0
0.02025299172
0.01964897411
0.01898891986
0.01827897666
0.01752563167
0.01673554156
0.0159153822
0.01507172417
0.01421093349
0.0133390972
0.01246197217
0.01158495154
0.01071304967
0.009850888633
0.009002701026
0.008172336451
0.007363268301
0.006578712377
0.005821689611
0.005094950521
0.004405423284
0.003755500225
0.003146630412
0.002580259314
0.002058024414
0.001581741222
0.001153726805
0.0007774314698
0.0004580442013
0.0002028088306
5.577452193e-05
1.433341048e-05
5.258652982e-06
2.52598474e-06
1.351313098e-06
7.297708467e-07
3.785308694e-07
1.814016737e-07
7.534045351e-08
2.330927498e-08
2.99435407e-09
0
0
0
0
0
0
0
0
0
0
0
0
0
0
0
0
0
0
0
0.01969851338
0.01914327235
0.01853495001
0.01787879255
0.01718041746
0.01644566649
0.01568047187
0.0148907423
0.01408226733
0.01326064377
0.01243122014
0.0115990555
0.01076889331
0.009945145524
0.009131895249
0.008332902553
0.007551625988
0.0067910726
0.006054093339
0.005343661623
0.00466400609
0.004019988784
0.00341318365
0.002845099003
0.002317295849
0.001831435451
0.001389417123
0.000993910761
0.0006492744807
0.0003595861908
0.0001411580654
3.562528391e-05
9.999631832e-06
4.032949545e-06
2.009108523e-06
1.071015344e-06
5.638053174e-07
2.805607121e-07
1.258868885e-07
4.633501598e-08
1.074888437e-08
0
0
0
0
0
0
0
0
0
0
0
0
0
0
0
0
0
0
0
0.01917285008
0.01866122976
0.01809935873
0.01749172634
0.01684320648
0.01615893111
0.01544417313
0.01470424218
0.01394439538
0.01316976454
0.01238529914
0.01159572218
0.01080550123
0.01001883398
0.009239633142
0.008471522483
0.007717839966
0.006981637785
0.006265725758
0.005572724168
0.004905186242
0.004268893892
0.003666293506
0.003098918632
0.002568323804
0.002076081133
0.001623904808
0.00121393603
0.0008489785356
0.0005337255426
0.0002730706277
9.314222182e-05
2.263237814e-05
7.096895027e-06
3.099089183e-06
1.579272808e-06
8.304185721e-07
4.223359897e-07
1.989888735e-07
8.133756263e-08
2.459348876e-08
2.852897796e-09
0
0
0
0
0
0
0
0
0
0
0
0
0
0
0
0
0
0
0.01867143818
0.01819910356
0.01767922288
0.01711564409
0.01651260012
0.01587460125
0.01520633237
0.0145125592
0.01379804585
0.01306748609
0.01232544736
0.01157632732
0.01082432103
0.01007339985
0.009327290235
0.008589471458
0.007863177655
0.00715140468
0.006456783777
0.005781864961
0.005129284541
0.00450232215
0.003905687106
0.003341072797
0.002810005637
0.002313982394
0.001854652508
0.001433828226
0.001053735255
0.0007175410397
0.0004304266776
0.0001981237724
5.741060276e-05
1.458857336e-05
5.164897384e-06
2.381315333e-06
1.214863126e-06
6.203313588e-07
3.002507134e-07
1.308240707e-07
4.62265947e-08
9.750141327e-09
0
0
0
0
0
0
0
0
0
0
0
0
0
0
0
0
0
0
0.01819112749
0.01775436149
0.01727262924
0.01674923026
0.01618784166
0.01559242679
0.01496714583
0.01431627218
0.01364411755
0.01295496745
0.01225302658
0.01154237523
0.01082693405
0.0101104391
0.009396427124
0.008688222596
0.007988933956
0.007301452586
0.006628456439
0.005972396819
0.005335565069
0.00472021923
0.004131095864
0.003570976454
0.003041380495
0.002543783564
0.002079748591
0.001650889821
0.001259028697
0.0009065346111
0.0005976110538
0.0003369617721
0.0001370490169
3.544576129e-05
9.738260169e-06
3.765449025e-06
1.77634505e-06
8.858866929e-07
4.303238758e-07
1.932026791e-07
7.410600622e-08
1.969448585e-08
8.741906015e-10
0
0
0
0
0
0
0
0
0
0
0
0
0
0
0
0
0
0.01772978053
0.01732534881
0.0168784084
0.01639178694
0.01586867722
0.01531255971
0.01472712509
0.01411620019
0.01348368014
0.01283346864
0.01216942597
0.01149532714
0.01081482708
0.01013143526
0.009448498329
0.008769180998
0.008096462828
0.007433134517
0.006781799407
0.006144770303
0.00552426761
0.00492256848
0.00434231745
0.003788206005
0.003261791821
0.002764567613
0.0022979824
0.001863613949
0.001463047709
0.001098266923
0.0007721714654
0.0004894553382
0.0002544378477
8.879434982e-05
2.144222669e-05
6.462494531e-06
2.637174892e-06
1.226151217e-06
5.777600459e-07
2.577123064e-07
1.013370363e-07
2.943804774e-08
2.615344256e-09
0
0
0
0
0
0
0
0
0
0
0
0
0
0
0
0
0
0.01728588278
0.01691093103
0.01649580792
0.01604293305
0.01555507516
0.015035287
0.01448683839
0.0139131511
0.01331773806
0.01270414856
0.01207591976
0.01143653648
0.01078939667
0.01013778501
0.009484851757
0.008833597447
0.008186866759
0.007547342571
0.006917547333
0.006299782247
0.005696162615
0.005108785156
0.004539777131
0.003992954875
0.003471185612
0.002975960525
0.00250872022
0.002070993219
0.001664241214
0.001290222066
0.0009511295619
0.0006501324782
0.0003920866753
0.0001820917753
5.298045946e-05
1.291928673e-05
4.177467898e-06
1.688389566e-06
7.313693973e-07
3.094805829e-07
1.183419134e-07
3.401936508e-08
2.80815457e-09
0
0
0
0
0
0
0
0
0
0
0
0
0
0
0
0
0
0.01685830569
0.01651029036
0.01612432277
0.01570246857
0.01524712472
0.01476096469
0.01424688124
0.01370792941
0.01314727227
0.01256813091
0.0119737398
0.01136730809
0.01075198674
0.01013084258
0.009506837014
0.008882812392
0.008261478953
0.007645407061
0.007037022456
0.006438535485
0.005852009849
0.005279531139
0.004723110322
0.004184697469
0.003668890605
0.003177162023
0.002710960052
0.002271689842
0.001860785481
0.001479793649
0.001130522669
0.0008153446648
0.0005381046372
0.0003032805614
0.0001223537108
3.045014561e-05
7.561464059e-06
2.464948805e-06
9.208382282e-07
3.495489306e-07
1.235665579e-07
3.247388389e-08
1.16017346e-09
0
0
0
0
0
0
0
0
0
0
0
0
0
0
0
0
0
0.01644612467
0.01612276388
0.01576355418
0.01537025353
0.01494493223
0.0144899272
0.01400779311
0.01350125283
0.01297314932
0.01242640043
0.01186395825
0.01128877244
0.01070375982
0.01011177853
0.00951560645
0.008917924082
0.008321302135
0.007728195538
0.007140883218
0.006561554389
0.005992348071
0.005435148074
0.00489176813
0.004364125375
0.003855299248
0.003368247119
0.0029044045
0.002465147518
0.002051850452
0.001665935464
0.001309079673
0.0009831073592
0.0006907597962
0.0004363646593
0.0002239789418
7.511253493e-05
1.653165819e-05
4.062614759e-06
1.23680489e-06
4.081824965e-07
1.29323936e-07
3.005202518e-08
4.135622424e-11
0
0
0
0
0
0
0
0
0
0
0
0
0
0
0
0
0
0.0160484787
0.01574771481
0.01541309296
0.0150461035
0.01464852975
0.01422241012
0.01376999669
0.01329371232
0.01279610838
0.01227982412
0.01174754965
0.01120199174
0.01064584483
0.01008176545
0.009512350677
0.008940120589
0.00836750827
0.007796845088
0.007230349819
0.006670146156
0.006118238221
0.005576487683
0.005046696273
0.004530606366
0.004029956214
0.003548730799
0.003088556126
0.002650784113
0.002236732033
0.001847772862
0.001485451838
0.001151302416
0.0008474360019
0.0005768533148
0.0003440147043
0.0001539760886
4.047123326e-05
8.118213541e-06
1.891161416e-06
5.10273125e-07
1.39494431e-07
2.81368119e-08
0
0
0
0
0
0
0
0
0
0
0
0
0
0
0
0
0
0
0.01566485589
0.0153848155
0.01507279751
0.01473006
0.01435813469
0.01395879584
0.01353402525
0.01308597548
0.01261693252
0.01212927967
0.01162546392
0.01110796427
0.01057926483
0.01004183045
0.009498086174
0.008950399869
0.008401070464
0.007852312587
0.007306251462
0.0067649204
0.006230258593
0.005704118146
0.005188175972
0.004684074177
0.004193511134
0.003718960669
0.003263450348
0.002828332928
0.002414826199
0.002024292344
0.001658143223
0.001317822542
0.001004907224
0.0007216903577
0.0004718784052
0.000259044008
9.644760127e-05
1.954025623e-05
3.29416032e-06
6.615608984e-07
1.473284942e-07
2.431872406e-08
0
0
0
0
0
0
0
0
0
0
0
0
0
0
0
0
0
0
0.01529448527
0.01503347926
0.01474227101
0.01442191697
0.01407372834
0.01369924565
0.0133002095
0.01287852903
0.01243624928
0.01197551952
0.01149856223
0.01100764481
0.01050505435
0.009993074271
0.00947396426
0.008949942827
0.008423174766
0.007895759835
0.007369723921
0.006847012597
0.006329486233
0.005818914836
0.005316971656
0.004825263334
0.004345341038
0.003878789479
0.003428907791
0.002997495054
0.002585744703
0.002194986569
0.001826573566
0.001481847188
0.001162163688
0.0008693731134
0.0006060571856
0.0003760476945
0.0001823925565
5.165041462e-05
7.681050965e-06
1.017319681e-06
1.583232656e-07
1.80631898e-08
0
0
0
0
0
0
0
0
0
0
0
0
0
0
0
0
0
0
0.01493678577
0.01469328632
0.01442125959
0.01412158708
0.01379538679
0.01344399262
0.01306893011
0.01267188934
0.01225469677
0.01181928729
0.01136767613
0.01090193358
0.01042416069
0.009936468013
0.00944095635
0.008939700173
0.00843473531
0.007928047776
0.007421561764
0.006917134233
0.006416550608
0.00592152286
0.005433694998
0.004954568532
0.004485634673
0.004028411915
0.003584855738
0.003158004425
0.002749042606
0.002359191769
0.001989812757
0.001642147986
0.001317522106
0.001017359275
0.000743652628
0.0004992660489
0.000287792314
0.000116152089
2.191724112e-05
2.078503079e-06
1.909784078e-07
1.14851374e-08
0
0
0
0
0
0
0
0
0
0
0
0
0
0
0
0
0
0
0.01459120928
0.01436383325
0.01410950921
0.01382896696
0.01352315517
0.01319322514
0.01284051044
0.01246650411
0.01207283456
0.01166124028
0.01123354549
0.01079163711
0.01033744233
0.009872908756
0.009399986293
0.008920611111
0.008436693197
0.007950103793
0.00746266539
0.006976145819
0.00649225215
0.006012626824
0.005538845044
0.005072408125
0.00461475469
0.004167281025
0.003731430053
0.003309927645
0.002904610123
0.002516665335
0.002147434308
0.001798114972
0.001469955276
0.001164183458
0.0008824461521
0.000626966817
0.0004011957211
0.0002068343618
6.30759628e-05
7.39782554e-06
4.172330787e-07
1.126849404e-08
0
0
0
0
0
0
0
0
0
0
0
0
0
0
0
0
0
0
0.01425722765
0.0140447173
0.01380674687
0.01354391453
0.01325702077
0.01294705536
0.01261518078
0.01226271302
0.01189110087
0.01150190373
0.01109677036
0.01067741736
0.01024560935
0.009803140094
0.009351815652
0.008893438586
0.008429796901
0.007962650828
0.007493725669
0.007024701854
0.006557209419
0.006092824681
0.005633067855
0.005179402167
0.004733172989
0.004295731274
0.003868448222
0.003452889123
0.003051974634
0.002666840202
0.002298781042
0.001948960103
0.001618569868
0.001308739812
0.001020905317
0.0007568895754
0.0005191819546
0.0003111924497
0.0001356936865
2.763620432e-05
1.900183919e-06
5.03504939e-08
0
0
0
0
0
0
0
0
0
0
0
0
0
0
0
0
0
0
0.0139343637
0.01373557726
0.01351273223
0.01326631269
0.01299698923
0.01270560886
0.01239318157
0.01206086441
0.01170994331
0.01134181421
0.01095796435
0.01055995265
0.01014939179
0.009727930863
0.009297239784
0.008858994605
0.008414866667
0.007966509611
0.00751555066
0.007063581034
0.006612152025
0.006162770337
0.0057168941
0.005275929361
0.004841228985
0.004414082223
0.003995746268
0.00358752782
0.003191648698
0.002810069897
0.002443978478
0.002094574192
0.001762985808
0.001450383135
0.00115792501
0.0008871479084
0.0006400565108
0.0004196851688
0.0002287813255
7.893694531e-05
9.641481865e-06
3.458527244e-07
1.146035206e-10
0
0
0
0
0
0
0
0
0
0
0
0
0
0
0
0
0
0.01362213335
0.01343602479
0.01322717654
0.0129959739
0.01274297378
0.01246889714
0.01217461835
0.01186115154
0.0115296355
0.01118131772
0.01081753704
0.01043970698
0.01004929912
0.00964782733
0.009236833159
0.008817872646
0.008392504058
0.007962277031
0.007528723435
0.007093350953
0.006657635638
0.00622301699
0.005790893377
0.005362619979
0.004939506021
0.00452276468
0.004113622243
0.003713319296
0.003323050822
0.002945718379
0.0025824392
0.002234389759
0.0019026733
0.001588424345
0.001292709067
0.001016899645
0.0007627122188
0.0005324817597
0.0003296034498
0.0001560906533
3.777094573e-05
2.670519461e-06
4.975621138e-08
0
0
0
0
0
0
0
0
0
0
0
0
0
0
0
0
0
0.01332012497
0.01314574518
0.01294986724
0.01273279093
0.01249497369
0.01223702523
0.01195969902
0.01166388112
0.01135057749
0.01102090019
0.01067605227
0.01031731278
0.009946021923
0.009563566708
0.009171367387
0.008770865462
0.008363511854
0.007950756943
0.007534041515
0.007114789311
0.006694398714
0.006274239377
0.005855646154
0.005439919182
0.005028318305
0.00462206515
0.004222325344
0.003830249778
0.003446960671
0.003074353516
0.002714487854
0.002368504465
0.002037486202
0.001722532244
0.001424709031
0.001145225944
0.0008855906137
0.0006477082513
0.0004341588924
0.0002480256392
9.531656329e-05
1.349593004e-05
4.863068269e-07
6.235043971e-10
0
0
0
0
0
0
0
0
0
0
0
0
0
0
0
0
0.01302786676
0.01286433759
0.01268047736
0.01247651187
0.01225281189
0.01200988897
0.011748389
0.01146908327
0.01117285813
0.01086070243
0.010533695
0.01019299118
0.009839809606
0.009475419278
0.009101127056
0.008718266529
0.008328186885
0.007932242877
0.007531786179
0.007128157668
0.006722681709
0.006316661507
0.005911372873
0.005508063176
0.005107946669
0.004712204528
0.004321942769
0.003938275279
0.003562269304
0.003195055557
0.00283928174
0.002496059563
0.002166516694
0.001851722953
0.001552784365
0.001270761614
0.001007019836
0.0007632207029
0.0005415294009
0.0003451091677
0.0001751732032
4.968026618e-05
4.291685057e-06
1.01530059e-07
0
0
0
0
0
0
0
0
0
0
0
0
0
0
0
0
0.01274501066
0.01259153917
0.01241883481
0.01222705971
0.01201650869
0.01178760681
0.0115409044
0.01127707029
0.01099688245
0.01070121803
0.01039104218
0.01006739637
0.009731386592
0.009384171598
0.009026951637
0.008660957904
0.008287442138
0.007907667391
0.00752289995
0.007134401924
0.006743425753
0.006351207599
0.005958962526
0.005567881971
0.005179129359
0.004793838798
0.004413114563
0.004038019427
0.003669566521
0.003308845501
0.002957527029
0.002617589704
0.002290138073
0.001976219786
0.001676915211
0.001393227046
0.001126420445
0.0008780026162
0.0006498654526
0.0004444962172
0.0002650711952
0.0001142545548
2.239464999e-05
1.355028983e-06
2.318249702e-08
0
0
0
0
0
0
0
0
0
0
0
0
0
0
0
0.01247106809
0.01232690962
0.01216454958
0.01198409514
0.01178577506
0.01156993832
0.01133705092
0.0110876897
0.01082253538
0.01054236393
0.01024803686
0.00994049125
0.009620729219
0.009289807405
0.008948827231
0.008598924117
0.008241258438
0.007877006449
0.007507352872
0.007133483677
0.006756579895
0.006377812039
0.005998336484
0.005619291322
0.005241793218
0.004866936466
0.004495793885
0.00412938072
0.003768662689
0.003414654567
0.003068452851
0.002732415232
0.002407706052
0.002095352521
0.00179640752
0.001511892645
0.001242940556
0.0009909385727
0.0007575776747
0.0005450207173
0.0003562542905
0.0001945169084
6.884721904e-05
9.665883641e-06
5.313846401e-07
5.813867574e-09
0
0
0
0
0
0
0
0
0
0
0
0
0
0
0.012205794
0.0120702855
0.01191754619
0.01174763611
0.01156072667
0.01135710022
0.01113714749
0.0109013634
0.01065034112
0.01038476479
0.01010540155
0.009813092708
0.009508744591
0.009193319145
0.008867825288
0.008533308902
0.008190843781
0.007841523421
0.007486453951
0.007126747279
0.006763515332
0.006397866038
0.006030897874
0.005663695189
0.0052973251
0.004932834978
0.004571250121
0.004213570077
0.003860729091
0.003513719821
0.003173607604
0.00284179376
0.002520211975
0.002209908903
0.001911891556
0.001627206138
0.001356848818
0.001102099715
0.000864496069
0.0006459821495
0.0004491796092
0.0002778509391
0.0001347988897
3.727275629e-05
4.180291122e-06
2.39251306e-07
0
0
0
0
0
0
0
0
0
0
0
0
0
0
0.01194865155
0.01182115538
0.01167733909
0.01151722274
0.01134092797
0.01114867869
0.01094079948
0.0107177124
0.01047993214
0.0102280603
0.009962778511
0.009684840937
0.009395066264
0.009094329533
0.008783553895
0.008463701555
0.008135764574
0.007800757613
0.007459711857
0.007113668786
0.006763674525
0.006410775533
0.006056012783
0.005700418172
0.005345011486
0.004990798565
0.004638771252
0.004289909546
0.003945112371
0.003605295838
0.003271426548
0.0029444918
0.002626623192
0.002318982066
0.002022560751
0.001738382886
0.001467389675
0.001210766944
0.0009699102483
0.0007465384095
0.0005428779797
0.000361975435
0.0002079684191
8.64617987e-05
1.848117444e-05
1.876155876e-06
1.150489781e-07
0
0
0
0
0
0
0
0
0
0
0
0
0
0.01169963238
0.01157960864
0.01144412411
0.0112931643
0.01112680774
0.01094522694
0.01074868769
0.01053754671
0.01031224812
0.01007331862
0.009821361838
0.009557051688
0.009281125352
0.008994376491
0.00869764699
0.008391819949
0.008077811456
0.007756562987
0.007429035254
0.00709620266
0.006759048014
0.006418558732
0.006075720579
0.005731513969
0.00538691114
0.005042873183
0.00470034689
0.004360260679
0.004023481207
0.003690904207
0.003363507602
0.003042261476
0.002728343729
0.002423738171
0.00212935434
0.001846169171
0.001575129283
0.001317280969
0.001073895712
0.0008465017937
0.0006370271141
0.0004480595451
0.0002834252744
0.0001465557941
4.860472003e-05
7.789834378e-06
7.007066674e-07
3.088727962e-08
0
0
0
0
0
0
0
0
0
0
0
0
0.0114579364
0.01134483433
0.01121707612
0.0110746181
0.01091750171
0.01074585482
0.01055989174
0.01035991173
0.01014629632
0.00991950537
0.009680072338
0.009428598604
0.00916574748
0.008892237922
0.008608837739
0.008316356749
0.008015639431
0.00770755778
0.007393005113
0.007072890838
0.006748135263
0.006419665552
0.006088412774
0.005755307151
0.005421276243
0.005087240212
0.00475411079
0.004422792872
0.004094157134
0.003769073519
0.003448399914
0.003132969365
0.002823676811
0.002522597957
0.002230818287
0.001949270207
0.001678918785
0.001420665613
0.001175667599
0.0009452889751
0.0007312079919
0.0005355901515
0.0003613593732
0.0002124666221
9.416953784e-05
2.352356503e-05
2.904296424e-06
2.154875951e-07
8.617396635e-10
0
0
0
0
0
0
0
0
0
0
0
0.0112240088
0.01111740424
0.01099690595
0.0108624451
0.01071403027
0.01055174935
0.01037577012
0.01018633945
0.009983781257
0.009768493563
0.009540944558
0.009301668144
0.009051258431
0.008790364363
0.008519683693
0.008239956539
0.007951959207
0.00765649783
0.007354402377
0.007046521883
0.006733720483
0.006416874233
0.006096865895
0.005774578724
0.005450894345
0.005126690891
0.00480283987
0.004480202317
0.004159590249
0.003841813562
0.003527719332
0.0032182129
0.002914221912
0.002616953873
0.002328123224
0.002048569694
0.001779237947
0.001520970329
0.001274828755
0.001042041842
0.0008240910767
0.000622843317
0.0004407847078
0.000281529356
0.0001481727822
5.071846587e-05
8.449902535e-06
7.808891936e-07
3.286727783e-08
0
0
0
0
0
0
0
0
0
0
0
0.01099678489
0.01089617542
0.01078238266
0.0106553161
0.01051495595
0.01036135545
0.01019464191
0.01001501652
0.009822753192
0.00961819624
0.009401757267
0.009173911227
0.008935191967
0.008686186545
0.008427529674
0.008159897702
0.007884002603
0.007600586433
0.007310416429
0.007014281376
0.006712988143
0.006407358054
0.006098222752
0.005786419139
0.00547278713
0.005158169178
0.004843405297
0.004529331178
0.004216747875
0.003906488498
0.003599390948
0.003296203712
0.002997658351
0.002704776103
0.002419399361
0.002142470149
0.00187486699
0.001617385429
0.00137097735
0.001136755589
0.0009160417571
0.0007104619447
0.0005220970555
0.0003537136298
0.0002089237368
9.22878874e-05
2.207179902e-05
2.481441118e-06
1.592157168e-07
0
0
0
0
0
0
0
0
0
0
0
0.010780635
0.01068564667
0.01057814184
0.01045801092
0.01032520846
0.01017975581
0.01002174243
0.009851326282
0.009668733029
0.009474254308
0.009268245408
0.009051122118
0.008823357011
0.00858547489
0.008338048112
0.008081692046
0.007817060459
0.007544841638
0.007265754708
0.006980545032
0.006689979009
0.006394838142
0.006095915488
0.005794009314
0.005489920976
0.005184449503
0.004878390442
0.004572535271
0.004267634082
0.003964459402
0.003663816979
0.003366512205
0.00307338728
0.002785240878
0.002503722054
0.002229784021
0.001964255294
0.001708042634
0.001461961843
0.001227051046
0.001004501082
0.0007957240054
0.0006024542591
0.000426891775
0.000271816576
0.0001395523901
4.35733766e-05
6.094369063e-06
4.627159992e-07
7.513894552e-09
0
0
0
0
0
0
0
0
0
0
0.01059404621
0.01050361042
0.01040120454
0.01028670401
0.01016004349
0.01002121948
0.009870291746
0.009707383952
0.009532683283
0.009346439545
0.009148963202
0.008940622941
0.008721837675
0.008493073119
0.008254851708
0.008007751753
0.007752389224
0.007489413012
0.007219507033
0.006943383505
0.006661776385
0.006375434363
0.006085116154
0.005791584887
0.005495605668
0.005197941026
0.004899353921
0.00460061241
0.004302461373
0.004005685866
0.003711083588
0.003419396944
0.003131317106
0.002847609706
0.00256978396
0.002298889689
0.002035863224
0.001781563717
0.001536755505
0.001302412715
0.001079635009
0.0008696935365
0.0006740954607
0.0004946911812
0.0003339241082
0.0001944501196
8.104159636e-05
1.610211538e-05
1.333322245e-06
5.073511273e-08
0
0
0
0
0
0
0
0
0
0
)
;

boundaryField
{
    inletCH4
    {
        type            fixedValue;
        value           uniform 0.1561;
    }
    wallOutside
    {
        type            zeroGradient;
    }
    wallTube
    {
        type            zeroGradient;
    }
    inletPilot
    {
        type            fixedValue;
        value           uniform 0;
    }
    inletAir
    {
        type            fixedValue;
        value           uniform 0;
    }
    outlet
    {
        type            zeroGradient;
    }
    axis
    {
        type            empty;
    }
    frontAndBack_pos
    {
        type            wedge;
    }
    frontAndBack_neg
    {
        type            wedge;
    }
}


// ************************************************************************* //
