/*--------------------------------*- C++ -*----------------------------------*\
  =========                 |
  \\      /  F ield         | OpenFOAM: The Open Source CFD Toolbox
   \\    /   O peration     | Website:  https://openfoam.org
    \\  /    A nd           | Version:  10
     \\/     M anipulation  |
\*---------------------------------------------------------------------------*/
FoamFile
{
    format      ascii;
    class       volScalarField;
    location    "0.02499901733";
    object      CO2_0;
}
// * * * * * * * * * * * * * * * * * * * * * * * * * * * * * * * * * * * * * //

dimensions      [0 0 0 0 0 0 0];

internalField   nonuniform List<scalar> 
5170
(
3.126167791e-12
3.120598586e-12
3.084120638e-12
2.826785e-12
2.206643277e-13
6.292127357e-12
6.274685856e-12
6.19689593e-12
5.801546409e-12
3.567596228e-12
9.446716707e-12
9.4176215e-12
9.303383837e-12
8.829986301e-12
6.974113303e-12
1.258115557e-11
1.254150957e-11
1.239950257e-11
1.189303691e-11
1.041037113e-11
1.569503433e-11
1.564645605e-11
1.548660914e-11
1.498421304e-11
1.387079944e-11
1.878572586e-11
1.873132071e-11
1.856426999e-11
1.81007241e-11
1.735604475e-11
2.185206483e-11
2.179464583e-11
2.16309465e-11
2.124081606e-11
2.086451179e-11
2.489512282e-11
2.483857839e-11
2.468820099e-11
2.440044206e-11
2.439331656e-11
2.791578984e-11
2.78634142e-11
2.773720841e-11
2.757915613e-11
2.793961519e-11
3.091647087e-11
3.087063208e-11
3.077597091e-11
3.077752594e-11
3.150195876e-11
3.38984579e-11
3.386156297e-11
3.380471979e-11
3.399506252e-11
3.507751617e-11
3.686135434e-11
3.683638492e-11
3.683012031e-11
3.722978238e-11
3.866118076e-11
3.980590358e-11
3.979589825e-11
3.985487968e-11
4.048128007e-11
4.224878506e-11
4.273303934e-11
4.274113771e-11
4.287854136e-11
4.374911944e-11
4.583676286e-11
4.564351755e-11
4.5673504e-11
4.590162744e-11
4.703148581e-11
4.942114627e-11
4.85373009e-11
4.859333654e-11
4.892904775e-11
5.032924482e-11
5.299400409e-11
5.141551642e-11
5.150253513e-11
5.196044097e-11
5.365227124e-11
5.662031772e-11
5.434675022e-11
5.461781278e-11
5.625530144e-11
6.604531854e-11
9.483980111e-11
8.162969094e-11
1.555727018e-10
7.21848571e-10
4.887078354e-09
1.963128554e-08
7.33925079e-09
4.068322928e-08
3.25337204e-07
2.302258577e-06
1.117200241e-05
0.1124082591
0.1124128964
0.1124164979
0.1124213151
0.1124470594
0.113824303
0.113695547
0.1137080613
0.1137400014
0.1139504422
0.1146101843
0.1144181544
0.1144314579
0.1144860966
0.1147342971
0.1150383727
0.1148680338
0.1148722962
0.11495675
0.115193305
0.1153415545
0.1151805594
0.1151721954
0.1152493755
0.1154579101
0.1155193502
0.1153746078
0.1153625684
0.1154444537
0.1156035763
0.1156389799
0.1155227964
0.1155146943
0.1155719782
0.1157215811
0.1157336472
0.1156274757
0.1156165718
0.115677822
0.1158158726
0.1158148774
0.1157154123
0.1157034502
0.1157710245
0.1158672523
0.1158582439
0.1157965784
0.1157853783
0.1158325848
0.1159202639
0.1159051206
0.1158401272
0.115831217
0.1158806259
0.1159347615
0.1159199589
0.1158848812
0.115879629
0.1159236673
0.1159609791
0.1159425376
0.1159188769
0.1159192523
0.1159447755
0.1159851653
0.1159646305
0.115938371
0.1159376728
0.1159659562
0.1160105242
0.1159901297
0.11595785
0.1159574538
0.1159888577
0.1160358068
0.1160166943
0.115980488
0.1159801225
0.116013468
0.1160598312
0.1160423343
0.1160056435
0.116005319
0.1160383421
0.1160817313
0.1160651616
0.1160313698
0.1160314732
0.1160622367
0.1161007468
0.1160839244
0.1160556183
0.116056131
0.116081317
0.1161102179
0.116165044
0.116038154
0.1159901072
0.1158734606
0.115601595
2.744095097e-07
2.139819435e-06
3.303393541e-05
0.0004926798658
0.00660448229
1.493274269e-06
1.009754834e-05
0.0001235490498
0.001294668986
0.009828735685
4.977360166e-06
3.014455573e-05
0.0003015428786
0.002381812073
0.01212835799
1.298265802e-05
7.091675636e-05
0.0005945990161
0.00370166602
0.01386438372
2.942511912e-05
0.0001464490572
0.00104408198
0.005176717555
0.01518388384
6.132945934e-05
0.0002811583847
0.00169111958
0.006691983973
0.01630148938
0.0001198056587
0.0005034878629
0.002531709358
0.00817937333
0.01738869775
0.0002217753801
0.0008474643224
0.003550533599
0.009617042578
0.01844776819
0.0003938209664
0.001353123435
0.004718068076
0.01099724257
0.01946385856
0.0006751990559
0.002054760829
0.006001335453
0.01234910442
0.02047229715
0.00112511858
0.002987579008
0.00737297283
0.01368232023
0.02147595938
0.001880700738
0.004174151877
0.008807876785
0.01502657602
0.02250540617
0.002982463672
0.005582124152
0.01031316844
0.01639757732
0.02356467457
0.004540187123
0.007241538253
0.01192869175
0.01783289836
0.02469420974
0.006591368357
0.009179851096
0.01369826247
0.01937370301
0.02592613964
0.009018738373
0.0114096066
0.01568598671
0.02108682877
0.02730595917
0.01192998754
0.01405064717
0.01798375303
0.02303495565
0.02888720686
0.01514508339
0.01698231281
0.02053916967
0.0252357254
0.0307483044
0.01853935885
0.02015715993
0.02336089643
0.0276320224
0.03262955189
0.02216378446
0.0235104045
0.02616963002
0.02964031083
0.03352340151
0.02557307633
0.02645056206
0.02815046031
0.03028297315
0.0325242808
0.02705085522
0.0274220431
0.02813867012
0.02900222116
0.02982223029
0.02582448104
0.02590477676
0.02603485097
0.02613402268
0.02611942372
0.0228421456
0.02279619019
0.02267030202
0.02243895879
0.02207811867
0.01924905288
0.01916871422
0.01897848141
0.01867598081
0.01825947946
0.01580628853
0.01572812024
0.01554945948
0.01527351275
0.01490558373
0.01300843131
0.01294460961
0.01279874672
0.01257564812
0.01228160693
0.01076716347
0.01071758877
0.01060491352
0.0104334469
0.010208574
0.009016234978
0.008978703758
0.008893766058
0.008764831027
0.008595991367
0.00766642043
0.007638298827
0.007574858107
0.007478652382
0.007352624365
0.006633417453
0.006612329932
0.006564884789
0.006492946524
0.006398565562
0.005845079096
0.005829087713
0.005793198907
0.005738771405
0.005667214115
0.005242151318
0.005229772954
0.005202069746
0.005160047394
0.005104673635
0.004777907688
0.004768066458
0.004746108061
0.004712800842
0.004668818019
0.004416801882
0.004408746305
0.00439083074
0.004363663911
0.004327724717
0.00413216916
0.004125387725
0.00411035303
0.004087566385
0.004057378986
0.003903835458
0.003897984405
0.003885049786
0.003865458007
0.003839475439
0.003716423906
0.003711275857
0.00369992205
0.003682734524
0.003659922708
0.003558327467
0.003553732099
0.003543615566
0.003528307775
0.003507978724
0.003421052941
0.003416910195
0.003407801382
0.003394022136
0.003375714218
0.003298638088
0.003294878876
0.00328661999
0.003274127825
0.003257522978
0.003187077569
0.003183651835
0.003176128923
0.003164749753
0.003149618439
0.003083771099
0.003080640069
0.003073765869
0.003063366817
0.00304953368
0.002987061619
0.0029841937
0.002977897522
0.002968371309
0.002955694776
0.002895883354
0.002893251613
0.002887473861
0.002878730359
0.002867091464
0.00280952482
0.002807105917
0.002801795002
0.002793756329
0.002783052263
0.002727481861
0.002725255196
0.002720365922
0.00271296394
0.002703104703
0.002649373391
0.00264732078
0.002642813169
0.002635987632
0.002626893638
0.002574893308
0.002572998525
0.002568837078
0.002562534506
0.002554135046
0.002503780999
0.002502029607
0.002498182633
0.002492355275
0.002484587201
0.002435800434
0.002434179371
0.002430618428
0.002425223467
0.002418030131
0.002370779343
0.002369277137
0.002365976819
0.002360975859
0.002354306378
0.002308513811
0.00230711994
0.002304057337
0.002299415863
0.002293224523
0.002248835299
0.002247540407
0.00224469499
0.002240382041
0.002234627812
0.002191588886
0.002190384563
0.002187737934
0.00218372574
0.002178371791
0.002136633153
0.002135511835
0.002133047391
0.002129310899
0.002124323995
0.002083839542
0.002082794398
0.002080497191
0.002077013828
0.002072364008
0.002033089141
0.002032113979
0.002029970419
0.002026719665
0.002022379686
0.00198427292
0.001983362146
0.001981359989
0.001978323344
0.001974268632
0.00193728567
0.001936434173
0.001934562195
0.001931722703
0.00192793073
0.00189203276
0.001891235939
0.001889484064
0.001886826491
0.001883277006
0.001848417763
0.001847671356
0.00184603022
0.001843540411
0.001840214593
0.001806363536
0.001805663744
0.001804125022
0.001801790388
0.001798671495
0.001765779691
0.001765122924
0.001763678724
0.001761487326
0.001758559469
0.001726616671
0.001725999862
0.00172464347
0.001722585156
0.001719834828
0.001688766101
0.00168818622
0.001686910962
0.001684975619
0.001682389352
0.001652232177
0.001651686784
0.001650487327
0.001648666904
0.001646233991
0.0016169032
0.001616389541
0.001615259808
0.001613545091
0.001611253265
0.001583333736
0.001582849732
0.00158178523
0.001580169451
0.001578009698
0.001554502267
0.001554042407
0.001553030923
0.001551495505
0.001549442983
0.024188062
0.02429321163
0.02429766837
0.0242889777
0.02433938286
0.02457819305
0.02502751949
0.02555386788
0.02610229908
0.02671393245
0.02737456602
0.02810064379
0.0288743401
0.02973374027
0.03071545714
0.03183477056
0.03316125606
0.03480188128
0.03625704113
0.03616243332
0.03392975207
0.03026046935
0.02601874493
0.02177284851
0.01793418762
0.01462460372
0.01205976859
0.01003930642
0.008468679835
0.007257193732
0.006326659781
0.005612279227
0.005061791834
0.004634441564
0.004299375645
0.004033361707
0.003818648178
0.003641524935
0.003491505969
0.003360827923
0.003243988338
0.003137263696
0.003038225187
0.002945322642
0.002857561921
0.002774283397
0.002695024274
0.002619437461
0.0025472459
0.002478213882
0.002412126597
0.002348831348
0.002288140747
0.002229901875
0.00217397367
0.002120226582
0.002068542847
0.00201881253
0.001970935401
0.001924813006
0.001880358233
0.001837479376
0.001796106134
0.001756150955
0.001717572096
0.001680261371
0.001644232001
0.001609367231
0.001576232176
0.001547753526
0.05970667577
0.108136393
0.1128525732
0.1031930349
0.07614542663
0.05009998357
0.08665477392
0.1131691874
0.09717640114
0.06063638399
0.04545124957
0.07563771777
0.1052738441
0.09773957743
0.05642949405
0.04216735029
0.06747818614
0.09093074752
0.1011781096
0.0653328222
0.03990872311
0.06254084264
0.08551037071
0.1045406232
0.07914632984
0.03851159168
0.05951238258
0.08212530616
0.1042162414
0.09086140092
0.03772090242
0.05731592743
0.07866570278
0.1000836444
0.09951425378
0.03719658428
0.05519643617
0.07421718167
0.09238115428
0.103818568
0.03684952259
0.05348408501
0.07103021899
0.0886990796
0.1051192971
0.03671772055
0.05230279378
0.06902674859
0.08679482155
0.1042192817
0.0367560552
0.05147139661
0.06742619982
0.08457592028
0.1010570332
0.03693190117
0.05080443296
0.06573596593
0.08144214369
0.09581650565
0.03720046223
0.05024378557
0.0641425869
0.07856535609
0.0919760474
0.03758933582
0.04988433223
0.06297896501
0.07668779668
0.09013946763
0.0381452715
0.04979126239
0.06220915634
0.07529271932
0.08847333481
0.03883763684
0.04982500265
0.06155145363
0.07394643568
0.08656939642
0.03974734277
0.05016111668
0.06136866672
0.07336942312
0.08580179572
0.04102418655
0.05103599694
0.06198291849
0.07397687751
0.08674831314
0.04177344796
0.05047248367
0.05993633563
0.07148444472
0.08722727763
0.04009637188
0.04537721643
0.04957737074
0.05231689308
0.05279061882
0.03602845521
0.03805449049
0.0384955936
0.03710311803
0.03380498397
0.03097180162
0.03101130405
0.02980149759
0.02739077426
0.02402157608
0.02596637235
0.02511174647
0.02346720743
0.02117454432
0.01845866631
0.02142773416
0.02037059652
0.01882923048
0.01693746755
0.0148569314
0.01754642757
0.01658036479
0.01530516116
0.01382605923
0.01225040642
0.01428293867
0.01349816306
0.01250862812
0.01139155809
0.01021934376
0.01178813794
0.01118045609
0.01042760338
0.009585937768
0.008705726085
0.009830473751
0.009369606431
0.008802663427
0.008170042881
0.007506899233
0.008310218932
0.007963222106
0.007537233173
0.007060866912
0.006558794578
0.007137105222
0.006875673713
0.006554639673
0.006194059325
0.005811226799
0.006234927545
0.006036438059
0.005792438725
0.005516857588
0.005221782652
0.005541019661
0.005387987885
0.005199744014
0.004985911675
0.004754934307
0.005005076589
0.004884447592
0.00473614794
0.004566835267
0.004382432662
0.00458799713
0.004490364452
0.004370603853
0.004233354103
0.004082810237
0.004260227818
0.004179014494
0.004079772407
0.003965771304
0.003840023637
0.003999495875
0.003930191292
0.003845911395
0.003748996067
0.003641646857
0.003788732991
0.003728286899
0.003655154593
0.003571043967
0.003477599108
0.003614696855
0.003561067151
0.003496481162
0.003422216946
0.003339534184
0.003467207136
0.003419029953
0.003361220792
0.003294764392
0.003220653429
0.003338688599
0.00329504142
0.00324279736
0.003182738674
0.003115669655
0.003223747889
0.00318398481
0.003136456617
0.003081802516
0.003020690362
0.003118722148
0.00308236606
0.003038934416
0.002988961836
0.002933013812
0.003021216501
0.002987892584
0.002948081786
0.002902239167
0.002850850476
0.002929701534
0.002899099124
0.002862524591
0.002820370095
0.00277305706
0.00284319832
0.002815050551
0.002781388712
0.002742553639
0.002698913439
0.00276105996
0.002735132589
0.002704103525
0.002668270742
0.002627957285
0.00268283537
0.002658921014
0.002630279057
0.002597171096
0.002559881601
0.002608188078
0.002586101902
0.002559629157
0.002529000226
0.002494466254
0.002536850713
0.002516427495
0.00249192957
0.002463560349
0.002431542019
0.002468596184
0.002449687771
0.00242699048
0.002400684286
0.002370966111
0.002403217267
0.002385690324
0.002364636914
0.002340216567
0.002312604089
0.002340568404
0.0023243027
0.002304751378
0.002282056187
0.002256372612
0.002280468103
0.002265355333
0.00224717848
0.002226063714
0.002202149555
0.002222769197
0.002208711968
0.002191794655
0.002172129767
0.002149840903
0.002167335723
0.002154246385
0.00213848504
0.002120152192
0.002099358305
0.002114042496
0.002101841798
0.002087142676
0.002070035062
0.002050617828
0.002062775727
0.002051392081
0.002037670412
0.00202169132
0.002003543426
0.002013428803
0.002002796984
0.001989975457
0.001975036565
0.001958059853
0.001965904758
0.001955965854
0.001943974551
0.001929995877
0.001914101325
0.001920107668
0.001910807551
0.001899582153
0.001886490017
0.001871595482
0.001875953202
0.001867243199
0.001856725801
0.001844453785
0.00183048513
0.001833351456
0.001825186214
0.001815322801
0.001803808876
0.001790696769
0.001792234615
0.00178457382
0.001775316353
0.001764505309
0.001752187967
0.001752516241
0.001745321442
0.001736624078
0.001726463183
0.001714881551
0.001714157392
0.001707396033
0.001699219925
0.001689664453
0.001678768362
0.001677050152
0.001670689512
0.001662995522
0.001654000314
0.001643739049
0.001641210911
0.001635225347
0.001627982855
0.001619512631
0.001609846557
0.001606521362
0.001600881015
0.001594054313
0.001586067899
0.001576950803
0.001573549819
0.001568232896
0.001561795828
0.001554262789
0.00154566005
0.001545204182
0.001540148946
0.001534027312
0.001526861553
0.001518675905
0.009126871205
0.0005947887452
5.016218476e-05
9.199466959e-06
2.883716452e-06
1.122584817e-06
4.584780379e-07
1.872132936e-07
7.588959941e-08
3.104102632e-08
1.335093294e-08
6.472300885e-09
3.80179863e-09
2.751616893e-09
2.328666587e-09
2.154235294e-09
2.079571576e-09
2.046171363e-09
2.031677335e-09
2.025300246e-09
2.022367862e-09
2.020900137e-09
2.020058491e-09
2.019496869e-09
2.019073845e-09
2.01872607e-09
2.018423202e-09
2.018154199e-09
2.017909648e-09
2.017682821e-09
2.017472486e-09
2.017275834e-09
2.017093242e-09
2.016924524e-09
2.016769739e-09
2.016628455e-09
2.016500132e-09
2.016384036e-09
2.016276859e-09
2.016179204e-09
2.016086343e-09
2.015998104e-09
2.015915364e-09
2.015835279e-09
2.015762774e-09
2.015706226e-09
2.015658358e-09
2.01561898e-09
2.015582607e-09
2.015553474e-09
2.015527561e-09
2.015505711e-09
2.015485487e-09
2.015463565e-09
2.015350545e-09
2.014482393e-09
2.008986892e-09
1.983522056e-09
1.894767395e-09
1.778317625e-09
0.01541294497
0.001635632298
0.0001374583019
2.037745848e-05
5.691067422e-06
2.214111939e-06
9.790646094e-07
4.487661246e-07
2.068176779e-07
9.57325435e-08
4.536258193e-08
2.281071291e-08
1.278171599e-08
8.32360943e-09
6.3333683e-09
5.441260065e-09
5.038787351e-09
4.856059075e-09
4.774556416e-09
4.738306437e-09
4.721991745e-09
4.714335226e-09
4.710447475e-09
4.708254605e-09
4.706872108e-09
4.705871693e-09
4.705060952e-09
4.704395016e-09
4.70380416e-09
4.703284315e-09
4.702821989e-09
4.702388438e-09
4.70201355e-09
4.701681866e-09
4.70139325e-09
4.7011427e-09
4.700952017e-09
4.700799783e-09
4.700651122e-09
4.700532337e-09
4.700432994e-09
4.700327828e-09
4.70025211e-09
4.700214673e-09
4.700155113e-09
4.700139909e-09
4.700080979e-09
4.700079313e-09
4.700065958e-09
4.700107239e-09
4.70013914e-09
4.700167937e-09
4.700196477e-09
4.700252326e-09
4.700107571e-09
4.698938444e-09
4.693235306e-09
4.674404588e-09
4.639795849e-09
4.6206149e-09
0.01838558009
0.002531285416
0.0002011372767
2.607119421e-05
6.711695375e-06
2.605197385e-06
1.223005993e-06
6.207476175e-07
3.21858041e-07
1.679109355e-07
8.840415843e-08
4.772103317e-08
2.716278012e-08
1.689642772e-08
1.182999392e-08
9.363132932e-09
8.179899511e-09
7.622567935e-09
7.365192057e-09
7.24804295e-09
7.194981456e-09
7.170649199e-09
7.159074999e-09
7.153189813e-09
7.149884925e-09
7.147771197e-09
7.146224263e-09
7.145007742e-09
7.143987077e-09
7.143119839e-09
7.14237081e-09
7.141723569e-09
7.141198805e-09
7.140759354e-09
7.140407233e-09
7.140136428e-09
7.139938239e-09
7.139780459e-09
7.139640577e-09
7.1395451e-09
7.139495082e-09
7.139477874e-09
7.139505866e-09
7.13959838e-09
7.139679239e-09
7.139809455e-09
7.139895098e-09
7.140058364e-09
7.140193751e-09
7.140398152e-09
7.140614175e-09
7.140864053e-09
7.141054756e-09
7.141348926e-09
7.141495067e-09
7.141413137e-09
7.140888898e-09
7.14418822e-09
7.175161004e-09
7.224890698e-09
0.02791293408
0.006384732861
0.0005819069225
4.315145343e-05
7.710165642e-06
2.716304636e-06
1.308906327e-06
7.120829975e-07
4.032669343e-07
2.318911113e-07
1.340328606e-07
7.799810902e-08
4.625294394e-08
2.858421817e-08
1.897350311e-08
1.389153659e-08
1.129123158e-08
1.000825188e-08
9.39345398e-09
9.106435194e-09
8.974951972e-09
8.915334768e-09
8.888280386e-09
8.875801791e-09
8.869815487e-09
8.866710727e-09
8.864898816e-09
8.863712242e-09
8.862849578e-09
8.862190517e-09
8.861668875e-09
8.861260092e-09
8.860977113e-09
8.860793186e-09
8.860686328e-09
8.860666993e-09
8.860713695e-09
8.860788019e-09
8.860871163e-09
8.860990565e-09
8.861150436e-09
8.861339715e-09
8.861566454e-09
8.861849706e-09
8.862148176e-09
8.862481408e-09
8.862790706e-09
8.863147697e-09
8.863475268e-09
8.86387197e-09
8.864268942e-09
8.864716592e-09
8.865093732e-09
8.865611137e-09
8.866142059e-09
8.867422425e-09
8.871575015e-09
8.8886765e-09
8.942278047e-09
9.003467257e-09
0.04078879336
0.01347506761
0.002321888609
0.0001829481135
1.802943918e-05
4.102488024e-06
1.641894107e-06
8.478125874e-07
4.85577234e-07
2.906587433e-07
1.771088308e-07
1.086232505e-07
6.718034671e-08
4.223651409e-08
2.751945191e-08
1.911519841e-08
1.451681703e-08
1.211815139e-08
1.091487628e-08
1.033298331e-08
1.00598332e-08
9.93458333e-09
9.878220041e-09
9.853245649e-09
9.842328104e-09
9.837602832e-09
9.835574184e-09
9.834726544e-09
9.834403422e-09
9.834331549e-09
9.834387874e-09
9.834524831e-09
9.83473536e-09
9.835003542e-09
9.835310162e-09
9.835662736e-09
9.83604568e-09
9.8364342e-09
9.836817335e-09
9.837214784e-09
9.837629209e-09
9.838049169e-09
9.838482584e-09
9.838942924e-09
9.83941004e-09
9.839891018e-09
9.840362191e-09
9.840847223e-09
9.841308804e-09
9.841811548e-09
9.842308096e-09
9.842843133e-09
9.843327696e-09
9.843944079e-09
9.844710421e-09
9.84659432e-09
9.85207427e-09
9.869723152e-09
9.912610291e-09
9.955158329e-09
0.05493802106
0.02472236425
0.007206731172
0.001076497905
8.750668126e-05
1.125691496e-05
2.965871314e-06
1.218288719e-06
6.247698789e-07
3.583988062e-07
2.178506507e-07
1.362850362e-07
8.649795687e-08
5.553384211e-08
3.636188805e-08
2.478020643e-08
1.802561795e-08
1.425770674e-08
1.224530107e-08
1.121927826e-08
1.071737083e-08
1.048022235e-08
1.037143447e-08
1.032289529e-08
1.030191309e-08
1.029324434e-08
1.028996317e-08
1.028899556e-08
1.028899775e-08
1.028940017e-08
1.028995979e-08
1.029057926e-08
1.029122463e-08
1.029187992e-08
1.029253222e-08
1.029318458e-08
1.029383052e-08
1.029446144e-08
1.029507402e-08
1.029567926e-08
1.029627866e-08
1.029686418e-08
1.029744152e-08
1.029801525e-08
1.029857579e-08
1.029913219e-08
1.029967915e-08
1.030022369e-08
1.030074696e-08
1.030127742e-08
1.03017936e-08
1.030232784e-08
1.030283728e-08
1.03034499e-08
1.030426863e-08
1.030606748e-08
1.031065956e-08
1.032299706e-08
1.034795229e-08
1.037034222e-08
0.06838067753
0.03675582448
0.01535252411
0.004192004654
0.0005406992129
4.601094989e-05
7.299068474e-06
2.167334032e-06
9.205011252e-07
4.732677713e-07
2.722611429e-07
1.672252919e-07
1.064370603e-07
6.911191262e-08
4.56638603e-08
3.098795977e-08
2.200763584e-08
1.670701232e-08
1.370059481e-08
1.207528055e-08
1.123668566e-08
1.082253503e-08
1.062574341e-08
1.053542455e-08
1.049542278e-08
1.047850093e-08
1.047188651e-08
1.046975695e-08
1.046952072e-08
1.047005198e-08
1.047086986e-08
1.047177694e-08
1.047269662e-08
1.047359876e-08
1.047447065e-08
1.047531222e-08
1.047612216e-08
1.047689975e-08
1.04776461e-08
1.047836693e-08
1.047906428e-08
1.047973552e-08
1.048038475e-08
1.048101383e-08
1.048161964e-08
1.048220716e-08
1.048277614e-08
1.04833317e-08
1.048386824e-08
1.048439357e-08
1.048490148e-08
1.048541097e-08
1.048591323e-08
1.048649677e-08
1.048729058e-08
1.048882347e-08
1.049217709e-08
1.049961227e-08
1.051228168e-08
1.052256507e-08
0.08068479882
0.04871897646
0.02548963098
0.0104485767
0.002486855667
0.0002440469368
2.379924894e-05
4.755411625e-06
1.577668929e-06
6.950792383e-07
3.628549347e-07
2.113459204e-07
1.315823552e-07
8.502239141e-08
5.620491166e-08
3.80044875e-08
2.659430085e-08
1.961530427e-08
1.546921764e-08
1.310408434e-08
1.181572562e-08
1.114646853e-08
1.081414403e-08
1.065575634e-08
1.058310895e-08
1.05511638e-08
1.053792726e-08
1.053303914e-08
1.053176471e-08
1.053199428e-08
1.053281085e-08
1.053382814e-08
1.053488814e-08
1.053592977e-08
1.053693035e-08
1.053788496e-08
1.05387936e-08
1.053965802e-08
1.054048119e-08
1.054126711e-08
1.054201861e-08
1.054273655e-08
1.054342406e-08
1.054408346e-08
1.054471558e-08
1.054532253e-08
1.054590464e-08
1.054646499e-08
1.054700398e-08
1.054752484e-08
1.054802839e-08
1.054852689e-08
1.05490303e-08
1.054960958e-08
1.055039838e-08
1.055176829e-08
1.055434019e-08
1.055903306e-08
1.056577602e-08
1.057057041e-08
0.09119566924
0.05994478485
0.03510472196
0.01824839746
0.00713629946
0.001208548048
9.423597219e-05
1.208562626e-05
3.019170918e-06
1.107933676e-06
5.115169875e-07
2.764590243e-07
1.657765768e-07
1.054906492e-07
6.930648811e-08
4.656772279e-08
3.216844672e-08
2.318169758e-08
1.768386744e-08
1.442652938e-08
1.257072859e-08
1.155936673e-08
1.103323045e-08
1.077157098e-08
1.064681681e-08
1.058976006e-08
1.056489999e-08
1.055484474e-08
1.055138441e-08
1.055076036e-08
1.055129887e-08
1.055227487e-08
1.055338358e-08
1.055450232e-08
1.055558442e-08
1.055661545e-08
1.05575927e-08
1.055851812e-08
1.055939508e-08
1.056022743e-08
1.056101867e-08
1.056177139e-08
1.056248869e-08
1.056317315e-08
1.056382687e-08
1.056445195e-08
1.056504969e-08
1.056562214e-08
1.056617069e-08
1.056669804e-08
1.056720793e-08
1.056771218e-08
1.056823199e-08
1.056883602e-08
1.0569664e-08
1.057100754e-08
1.05732614e-08
1.057680517e-08
1.058122157e-08
1.058385141e-08
0.09955750548
0.07127423599
0.04477989656
0.02573465184
0.01265197494
0.003745596501
0.0003913362037
3.268235438e-05
5.90102387e-06
1.78226318e-06
7.281119906e-07
3.657685374e-07
2.114148075e-07
1.324587877e-07
8.640727973e-08
5.765276997e-08
3.934479719e-08
2.77755678e-08
2.056298604e-08
1.617844681e-08
1.35970366e-08
1.213452863e-08
1.134111653e-08
1.092980041e-08
1.072586023e-08
1.062898392e-08
1.058496107e-08
1.056603962e-08
1.055863634e-08
1.055634235e-08
1.055622672e-08
1.055698688e-08
1.055806064e-08
1.055921359e-08
1.056035268e-08
1.056144449e-08
1.056247943e-08
1.056345736e-08
1.056438129e-08
1.056525527e-08
1.056608325e-08
1.056686874e-08
1.05676151e-08
1.056832525e-08
1.056900172e-08
1.056964687e-08
1.057026261e-08
1.057085115e-08
1.057141447e-08
1.05719555e-08
1.057247952e-08
1.057300042e-08
1.057354797e-08
1.057419731e-08
1.057509607e-08
1.05764968e-08
1.057868911e-08
1.058183835e-08
1.058540971e-08
1.058714597e-08
0.1049310965
0.08241966956
0.0551301182
0.03380522588
0.0184105477
0.00710950041
0.001169486713
9.777991774e-05
1.249771969e-05
2.947230688e-06
1.039367738e-06
4.828736299e-07
2.697651864e-07
1.670393434e-07
1.085236528e-07
7.209792722e-08
4.875102417e-08
3.38324846e-08
2.439046127e-08
1.853929334e-08
1.500904475e-08
1.294757122e-08
1.178917025e-08
1.11656026e-08
1.084462686e-08
1.068653736e-08
1.061199302e-08
1.057847921e-08
1.056436335e-08
1.055910328e-08
1.055774305e-08
1.055802431e-08
1.055894775e-08
1.056008486e-08
1.056125893e-08
1.056240155e-08
1.056348936e-08
1.056451713e-08
1.056548643e-08
1.05664011e-08
1.056726544e-08
1.056808351e-08
1.056885903e-08
1.056959533e-08
1.05702953e-08
1.057096164e-08
1.057159662e-08
1.057220271e-08
1.057278253e-08
1.057333991e-08
1.057388196e-08
1.0574426e-08
1.057500954e-08
1.057571686e-08
1.057670182e-08
1.05781937e-08
1.058042166e-08
1.058344396e-08
1.058666188e-08
1.058790929e-08
0.1072357374
0.09168147264
0.06537274996
0.04179458584
0.02383457128
0.01042933289
0.002454622548
0.0002231075673
2.37713036e-05
4.478268612e-06
1.39344663e-06
6.144093678e-07
3.378046194e-07
2.086860582e-07
1.357288871e-07
9.017805703e-08
6.07213205e-08
4.16559493e-08
2.940441274e-08
2.168135912e-08
1.692536624e-08
1.407855341e-08
1.243106441e-08
1.151429149e-08
1.102561838e-08
1.07764209e-08
1.065479992e-08
1.059804017e-08
1.057290087e-08
1.056261006e-08
1.055904848e-08
1.055842016e-08
1.055900469e-08
1.056004567e-08
1.056122156e-08
1.056240188e-08
1.056353766e-08
1.056461368e-08
1.056562799e-08
1.056658347e-08
1.056748445e-08
1.056833532e-08
1.056914021e-08
1.056990287e-08
1.057062656e-08
1.057131442e-08
1.057196904e-08
1.057259325e-08
1.057319027e-08
1.057376513e-08
1.057432731e-08
1.057489858e-08
1.057552433e-08
1.057629741e-08
1.057737355e-08
1.057896257e-08
1.058124741e-08
1.058421334e-08
1.058721663e-08
1.058807546e-08
0.1074021863
0.09862679198
0.07444809
0.04926451555
0.02875624836
0.01337188839
0.003809415145
0.0004370328472
4.156952277e-05
6.525070083e-06
1.785090881e-06
7.57100828e-07
4.146602933e-07
2.569351097e-07
1.676810972e-07
1.116808413e-07
7.517388988e-08
5.127101178e-08
3.567977943e-08
2.568697045e-08
1.941853097e-08
1.558543132e-08
1.331069611e-08
1.20076933e-08
1.129058991e-08
1.091251476e-08
1.072171964e-08
1.062956639e-08
1.05870865e-08
1.05686293e-08
1.056136891e-08
1.055913924e-08
1.055907476e-08
1.05598846e-08
1.05610054e-08
1.056220039e-08
1.05633754e-08
1.056449671e-08
1.056555528e-08
1.056655157e-08
1.056748937e-08
1.056837321e-08
1.056920758e-08
1.056999664e-08
1.057074411e-08
1.057145348e-08
1.057212773e-08
1.057277015e-08
1.057338469e-08
1.057397795e-08
1.057456232e-08
1.057516433e-08
1.0575837e-08
1.057668011e-08
1.057784705e-08
1.057952754e-08
1.058186323e-08
1.058478083e-08
1.058760334e-08
1.058807507e-08
0.1061533747
0.1034358092
0.08228018175
0.05599350371
0.03281546487
0.01541875525
0.004851974605
0.0008022864709
6.985925441e-05
9.894681387e-06
2.371774146e-06
9.48114138e-07
5.10019724e-07
3.142266655e-07
2.048105008e-07
1.365121594e-07
9.192367378e-08
6.251982585e-08
4.311990554e-08
3.051153534e-08
2.247740664e-08
1.747379615e-08
1.444172126e-08
1.266186752e-08
1.165428425e-08
1.110628482e-08
1.082057908e-08
1.067788949e-08
1.060970067e-08
1.057870172e-08
1.056555931e-08
1.056068109e-08
1.055948222e-08
1.055984286e-08
1.056081348e-08
1.056198297e-08
1.056318085e-08
1.056434111e-08
1.056544162e-08
1.056647797e-08
1.056745235e-08
1.05683691e-08
1.056923291e-08
1.057004834e-08
1.057081952e-08
1.057155027e-08
1.057224405e-08
1.057290471e-08
1.057353714e-08
1.057414995e-08
1.057475883e-08
1.057539512e-08
1.05761187e-08
1.057703397e-08
1.05782889e-08
1.058005172e-08
1.058242547e-08
1.058528812e-08
1.058793642e-08
1.058800309e-08
0.1036279906
0.1060645753
0.08821107446
0.06083774236
0.03465858372
0.01566773199
0.005206357019
0.001154264824
0.0001216785205
1.63949842e-05
3.368776382e-06
1.225171143e-06
6.337224544e-07
3.837161712e-07
2.481470783e-07
1.648826388e-07
1.109038904e-07
7.52417323e-08
5.158206803e-08
3.605113154e-08
2.602854652e-08
1.969938974e-08
1.580227749e-08
1.346998181e-08
1.211836575e-08
1.136280887e-08
1.095667066e-08
1.074711643e-08
1.064345234e-08
1.059443595e-08
1.057251113e-08
1.056352056e-08
1.056047844e-08
1.056005875e-08
1.056072944e-08
1.05618077e-08
1.056300041e-08
1.056418795e-08
1.056532567e-08
1.056640013e-08
1.056741026e-08
1.056835948e-08
1.056925248e-08
1.057009406e-08
1.057088871e-08
1.057164062e-08
1.057235382e-08
1.057303286e-08
1.057368387e-08
1.057431775e-08
1.057495378e-08
1.057562806e-08
1.057640605e-08
1.057739416e-08
1.057873275e-08
1.058056789e-08
1.058296647e-08
1.058576636e-08
1.058824456e-08
1.05879196e-08
0.1005100413
0.1063624614
0.09030422474
0.0607603908
0.03215495564
0.01351188989
0.004636662079
0.00130468567
0.0002053120709
3.058170575e-05
5.427453784e-06
1.700157283e-06
8.135938049e-07
4.748153833e-07
3.016149875e-07
1.986267312e-07
1.330099307e-07
8.990633204e-08
6.125969994e-08
4.235222659e-08
3.006524563e-08
2.224122843e-08
1.737286385e-08
1.441956278e-08
1.267765848e-08
1.168202331e-08
1.113238227e-08
1.084010748e-08
1.069069209e-08
1.061743528e-08
1.05831966e-08
1.056820136e-08
1.056235074e-08
1.056067886e-08
1.056082732e-08
1.056171297e-08
1.056285554e-08
1.056405088e-08
1.056521744e-08
1.056632641e-08
1.056737066e-08
1.05683515e-08
1.056927313e-08
1.057014043e-08
1.057095817e-08
1.057173097e-08
1.057246348e-08
1.057316119e-08
1.057383169e-08
1.057448841e-08
1.057515429e-08
1.057586995e-08
1.057670508e-08
1.05777658e-08
1.057918299e-08
1.058108031e-08
1.058349135e-08
1.05862218e-08
1.058853593e-08
1.058785031e-08
0.09957312081
0.1045340451
0.08550086944
0.05156556845
0.02445820347
0.009746671033
0.003570343867
0.0012360599
0.0003286430206
6.438436092e-05
1.094290596e-05
2.786766861e-06
1.145265897e-06
6.175508938e-07
3.772962383e-07
2.438320132e-07
1.615621682e-07
1.083018004e-07
7.312979704e-08
4.995342161e-08
3.487454424e-08
2.524319565e-08
1.922079907e-08
1.554012468e-08
1.334499346e-08
1.207041028e-08
1.135201327e-08
1.09601754e-08
1.075392187e-08
1.064943194e-08
1.059870757e-08
1.057535593e-08
1.056543876e-08
1.056187234e-08
1.056118387e-08
1.056172829e-08
1.056275279e-08
1.056392576e-08
1.056510812e-08
1.056624606e-08
1.056732209e-08
1.056833352e-08
1.056928326e-08
1.057017594e-08
1.057101657e-08
1.057181023e-08
1.057256227e-08
1.057327926e-08
1.05739706e-08
1.057465245e-08
1.05753514e-08
1.057611222e-08
1.057700766e-08
1.05781418e-08
1.057963441e-08
1.058158672e-08
1.058400169e-08
1.058665937e-08
1.058881744e-08
1.058780321e-08
0.1015171373
0.09793265021
0.06939108391
0.03467592692
0.01522479617
0.006379053243
0.002690973487
0.001155387817
0.0004674986888
0.0001472416338
3.137142455e-05
6.551815201e-06
2.000905428e-06
8.988887539e-07
5.041329415e-07
3.129053214e-07
2.030135091e-07
1.342234802e-07
8.952819544e-08
6.028363674e-08
4.130840156e-08
2.919657913e-08
2.161834944e-08
1.697625977e-08
1.419413333e-08
1.25645752e-08
1.16337042e-08
1.111657788e-08
1.083806225e-08
1.069309274e-08
1.062045435e-08
1.058566961e-08
1.057001246e-08
1.056367904e-08
1.056171756e-08
1.05617119e-08
1.056252291e-08
1.056363246e-08
1.056481462e-08
1.056597656e-08
1.056708398e-08
1.056812737e-08
1.056910709e-08
1.057002714e-08
1.057089261e-08
1.05717091e-08
1.05724828e-08
1.057322169e-08
1.057393749e-08
1.05746497e-08
1.057538896e-08
1.057620467e-08
1.057717303e-08
1.057839626e-08
1.057998309e-08
1.058201242e-08
1.058445562e-08
1.058706488e-08
1.058908787e-08
1.058776993e-08
0.09769487414
0.07840597955
0.0403185761
0.01979062679
0.009488215505
0.004579679883
0.002295119702
0.001193396539
0.0006192728759
0.0002867292594
9.712049951e-05
2.241158055e-05
5.060470182e-06
1.634742024e-06
7.591386578e-07
4.329875861e-07
2.702214205e-07
1.749122424e-07
1.148895337e-07
7.61323481e-08
5.111061471e-08
3.51652629e-08
2.519313977e-08
1.90843172e-08
1.541937762e-08
1.326613525e-08
1.202835332e-08
1.133389968e-08
1.095442776e-08
1.075313764e-08
1.064988316e-08
1.059895384e-08
1.057506604e-08
1.056469022e-08
1.056082792e-08
1.055997863e-08
1.056044913e-08
1.056144801e-08
1.05626192e-08
1.056380996e-08
1.056495953e-08
1.056604727e-08
1.056706923e-08
1.056802809e-08
1.056892899e-08
1.056977824e-08
1.057058337e-08
1.057135465e-08
1.057210756e-08
1.057286749e-08
1.057367191e-08
1.057458006e-08
1.057567989e-08
1.057708309e-08
1.057890266e-08
1.058121171e-08
1.058396047e-08
1.058685646e-08
1.058906521e-08
1.05876123e-08
0.04825270957
0.0350892447
0.02126937982
0.01209444032
0.006729783885
0.003793659055
0.00219953886
0.001306073155
0.0007786636786
0.0004460188729
0.0002203759013
7.795323838e-05
1.859838302e-05
4.330726692e-06
1.435964969e-06
6.782256929e-07
3.899220346e-07
2.433724919e-07
1.567822542e-07
1.02258784e-07
6.73317721e-08
4.508064296e-08
3.113401469e-08
2.257043984e-08
1.742332379e-08
1.439294306e-08
1.264926965e-08
1.166990219e-08
1.113052451e-08
1.084116517e-08
1.069042632e-08
1.061450427e-08
1.057780431e-08
1.056104194e-08
1.055408829e-08
1.055178913e-08
1.055160403e-08
1.055232053e-08
1.055337933e-08
1.055453245e-08
1.055567576e-08
1.055676949e-08
1.055780159e-08
1.055877155e-08
1.055968351e-08
1.056054378e-08
1.056136064e-08
1.05621456e-08
1.056291611e-08
1.05636991e-08
1.056453362e-08
1.056547865e-08
1.056661752e-08
1.056804986e-08
1.056986947e-08
1.057212485e-08
1.057474869e-08
1.057745113e-08
1.057942884e-08
1.057766114e-08
0.02827504259
0.02069044929
0.01382773254
0.008819115091
0.005540689755
0.003502314924
0.002248479243
0.001463965559
0.0009559066279
0.0006125998345
0.000369848678
0.0001900586059
6.914689344e-05
1.665609689e-05
3.916410921e-06
1.31964512e-06
6.312892529e-07
3.647878555e-07
2.277237855e-07
1.461560491e-07
9.479785997e-08
6.209233453e-08
4.146244342e-08
2.869639149e-08
2.09706494e-08
1.640360162e-08
1.376605858e-08
1.227569131e-08
1.14524046e-08
1.100852678e-08
1.077550577e-08
1.065677898e-08
1.05983501e-08
1.057083077e-08
1.055868535e-08
1.055394457e-08
1.055264248e-08
1.055286407e-08
1.055371273e-08
1.055478244e-08
1.055589692e-08
1.05569843e-08
1.055801877e-08
1.05589942e-08
1.055991274e-08
1.056078041e-08
1.056160611e-08
1.05624027e-08
1.056318939e-08
1.056399482e-08
1.056485871e-08
1.056583966e-08
1.056701603e-08
1.056847724e-08
1.057029992e-08
1.057251356e-08
1.057503421e-08
1.05775765e-08
1.057935364e-08
1.057729853e-08
0.01967870535
0.01480769207
0.01057378758
0.007322834586
0.005010950598
0.003432914888
0.002369927754
0.001648634313
0.001148675625
0.0007916979344
0.0005285157157
0.0003288415617
0.0001729186016
6.369047537e-05
1.524995698e-05
3.611484911e-06
1.241295443e-06
6.022519891e-07
3.509169636e-07
2.195226764e-07
1.406281656e-07
9.087829677e-08
5.929828669e-08
3.950124364e-08
2.734468506e-08
2.006817226e-08
1.581936977e-08
1.339814076e-08
1.205148882e-08
1.13210282e-08
1.093519429e-08
1.073715517e-08
1.063866525e-08
1.059144521e-08
1.056985942e-08
1.056070777e-08
1.055739703e-08
1.055672988e-08
1.055719977e-08
1.055811739e-08
1.055917784e-08
1.056025217e-08
1.05612899e-08
1.056227469e-08
1.056320487e-08
1.056408549e-08
1.056492601e-08
1.05657407e-08
1.056655078e-08
1.056738703e-08
1.056828956e-08
1.056931728e-08
1.057054466e-08
1.057205255e-08
1.057390281e-08
1.057610897e-08
1.057857112e-08
1.058100447e-08
1.058262752e-08
1.058031368e-08
0.01524415213
0.01184483575
0.008889660202
0.006530382602
0.004751968494
0.003451982632
0.002514863286
0.001838738656
0.001344913733
0.0009767731629
0.0006954042012
0.0004752180105
0.0003003172928
0.0001593819391
5.857047476e-05
1.378031404e-05
3.3082049e-06
1.171811246e-06
5.819042882e-07
3.428608648e-07
2.152557405e-07
1.378559007e-07
8.891997344e-08
5.787552219e-08
3.845806961e-08
2.660911709e-08
1.956215145e-08
1.548036543e-08
1.317803418e-08
1.191405242e-08
1.123935039e-08
1.088968441e-08
1.071404876e-08
1.06287593e-08
1.058892631e-08
1.057126488e-08
1.056408837e-08
1.056171204e-08
1.056145022e-08
1.056206915e-08
1.056301837e-08
1.056406051e-08
1.056509829e-08
1.056609573e-08
1.056704342e-08
1.056794397e-08
1.056880674e-08
1.056964728e-08
1.057048859e-08
1.05713629e-08
1.057231014e-08
1.057338846e-08
1.057466732e-08
1.057621726e-08
1.057808509e-08
1.058026792e-08
1.05826535e-08
1.058495905e-08
1.058641633e-08
1.058383906e-08
0.01249513231
0.01002863228
0.007835512596
0.006018926582
0.004584549213
0.003482576213
0.002645853886
0.002012449192
0.001529795342
0.001156726868
0.0008627402299
0.0006263418427
0.0004333290744
0.0002753301748
0.0001459309727
5.293536888e-05
1.219193288e-05
2.986790526e-06
1.10511344e-06
5.642870745e-07
3.366255558e-07
2.1223112e-07
1.36017441e-07
8.764973703e-08
5.693305028e-08
3.778787024e-08
2.613560345e-08
1.923160544e-08
1.525419302e-08
1.302805548e-08
1.181884544e-08
1.118224348e-08
1.085785296e-08
1.069806916e-08
1.062215092e-08
1.058754344e-08
1.057263361e-08
1.056682263e-08
1.05650776e-08
1.056507786e-08
1.056578288e-08
1.056673942e-08
1.05677572e-08
1.056876108e-08
1.056972587e-08
1.057064848e-08
1.057153683e-08
1.057240716e-08
1.057328377e-08
1.057419918e-08
1.057519289e-08
1.05763207e-08
1.057764583e-08
1.057922746e-08
1.058109853e-08
1.058324006e-08
1.058553165e-08
1.058769475e-08
1.058897613e-08
1.058612135e-08
0.01048445441
0.008628830942
0.006966822412
0.005576367972
0.004414473439
0.003477728876
0.002737160771
0.002153045734
0.001690923506
0.001321630472
0.001022076654
0.0007750510943
0.0005685325654
0.0003948646269
0.0002500760275
0.0001309298687
4.624321402e-05
1.042386318e-05
2.647996778e-06
1.031806689e-06
5.435936664e-07
3.287185312e-07
2.083255828e-07
1.336742798e-07
8.607074207e-08
5.589188908e-08
3.709577598e-08
2.567342856e-08
1.892269426e-08
1.504954787e-08
1.289563301e-08
1.173649481e-08
1.113375715e-08
1.083124848e-08
1.068482348e-08
1.061658589e-08
1.058614215e-08
1.057336234e-08
1.056857553e-08
1.056728535e-08
1.056746205e-08
1.056821465e-08
1.056916365e-08
1.057015408e-08
1.057112809e-08
1.057206995e-08
1.057298347e-08
1.057388439e-08
1.057479753e-08
1.057575502e-08
1.057679565e-08
1.057797216e-08
1.057934145e-08
1.058095202e-08
1.058282429e-08
1.058492565e-08
1.058713049e-08
1.058916583e-08
1.059028728e-08
1.05871663e-08
0.008914118956
0.007545644842
0.006296305014
0.005195127099
0.004250519698
0.003456128773
0.002799615465
0.002263998122
0.00182691426
0.001467337855
0.001167966349
0.0009153796879
0.0006998452223
0.0005148489398
0.0003566040105
0.0002236662287
0.0001146273413
3.896331127e-05
8.686786085e-06
2.323253134e-06
9.555724273e-07
5.183361785e-07
3.17282794e-07
2.020145076e-07
1.297879961e-07
8.365662138e-08
5.437201233e-08
3.61345403e-08
2.506405869e-08
1.853675032e-08
1.480743252e-08
1.27471859e-08
1.16487952e-08
1.10844762e-08
1.080525173e-08
1.067222096e-08
1.061127785e-08
1.058459753e-08
1.057365711e-08
1.056971625e-08
1.056878324e-08
1.05690879e-08
1.056986713e-08
1.057080271e-08
1.057176912e-08
1.057272358e-08
1.057366002e-08
1.057459123e-08
1.057554129e-08
1.057654138e-08
1.05776293e-08
1.057885458e-08
1.058026769e-08
1.058190714e-08
1.058378259e-08
1.05858511e-08
1.058798378e-08
1.058991468e-08
1.059090509e-08
1.058756228e-08
0.007723230591
0.00668225646
0.005709896827
0.00483260559
0.004061492751
0.003395943105
0.002827062384
0.002344587039
0.001936578718
0.001591965277
0.001297888313
0.001044323494
0.0008238268011
0.0006312590475
0.0004634243092
0.000318784535
0.0001971292426
9.784261466e-05
3.132146741e-05
6.957316531e-06
1.994406292e-06
8.710195692e-07
4.871862095e-07
3.01783629e-07
1.929229205e-07
1.242321881e-07
8.018324216e-08
5.21893692e-08
3.476750711e-08
2.421459352e-08
1.801564126e-08
1.449423756e-08
1.256454139e-08
1.154647519e-08
1.102990231e-08
1.077780042e-08
1.065942275e-08
1.060600696e-08
1.058300983e-08
1.057378498e-08
1.057059811e-08
1.056996895e-08
1.057037623e-08
1.057117449e-08
1.057210045e-08
1.057305509e-08
1.057401044e-08
1.05749713e-08
1.057595882e-08
1.057700219e-08
1.05781377e-08
1.057941144e-08
1.05808677e-08
1.058253621e-08
1.058441698e-08
1.058645849e-08
1.058852981e-08
1.059037138e-08
1.059124734e-08
1.058770663e-08
0.006762011782
0.005962762315
0.005202501124
0.004501835268
0.003871119701
0.003312709288
0.002823325181
0.002395773428
0.002022643596
0.001696241841
0.001410899248
0.0011598193
0.0009376696754
0.0007406710191
0.0005663824165
0.0004134551956
0.0002815060147
0.0001707199332
8.097500729e-05
2.396360183e-05
5.408852002e-06
1.687755747e-06
7.839098998e-07
4.514291051e-07
2.82589669e-07
1.81385206e-07
1.169727633e-07
7.555968873e-08
4.925737573e-08
3.293222221e-08
2.308681517e-08
1.733901888e-08
1.410052288e-08
1.234396598e-08
1.142826849e-08
1.096963267e-08
1.074875556e-08
1.064639103e-08
1.060080964e-08
1.058147901e-08
1.057389453e-08
1.057140316e-08
1.057104595e-08
1.057154483e-08
1.057236532e-08
1.057329523e-08
1.05742609e-08
1.057524924e-08
1.057627434e-08
1.057736146e-08
1.057854459e-08
1.0579866e-08
1.058136405e-08
1.058306067e-08
1.058494666e-08
1.058696277e-08
1.058897678e-08
1.059073482e-08
1.059150356e-08
1.058777503e-08
0.005990123225
0.005371743315
0.004773434621
0.004210908655
0.003693088284
0.003223398069
0.002801218761
0.002423249467
0.002084549867
0.001780625768
0.001507159354
0.001260999141
0.001039805866
0.0008410156001
0.000662917215
0.0005044964248
0.0003653050943
0.0002454793865
0.0001452861497
6.531115667e-05
1.797428449e-05
4.23700734e-06
1.437786698e-06
7.026400604e-07
4.135683659e-07
2.608417002e-07
1.6768896e-07
1.081123959e-07
6.983376784e-08
4.560791329e-08
3.065536222e-08
2.170412117e-08
1.652620148e-08
1.364062768e-08
1.20948076e-08
1.129950247e-08
1.090632482e-08
1.071928087e-08
1.06335845e-08
1.059586324e-08
1.058009228e-08
1.05740556e-08
1.057220584e-08
1.057209831e-08
1.057268736e-08
1.057354267e-08
1.057450005e-08
1.057550969e-08
1.057657062e-08
1.057770084e-08
1.05789305e-08
1.058029719e-08
1.058183278e-08
1.058355179e-08
1.058543751e-08
1.058742456e-08
1.058938094e-08
1.05910587e-08
1.059172424e-08
1.05878022e-08
0.005373398991
0.004890569439
0.004415409589
0.003959862136
0.003531393385
0.00313373036
0.002767759953
0.002432419605
0.00212536058
0.001843608896
0.001584919079
0.001347300917
0.001129265759
0.0009310501568
0.00075156034
0.0005901000104
0.0004462942042
0.0003200650862
0.0002117642534
0.0001214752268
5.120139251e-05
1.32405132e-05
3.292672553e-06
1.215509895e-06
6.229085416e-07
3.738048776e-07
2.36973162e-07
1.522746136e-07
9.7981334e-08
6.32378091e-08
4.14061153e-08
2.805466008e-08
2.014819992e-08
1.563080295e-08
1.31471879e-08
1.183521951e-08
1.116931049e-08
1.084412255e-08
1.069108038e-08
1.062164302e-08
1.059139294e-08
1.05789325e-08
1.0574311e-08
1.05730438e-08
1.057316851e-08
1.057385416e-08
1.057476591e-08
1.057578287e-08
1.057687447e-08
1.057804531e-08
1.057931909e-08
1.05807275e-08
1.05822956e-08
1.05840308e-08
1.05859102e-08
1.058786379e-08
1.058976153e-08
1.059136161e-08
1.05919242e-08
1.058778935e-08
0.004880740378
0.004499143975
0.004117169439
0.003743918046
0.003385566206
0.003045774449
0.002726226549
0.00242719556
0.002148055666
0.001887570224
0.001644261356
0.001417321135
0.001206165687
0.001010405145
0.0008314969128
0.0006690259997
0.0005227237397
0.0003924639617
0.0002783195864
0.0001807692569
9.961987659e-05
3.865457407e-05
9.417324008e-06
2.503119114e-06
1.010918113e-06
5.440712016e-07
3.323062084e-07
2.11357004e-07
1.355438794e-07
8.696181026e-08
5.609187634e-08
3.68962651e-08
2.53027177e-08
1.853275372e-08
1.472239065e-08
1.265924155e-08
1.158509705e-08
1.104688674e-08
1.078690092e-08
1.066565372e-08
1.061110524e-08
1.058758355e-08
1.057806713e-08
1.05746959e-08
1.057394793e-08
1.057429248e-08
1.057508902e-08
1.057608619e-08
1.057719801e-08
1.05784049e-08
1.057971971e-08
1.058116681e-08
1.058276484e-08
1.058451381e-08
1.058638426e-08
1.058830244e-08
1.059014017e-08
1.059165977e-08
1.059210451e-08
1.058771731e-08
0.004485095309
0.004178796722
0.003867116412
0.003557021857
0.003253597271
0.002960254711
0.002679044692
0.002411001143
0.002156472446
0.001915403656
0.00168745363
0.001472169449
0.001269546876
0.001079679043
0.0009030112294
0.0007412081875
0.0005941268418
0.000461660708
0.0003437782857
0.0002405899159
0.0001525727224
7.993068993e-05
2.827773928e-05
6.646462557e-06
1.921219837e-06
8.408592232e-07
4.702803197e-07
2.906816897e-07
1.850235879e-07
1.182767345e-07
7.565014058e-08
4.882901107e-08
3.237698354e-08
2.25948945e-08
1.697729936e-08
1.386809556e-08
1.221101516e-08
1.136024861e-08
1.093888237e-08
1.073723065e-08
1.064392609e-08
1.060228721e-08
1.058454293e-08
1.057754068e-08
1.057524062e-08
1.05749505e-08
1.057550888e-08
1.057643648e-08
1.057754866e-08
1.057878323e-08
1.058013459e-08
1.05816168e-08
1.058324074e-08
1.058499914e-08
1.058685677e-08
1.058873695e-08
1.059051334e-08
1.059195129e-08
1.059227216e-08
1.058763022e-08
0.004164816765
0.003914464099
0.003655850127
0.003394333314
0.003134084703
0.00287818439
0.002628788844
0.002387330452
0.002154718402
0.001931510397
0.001718064413
0.001514582
0.001321246563
0.001138495548
0.0009666767985
0.0008069061866
0.0006603983538
0.0005271171388
0.0004070388358
0.000300206279
0.0002068149152
0.0001274788913
6.26025261e-05
1.973873563e-05
4.637913902e-06
1.485884239e-06
6.993645356e-07
4.031942046e-07
2.509341797e-07
1.593266397e-07
1.013588126e-07
6.464305419e-08
4.185816375e-08
2.811884781e-08
2.009809119e-08
1.557563073e-08
1.311537155e-08
1.182403177e-08
1.116943832e-08
1.084851506e-08
1.069618409e-08
1.062622186e-08
1.059527934e-08
1.05823007e-08
1.057737472e-08
1.057597251e-08
1.057608662e-08
1.057685795e-08
1.057793431e-08
1.057918068e-08
1.058055964e-08
1.058206961e-08
1.058371178e-08
1.05854718e-08
1.058730943e-08
1.058914639e-08
1.059086037e-08
1.059222257e-08
1.059243184e-08
1.058756502e-08
0.00390357064
0.003694929985
0.003476571305
0.003252643165
0.003026564174
0.002801052886
0.002578208531
0.002359619098
0.002146478736
0.001939699061
0.001739998336
0.001547973202
0.001364071451
0.001188771583
0.001022717023
0.0008663786984
0.0007214913787
0.0005884915879
0.0004673891051
0.0003582301337
0.0002611474954
0.0001765561149
0.0001051614476
4.775633624e-05
1.339044379e-05
3.278633413e-06
1.166086431e-06
5.827288056e-07
3.431807438e-07
2.138977697e-07
1.350524904e-07
8.541858469e-08
5.441033444e-08
3.550512528e-08
2.432549523e-08
1.792561543e-08
1.438324728e-08
1.24877997e-08
1.150676025e-08
1.101506698e-08
1.077618536e-08
1.066367132e-08
1.061241164e-08
1.059000572e-08
1.05808314e-08
1.057757674e-08
1.057691827e-08
1.057739123e-08
1.057837098e-08
1.057960265e-08
1.058099623e-08
1.058252592e-08
1.058417987e-08
1.058593569e-08
1.058774883e-08
1.058954095e-08
1.059119398e-08
1.059248357e-08
1.059258616e-08
1.058751407e-08
0.003689207934
0.003511933433
0.003324377131
0.003129774962
0.002930929528
0.002730203991
0.002529552867
0.002330575841
0.0021345815
0.001942652896
0.001755702711
0.001574523274
0.001399827203
0.001232201288
0.001072221193
0.0009204852015
0.0007779321858
0.0006459845464
0.000524724553
0.0004142370821
0.000314656784
0.000226242085
0.0001495894604
8.523002221e-05
3.53186967e-05
9.086508828e-06
2.375210171e-06
9.274249493e-07
4.857741768e-07
2.899047758e-07
1.801608389e-07
1.128993091e-07
7.103109304e-08
4.534495996e-08
3.000318072e-08
2.111718691e-08
1.61294288e-08
1.341713633e-08
1.198778717e-08
1.12572724e-08
1.089489791e-08
1.072036897e-08
1.063884633e-08
1.06020835e-08
1.05862905e-08
1.058007744e-08
1.057814552e-08
1.057809947e-08
1.057888758e-08
1.058006437e-08
1.058145632e-08
1.058299936e-08
1.058466208e-08
1.058641217e-08
1.058820042e-08
1.058994818e-08
1.05915399e-08
1.05927525e-08
1.059274501e-08
1.058748378e-08
0.003512153757
0.003358758735
0.003195043523
0.003023556072
0.002846601983
0.002666221149
0.002484190487
0.002302044775
0.002121107301
0.001942523849
0.001767295974
0.001596306638
0.001430337726
0.001270077647
0.001116169167
0.0009692768765
0.0008299364554
0.0006996459473
0.0005789352211
0.0004679343185
0.0003667980836
0.0002757381361
0.0001951291465
0.0001256891156
6.773367363e-05
2.511978582e-05
6.047797903e-06
1.722952229e-06
7.382493472e-07
4.032742294e-07
2.427323527e-07
1.50050136e-07
9.332168819e-08
5.855348216e-08
3.766134639e-08
2.545020892e-08
1.852170368e-08
1.47052245e-08
1.266382746e-08
1.160302673e-08
1.106722137e-08
1.080409795e-08
1.067854585e-08
1.062049513e-08
1.059469368e-08
1.058391259e-08
1.057996532e-08
1.05790679e-08
1.057951958e-08
1.058058019e-08
1.05819443e-08
1.058348802e-08
1.058515243e-08
1.058689236e-08
1.05886528e-08
1.059035426e-08
1.059188323e-08
1.059301864e-08
1.05929069e-08
1.05874779e-08
0.003364381596
0.003229461392
0.003084469813
0.00293143655
0.002772270168
0.002608727757
0.002442402661
0.002274726112
0.002106977764
0.001940301062
0.001775719763
0.001614153819
0.001456434081
0.001303317049
0.001155453215
0.001013440981
0.0008778840691
0.0007497139505
0.0006300921522
0.0005192121982
0.0004172601208
0.000324444517
0.0002410266262
0.0001674128058
0.0001043091052
5.231198163e-05
1.714931753e-05
4.066249541e-06
1.28825028e-06
5.952177352e-07
3.343730446e-07
2.016529681e-07
1.238182546e-07
7.65601884e-08
4.811609171e-08
3.13871536e-08
2.181587981e-08
1.649110872e-08
1.360955619e-08
1.209201129e-08
1.131398117e-08
1.092561585e-08
1.073695936e-08
1.064793727e-08
1.060733957e-08
1.058968781e-08
1.058264919e-08
1.058041172e-08
1.058031095e-08
1.058116123e-08
1.058245499e-08
1.058397776e-08
1.058563044e-08
1.058735027e-08
1.058907544e-08
1.059072691e-08
1.059219636e-08
1.059326486e-08
1.05930648e-08
1.058749283e-08
0.003239021221
0.003118689944
0.002988678233
0.00285062537
0.002706125202
0.002556694401
0.002403753147
0.002248616271
0.002092491897
0.001936485071
0.001781603419
0.001628763658
0.001478797762
0.00133245672
0.001190412932
0.001053294962
0.0009217251967
0.0007962201514
0.0006781297956
0.0005678859374
0.000465703412
0.0003717987214
0.0002864071541
0.0002098244113
0.0001425443715
8.536942831e-05
3.915017375e-05
1.11628189e-05
2.759039579e-06
9.820251179e-07
4.831968883e-07
2.767178442e-07
1.666003441e-07
1.015962515e-07
6.262781114e-08
3.96333146e-08
2.639951924e-08
1.898420015e-08
1.493625365e-08
1.278252037e-08
1.166531132e-08
1.110027742e-08
1.082177844e-08
1.068818408e-08
1.062603478e-08
1.059824254e-08
1.05865739e-08
1.058229406e-08
1.058133045e-08
1.058183724e-08
1.058300391e-08
1.058448033e-08
1.058610821e-08
1.058780015e-08
1.058948588e-08
1.059108705e-08
1.05924992e-08
1.059350314e-08
1.059322403e-08
1.0587531e-08
0.00313032734
0.00302180243
0.002904046631
0.002778403999
0.002646219171
0.002508806961
0.002367430356
0.002223286294
0.002077497586
0.001931109552
0.001785089754
0.001640329726
0.001497647391
0.001357791656
0.001221449489
0.001089217564
0.0009616454283
0.0008392936745
0.0007230471134
0.0006138291883
0.0005118840104
0.0004174385668
0.0003307213015
0.000251975157
0.000181566996
0.0001201576329
6.841443188e-05
2.831732925e-05
7.328864916e-06
1.951847612e-06
7.672706158e-07
3.953344262e-07
2.287191925e-07
1.370171503e-07
8.30409154e-08
5.122748027e-08
3.284830582e-08
2.249514266e-08
1.680859867e-08
1.376034406e-08
1.216514707e-08
1.135019653e-08
1.094392724e-08
1.07465202e-08
1.065327704e-08
1.061073034e-08
1.059226105e-08
1.05849452e-08
1.058267932e-08
1.058265626e-08
1.058362029e-08
1.058502131e-08
1.058661418e-08
1.058827548e-08
1.058992185e-08
1.059147156e-08
1.059281882e-08
1.059374606e-08
1.059338005e-08
1.058755995e-08
0.00303375403
0.002935044974
0.002827568516
0.002712442905
0.002590813846
0.002463826735
0.002332604591
0.002198231798
0.00206174284
0.001924115194
0.00178626512
0.001649045685
0.001513245458
0.001379589198
0.00124873774
0.001121287761
0.0009978002519
0.0008788167739
0.0007648085417
0.0006569723382
0.0005556803076
0.0004611749287
0.0003736905687
0.0002934621925
0.0002207823597
0.000156100531
0.0001001922832
5.352560423e-05
1.957341256e-05
4.743978665e-06
1.394247648e-06
6.02673088e-07
3.231875701e-07
1.881300379e-07
1.120825986e-07
6.768273502e-08
4.200533023e-08
2.748275037e-08
1.946891031e-08
1.515082181e-08
1.287706312e-08
1.170700168e-08
1.111884762e-08
1.083034586e-08
1.069255095e-08
1.062875712e-08
1.060042339e-08
1.058866627e-08
1.058447566e-08
1.058365663e-08
1.058430874e-08
1.05855918e-08
1.058713449e-08
1.058876051e-08
1.059036581e-08
1.059186073e-08
1.059313635e-08
1.05939818e-08
1.05935256e-08
1.058756788e-08
0.002945914653
0.002855580944
0.002756935115
0.002650919341
0.002538518333
0.002420734642
0.002298567852
0.002172997966
0.002044972677
0.00191539812
0.001785132394
0.001654981624
0.001525698042
0.001397979325
0.001272469679
0.001149763577
0.001030379814
0.0009148048639
0.0008035433327
0.0006973683623
0.0005970712167
0.0005029150363
0.0004151441601
0.0003339909639
0.000259708897
0.0001926408435
0.000133259189
8.229734213e-05
4.042030165e-05
1.284753808e-05
3.117979786e-06
1.031564325e-06
4.802692702e-07
2.641077105e-07
1.538023303e-07
9.118046352e-08
5.508697484e-08
3.461485926e-08
2.327321159e-08
1.713828812e-08
1.389459544e-08
1.221728925e-08
1.136929767e-08
1.095054356e-08
1.07489174e-08
1.06545913e-08
1.061204062e-08
1.059386162e-08
1.058687268e-08
1.058488412e-08
1.058506829e-08
1.058616841e-08
1.058763294e-08
1.058921145e-08
1.05907719e-08
1.059221416e-08
1.059342572e-08
1.059420263e-08
1.059367275e-08
1.058759995e-08
0.002864444236
0.002781418468
0.002690518787
0.002592546784
0.00248835447
0.002378822603
0.002264841636
0.002147295643
0.002027049411
0.001904938463
0.001781761707
0.00165827648
0.001535195511
0.001413184008
0.001292858885
0.001174788526
0.00105949224
0.0009474562373
0.000839141898
0.0007349729873
0.0006359738398
0.0005425200571
0.000454852367
0.0003732064022
0.0002978294271
0.0002289910536
0.0001670453801
0.0001125619589
6.631509508e-05
2.936680355e-05
8.090265706e-06
2.094553907e-06
7.812371382e-07
3.854838203e-07
2.152004594e-07
1.249717262e-07
7.381906382e-08
4.482757391e-08
2.872093204e-08
1.998242554e-08
1.534944676e-08
1.294658116e-08
1.172720448e-08
1.112223606e-08
1.08292989e-08
1.069127694e-08
1.06283777e-08
1.060101385e-08
1.059003097e-08
1.058637889e-08
1.058590162e-08
1.058674774e-08
1.05881101e-08
1.058963438e-08
1.059114877e-08
1.059253818e-08
1.059369152e-08
1.059440875e-08
1.059381402e-08
1.058763627e-08
0.002787772106
0.002711232666
0.002627237599
0.00253647329
0.002439680078
0.002337633461
0.002231126992
0.002120957303
0.002007911736
0.001892758258
0.001776237698
0.001659057902
0.001541889422
0.001425362601
0.001310067151
0.001196552228
0.001085328307
0.000976845081
0.0008715329446
0.0007698415931
0.0006724018291
0.0005799373613
0.0004927013363
0.0004109368444
0.0003348888794
0.000264791706
0.000200939176
0.0001437397528
9.38911037e-05
5.199667048e-05
2.041947475e-05
5.168556492e-06
1.465436675e-06
6.028563222e-07
3.100672841e-07
1.742224898e-07
1.006477471e-07
5.936382895e-08
3.645175356e-08
2.401018354e-08
1.74057563e-08
1.397508445e-08
1.223060951e-08
1.136272617e-08
1.094095928e-08
1.074134996e-08
1.06498243e-08
1.060960193e-08
1.059309582e-08
1.058721658e-08
1.058593362e-08
1.058655688e-08
1.058791854e-08
1.058951601e-08
1.059111629e-08
1.059257545e-08
1.059378272e-08
1.059451126e-08
1.059387235e-08
1.058759969e-08
0.002714897097
0.002644183814
0.00256641327
0.002482175377
0.002392115059
0.002296916054
0.002197285711
0.002093941345
0.001987598506
0.001878961166
0.001768713776
0.00165751519
0.001545994188
0.001434746983
0.001324334611
0.001215281862
0.001108076717
0.001003169944
0.0009009806115
0.0008019031397
0.000706322946
0.0006150899858
0.0005285784215
0.0004470320618
0.0003706936384
0.0002997877024
0.0002345700209
0.0001753627888
0.0001226373939
7.709173826e-05
3.944322107e-05
1.346483908e-05
3.287157851e-06
1.044479606e-06
4.670909523e-07
2.4743616e-07
1.390973684e-07
7.99218563e-08
4.728263348e-08
2.960590753e-08
2.024174466e-08
1.538453486e-08
1.291548915e-08
1.168607364e-08
1.10874054e-08
1.080314484e-08
1.067213907e-08
1.061406953e-08
1.058978741e-08
1.058064957e-08
1.057804571e-08
1.057813045e-08
1.057924183e-08
1.058067852e-08
1.058213599e-08
1.05834566e-08
1.058453273e-08
1.058515007e-08
1.058444516e-08
1.057808706e-08
0.002645194348
0.002579755958
0.002507639619
0.002429353143
0.002345458869
0.002256559736
0.00216328589
0.002066282368
0.001966198244
0.001863677334
0.001759350587
0.001653830056
0.001547704188
0.001441534491
0.001335852277
0.00123115803
0.001127920818
0.001026579104
0.0009275221232
0.0008311299353
0.0007377956738
0.0006480068812
0.0005624573263
0.0004814088159
0.0004050978823
0.0003337547746
0.0002676063386
0.0002069299582
0.0001520686571
0.0001035411384
6.210504452e-05
2.859120593e-05
8.29841608e-06
2.123669683e-06
7.645257302e-07
3.628670037e-07
1.944414195e-07
1.084933109e-07
6.205008734e-08
3.711992963e-08
2.400852327e-08
1.724793645e-08
1.382450594e-08
1.212222006e-08
1.129267412e-08
1.089785386e-08
1.071516753e-08
1.06336657e-08
1.059915343e-08
1.05857404e-08
1.058143261e-08
1.05808618e-08
1.05817111e-08
1.058301391e-08
1.058436832e-08
1.058559492e-08
1.058657695e-08
1.058710105e-08
1.05863289e-08
1.057987679e-08
0.002578268333
0.002517629771
0.002450674282
0.002377839009
0.002299614205
0.002216531325
0.002129151319
0.002038053639
0.001943826321
0.001847057287
0.001748327026
0.001648202496
0.00154723227
0.001445942767
0.001344836007
0.001244387648
0.001145045739
0.001047230421
0.000951334064
0.0008577190827
0.0007667260732
0.0006786929386
0.0005943131548
0.0005140012117
0.0004379925425
0.0003665132043
0.0002997760268
0.0002380235482
0.0001815292714
0.0001306972503
8.61495947e-05
4.857298734e-05
1.976362558e-05
5.126071414e-06
1.422611617e-06
5.619279627e-07
2.751641175e-07
1.466994918e-07
8.085786977e-08
4.634431535e-08
2.85034356e-08
1.943196485e-08
1.488224926e-08
1.263084078e-08
1.153445149e-08
1.101133028e-08
1.076808686e-08
1.065877003e-08
1.061194373e-08
1.059331746e-08
1.05869132e-08
1.058554084e-08
1.058608719e-08
1.058725697e-08
1.058852298e-08
1.058967141e-08
1.05905692e-08
1.059100882e-08
1.059017746e-08
1.058363362e-08
0.002513862899
0.002457607077
0.002395377788
0.00232755094
0.002254553546
0.002176853593
0.002094949862
0.002009362154
0.001920622277
0.001829265986
0.00173582608
0.001640826535
0.001544777822
0.001448173122
0.001351485826
0.001255166821
0.001159643386
0.001065318627
0.0009725714181
0.0008817413326
0.0007931566966
0.000707154841
0.0006241259797
0.0005447551485
0.000469280321
0.0003979254998
0.0003309101126
0.000268446296
0.0002107744187
0.0001582127251
0.0001112235569
7.049306882e-05
3.664638815e-05
1.279988695e-05
3.105772851e-06
9.495857624e-07
3.988075848e-07
1.955555853e-07
1.020725997e-07
5.576362326e-08
3.275879799e-08
2.140669698e-08
1.582235851e-08
1.308508282e-08
1.175433768e-08
1.111699202e-08
1.081841704e-08
1.068282624e-08
1.062394081e-08
1.060002153e-08
1.059140912e-08
1.058915855e-08
1.058935687e-08
1.059036518e-08
1.059152512e-08
1.059258201e-08
1.059339015e-08
1.059375192e-08
1.059286216e-08
1.058621024e-08
0.002451798148
0.002399553595
0.002341661962
0.002278445841
0.002210276555
0.002137565586
0.002060755763
0.001980312646
0.001896716405
0.001810454457
0.001722015002
0.001631881424
0.001540527688
0.001448414452
0.001355986133
0.001263668774
0.001171868614
0.001080971287
0.0009913418312
0.0009033161772
0.0008172053202
0.0007333174085
0.0006519669095
0.0005737109961
0.0004989722856
0.0004279760457
0.0003609399491
0.0002980671157
0.0002395758241
0.0001857293157
0.0001369024109
9.356489551e-05
5.642251887e-05
2.620858631e-05
7.638528264e-06
1.87723805e-06
6.199232098e-07
2.618339421e-07
1.240896844e-07
6.325574986e-08
3.540699386e-08
2.24376577e-08
1.627567358e-08
1.330492247e-08
1.186680817e-08
1.117540514e-08
1.084861828e-08
1.069836558e-08
1.063207895e-08
1.060459429e-08
1.059434651e-08
1.059136485e-08
1.059121862e-08
1.059202992e-08
1.059305251e-08
1.059400441e-08
1.059472604e-08
1.059502001e-08
1.05940751e-08
1.058731004e-08
0.00239193824
0.002343371253
0.002289466919
0.002230501306
0.002166796637
0.002098714084
0.002026646177
0.001951009235
0.001872236116
0.001790769501
0.001707055875
0.001621540268
0.001534661791
0.001446849898
0.001358521504
0.00127007911
0.001181908465
0.001094377562
0.001007835882
0.0009226044725
0.0008389847254
0.0007572811775
0.0006777897392
0.0006007982573
0.0005269741711
0.0004565391394
0.0003897060422
0.0003266848492
0.0002676633161
0.0002128716264
0.0001626148278
0.0001172626136
7.737871299e-05
4.360966469e-05
1.760187998e-05
4.394601483e-06
1.105551602e-06
3.73129677e-07
1.511807489e-07
6.899086612e-08
3.624637759e-08
2.238726174e-08
1.615979977e-08
1.323973384e-08
1.184091367e-08
1.116869311e-08
1.084925448e-08
1.070101581e-08
1.063476836e-08
1.06068218e-08
1.059611061e-08
1.059276168e-08
1.059233227e-08
1.05929261e-08
1.059379402e-08
1.059463794e-08
1.059527638e-08
1.059550996e-08
1.059451e-08
1.058762109e-08
0.002334168905
0.002288978073
0.002238743409
0.002183700329
0.002124127728
0.00206034194
0.001992690244
0.001921544255
0.001847293475
0.001770339236
0.001691089163
0.001609952308
0.001527334889
0.001443636726
0.001359248271
0.00127454828
0.001189901638
0.001105658657
0.001022146858
0.0009396823914
0.0008585751665
0.0007790997439
0.00070152217
0.0006261238956
0.0005533534375
0.0004836431353
0.0004172049798
0.0003542455314
0.0002949421477
0.0002395055996
0.0001881870715
0.0001413060555
9.92682334e-05
6.270090854e-05
3.218537774e-05
1.080437462e-05
2.392475366e-06
6.021074063e-07
1.963558524e-07
7.733194371e-08
3.707111151e-08
2.204490337e-08
1.583244792e-08
1.305018379e-08
1.174657821e-08
1.112581887e-08
1.083156184e-08
1.069482479e-08
1.063342659e-08
1.060728002e-08
1.059706254e-08
1.059369671e-08
1.059309386e-08
1.059351219e-08
1.059425256e-08
1.059499776e-08
1.059554745e-08
1.059572019e-08
1.059465868e-08
1.058762356e-08
0.00227838038
0.002236292314
0.00218943825
0.00213801809
0.002082272501
0.002022477905
0.001958940954
0.001891992794
0.001821983376
0.001749276026
0.001674242376
0.001597257841
0.001518697537
0.001438932807
0.001358328272
0.001277239442
0.001196010942
0.00111497463
0.001034448029
0.000954736435
0.0008761294556
0.0007988971921
0.0007233024285
0.0006496001714
0.0005780455931
0.0005092158793
0.0004433510757
0.000380652046
0.0003212936328
0.0002654703143
0.0002134077666
0.0001653813348
0.0001217099537
8.283385679e-05
4.93949951e-05
2.211443392e-05
5.825500859e-06
1.183336061e-06
2.899701361e-07
9.185799846e-08
3.846671188e-08
2.166315756e-08
1.544916415e-08
1.282915203e-08
1.163572267e-08
1.107412382e-08
1.080901962e-08
1.068590817e-08
1.063054106e-08
1.060685204e-08
1.059748901e-08
1.059431325e-08
1.059366936e-08
1.059399442e-08
1.059464001e-08
1.059528611e-08
1.05957368e-08
1.059584618e-08
1.059472015e-08
1.058752156e-08
0.002224509908
0.002185274367
0.002141535279
0.002093461596
0.002041260354
0.001985172535
0.0019254684
0.001862442536
0.001796408856
0.001727695742
0.00165664143
0.001583589839
0.001508886753
0.00143287655
0.00135589941
0.001278288936
0.001200370174
0.001122457644
0.001044854596
0.0009678524687
0.0008917304847
0.0008167562724
0.0007431734556
0.000671221527
0.000601148523
0.0005333139294
0.0004681578389
0.000405876394
0.0003466506383
0.000290655444
0.0002381001644
0.0001892039279
0.0001442488454
0.000103572997
6.771072045e-05
3.717077658e-05
1.384832396e-05
2.819827624e-06
4.907134929e-07
1.13386284e-07
3.949210365e-08
2.093688003e-08
1.493909677e-08
1.256336308e-08
1.150748777e-08
1.101499185e-08
1.078305091e-08
1.067528587e-08
1.062672983e-08
1.060589184e-08
1.059761259e-08
1.059478041e-08
1.059419445e-08
1.059446978e-08
1.059501798e-08
1.05955444e-08
1.059588971e-08
1.059593662e-08
1.059472319e-08
1.058729256e-08
0.002172455825
0.002135846177
0.002094980862
0.00205000187
0.002001086655
0.00194844475
0.001892313849
0.001832955551
0.001770651001
0.001705696549
0.001638399647
0.001569074976
0.001498040901
0.001425616371
0.001352118172
0.001277858557
0.001203143169
0.001128269668
0.001053526471
0.000979191702
0.0009055324194
0.0008328038455
0.0007612477404
0.0006910975451
0.0006225792514
0.0005559243691
0.0004916102299
0.0004298977358
0.0003709648717
0.0003149805321
0.0002621412442
0.00021264419
0.0001667393809
0.0001247049797
8.691708848e-05
5.392428011e-05
2.615808712e-05
7.418750904e-06
1.118548951e-06
1.641376884e-07
4.09558688e-08
1.982539728e-08
1.429816773e-08
1.225619942e-08
1.136405837e-08
1.094929954e-08
1.075398767e-08
1.066316628e-08
1.062219702e-08
1.06045926e-08
1.059759248e-08
1.059520054e-08
1.059470731e-08
1.059493127e-08
1.059536595e-08
1.059575925e-08
1.059600621e-08
1.059599371e-08
1.059465428e-08
1.058689986e-08
0.00212214226
0.002087952691
0.002049741423
0.002007626979
0.001961760811
0.00191232457
0.001859526826
0.001803599449
0.001744793804
0.001683376914
0.001619627773
0.001553833777
0.001486287489
0.001417283684
0.001347116761
0.001276078489
0.001204455979
0.001132530354
0.001060575045
0.0009888549339
0.0009176256655
0.0008471333327
0.0007776146631
0.0007092871568
0.0006423672521
0.0005770759219
0.0005136970273
0.0004526688931
0.0003941632482
0.0003383566002
0.0002854251255
0.0002355550972
0.0001889511189
0.0001458694689
0.0001066005086
7.155507732e-05
4.124387863e-05
1.665227736e-05
3.15579325e-06
3.157589133e-07
4.55123762e-08
1.866435007e-08
1.363346974e-08
1.1948045e-08
1.122163338e-08
1.088390934e-08
1.07247989e-08
1.06508393e-08
1.061749916e-08
1.060318722e-08
1.059750907e-08
1.059557594e-08
1.059517605e-08
1.059534187e-08
1.059565796e-08
1.059592961e-08
1.059610005e-08
1.059603992e-08
1.059458056e-08
1.058652854e-08
0.002073497198
0.002041540716
0.002005783261
0.001966322936
0.001923288353
0.001876836438
0.00182714973
0.001774433293
0.00171891142
0.001660824292
0.001600424643
0.00153797453
0.00147374238
0.001408000235
0.001341021291
0.001273077726
0.00120443867
0.001135368686
0.00106612636
0.0009969633992
0.0009281237094
0.0008598426797
0.0007923466117
0.0007258521833
0.000660567622
0.0005966956275
0.0005344460059
0.00047421314
0.000416260405
0.0003607637869
0.0003078914947
0.00025781872
0.0002107300221
0.0001668568577
0.0001264448443
8.981646856e-05
5.7464189e-05
2.962605623e-05
9.044239582e-06
1.076293224e-06
7.773809314e-08
1.842533382e-08
1.305497638e-08
1.16714055e-08
1.109325385e-08
1.082470162e-08
1.069819911e-08
1.063950955e-08
1.06131257e-08
1.060184027e-08
1.059738511e-08
1.059587633e-08
1.059555866e-08
1.059566668e-08
1.059587925e-08
1.059606275e-08
1.059618405e-08
1.059609195e-08
1.059454427e-08
1.058628194e-08
0.002026450921
0.001996556907
0.00196307
0.001926070547
0.001885667096
0.00184199467
0.001795212546
0.001745501659
0.001693061753
0.00163810847
0.001580870351
0.00152158598
0.001460501212
0.00139786665
0.001333935292
0.001268960493
0.001203193963
0.00113688437
0.001070276197
0.001003608341
0.0009371132614
0.0008710163249
0.0008055354438
0.0007408812158
0.0006772480146
0.0006148313366
0.000553830234
0.0004944720723
0.0004371759484
0.000382110291
0.0003294376328
0.0002793240205
0.0002319414182
0.0001875024745
0.0001462266698
0.0001083829082
7.432833704e-05
4.454667068e-05
1.942863598e-05
3.969645622e-06
2.895163977e-07
2.385194931e-08
1.270894133e-08
1.144059568e-08
1.09839297e-08
1.077401233e-08
1.067535085e-08
1.062973382e-08
1.060931973e-08
1.060063879e-08
1.0597236e-08
1.059608988e-08
1.059584171e-08
1.059590692e-08
1.059604991e-08
1.059618244e-08
1.059627678e-08
1.059616633e-08
1.059456819e-08
1.058618642e-08
0.001980940498
0.00195295359
0.001921569901
0.001886854345
0.001848897856
0.001807816052
0.001763747434
0.001716851196
0.001667304827
0.001615301536
0.0015610476
0.00150475981
0.001446662958
0.001386987495
0.001325967357
0.00126383803
0.001200834692
0.001137190783
0.001073136653
0.001008898222
0.0009446963646
0.0008807460851
0.0008172559538
0.0007544278642
0.0006924566674
0.0006315284201
0.0005718251663
0.0005135364222
0.0004569819035
0.0004024425363
0.0003500906836
0.0003000749823
0.0002525621005
0.0002077294444
0.000165795787
0.0001269883647
9.159561127e-05
6.004806155e-05
3.273242098e-05
1.130122435e-05
1.395197581e-06
6.611924829e-08
1.335298813e-08
1.127186997e-08
1.089417018e-08
1.073205458e-08
1.065640881e-08
1.062161125e-08
1.060613669e-08
1.059960643e-08
1.059706997e-08
1.059622402e-08
1.059604169e-08
1.059608916e-08
1.059619739e-08
1.059630598e-08
1.059638694e-08
1.059626485e-08
1.059463408e-08
1.058617508e-08
0.00193690157
0.001910678961
0.001881244252
0.001848648956
0.001812968557
0.001774301505
0.001732767756
0.001688506988
0.001641676534
0.001592449137
0.001541010669
0.001487557801
0.001432295762
0.001375436174
0.001317195037
0.001257790829
0.001197442838
0.001136369674
0.001074788008
0.001012911664
0.0009509505229
0.0008891096619
0.0008275888652
0.000766582208
0.0007062778619
0.0006468505975
0.0005884775704
0.0005313385105
0.0004756067624
0.0004216971215
0.0003697736014
0.0003199792433
0.0002724735673
0.0002274227854
0.0001850331862
0.0001455116091
0.0001091078995
7.615453364e-05
4.713175281e-05
2.232161638e-05
5.411856522e-06
3.982617069e-07
2.172572139e-08
1.130334517e-08
1.082500175e-08
1.06982603e-08
1.06411687e-08
1.061510123e-08
1.060359567e-08
1.059878507e-08
1.059694001e-08
1.059633848e-08
1.059622027e-08
1.059626925e-08
1.05963645e-08
1.059646297e-08
1.059653691e-08
1.059640821e-08
1.059476158e-08
1.058626043e-08
0.001894279288
0.001869691062
0.001842064686
0.001811440053
0.001777879111
0.001741465122
0.001702301513
0.001660510416
0.001616230913
0.001569617105
0.00152083612
0.001470066041
0.00141749388
0.001363313592
0.001307724217
0.001250928106
0.001193129407
0.001134532643
0.001075341465
0.001015757603
0.0009559796618
0.0008962024976
0.0008366167381
0.0007774080325
0.0007187571163
0.0006608396038
0.0006038235377
0.0005478752797
0.0004931581551
0.0004399425427
0.000388527601
0.0003390531686
0.0002916733024
0.0002465479062
0.0002038633155
0.0001638211636
0.0001266421497
9.259851799e-05
6.205482125e-05
3.544594561e-05
1.362622919e-05
1.942884199e-06
8.522118736e-08
1.265169131e-08
1.079741127e-08
1.067196363e-08
1.062917083e-08
1.061003367e-08
1.060166228e-08
1.059820094e-08
1.05968969e-08
1.059648947e-08
1.059642757e-08
1.059648472e-08
1.059657503e-08
1.059666696e-08
1.059673401e-08
1.059659608e-08
1.059492578e-08
1.05863867e-08
0.001853009491
0.001829935122
0.001803986225
0.00177519264
0.001743604456
0.001709291525
0.001672342567
0.001632863976
0.001590978328
0.001546822787
0.001500547319
0.001452312895
0.001402289653
0.001350655111
0.001297592465
0.001243288926
0.001187934272
0.001131719491
0.001074835539
0.00101747227
0.0009598176065
0.0009020567435
0.0008443715573
0.0007869399576
0.0007299358255
0.0006735287354
0.0006178777442
0.0005631435301
0.0005094805691
0.0004570500986
0.0004062307104
0.0003571832836
0.0003100450908
0.0002649732625
0.0002221339129
0.0001817308439
0.0001439661095
0.0001090785998
7.737442005e-05
4.929981449e-05
2.502288897e-05
7.105336614e-06
6.287949936e-07
2.877589535e-08
1.112777442e-08
1.065907656e-08
1.062019068e-08
1.060628956e-08
1.060032919e-08
1.0597897e-08
1.05970014e-08
1.059673846e-08
1.059671699e-08
1.059677785e-08
1.059686188e-08
1.05969467e-08
1.059700809e-08
1.059686427e-08
1.059518196e-08
1.058664612e-08
0.001813044615
0.001791375125
0.00176698517
0.001739895896
0.001710147043
0.001677796624
0.001642920268
0.001605610227
0.001565974202
0.001524133937
0.001480223699
0.001434388688
0.001386783397
0.001337569997
0.001286916755
0.00123499652
0.001181985356
0.001128061281
0.00107340311
0.00101818944
0.0009625978492
0.0009068038281
0.0008509803164
0.0007952971032
0.000739920559
0.0006850132556
0.0006307336744
0.0005772348742
0.0005246634539
0.0004731759005
0.0004230103556
0.0003744530322
0.0003276357114
0.0002827092589
0.0002398314887
0.0001991976946
0.0001609985063
0.0001254532526
9.283068938e-05
6.348100511e-05
3.785195631e-05
1.63197573e-05
3.211631129e-06
2.094766983e-07
1.684096234e-08
1.080284528e-08
1.061768305e-08
1.060379877e-08
1.059954823e-08
1.059787329e-08
1.059727034e-08
1.059710555e-08
1.059710944e-08
1.05971729e-08
1.059725608e-08
1.059734186e-08
1.059740668e-08
1.059726312e-08
1.05955667e-08
1.058703001e-08
0.001774316908
0.001753949759
0.00173100691
0.001705502031
0.001677465832
0.001646945912
0.001614006251
0.001578726487
0.00154120091
0.001501537288
0.001459855571
0.001416286484
0.001370970086
0.001324054321
0.001275693558
0.001226047274
0.001175278681
0.001123553535
0.001071039072
0.00101790303
0.0009643127531
0.0009104342741
0.0008564319495
0.0008024678595
0.0007487014954
0.0006952895222
0.0006423856976
0.0005901360551
0.0005386802284
0.0004881642922
0.0004387441655
0.0003907605454
0.0003443550981
0.0002996741827
0.0002568709898
0.000216122558
0.0001776196274
0.0001415647701
0.000108198714
7.782559179e-05
5.086550334e-05
2.77751998e-05
9.840579328e-06
1.396553549e-06
9.184545765e-08
1.425093903e-08
1.075538871e-08
1.060752324e-08
1.059947142e-08
1.059815621e-08
1.059775367e-08
1.05976623e-08
1.059769414e-08
1.059777253e-08
1.059786819e-08
1.059796522e-08
1.059804064e-08
1.059790366e-08
1.059620101e-08
1.05876566e-08
0.001736793088
0.001717637
0.001696041599
0.001672014133
0.001645577446
0.001616769954
0.001585645326
0.001552271897
0.001516731867
0.001479120333
0.001439544166
0.001398120796
0.001354976951
0.001310247368
0.001264073483
0.001216602188
0.001167984531
0.001118374586
0.001067928452
0.001016803328
0.0009651566865
0.00091314557
0.0008609259324
0.0008086521116
0.0007564763802
0.000704548524
0.0006530153456
0.0006020203775
0.0005516985071
0.0005021922287
0.0004536523739
0.0004062798337
0.0003603495121
0.0003159890519
0.0002733458075
0.0002325764105
0.0001938737997
0.0001574267957
0.0001234554156
9.223312595e-05
6.412753758e-05
3.966907967e-05
1.925281133e-05
5.33631358e-06
6.139037259e-07
4.991806598e-08
1.286360721e-08
1.071735124e-08
1.060498749e-08
1.059904181e-08
1.059857479e-08
1.059854075e-08
1.059860612e-08
1.059870696e-08
1.059882079e-08
1.059893237e-08
1.059901886e-08
1.059888427e-08
1.059715149e-08
1.058854536e-08
0.001700399254
0.001682366278
0.001662022049
0.001639368307
0.001614421089
0.001587210782
0.001557781935
0.001526192825
0.001492514827
0.001456831608
0.001419238176
0.001379839847
0.001338751149
0.001296094658
0.001251999841
0.001206601828
0.001160040185
0.001112457868
0.001064000371
0.001014814896
0.0009650495439
0.0009148525664
0.0008643716301
0.0008137535522
0.0007631437551
0.0007126859761
0.00066252215
0.0006127928405
0.0005636276094
0.0005151583999
0.0004675217724
0.0004208592739
0.00037547799
0.0003315170819
0.0002891190571
0.0002484331934
0.0002096444809
0.0001729309329
0.0001384946473
0.0001065784539
7.749412229e-05
5.166954671e-05
2.968975356e-05
1.235143065e-05
2.652957149e-06
2.845072691e-07
3.144954068e-08
1.196622073e-08
1.067830269e-08
1.06040694e-08
1.060012104e-08
1.059996559e-08
1.060005113e-08
1.060017016e-08
1.060029845e-08
1.060042128e-08
1.060051666e-08
1.060038886e-08
1.059865068e-08
1.059001973e-08
0.001665136999
0.001648152724
0.001628978094
0.001607610149
0.001584058984
0.001558347907
0.001530513352
0.001500604587
0.001468683214
0.001434822511
0.001399106642
0.001361629761
0.001322495036
0.001281813599
0.001239703587
0.001196289046
0.001151698864
0.001106065683
0.001059525048
0.001012214656
0.0009642736128
0.0009158417531
0.0008670588466
0.0008180643333
0.0007689967847
0.0007199934553
0.0006711898107
0.0006227188511
0.0005747053745
0.0005272782918
0.0004805764483
0.0004347383612
0.0003899353461
0.0003464244748
0.0003043351963
0.0002638096547
0.0002250132167
0.0001881228234
0.000153323257
0.0001208309114
9.091550345e-05
6.39396083e-05
4.044367963e-05
2.091457038e-05
6.943499437e-06
1.126513705e-06
1.164469444e-07
1.868366506e-08
1.114157981e-08
1.063387653e-08
1.060375774e-08
1.060220632e-08
1.060223454e-08
1.060235782e-08
1.06024918e-08
1.060262026e-08
1.060272158e-08
1.060259531e-08
1.060082994e-08
1.059213722e-08
0.001630896291
0.001614884437
0.001596795521
0.001576622584
0.001554370613
0.001530056766
0.001503710378
0.001475372762
0.001445096835
0.001412946586
0.001378996422
0.001343330392
0.00130604133
0.001267229962
0.001227004015
0.001185477281
0.001142768591
0.001099000809
0.00105429998
0.00100879461
0.0009626149517
0.0009158922576
0.0008687585184
0.0008213459885
0.0007737868109
0.0007262123189
0.0006787528938
0.0006315379877
0.0005846927536
0.0005383423224
0.0004926087536
0.0004476102105
0.0004034753896
0.0003604892474
0.0003187934545
0.0002785234543
0.0002398231985
0.0002028706837
0.0001678359313
0.0001349133049
0.0001043377605
7.641181705e-05
5.154693483e-05
3.030383463e-05
1.343271178e-05
3.36573491e-06
4.308665511e-07
4.692621253e-08
1.325332791e-08
1.077414019e-08
1.061501807e-08
1.060594011e-08
1.060556046e-08
1.060565085e-08
1.06057722e-08
1.060589333e-08
1.060599344e-08
1.060587205e-08
1.060411113e-08
1.05954026e-08
0.001597743567
0.001582645444
0.001565577692
0.001546529889
0.001525502508
0.001502507187
0.001477566816
0.001450715428
0.001421997937
0.001391469727
0.001359196118
0.001325251717
0.001289719692
0.001252690991
0.001214263525
0.001174541322
0.001133633644
0.001091654092
0.001048719788
0.001004950716
0.0009604691795
0.0009153991747
0.0008698658262
0.0008239946768
0.0007779112771
0.0007317408955
0.0006856080816
0.00063963591
0.0005939410024
0.0005486397444
0.0005038525507
0.0004597072804
0.0004163362122
0.0003739130109
0.0003326555372
0.0002926842876
0.0002541368905
0.0002171838093
0.0001819842966
0.000148715843
0.0001175869941
8.885826994e-05
6.287824903e-05
4.01584468e-05
2.113915655e-05
7.24675143e-06
1.223731226e-06
1.293052677e-07
1.981009858e-08
1.123715797e-08
1.064852746e-08
1.061253008e-08
1.061059917e-08
1.06105757e-08
1.061066316e-08
1.061076412e-08
1.061085575e-08
1.061073113e-08
1.060894661e-08
1.060017707e-08
0.001565530821
0.001551276345
0.001535152415
0.001517145635
0.001497252561
0.001475480027
0.001451845303
0.001426376085
0.001399110325
0.001370095933
0.001339390347
0.001307059972
0.001273179511
0.001237831266
0.001201104351
0.001163093863
0.001123900033
0.001083627457
0.001042384431
0.001000282459
0.0009574356726
0.0009139603584
0.0008699743827
0.0008255966796
0.0007809468113
0.0007361448919
0.0006913108954
0.0006465641991
0.0006020197201
0.0005577970477
0.0005140155636
0.000470780667
0.0004281969102
0.0003864123663
0.0003456623533
0.0003060804912
0.0002677937407
0.0002309573079
0.0001957227077
0.0001622524399
0.0001307331888
0.0001013911958
7.45162468e-05
5.049685417e-05
2.984405617e-05
1.320492339e-05
3.180340442e-06
3.756441876e-07
3.969913011e-08
1.263199863e-08
1.074488645e-08
1.062552438e-08
1.06186329e-08
1.061826804e-08
1.061827709e-08
1.061833391e-08
1.061840642e-08
1.061828496e-08
1.061652607e-08
1.06077807e-08
0.001534879778
0.00152141696
0.001506178779
0.001489149205
0.001470321241
0.001449697291
0.00142728937
0.001403119148
0.001377217861
0.001349626073
0.001320393339
0.001289577785
0.001257245556
0.00122347023
0.001188332197
0.001151918006
0.00111431972
0.001075634384
0.001035963543
0.0009954125901
0.0009540899241
0.0009121061998
0.0008695738044
0.0008266062849
0.0007833175637
0.0007398215321
0.0006962317606
0.0006526612628
0.0006092175095
0.0005660112243
0.0005231577395
0.0004807705865
0.0004389700801
0.0003978737497
0.0003576918463
0.0003185592851
0.0002805966935
0.0002439410956
0.0002087568514
0.0001751947113
0.0001434218528
0.0001136329846
8.60667418e-05
6.102798811e-05
3.890508126e-05
2.002098183e-05
6.289542021e-06
9.019529546e-07
8.538359169e-08
1.589344321e-08
1.097115368e-08
1.065129716e-08
1.063198822e-08
1.063078667e-08
1.063065093e-08
1.063064001e-08
1.063068913e-08
1.063057296e-08
1.062883685e-08
1.062010786e-08
0.00150841513
0.001495593701
0.001481074028
0.001464838016
0.001446875913
0.001427186677
0.001405778191
0.001382667355
0.001357880049
0.001331450971
0.001303423446
0.001273848971
0.001242786192
0.001210300416
0.001176465039
0.001141361437
0.001105076389
0.00106770142
0.00102933314
0.000990072293
0.0009500226855
0.0009092903458
0.0008679828077
0.0008262086306
0.0007840765545
0.0007416952385
0.0006991735639
0.0006566211828
0.0006141446906
0.0005718565473
0.0005298709417
0.0004882924825
0.0004472194559
0.0004067623796
0.0003671277417
0.0003284494224
0.0002908622296
0.0002544924814
0.0002194992789
0.0001860266202
0.0001542299414
0.000124283833
9.639323225e-05
7.081070986e-05
4.787329858e-05
2.794822947e-05
1.170406061e-05
2.353737601e-06
2.126776338e-07
2.371438007e-08
1.145110458e-08
1.069956737e-08
1.065500744e-08
1.065214264e-08
1.06517478e-08
1.06516307e-08
1.065165228e-08
1.065156843e-08
1.06499336e-08
1.064132385e-08
)
;

boundaryField
{
    inletCH4
    {
        type            fixedValue;
        value           uniform 0;
    }
    wallOutside
    {
        type            zeroGradient;
    }
    wallTube
    {
        type            zeroGradient;
    }
    inletPilot
    {
        type            fixedValue;
        value           uniform 0.1098;
    }
    inletAir
    {
        type            fixedValue;
        value           uniform 0;
    }
    outlet
    {
        type            zeroGradient;
    }
    axis
    {
        type            empty;
    }
    frontAndBack_pos
    {
        type            wedge;
    }
    frontAndBack_neg
    {
        type            wedge;
    }
}


// ************************************************************************* //
