/*--------------------------------*- C++ -*----------------------------------*\
  =========                 |
  \\      /  F ield         | OpenFOAM: The Open Source CFD Toolbox
   \\    /   O peration     | Website:  https://openfoam.org
    \\  /    A nd           | Version:  10
     \\/     M anipulation  |
\*---------------------------------------------------------------------------*/
FoamFile
{
    format      ascii;
    class       volScalarField;
    location    "0.02499901733";
    object      ddt0(rho,CH2CHO);
}
// * * * * * * * * * * * * * * * * * * * * * * * * * * * * * * * * * * * * * //

dimensions      [1 -3 -1 0 0 0 0];

internalField   nonuniform List<scalar> 
5170
(
-1.173859153e-50
-1.173950632e-50
-1.174024933e-50
-1.174263982e-50
-1.175015631e-50
-1.18353341e-50
-1.183644889e-50
-1.183805196e-50
-1.184100074e-50
-1.184825947e-50
-1.183588275e-50
-1.183718283e-50
-1.183943983e-50
-1.184253872e-50
-1.184968338e-50
-1.183568858e-50
-1.183725443e-50
-1.183996523e-50
-1.18430171e-50
-1.185026101e-50
-1.183562332e-50
-1.183745411e-50
-1.184045589e-50
-1.184337498e-50
-1.185082305e-50
-1.183556985e-50
-1.18376393e-50
-1.184082098e-50
-1.184361511e-50
-1.185134488e-50
-1.183563551e-50
-1.183787114e-50
-1.184111174e-50
-1.184379031e-50
-1.185183506e-50
-1.183572721e-50
-1.183803872e-50
-1.184126702e-50
-1.184417907e-50
-1.198355057e-50
-1.432476891e-50
-1.245036499e-50
-1.19441091e-50
-3.319811277e-50
-9.614204412e-48
-1.112529302e-46
-3.133967735e-47
-6.659363499e-48
-1.579596829e-45
-7.003015081e-43
-5.150113942e-42
-1.687096188e-42
-4.489616865e-43
-1.161344599e-40
-5.109546814e-38
-2.472218386e-37
-9.550227237e-38
-3.160501418e-38
-8.351271408e-36
-3.73497653e-33
-1.232336955e-32
-5.677477316e-33
-2.311359119e-33
-5.752201837e-31
-2.738569978e-28
-6.375900418e-28
-3.533910908e-28
-1.766038873e-28
-3.676918133e-26
-2.016045563e-23
-3.425189767e-23
-2.301232276e-23
-1.423242324e-23
-2.044491599e-21
-1.49020791e-18
-1.908667021e-18
-1.561258201e-18
-1.218363254e-18
-8.382464289e-17
-1.105921574e-13
-1.102421609e-13
-1.102641527e-13
-1.103034843e-13
-1.104022777e-13
-1.114444316e-13
-1.11271068e-13
-1.112885337e-13
-1.113075057e-13
-1.113399329e-13
-1.114512052e-13
-1.112779254e-13
-1.112945822e-13
-1.113127676e-13
-1.113657756e-13
-1.182691026e-13
-1.11277909e-13
-1.112876303e-13
9.731437522e-10
7.262736047e-10
1.395390821e-09
-2.80550237e-16
-2.645857068e-16
-2.538773089e-16
-2.68438757e-16
-3.264476073e-16
-2.477695555e-16
-2.351437519e-16
-2.385857615e-16
-2.31018602e-16
-2.450055678e-16
-3.733949932e-17
-6.316750687e-17
-6.160310553e-17
-5.901812627e-17
-3.322530957e-17
-8.903010873e-18
-4.617837005e-18
-5.27644543e-18
-6.386904405e-18
7.674933698e-18
-5.511605675e-18
-3.092519913e-18
9.51107905e-18
1.539231351e-16
1.591868403e-15
-1.843490869e-15
-7.12448438e-17
2.667832563e-15
1.504862465e-14
-1.837973668e-12
-7.97329744e-13
-6.44938476e-14
-4.22085902e-12
3.012034582e-12
-2.10253094e-10
6.822497605e-10
2.821675339e-12
-4.229385426e-12
-2.45808723e-10
-5.07124315e-11
-9.605355622e-11
2.210698549e-10
-8.524167066e-11
-1.77759931e-10
-8.216340665e-11
-6.243834355e-11
-1.983121026e-10
-1.976134798e-10
-7.439658491e-11
-8.814288607e-12
5.816448595e-11
-2.973477716e-11
-3.069076847e-11
-1.352992174e-10
-3.17642889e-12
-6.740493784e-12
-1.072116192e-10
-1.26890575e-10
-3.648145452e-11
2.419127933e-12
2.110534429e-12
5.133324536e-12
-2.227491922e-11
-6.224501829e-13
-3.976864238e-12
-2.9762436e-12
-5.379148971e-12
-1.284360916e-12
-5.192964038e-13
-8.532593373e-13
-2.306132882e-12
-1.305857537e-12
-1.020973194e-12
-2.333774205e-12
-2.635196427e-13
-3.938609744e-13
-2.767426378e-12
-2.453300496e-12
-1.526440555e-12
-3.932764537e-13
-4.130173078e-14
-1.200231261e-12
-1.340757262e-12
-2.81422194e-13
-6.547945313e-13
-3.243358374e-13
-5.799593532e-14
-1.749822516e-13
-2.316132581e-13
-8.884434983e-13
3.163701243e-13
7.235236745e-13
3.782341779e-13
-1.889091037e-13
-9.728103474e-13
-1.579548704e-11
-2.325751338e-10
-1.906393118e-11
-1.303469276e-11
-4.966160819e-13
3.244488225e-10
-9.183741537e-10
-3.013939034e-10
-2.328659279e-08
-3.645409951e-09
-1.113650786e-13
2.421479566e-10
2.945381468e-09
-1.385021791e-09
-3.295277252e-08
-6.645988276e-10
-1.936585562e-11
1.728454282e-07
-6.609779012e-10
2.407407916e-10
-6.123849749e-10
8.667477989e-10
-4.530815791e-08
6.871922703e-09
2.254004107e-08
-7.170264294e-11
2.280222065e-09
5.517108545e-08
1.390581301e-08
1.056881328e-08
9.937471384e-10
-1.190625083e-09
6.532049878e-08
2.692629383e-08
3.070053138e-07
1.654054894e-09
-7.727021148e-10
1.787557067e-08
-2.523636415e-09
9.583717083e-08
-2.147650114e-09
-2.71364185e-07
7.132060579e-09
3.447914514e-08
-8.971349681e-07
2.886429102e-09
-7.244284383e-08
6.96282322e-09
1.263187443e-07
1.205215505e-06
3.117622227e-09
-5.92027221e-09
-1.476610288e-08
-1.402411046e-07
-3.08032756e-07
5.368635318e-09
6.486472438e-09
-1.069679366e-08
-1.205965396e-07
-7.26014823e-07
1.364701948e-09
1.953451564e-09
-1.5320628e-09
-1.394376432e-08
-2.057601091e-07
-4.109779321e-09
6.611785929e-09
2.677121398e-08
1.320705002e-07
6.346623307e-07
-2.235234761e-09
3.936734363e-09
3.108698964e-08
1.270380689e-07
2.506367753e-07
9.156940229e-09
3.449731057e-08
3.080875385e-08
9.810158866e-08
2.484512259e-07
-3.215371477e-08
-2.125455189e-08
-7.969625657e-08
-8.111087612e-08
-2.480606331e-07
-5.039159977e-08
-8.49862535e-08
-2.138698713e-07
-5.569840922e-07
-1.194340133e-06
-9.597677496e-08
-2.176079119e-07
-7.502985154e-07
-1.498273434e-06
-2.230076482e-06
-1.623921282e-07
-2.329160507e-07
-1.563134509e-08
1.688864898e-06
5.043955789e-06
-5.245754391e-07
-4.646703803e-07
5.928139774e-08
1.53379546e-06
2.627547825e-06
-9.216231609e-07
-7.021703917e-07
-4.475047756e-07
-6.335113501e-07
-1.686952992e-06
1.496655923e-06
1.69376542e-06
1.953078008e-06
2.393057958e-06
3.260306279e-06
4.771922675e-06
5.012674984e-06
5.717495038e-06
6.838085098e-06
8.552316049e-06
4.33590092e-06
4.334664627e-06
4.789478862e-06
5.03220721e-06
5.500901356e-06
1.855882766e-06
1.865636756e-06
1.874113109e-06
1.790851158e-06
1.881675198e-06
4.754950736e-07
4.724971276e-07
4.485810924e-07
4.557249076e-07
4.048901173e-07
1.006309091e-07
1.00203723e-07
9.798730875e-08
8.737569112e-08
7.664184312e-08
2.051900703e-08
2.015538e-08
1.814380161e-08
8.722804086e-09
1.74613526e-08
4.048139581e-09
3.985599551e-09
3.569941066e-09
2.297781672e-09
2.511798825e-09
1.339056095e-09
8.412479789e-10
6.920266587e-10
5.595959744e-10
2.599971288e-10
-4.240232671e-10
-1.289413317e-09
-3.99215173e-11
7.192879935e-11
1.206037625e-10
-6.612720857e-12
-6.549878903e-12
2.451559625e-11
4.56798854e-11
2.783047732e-11
7.662023212e-12
7.279037421e-12
7.16213943e-12
4.744467314e-12
5.507003683e-12
1.265554059e-12
1.140568759e-12
7.549823934e-13
-2.556958349e-13
-3.871906189e-12
-3.933498371e-13
-8.912746083e-13
-3.097973819e-12
-8.511118394e-12
-6.694829587e-13
-1.166257253e-12
-6.774089462e-13
1.301218701e-12
1.122709436e-11
-1.190537673e-11
4.771885605e-12
4.303514324e-12
3.798525084e-12
5.237282209e-13
-6.66366885e-13
1.959017437e-11
1.890556781e-11
1.769523189e-11
1.316301735e-11
1.218280801e-11
1.62809701e-11
1.597319951e-11
1.495260146e-11
1.467774019e-11
2.944317469e-11
2.328831971e-11
2.290867866e-11
2.413302022e-11
-7.46455129e-12
5.944010442e-13
8.412920461e-12
6.115939107e-13
-2.863491293e-11
7.57871886e-11
7.775049815e-11
8.652492276e-12
9.001263329e-12
2.562006487e-11
-5.916043695e-11
-4.142943279e-11
4.599130248e-12
4.614611538e-12
4.48310169e-12
5.363467853e-12
5.24500079e-12
-6.887791161e-12
1.334819239e-12
5.289108954e-12
3.695734341e-12
3.354342886e-12
-2.250189759e-11
-2.26124684e-11
-1.879756456e-11
-3.005181705e-12
6.912984394e-12
-9.853172648e-12
1.558626894e-13
3.961802471e-12
-2.949724409e-12
9.125297197e-12
-2.087163428e-13
3.375478181e-13
1.487414863e-12
-2.780058605e-12
-8.733042792e-12
2.100769006e-12
2.084602829e-12
2.519946143e-12
1.703024168e-12
-2.472616159e-12
1.002830129e-12
1.120009845e-12
7.01599615e-13
1.277900895e-12
2.556547587e-13
3.288807103e-12
3.156763113e-12
2.657463037e-12
-2.078962721e-13
6.35607264e-14
-2.084829764e-13
-2.258220479e-13
-4.401145852e-13
-7.98176989e-13
-7.792426267e-13
-7.884871588e-13
-7.930665796e-13
-8.00163883e-13
-7.930841154e-13
-3.836641822e-13
-7.331499654e-14
-6.761501394e-14
-6.398595131e-14
-6.515203633e-14
-7.778089306e-14
3.920766083e-14
3.037740519e-14
1.277020717e-14
-9.160868882e-16
2.218578683e-14
5.208883807e-15
5.074766874e-15
1.187801222e-14
-1.741031227e-14
-2.423603187e-14
-2.637809103e-14
-2.591166334e-14
-1.94159476e-14
-1.500295628e-14
-8.202301031e-14
-5.94977761e-14
-7.763061846e-14
-8.418528523e-14
-8.417036206e-14
-5.932096276e-14
-2.048625634e-13
-2.015351586e-13
-1.971285271e-13
-1.929241877e-13
-2.032086238e-13
-2.14398739e-13
-2.120128493e-13
-2.088630441e-13
-2.060560907e-13
-2.180538944e-13
-2.434651506e-13
-2.551680448e-13
-2.520153605e-13
-2.496905264e-13
-2.572439271e-13
3.269779473e-14
3.177615291e-14
3.094650318e-14
3.132131668e-14
3.968351303e-14
2.933906702e-14
2.796138276e-14
2.735847397e-14
2.374919179e-14
1.775692951e-14
1.715839156e-13
1.688430108e-13
1.674389603e-13
1.519359241e-13
2.125599053e-13
6.974980941e-13
7.255312824e-13
8.054158285e-13
7.24984077e-13
6.550440103e-13
8.072491415e-13
8.275334858e-13
8.413809166e-13
8.34383626e-13
7.020603405e-13
8.132216447e-13
8.321486014e-13
8.592422036e-13
1.115148297e-12
8.374022403e-13
-1.293711598e-13
-1.305280822e-13
-1.33368752e-13
-1.298300095e-13
-1.141148392e-13
-2.213282785e-13
-2.253978104e-13
-2.282419339e-13
-2.172726786e-13
-1.929909469e-13
-2.484887876e-13
-2.456081422e-13
-2.342660179e-13
-2.05709428e-13
-1.710392971e-13
-1.694189808e-12
-1.709253708e-12
-1.711829368e-12
-1.672990413e-12
-1.543321774e-12
4.052189357e-08
-7.594800354e-07
-8.71461706e-07
-2.204794922e-07
1.04042535e-07
7.298724007e-07
1.28772888e-06
-1.027636675e-05
4.640892416e-06
2.781090876e-06
-1.115352256e-06
-5.465911162e-07
1.27502249e-06
4.295416654e-07
7.113427901e-08
3.453803616e-07
-1.686665026e-06
-2.315885114e-06
5.371807809e-06
2.195109572e-06
-2.777789816e-06
4.773692679e-06
1.030306009e-05
5.820818574e-06
1.82101592e-06
3.844639318e-07
7.706631333e-08
2.110166089e-08
2.942377344e-09
1.357479999e-10
1.025813358e-10
2.448746666e-11
4.585919494e-12
-3.327857131e-12
-5.383212929e-12
-2.23727167e-11
-4.137801247e-12
1.35231886e-11
2.777157347e-11
9.776614263e-13
2.836863484e-11
6.978893499e-11
4.272798085e-12
1.924042878e-12
-1.203698921e-11
6.048959275e-12
-6.003202518e-11
-1.584508328e-12
8.777710051e-13
3.086491087e-13
-5.034956156e-13
1.697549014e-14
-5.852737223e-14
1.25562236e-13
-4.769572273e-14
-8.756753136e-14
2.79825614e-14
-2.423056609e-13
-2.595950965e-13
-1.357173308e-13
4.409778434e-14
1.839763229e-14
2.841611251e-13
3.742530423e-13
3.881646062e-13
1.711619245e-13
-1.322598251e-13
-2.24171076e-13
-1.617620138e-13
-1.461303088e-12
-2.730462291e-08
6.924994105e-09
-2.714592306e-10
-7.898731526e-10
-3.667401457e-10
-3.380555118e-08
1.911517385e-06
-2.347465127e-08
2.846783139e-09
-6.789129702e-09
-3.212518189e-07
-4.106287526e-06
-4.591556043e-07
-2.741702589e-08
2.515834233e-09
3.614784255e-06
-5.816614985e-08
-8.209851485e-07
-6.093405036e-08
-4.385240494e-08
6.340761364e-07
4.996496385e-07
1.186821191e-06
-5.222062602e-08
8.729297303e-08
-1.085591591e-05
9.295925929e-07
9.516383189e-07
2.160578571e-07
-2.692426894e-08
1.064142434e-06
4.800907751e-07
-2.678664318e-06
-2.686305383e-07
2.461708236e-09
-1.188799388e-05
-1.338800267e-06
3.126663206e-06
3.312165643e-08
2.523085474e-08
3.302218165e-06
7.179240213e-07
-2.763863104e-07
2.801555239e-07
6.917684289e-08
8.23269722e-06
-2.88518157e-07
-3.307568815e-07
-6.677426939e-07
-1.123642355e-07
2.0240533e-07
1.311024749e-07
2.147023696e-07
-1.033539388e-06
-1.311153515e-07
2.029186039e-08
2.281260441e-07
-3.280468582e-07
-7.061774318e-07
-8.540775638e-08
1.469621012e-06
2.432920522e-06
4.802914549e-07
2.997362275e-07
8.595445744e-07
1.963875775e-07
2.250850168e-06
-2.433055607e-07
-1.866879393e-07
-1.06185584e-07
3.0242362e-07
1.819523047e-06
-5.865757809e-07
-3.148173425e-07
-7.157450477e-07
2.520928622e-07
1.420310973e-06
-1.924018419e-06
-1.014066347e-06
1.148342798e-07
-1.036984074e-06
-7.899667781e-06
-2.327865648e-06
-5.000241276e-06
5.465503969e-06
-1.393823296e-06
-5.936984685e-06
-4.702326256e-06
-9.149740036e-06
1.756333912e-05
4.95018986e-06
6.775852428e-06
2.226120451e-05
6.589655901e-05
5.149883242e-06
2.462571383e-06
5.355419209e-06
9.736491437e-06
1.229937731e-05
3.432641357e-05
-3.285737794e-06
-3.575595578e-06
-4.198303235e-06
-2.922750718e-05
-5.678313248e-05
8.154773965e-06
2.278222911e-05
5.772197256e-05
0.0001123794403
0.000133516158
1.354998947e-05
2.104593269e-05
2.947373561e-05
3.40173091e-05
2.920946582e-05
6.568608668e-06
7.342715195e-06
7.384437488e-06
6.470230317e-06
4.734229573e-06
1.84737053e-06
1.720096082e-06
1.438379069e-06
1.079439549e-06
7.18205008e-07
3.690180136e-07
3.085270317e-07
2.31157887e-07
1.570572355e-07
9.759872737e-08
6.931643121e-08
5.543354636e-08
3.623837667e-08
2.693097968e-08
2.961900229e-08
1.440946571e-08
1.03581853e-08
4.489821409e-09
-1.452319397e-08
1.500306823e-09
2.662329475e-09
2.638404402e-09
1.917146062e-09
4.50964364e-10
1.354703342e-10
2.629804071e-11
-1.424096265e-10
2.267074411e-10
2.006925028e-10
7.742277422e-11
1.082493031e-10
5.816668905e-11
7.719742812e-11
-2.094173634e-11
-2.565897812e-11
3.306095358e-11
8.905568584e-11
8.466423486e-11
1.770699985e-11
4.673584055e-12
3.579031446e-12
3.215123984e-12
6.746708552e-12
-3.831388808e-12
-7.524140313e-12
1.677939588e-11
1.50751496e-11
1.022334238e-11
3.276207315e-12
-3.097178543e-11
-1.047749482e-11
-1.491674229e-11
1.184161551e-11
-2.740509716e-11
-4.743882631e-12
-3.647477528e-11
-3.111093691e-11
-1.844863562e-11
-1.739920001e-11
-2.104464614e-11
-9.691705984e-12
-2.137232806e-11
-1.369627826e-11
2.40620811e-12
4.109205231e-11
2.808741986e-11
1.817339898e-11
2.457599027e-11
2.360539696e-11
6.747216031e-11
3.509969482e-12
1.04490928e-11
1.862549695e-11
2.382763882e-11
4.587040883e-11
3.446664389e-11
2.157662515e-11
-4.39749341e-12
1.953602532e-11
-1.097110312e-11
6.6421746e-12
2.535880951e-11
-5.039771183e-12
-1.766582877e-13
6.487191832e-12
-1.166527467e-11
-1.089599494e-12
5.03233524e-12
-8.910019878e-12
4.824971609e-12
3.334426017e-12
-8.667926464e-12
-1.048253412e-12
-8.703063695e-12
3.309865487e-12
-1.380787817e-12
-2.258728181e-12
1.919131227e-12
-1.298280493e-12
8.155635815e-12
1.694312865e-11
-6.033587158e-12
6.846299113e-12
-1.487708194e-10
6.218206988e-14
5.610078368e-13
-1.406276486e-10
-5.956306018e-11
4.796863295e-12
5.956162872e-12
-2.451861079e-11
-1.449868067e-11
6.624284151e-12
4.405355811e-12
2.284281773e-12
-8.267006377e-13
-4.45872961e-13
-3.87189046e-13
1.474156801e-12
3.975758372e-13
-6.97640876e-13
1.622356869e-12
6.574198792e-13
1.232786549e-13
-1.005471972e-12
4.624700689e-13
-4.31382032e-13
7.729678107e-13
1.324344755e-13
-9.105075844e-14
-8.004195918e-13
1.351465296e-13
3.125652413e-13
4.68266834e-14
1.349672358e-14
2.708752249e-13
2.622499013e-13
-8.146103601e-14
-5.074956817e-15
-2.330087048e-13
-5.758614929e-14
-1.088573589e-14
1.624078974e-13
-5.678411509e-13
-9.711192311e-14
-3.837322893e-14
-6.040853453e-14
-7.153875446e-14
-2.529633302e-14
-1.999336616e-13
-3.891738731e-14
-1.650941051e-13
-1.139388564e-13
-1.426938934e-13
-1.433379157e-13
-1.093641558e-13
-2.633998692e-14
2.829408032e-14
-2.929134791e-13
2.904751586e-13
1.190158245e-13
2.291379647e-13
-2.66866241e-14
-1.52525197e-13
-1.857505031e-13
-2.006343972e-13
-2.195534285e-13
-2.322888096e-13
-2.117166914e-13
-1.340327085e-13
-2.265580309e-13
-2.411801077e-13
-2.220740194e-13
-1.29607765e-13
4.80776344e-15
-1.879387696e-13
-3.482860906e-14
2.839876381e-14
1.928921788e-14
1.372926471e-14
2.41482033e-14
2.035732126e-14
1.294094308e-14
1.079287023e-13
1.725628246e-13
1.297790791e-13
1.587023891e-13
1.544035265e-13
2.227662108e-13
2.263689484e-13
4.255096557e-13
-1.648835417e-13
8.663329449e-13
8.736188418e-13
9.988421615e-13
9.152215477e-13
1.014297888e-12
1.045584697e-12
1.064642194e-12
1.08436296e-12
9.736181261e-13
1.063300168e-12
1.073798117e-12
1.116548086e-12
1.040096353e-12
-2.00856005e-13
-2.875277665e-13
-1.674370249e-13
-2.226659213e-13
-2.152120154e-13
-1.762396293e-13
-2.085162822e-13
-2.485589608e-13
-2.291133742e-13
-2.04162931e-13
-2.12078759e-13
-2.053944029e-13
-2.178125197e-13
-2.764293671e-13
-3.055451381e-13
-2.232578624e-13
-4.12246964e-13
-2.248142574e-12
-1.929255382e-12
-1.998608971e-12
-1.807463129e-12
-1.950377866e-12
-1.236985404e-12
-7.263415398e-14
8.673365095e-13
-4.289040691e-12
-5.85282669e-11
3.132418612e-12
-3.904307924e-24
-8.189554958e-28
-2.145310908e-31
-5.826414214e-35
-1.52064086e-38
-3.713690173e-42
-8.446040279e-46
-1.799950921e-49
-3.627878908e-53
-6.969594154e-57
-1.282089049e-60
-2.263372483e-64
-3.838654851e-68
0
0
0
0
0
0
0
0
0
0
0
0
0
0
0
0
0
0
0
0
0
0
0
0
0
0
0
0
0
0
0
0
0
0
0
0
0
0
0
0
0
0
0
0
1.18649518e-10
-2.61095454e-10
7.450140729e-12
-5.351221857e-12
-3.35634437e-28
-8.826723731e-32
-2.517398959e-35
-7.250931118e-39
-2.029501486e-42
-5.400962261e-46
-1.350518397e-49
-3.150577435e-53
-6.844323403e-57
-1.391015392e-60
-2.66133569e-64
-4.818627559e-68
0
0
0
0
0
0
0
0
0
0
0
0
0
0
0
0
0
0
0
0
0
0
0
0
0
0
0
0
0
0
0
0
0
0
0
0
0
0
0
0
0
0
0
0
-9.339341101e-10
1.17078837e-08
-4.639167507e-11
3.997085699e-12
-3.42452437e-28
-1.056492018e-31
-3.514430111e-35
-1.177563765e-38
-3.827182516e-42
-1.177447429e-45
-3.373836962e-49
-8.92389066e-53
-2.173745931e-56
-4.886695991e-60
-1.01951444e-63
-1.987922708e-67
0
0
0
0
0
0
0
0
0
0
0
0
0
0
0
0
0
0
0
0
0
0
0
0
0
0
0
0
0
0
0
0
0
0
0
0
0
0
0
0
0
0
0
0
-2.635011972e-08
-1.562960917e-09
-3.99886595e-10
1.453477523e-10
-2.751590998e-27
-1.100930825e-30
-4.904068663e-34
-2.21237379e-37
-9.633455074e-41
-3.92871935e-44
-1.469018339e-47
-4.961196701e-51
-1.498835992e-54
-4.03629656e-58
-9.728970642e-62
-2.121412242e-65
0
0
0
0
0
0
0
0
0
0
0
0
0
0
0
0
0
0
0
0
0
0
0
0
0
0
0
0
0
0
0
0
0
0
0
0
0
0
0
0
0
0
0
0
6.256766858e-08
-1.017063701e-08
7.173629871e-10
-4.462856613e-10
-3.842407985e-11
-1.227218267e-29
-5.588656305e-33
-2.663847411e-36
-1.257682479e-39
-5.701137078e-43
-2.427568377e-46
-9.536667646e-50
-3.402810955e-53
-1.088741455e-56
-3.097844597e-60
-7.827086527e-64
0
0
0
0
0
0
0
0
0
0
0
0
0
0
0
0
0
0
0
0
0
0
0
0
0
0
0
0
0
0
0
0
0
0
0
0
0
0
0
0
0
0
0
0
-3.173305105e-08
-4.849005963e-08
-3.809216875e-09
-1.534303286e-09
-6.096940178e-11
-1.69132484e-28
-7.250528131e-32
-3.447867264e-35
-1.67035769e-38
-7.918482404e-42
-3.585512612e-45
-1.524075926e-48
-5.994265438e-52
-2.152830855e-55
-6.975875722e-59
-2.020070763e-62
0
0
0
0
0
0
0
0
0
0
0
0
0
0
0
0
0
0
0
0
0
0
0
0
0
0
0
0
0
0
0
0
0
0
0
0
0
0
0
0
0
0
0
0
5.261913333e-09
-1.538625661e-07
-2.823708259e-08
-8.135309292e-10
-7.785072505e-10
-1.381964906e-11
-1.865605736e-30
-8.659270155e-34
-4.234874066e-37
-2.063867654e-40
-9.732281104e-44
-4.358096459e-47
-1.827589268e-50
-7.09243868e-54
-2.51877977e-57
-8.098932959e-61
0
0
0
0
0
0
0
0
0
0
0
0
0
0
0
0
0
0
0
0
0
0
0
0
0
0
0
0
0
0
0
0
0
0
0
0
0
0
0
0
0
0
0
0
-3.860186611e-08
-9.611122998e-08
-1.649353443e-07
-1.42703024e-08
-1.392450705e-09
-4.43060553e-10
-3.023968293e-29
-1.311637258e-32
-6.370119395e-36
-3.162519262e-39
-1.540881681e-42
-7.199492163e-46
-3.176409193e-49
-1.307817256e-52
-4.973629213e-56
-1.730093806e-59
0
0
0
0
0
0
0
0
0
0
0
0
0
0
0
0
0
0
0
0
0
0
0
0
0
0
0
0
0
0
0
0
0
0
0
0
0
0
0
0
0
0
0
0
3.883413277e-09
-4.286407484e-08
-4.397940539e-07
-7.55431826e-08
-4.298479746e-09
-1.047268403e-09
6.178169258e-11
-7.052215983e-32
-3.283564967e-35
-1.63514127e-38
-8.171111598e-42
-3.968057429e-45
-1.83634096e-48
-7.988407915e-52
-3.231320695e-55
-1.203744303e-58
0
0
0
0
0
0
0
0
0
0
0
0
0
0
0
0
0
0
0
0
0
0
0
0
0
0
0
0
0
0
0
0
0
0
0
0
0
0
0
0
0
0
0
0
-8.085274543e-09
-2.52880397e-08
-4.048372061e-07
-2.636706522e-07
-2.064028035e-08
3.726649948e-10
-4.645533116e-10
-1.138685823e-11
-5.166087535e-33
-2.540464835e-36
-1.292830099e-39
-6.50179181e-43
-3.150227833e-46
-1.446358814e-49
-6.215721525e-53
-2.474753454e-56
0
0
0
0
0
0
0
0
0
0
0
0
0
0
0
0
0
0
0
0
0
0
0
0
0
0
0
0
0
0
0
0
0
0
0
0
0
0
0
0
0
0
0
0
-1.36375415e-08
-2.58686366e-08
-2.440848143e-07
-8.166750103e-07
-8.13901663e-08
2.431509425e-09
1.459476355e-09
2.416361296e-10
-6.746660395e-32
-3.080477784e-35
-1.549522077e-38
-7.924357765e-42
-3.968986478e-45
-1.904926535e-48
-8.631848614e-52
-3.650289931e-55
0
0
0
0
0
0
0
0
0
0
0
0
0
0
0
0
0
0
0
0
0
0
0
0
0
0
0
0
0
0
0
0
0
0
0
0
0
0
0
0
0
0
0
0
-2.339146501e-08
-1.836828878e-08
-1.592848016e-07
-1.770683953e-06
-2.024627122e-07
1.184333364e-08
2.828138843e-09
-4.99367231e-10
4.899684243e-12
-2.558574519e-32
-1.198519329e-35
-6.009419639e-39
-3.027415426e-42
-1.484749903e-45
-6.953955298e-49
-3.068177908e-52
0
0
0
0
0
0
0
0
0
0
0
0
0
0
0
0
0
0
0
0
0
0
0
0
0
0
0
0
0
0
0
0
0
0
0
0
0
0
0
0
0
0
0
0
-4.314594256e-08
-2.591892898e-08
-1.669562714e-07
-2.152920093e-06
-2.713722277e-07
7.870065475e-08
8.510436995e-09
2.158511105e-09
1.060131111e-10
-5.247888605e-32
-2.105422496e-35
-9.876496489e-39
-4.834249248e-42
-2.350535328e-45
-1.106255959e-48
-4.957362612e-52
0
0
0
0
0
0
0
0
0
0
0
0
0
0
0
0
0
0
0
0
0
0
0
0
0
0
0
0
0
0
0
0
0
0
0
0
0
0
0
0
0
0
0
0
-5.522548805e-08
-3.50137467e-08
-1.444384359e-07
-1.569160231e-06
-1.105292169e-06
2.651152589e-07
3.494597284e-08
1.457285408e-08
1.160901617e-09
-1.010673454e-28
-2.999666304e-32
-1.219061961e-35
-5.55651974e-39
-2.590093801e-42
-1.187562123e-45
-5.244101247e-49
0
0
0
0
0
0
0
0
0
0
0
0
0
0
0
0
0
0
0
0
0
0
0
0
0
0
0
0
0
0
0
0
0
0
0
0
0
0
0
0
0
0
0
0
-2.32942612e-07
-7.600169492e-08
-1.623443622e-07
-1.543477066e-06
-2.947119211e-06
9.823045264e-07
1.39414253e-07
4.366389371e-08
4.449606293e-09
1.139403321e-10
-7.590143497e-29
-2.326506945e-32
-9.208085277e-36
-3.965109926e-39
-1.72259236e-42
-7.309203508e-46
0
0
0
0
0
0
0
0
0
0
0
0
0
0
0
0
0
0
0
0
0
0
0
0
0
0
0
0
0
0
0
0
0
0
0
0
0
0
0
0
0
0
0
0
-7.247761493e-08
-1.215076654e-07
-5.575661696e-07
-4.423228667e-06
5.943630186e-06
3.681762956e-06
4.052414848e-07
-2.133784115e-07
3.058475399e-09
1.73111672e-10
-2.154045952e-28
-4.121225571e-32
-1.273187038e-35
-4.808950009e-39
-1.921296594e-42
-7.643141532e-46
0
0
0
0
0
0
0
0
0
0
0
0
0
0
0
0
0
0
0
0
0
0
0
0
0
0
0
0
0
0
0
0
0
0
0
0
0
0
0
0
0
0
0
0
1.11622963e-06
-1.934646865e-07
-4.362256533e-06
-6.588423047e-05
2.160934556e-05
3.986010891e-06
3.705384624e-07
1.373700198e-07
4.035915047e-09
3.752980864e-11
4.540951014e-12
-1.518552779e-28
-3.070975786e-32
-9.367617968e-36
-3.355500105e-39
-1.245726003e-42
0
0
0
0
0
0
0
0
0
0
0
0
0
0
0
0
0
0
0
0
0
0
0
0
0
0
0
0
0
0
0
0
0
0
0
0
0
0
0
0
0
0
0
0
3.083910683e-06
2.947040412e-07
-1.067758268e-06
-2.912578972e-05
2.297101211e-05
4.295808473e-06
3.565760573e-07
6.72052049e-08
4.819572869e-10
-2.241368594e-10
-8.891941104e-12
-1.018270168e-24
-1.093637435e-28
-2.281968389e-32
-6.825434195e-36
-2.331630678e-39
0
0
0
0
0
0
0
0
0
0
0
0
0
0
0
0
0
0
0
0
0
0
0
0
0
0
0
0
0
0
0
0
0
0
0
0
0
0
0
0
0
0
0
0
-9.117922288e-06
-3.577266876e-05
-0.0003029638403
5.232291504e-05
1.969442553e-05
2.156788277e-06
1.415867232e-07
1.568594941e-08
1.372378009e-09
-6.379415674e-10
-1.530415308e-10
7.51422941e-11
-5.514212709e-28
-6.494946516e-32
-1.407235681e-35
-4.163168927e-39
0
0
0
0
0
0
0
0
0
0
0
0
0
0
0
0
0
0
0
0
0
0
0
0
0
0
0
0
0
0
0
0
0
0
0
0
0
0
0
0
0
0
0
0
-1.523183137e-06
-0.0003480204529
0.0001177543447
5.195440196e-05
8.564218702e-06
7.819363125e-07
8.036442508e-08
6.408467017e-09
7.58102929e-11
-6.411574004e-10
-3.078728627e-10
2.528859872e-10
-1.832590945e-12
-3.632283863e-28
-4.629437274e-32
-1.031780834e-35
0
0
0
0
0
0
0
0
0
0
0
0
0
0
0
0
0
0
0
0
0
0
0
0
0
0
0
0
0
0
0
0
0
0
0
0
0
0
0
0
0
0
0
0
0.0001432591349
0.000157830944
6.506394984e-05
1.547808462e-05
2.199007754e-06
2.069910858e-07
-1.293919974e-08
-1.036072214e-09
-1.133502131e-09
-8.961948502e-09
-9.795555159e-10
-2.66712136e-10
2.127257184e-10
-1.578144227e-11
-2.416564724e-28
-3.284090239e-32
0
0
0
0
0
0
0
0
0
0
0
0
0
0
0
0
0
0
0
0
0
0
0
0
0
0
0
0
0
0
0
0
0
0
0
0
0
0
0
0
0
0
0
0
9.421014882e-05
4.241950416e-05
1.395939254e-05
3.045477699e-06
4.50312281e-07
5.095444791e-08
5.146476487e-09
6.449869973e-10
1.751227891e-10
-1.211892704e-09
8.275669386e-10
-1.009842385e-09
-3.34213042e-10
-3.45760193e-11
-1.71456871e-27
-1.383950239e-31
0
0
0
0
0
0
0
0
0
0
0
0
0
0
0
0
0
0
0
0
0
0
0
0
0
0
0
0
0
0
0
0
0
0
0
0
0
0
0
0
0
0
0
0
1.696193983e-05
7.269449161e-06
2.31043334e-06
5.144275405e-07
8.22934972e-08
1.039589613e-08
1.787223353e-09
2.148321161e-10
2.023480826e-12
-6.66815486e-10
-1.138116255e-09
-1.402298057e-10
-9.617304953e-10
-2.207878491e-10
-8.757801908e-11
-1.081804186e-27
-1.748570583e-37
-3.164842994e-41
-9.024469136e-45
-2.888822782e-48
-9.377940043e-52
-2.973421067e-55
-9.013861563e-59
0
0
0
0
0
0
0
0
0
0
0
0
0
0
0
0
0
0
0
0
0
0
0
0
0
0
0
0
0
0
0
0
0
0
0
0
0
2.607844209e-06
1.101784775e-06
3.486808878e-07
8.009821282e-08
1.214626606e-08
1.591016551e-09
3.315994299e-10
1.791445588e-10
9.370186183e-11
6.590289958e-11
-7.79166226e-10
1.001428481e-09
-2.242975038e-10
-7.990351162e-10
-1.261588378e-10
1.061488035e-10
-2.538735828e-32
-2.380698054e-36
-4.312171164e-40
-1.103704169e-43
-3.265833091e-47
-1.005817648e-50
-3.058717102e-54
0
0
0
0
0
0
0
0
0
0
0
0
0
0
0
0
0
0
0
0
0
0
0
0
0
0
0
0
0
0
0
0
0
0
0
0
0
3.822236272e-07
1.562105832e-07
4.41654825e-08
1.074878124e-08
3.792953431e-09
7.389726232e-10
5.873437785e-11
-3.151879187e-10
-5.211224592e-11
-1.429085186e-10
2.833701167e-09
-2.430196247e-09
-1.564076667e-09
-1.124468545e-09
-7.5938726e-10
6.03584507e-11
6.841571079e-11
-3.197702326e-31
-3.039263607e-35
-5.134882915e-39
-1.240191641e-42
-3.509002396e-46
-1.039313664e-49
0
0
0
0
0
0
0
0
0
0
0
0
0
0
0
0
0
0
0
0
0
0
0
0
0
0
0
0
0
0
0
0
0
0
0
0
0
5.029916134e-08
2.008273227e-08
6.314618016e-09
-6.278938041e-10
5.172764353e-10
2.157906203e-10
3.852706189e-11
-6.076070384e-12
5.942755451e-11
-3.317929175e-10
-2.064619534e-12
-4.379543656e-10
-1.708582753e-09
-9.149417204e-10
-4.328313767e-10
-7.420818474e-10
-1.122690521e-10
-2.466165379e-27
-1.848230997e-31
-1.87050368e-35
-3.287183001e-39
-7.974865771e-43
-2.221566999e-46
0
0
0
0
0
0
0
0
0
0
0
0
0
0
0
0
0
0
0
0
0
0
0
0
0
0
0
0
0
0
0
0
0
0
0
0
0
8.678037417e-09
3.2508375e-09
1.653146e-09
3.287330221e-09
2.381343684e-10
6.575046161e-11
2.324526656e-11
5.687506694e-12
-1.029643934e-11
9.332070406e-12
1.033467813e-10
7.048829611e-11
-5.578264293e-09
-2.107883393e-09
8.99076731e-11
-7.193631435e-10
-8.581959429e-10
-2.610395927e-11
-1.433206307e-27
-1.039144258e-31
-1.114742734e-35
-2.012807247e-39
-4.864603707e-43
0
0
0
0
0
0
0
0
0
0
0
0
0
0
0
0
0
0
0
0
0
0
0
0
0
0
0
0
0
0
0
0
0
0
0
0
0
1.777131125e-09
-1.616031564e-10
-2.466583492e-10
4.967567918e-11
7.803985349e-11
3.129325556e-11
7.36142041e-12
-1.668130652e-11
7.971844837e-14
3.996405558e-11
-2.073892519e-11
1.209594141e-10
-6.891973963e-11
-7.665317392e-10
-2.432109186e-10
1.532299138e-11
-5.920935974e-10
-4.89380976e-10
6.825532603e-12
-6.603857593e-31
-4.700835552e-35
-5.413090538e-39
-1.011347367e-42
0
0
0
0
0
0
0
0
0
0
0
0
0
0
0
0
0
0
0
0
0
0
0
0
0
0
0
0
0
0
0
0
0
0
0
0
0
3.279168695e-10
1.390779402e-09
4.373330826e-11
-3.56092924e-12
4.21634064e-11
1.424636745e-11
3.48403884e-12
-1.668031566e-11
-7.615967531e-12
-9.909850104e-13
2.833312215e-11
-1.110925268e-11
3.828059312e-11
-4.2639905e-10
-1.038543084e-09
-1.617741054e-09
-3.547389516e-10
-7.616481489e-10
-1.417763081e-11
2.034962718e-11
-3.236051554e-31
-2.316126011e-35
-2.818549315e-39
0
0
0
0
0
0
0
0
0
0
0
0
0
0
0
0
0
0
0
0
0
0
0
0
0
0
0
0
0
0
0
0
0
0
0
0
0
8.464271587e-11
2.954388096e-11
2.757094731e-11
3.219427165e-11
3.158496445e-12
3.986908644e-12
1.738020549e-13
-3.174828969e-12
-5.996747966e-12
-7.223238671e-13
-5.523484144e-12
-5.381924637e-14
1.311753574e-10
1.615504808e-10
-4.854358749e-10
-2.509308478e-09
5.269523458e-11
-5.728520166e-10
-8.035828641e-10
6.650655827e-11
-1.843230607e-30
-1.397384013e-34
-1.034309059e-38
0
0
0
0
0
0
0
0
0
0
0
0
0
0
0
0
0
0
0
0
0
0
0
0
0
0
0
0
0
0
0
0
0
0
0
0
0
1.989693272e-11
5.896460855e-11
4.934260175e-11
1.46116902e-11
-7.784415479e-11
8.182295607e-12
-2.690557342e-12
-1.401862161e-11
1.092252708e-10
3.164846702e-11
2.174112701e-11
-2.105884643e-11
-3.501236389e-11
-2.103432007e-11
-2.612585294e-10
-9.042288008e-10
-2.274085325e-09
1.19069466e-09
-7.054688834e-10
-8.004325647e-10
-9.520885515e-11
-9.202727871e-31
-6.146150061e-35
0
0
0
0
0
0
0
0
0
0
0
0
0
0
0
0
0
0
0
0
0
0
0
0
0
0
0
0
0
0
0
0
0
0
0
0
0
2.115370008e-11
4.755848603e-11
1.73100026e-11
-3.723911689e-12
-1.9152912e-10
-1.784061872e-10
-2.559354141e-10
-1.645364222e-10
1.500931488e-10
-1.371098789e-11
2.52535335e-11
-1.389203932e-11
-4.985152096e-12
1.881441696e-10
8.246010689e-11
-4.21128039e-10
-1.936403755e-09
-6.376459875e-10
-7.252947787e-10
-7.572434402e-10
-1.577418463e-11
-3.744189304e-30
-4.017703147e-34
0
0
0
0
0
0
0
0
0
0
0
0
0
0
0
0
0
0
0
0
0
0
0
0
0
0
0
0
0
0
0
0
0
0
0
0
0
-1.902894255e-11
-1.291710114e-11
4.148320937e-12
9.726907563e-11
-7.094267114e-11
-9.364682272e-11
-4.685805838e-10
-3.441763757e-11
-2.343070624e-10
-5.351556657e-11
1.611098211e-12
1.896107013e-11
-1.557049428e-11
2.472635872e-11
1.172857638e-11
-3.081182359e-10
-9.164868996e-10
-1.724665357e-09
1.19366503e-09
-6.886585463e-10
-7.942994823e-10
1.089388209e-11
-2.045828759e-30
0
0
0
0
0
0
0
0
0
0
0
0
0
0
0
0
0
0
0
0
0
0
0
0
0
0
0
0
0
0
0
0
0
0
0
0
0
-2.287144493e-11
-1.848149079e-13
2.085227001e-11
7.592172156e-11
-1.077760784e-10
-1.399477613e-10
-3.598934009e-10
-3.797026691e-10
-1.937190284e-10
1.51034122e-10
2.063462917e-11
4.262634394e-11
1.515750267e-11
-1.239643426e-11
1.415971367e-11
1.278576844e-11
-6.920935503e-10
-1.978980473e-09
-9.133563568e-10
-8.406310741e-10
-6.855441929e-10
-8.633312201e-10
-3.025894821e-11
0
0
0
0
0
0
0
0
0
0
0
0
0
0
0
0
0
0
0
0
0
0
0
0
0
0
0
0
0
0
0
0
0
0
0
0
0
-2.494537094e-11
1.096841415e-11
2.922242713e-11
3.069767624e-11
1.441413524e-11
-1.147835814e-10
-1.559391901e-10
-3.767366397e-10
-1.832109552e-10
-1.772605677e-10
1.391448225e-11
4.302699129e-11
2.203347634e-11
2.539772603e-11
1.005468119e-11
2.181552357e-10
-9.566384116e-11
-8.397963488e-10
-8.021254355e-10
-1.009975609e-08
-5.452451613e-10
-7.900885877e-10
-2.673506322e-11
0
0
0
0
0
0
0
0
0
0
0
0
0
0
0
0
0
0
0
0
0
0
0
0
0
0
0
0
0
0
0
0
0
0
0
0
0
8.881996659e-11
2.754008242e-11
5.961531959e-13
-5.565295867e-12
1.432204631e-11
-9.906387861e-12
-2.997856809e-11
-3.527043124e-10
-1.857970412e-10
-1.782603897e-10
6.409047543e-12
2.274282359e-11
-3.030877047e-12
1.36319138e-11
3.743490059e-11
2.894961941e-11
9.673610687e-11
-6.883972118e-10
-2.160173488e-09
-9.835302934e-10
-4.737019139e-11
-7.777073331e-10
-7.77934859e-10
-5.122690392e-11
0
0
0
0
0
0
0
0
0
0
0
0
0
0
0
0
0
0
0
0
0
0
0
0
0
0
0
0
0
0
0
0
0
0
0
0
5.844111811e-11
4.014399005e-11
3.263718735e-11
5.219223086e-12
3.631272749e-11
-2.117575963e-11
-2.643897089e-12
-3.531392761e-10
-1.458158959e-11
-1.48455489e-10
-7.053319133e-13
2.627268968e-11
4.264139763e-12
-8.459296629e-12
2.257120424e-11
2.378774889e-11
1.423051009e-11
-4.625431916e-10
-8.426760769e-10
-8.45580763e-10
3.109169417e-09
-7.933314705e-10
-8.073249154e-10
-1.919363844e-11
-7.386241308e-11
0
0
0
0
0
0
0
0
0
0
0
0
0
0
0
0
0
0
0
0
0
0
0
0
0
0
0
0
0
0
0
0
0
0
0
5.468175836e-11
5.448300012e-11
3.499284845e-11
1.024992341e-11
4.545049475e-11
-1.291614057e-11
7.632229434e-12
-3.420658075e-10
-9.747619069e-14
-1.4309155e-10
-2.513596015e-11
2.824688278e-11
2.323927553e-11
-4.33074488e-12
-1.531049067e-11
2.861130059e-12
6.644656771e-11
4.083215727e-10
-6.346650701e-10
-2.076207052e-09
-1.073095908e-09
8.394938413e-09
-7.69260207e-10
-7.723195527e-10
1.431208214e-11
0
0
0
0
0
0
0
0
0
0
0
0
0
0
0
0
0
0
0
0
0
0
0
0
0
0
0
0
0
0
0
0
0
0
0
3.036633794e-11
7.704961596e-12
-1.029652397e-11
-2.660682009e-11
1.724973091e-12
-3.970285898e-11
-8.188833917e-12
1.344620377e-11
1.128124776e-11
-6.95795716e-11
-3.152020248e-12
3.780043775e-11
6.022431006e-11
1.698818903e-11
-1.18368697e-11
8.952470653e-12
2.479806957e-11
2.585528759e-10
-4.147944105e-10
-8.190776897e-10
-8.366182514e-10
-7.251768562e-09
-7.073828357e-10
-7.237591672e-10
-5.799301033e-10
-2.085938562e-11
-1.046572846e-40
0
0
0
0
0
0
0
0
0
0
0
0
0
0
0
0
0
0
0
0
0
0
0
0
0
0
0
0
0
0
0
0
0
7.039783728e-11
-8.350141821e-12
-3.462886759e-11
-1.005530088e-10
-5.302660309e-12
3.299436687e-11
-1.897061758e-11
-4.197185017e-12
-1.378164628e-11
5.018437188e-11
2.65641968e-12
-3.768295137e-12
-9.467093561e-12
1.226124814e-11
1.292846835e-11
5.041646568e-11
-5.730009382e-11
-2.789525645e-11
-2.418728902e-10
-5.965135859e-10
-1.740826041e-09
-9.793614793e-10
5.809546988e-09
-7.669093688e-10
-7.531158447e-10
-5.904788826e-12
-6.689786144e-36
-8.755476158e-40
0
0
0
0
0
0
0
0
0
0
0
0
0
0
0
0
0
0
0
0
0
0
0
0
0
0
0
0
0
0
0
0
-2.532861977e-13
-5.015555156e-11
-8.863722672e-11
-1.357472565e-11
-7.402293294e-11
-3.817158089e-11
1.908127142e-11
-1.034116504e-11
1.347440647e-11
4.756228362e-11
3.436836368e-12
-3.231450722e-13
1.17623888e-11
7.131702522e-12
1.189014596e-11
4.524314739e-11
1.810238645e-11
4.093028857e-11
2.216934897e-10
-3.798457246e-10
-8.114822134e-10
-8.756100791e-10
-5.993776076e-09
-7.691552465e-10
-7.71954378e-10
-8.382114595e-10
-2.020306018e-11
-6.688658358e-35
0
0
0
0
0
0
0
0
0
0
0
0
0
0
0
0
0
0
0
0
0
0
0
0
0
0
0
0
0
0
0
0
-2.56094077e-12
-1.616818371e-12
-2.374373127e-11
1.249136366e-12
1.323264247e-10
2.582466222e-11
1.860756978e-11
-2.122039902e-11
-3.675980157e-12
5.141710268e-11
3.613976762e-12
-1.222612119e-12
-1.405424181e-11
8.765253134e-12
6.02095427e-12
3.610878236e-11
1.666574797e-11
3.266676153e-11
2.311966969e-10
-4.183136314e-10
-7.420773828e-10
-9.581207789e-10
-1.303346536e-09
-7.866492618e-10
-7.021832035e-10
-7.640938644e-10
-5.974600268e-13
-3.722642142e-30
0
0
0
0
0
0
0
0
0
0
0
0
0
0
0
0
0
0
0
0
0
0
0
0
0
0
0
0
0
0
0
0
4.197051359e-12
-1.183723336e-10
4.209326754e-12
-3.156207386e-11
3.448957787e-11
-2.126491751e-12
3.432137462e-10
-8.828296284e-12
-6.733492617e-13
4.982555361e-11
3.705114721e-12
-3.047614979e-12
-1.955804604e-11
2.579289411e-11
-4.222176459e-12
1.434946097e-11
4.92101885e-11
-4.866128039e-11
9.609074682e-12
2.75036818e-10
-4.076192073e-10
-9.084836254e-10
-8.332525362e-10
-7.696327803e-09
-7.292935375e-10
-7.67560727e-10
-8.262860504e-10
-1.562021957e-11
0
0
0
0
0
0
0
0
0
0
0
0
0
0
0
0
0
0
0
0
0
0
0
0
0
0
0
0
0
0
0
0
-1.236930475e-10
5.180228991e-12
-5.157635562e-12
1.513829566e-10
7.543482977e-12
-4.768432585e-13
-1.283211547e-11
-6.411966657e-12
-1.376394672e-12
4.651081027e-11
-3.532760963e-14
-6.465557267e-12
8.507580147e-12
5.116756804e-11
-1.329515746e-11
2.694406467e-12
3.351715772e-11
1.720611327e-11
2.666697561e-11
1.37718495e-10
-4.368304494e-10
-7.862548658e-10
-8.531822289e-10
-1.924664555e-09
-1.34518734e-10
-7.145062401e-10
-7.578031388e-10
1.164756996e-12
-5.710543643e-71
-5.528994149e-75
-2.708462464e-79
-4.741471311e-84
-3.918070845e-89
-5.528659955e-94
-1.298745129e-98
-2.855989537e-103
-3.301607661e-108
-1.470369718e-113
-2.523047228e-119
-2.718635127e-125
-4.812622581e-131
-1.449936567e-136
-4.149806804e-142
-1.094167748e-147
-2.61572263e-153
-5.504499734e-159
-1.021835607e-164
-1.631558687e-170
-2.089304177e-176
-1.991865362e-182
-1.322860264e-188
-5.620357746e-195
-1.360983981e-201
-1.626162424e-208
-8.281096864e-216
-1.822375056e-223
-3.101095476e-231
-2.895663676e-238
-1.651332781e-244
-1.554193273e-250
-1.059262952e-11
8.116294655e-12
5.751758834e-13
-7.591955606e-12
4.023844052e-12
6.474576049e-11
-1.303389599e-11
2.261710461e-12
-3.975031802e-12
-6.728892342e-11
-5.857302765e-13
-6.363306122e-12
4.213163184e-12
3.745065521e-11
-1.727649555e-11
7.931581256e-13
3.11285126e-11
1.863085074e-11
1.961632829e-11
1.279553969e-10
-2.809995435e-10
-2.396132066e-10
-2.780423111e-09
-8.10678791e-10
-7.192121207e-09
-7.194453694e-10
-7.608912687e-10
-8.459361394e-10
-3.334402179e-12
-3.223230486e-70
-2.576948207e-74
-9.324990952e-79
-1.108197418e-83
-9.412503908e-89
-1.43512547e-93
-2.641082069e-98
-2.900538565e-103
-1.291101438e-108
-2.253623133e-114
-2.488297444e-120
-4.533349556e-126
-1.41088941e-131
-4.18809382e-137
-1.150682598e-142
-2.88255346e-148
-6.40154959e-154
-1.267125721e-159
-2.180914288e-165
-3.050966093e-171
-3.237988054e-177
-2.450825792e-183
-1.222495014e-189
-3.611856862e-196
-5.54906503e-203
-3.884266939e-210
-1.292989413e-217
-3.930299143e-225
-6.335718289e-232
-4.371268747e-238
-4.367646585e-244
1.212039933e-12
4.611204305e-12
-1.031527944e-10
-7.213555366e-13
-4.788717756e-14
5.505746823e-12
-5.326805637e-13
-1.394727341e-13
-7.305935722e-12
2.654410196e-12
-2.353561172e-12
-6.306616373e-12
3.768632959e-12
1.765297017e-11
8.190096493e-12
1.694441824e-11
2.753126507e-11
3.551421231e-11
-1.037570696e-10
-1.472414824e-11
2.409794914e-10
-4.032517197e-10
-7.353668208e-10
-8.28426281e-10
-5.314504826e-09
-6.796259403e-10
-6.790161378e-10
-7.308917173e-10
2.475954791e-11
-1.540699263e-65
-1.758723366e-69
-1.124316627e-73
-2.804391387e-78
-2.479234458e-83
-2.180697699e-88
-2.940978181e-93
-2.901314449e-98
-1.263004331e-103
-2.216951701e-109
-2.48504986e-115
-4.621518029e-121
-1.475447509e-126
-4.516547136e-132
-1.287327448e-137
-3.368651067e-143
-7.879046497e-149
-1.661031609e-154
-3.081600675e-160
-4.711734395e-166
-5.574518717e-172
-4.821012012e-178
-2.835124542e-184
-1.02908089e-190
-2.055326103e-197
-1.995219486e-204
-1.025723043e-211
-5.64617331e-219
-1.491116665e-225
-1.202349053e-231
-1.263365531e-237
4.412722124e-12
-1.038490988e-10
6.295495943e-13
7.539353224e-13
-5.452684085e-12
-1.774227371e-11
-7.203763652e-13
-4.405203897e-12
-3.744401833e-11
3.495215376e-12
-1.624081611e-12
-5.291540822e-12
5.544147529e-12
1.640979813e-11
1.152300478e-11
1.625469167e-11
1.015593121e-11
1.027280762e-11
2.293447793e-12
4.282368601e-11
1.490134495e-10
-4.823540114e-10
-7.420573339e-10
-8.261025132e-10
6.4089566e-10
-1.480058881e-09
-7.539868853e-10
-7.150628189e-10
-6.709321979e-10
1.861305951e-12
-9.572671683e-65
-9.205733414e-69
-4.486849746e-73
-7.545840334e-78
-5.129307105e-83
-4.401555045e-88
-3.649156119e-93
-1.512626268e-98
-2.627102995e-104
-2.944909124e-110
-5.511632921e-116
-1.781310891e-121
-5.555169719e-127
-1.62464828e-132
-4.39850142e-138
-1.074777826e-143
-2.39629046e-149
-4.769368579e-155
-7.945672983e-161
-1.046110406e-166
-1.034092659e-172
-7.191470685e-179
-3.227563841e-185
-8.42333239e-192
-1.139614773e-198
-9.107283914e-206
-9.101390769e-213
-3.73288731e-219
-3.420863122e-225
-3.754660543e-231
-3.112321902e-13
3.130955531e-14
-1.428291174e-13
2.252615184e-12
4.122161637e-12
9.150989914e-16
4.279716379e-15
-4.773832493e-12
-7.081590566e-12
-5.259233192e-12
-1.184706459e-12
-4.25250543e-12
4.680873494e-12
1.613023989e-11
1.114478452e-11
1.565085913e-11
8.606314871e-12
7.48472484e-12
-1.16074818e-11
1.270244628e-11
3.321653038e-11
-3.419736838e-10
-3.411623002e-10
-7.619916909e-10
-8.017409432e-10
-3.086554713e-09
-7.196995062e-10
-6.731273174e-10
-7.147992637e-10
1.53063517e-11
-4.38569436e-60
-5.783092258e-64
-4.572227142e-68
-1.608109476e-72
-1.693300571e-77
-9.894944538e-83
-6.395059693e-88
-2.490674241e-93
-4.252065547e-99
-4.717376611e-105
-8.772229377e-111
-2.829088437e-116
-8.849444061e-122
-2.612226009e-127
-7.193977354e-133
-1.806096568e-138
-4.192542582e-144
-8.835344959e-150
-1.588010387e-155
-2.308550781e-161
-2.593663848e-167
-2.125439598e-173
-1.174578393e-179
-3.955554582e-186
-7.358912742e-193
-9.099862545e-200
-1.661904945e-206
-9.857064526e-213
-1.00357257e-218
-1.14595909e-224
1.404401032e-13
5.4482487e-14
-6.978454769e-11
6.217222783e-11
-2.436834531e-11
2.174199925e-13
-9.880797477e-14
-8.046576168e-12
-2.666003128e-12
-1.510539864e-12
9.31970715e-13
1.61289587e-11
1.986850967e-12
1.559196781e-11
1.071041827e-11
1.476190569e-11
6.810259681e-12
2.501130874e-11
-1.505985561e-11
-1.299834981e-10
-1.006688798e-10
1.707372181e-10
-4.495412515e-10
-7.69100438e-10
-8.7009754e-10
4.093660798e-11
-8.876202578e-10
-7.670269979e-10
-7.212923997e-10
-3.42909423e-10
-4.844062442e-13
-3.009677638e-59
-3.400695517e-63
-2.130351098e-67
-4.927489259e-72
-3.354875175e-77
-1.599227068e-82
-5.742151691e-88
-9.700038518e-94
-1.074409053e-99
-1.993779928e-105
-6.423765615e-111
-2.011779671e-116
-5.966540568e-122
-1.659508153e-127
-4.238719776e-133
-1.011700599e-138
-2.224043476e-144
-4.244873049e-150
-6.696304511e-156
-8.375652264e-162
-7.880554264e-168
-5.180855533e-174
-2.165830559e-180
-5.439704543e-187
-1.041078596e-193
-3.437999409e-200
-2.73456675e-206
-3.036192849e-212
-3.595554878e-218
-3.609341378e-13
-2.683508098e-13
3.934188247e-13
-8.415851348e-12
-6.165520277e-13
1.425954349e-13
-5.002975005e-13
-8.254086517e-12
3.735180907e-12
6.273293836e-13
6.158440684e-14
-8.790768372e-12
2.337606624e-13
1.490642679e-11
3.122774859e-11
1.235256727e-11
2.223307899e-12
2.424005333e-11
4.597572069e-11
-6.952858094e-11
-4.283061628e-11
1.655848607e-10
-3.908090865e-10
-3.970765956e-10
-1.528760982e-09
-5.793248835e-10
-4.564198588e-10
-7.753778797e-10
-7.19814106e-10
-7.458972437e-10
-1.718820587e-12
-1.347627838e-54
-2.035506497e-58
-1.935853804e-62
-9.047022301e-67
-1.277096331e-71
-5.663016143e-77
-1.732081145e-82
-2.872001945e-88
-3.1931774e-94
-5.973848441e-100
-1.94411666e-105
-6.16667004e-111
-1.858061541e-116
-5.27078094e-122
-1.379599973e-127
-3.392396706e-133
-7.740875774e-139
-1.549814597e-144
-2.598990707e-150
-3.511755559e-156
-3.645768921e-162
-2.733369825e-168
-1.381709839e-174
-4.726203143e-181
-1.43159755e-187
-8.049089818e-194
-7.983934968e-200
-9.496513007e-206
-1.161273357e-211
-1.542617291e-13
-4.867475072e-14
-5.044352294e-14
-6.643108022e-14
-3.547355506e-14
1.026098586e-13
-2.874397219e-13
-8.104812762e-13
6.567976441e-13
1.162659419e-12
1.364506426e-12
-9.671797693e-13
9.729920904e-13
1.42783685e-11
2.984681211e-11
1.195547714e-11
6.232630726e-13
4.223464196e-12
9.266225557e-12
2.049120527e-11
-1.944196311e-11
6.540215248e-11
-3.266217664e-10
-2.966491791e-10
-6.457112121e-10
-8.150343007e-10
-7.074747022e-11
-1.699330298e-10
-7.275095378e-10
-7.573593415e-10
5.106985484e-12
-5.348145071e-50
-1.030935997e-53
-1.357586477e-57
-1.059236387e-61
-3.406431857e-66
-2.64228949e-71
-7.151963443e-77
-1.11041276e-82
-1.22708165e-88
-2.289989063e-94
-7.472211534e-100
-2.387288409e-105
-7.278462593e-111
-2.098394059e-116
-5.609582293e-122
-1.41657627e-127
-3.340714657e-133
-6.965057661e-139
-1.227343615e-144
-1.766012824e-150
-1.99885671e-156
-1.707437476e-162
-1.064768004e-168
-5.043954587e-175
-2.510277273e-181
-2.131397473e-187
-2.459140535e-193
-3.076931409e-199
-3.861475548e-205
-8.697196437e-13
-3.963925998e-13
-9.15274106e-14
-1.708954295e-13
2.589734026e-13
-3.606973879e-13
-1.620304295e-12
-2.140809838e-12
1.045075058e-12
7.919585865e-13
9.748786623e-13
2.086086038e-14
1.197747368e-15
1.048084542e-11
5.221971197e-11
8.212210431e-12
-2.421284378e-13
5.12088142e-13
3.261533256e-12
6.821438585e-12
1.174418614e-11
-8.937259495e-12
1.794831376e-10
-4.492916448e-10
-7.606074603e-10
-8.565567024e-10
3.988790359e-10
-7.276632158e-10
-7.576603428e-10
-7.45461101e-10
-7.541142916e-10
-8.751474637e-12
-4.572733297e-49
-7.904276953e-53
-8.999273982e-57
-5.514579559e-61
-1.089721767e-65
-4.27927558e-71
-6.294600108e-77
-6.674467795e-83
-1.220793764e-88
-3.914625127e-94
-1.237647284e-99
-3.758992363e-105
-1.085501454e-110
-2.920547729e-116
-7.469488581e-122
-1.79839185e-127
-3.863884073e-133
-7.108166972e-139
-1.090133361e-144
-1.360391548e-150
-1.352958285e-156
-1.065984212e-162
-7.08531702e-169
-5.662571167e-175
-6.295137103e-181
-7.969410493e-187
-1.031746392e-192
-1.319904896e-198
-1.149668613e-13
-7.908571989e-14
-9.383954269e-14
4.915954791e-14
-7.509674253e-14
-5.258999679e-13
-3.603458713e-13
-3.868879815e-13
1.567729346e-12
1.080323368e-12
9.337875398e-13
1.118949291e-12
-3.580855816e-13
9.801827925e-12
5.065520007e-11
7.673029223e-12
-1.243614217e-12
6.349139778e-13
3.186513234e-12
1.689432568e-11
-1.565430951e-10
3.024073478e-12
1.528845612e-10
-4.082358956e-10
-2.801054097e-10
-2.64323939e-09
-6.273636592e-10
-1.412866979e-10
-7.018518727e-10
-6.924162165e-10
-7.233812852e-10
1.83005552e-11
-1.818346186e-44
-3.95702742e-48
-6.111715017e-52
-5.929092008e-56
-2.677741958e-60
-2.825666598e-65
-5.642861585e-71
-5.65471167e-77
-9.9897708e-83
-3.097189373e-88
-9.514936337e-94
-2.827380788e-99
-8.051525106e-105
-2.149861676e-110
-5.48438506e-116
-1.32836343e-121
-2.907558852e-127
-5.557471967e-133
-9.102583863e-139
-1.261355049e-144
-1.474396283e-150
-1.475692653e-156
-1.383372651e-162
-1.563912005e-168
-2.021777038e-174
-2.695668337e-180
-3.566255103e-186
-4.624874906e-192
-1.419078095e-13
-1.336148596e-13
-6.632577946e-14
-2.078927406e-14
1.88746326e-13
1.356127312e-13
2.109822855e-13
8.801144706e-13
1.011259054e-12
7.592141908e-13
1.927945222e-13
1.057096993e-12
-3.592599535e-13
9.775069231e-12
5.051154968e-11
7.612799247e-12
-5.259453591e-13
9.364433819e-13
4.056811868e-12
7.780654208e-12
-1.40302389e-10
-2.306283642e-11
1.245488322e-10
-4.877495856e-10
-2.379311508e-10
-6.002402313e-10
-7.858754372e-10
2.948574934e-10
-4.909938966e-09
-7.3703446e-10
-7.523548161e-10
-8.35463659e-10
-4.830024946e-12
-1.753646114e-43
-3.497305001e-47
-4.817685041e-51
-3.921060704e-55
-1.189891476e-59
-6.435079038e-65
-7.927699238e-71
-1.310945458e-76
-3.904692997e-82
-1.150828004e-87
-3.294584657e-93
-9.112846412e-99
-2.388937249e-104
-6.008288224e-110
-1.443866467e-115
-3.189349576e-121
-6.302744653e-127
-1.100483245e-132
-1.69351423e-138
-2.320968987e-144
-2.921728247e-150
-3.642239641e-156
-4.958180522e-162
-6.883116274e-168
-9.426119202e-174
-1.264401987e-179
-1.656636821e-185
1.588542265e-14
2.470314672e-13
1.63989386e-13
1.945635345e-13
2.017047325e-13
1.667652345e-13
3.319860959e-13
9.18937934e-13
9.184087834e-13
7.90201106e-13
1.46920119e-12
1.208853009e-12
-3.653797369e-13
9.695479878e-12
4.99441711e-11
7.574230641e-12
-6.887121969e-13
4.959023595e-13
4.907645262e-12
1.267059078e-11
-4.043864231e-11
-8.788880246e-12
9.783228932e-13
-3.507682031e-10
-4.118732214e-10
-6.940179274e-10
-4.084349599e-10
5.624991437e-10
1.151375095e-10
-7.782912599e-10
-7.167022779e-10
-7.369583685e-10
2.076334504e-11
-7.027960242e-39
-1.743245235e-42
-3.200654514e-46
-3.947275411e-50
-2.605506409e-54
-5.020501541e-59
-1.559028468e-64
-2.739785375e-70
-7.716779196e-76
-2.17808075e-81
-5.96585823e-87
-1.584118726e-92
-4.039039612e-98
-9.935336341e-104
-2.348849988e-109
-5.20923275e-115
-1.062221217e-120
-1.976216289e-126
-3.367057777e-132
-5.322456869e-138
-7.972914011e-144
-1.167423215e-149
-1.709450914e-155
-2.44148028e-161
-3.38624037e-167
-4.58429432e-173
-6.055557561e-179
2.555355971e-14
-4.490178532e-14
6.828661708e-14
2.355940151e-13
1.846461754e-13
2.079032323e-13
2.976682412e-13
7.4851949e-13
9.257958661e-13
3.341229597e-13
-1.314079985e-13
1.293038957e-12
9.567106587e-13
-8.650127492e-13
-2.396449778e-12
-2.759876148e-13
-1.039196993e-12
-3.215026551e-13
3.376326844e-12
3.846224907e-12
-3.644249558e-12
1.586909694e-12
-1.767724843e-11
1.403358678e-10
-4.703845453e-10
-2.527363116e-10
-9.68266835e-10
7.0959231e-10
4.060632967e-10
-5.781542216e-10
-6.614047067e-10
-7.467404418e-10
-4.490508945e-12
-2.589264243e-34
-7.758327111e-38
-1.811296049e-41
-3.087709507e-45
-3.425496275e-49
-1.79134425e-53
-2.332106625e-58
-7.643308144e-64
-2.13409995e-69
-5.858338207e-75
-1.555078653e-80
-3.995950765e-86
-9.926415414e-92
-2.389662876e-97
-5.56551047e-103
-1.238697796e-108
-2.599368908e-114
-5.104417654e-120
-9.381326618e-126
-1.621544853e-131
-2.651931223e-137
-4.135574365e-143
-6.206427695e-149
-8.962354505e-155
-1.250483988e-160
-1.699769409e-166
-2.254265285e-172
-1.37546821e-13
2.360374798e-14
1.495982578e-13
7.907582634e-14
1.875558633e-13
3.404520568e-13
7.41580785e-13
1.04428855e-12
1.055199218e-12
-2.930526822e-13
8.712324316e-13
1.134745933e-12
1.008356933e-12
1.103689813e-12
-2.635921239e-13
-1.175697608e-13
-6.586895905e-13
-2.219563942e-12
3.385590296e-12
3.303229342e-12
-5.429145637e-12
-1.176420713e-11
1.568239395e-11
1.128394284e-10
-5.094542399e-10
-2.72984166e-10
-5.284061522e-10
-8.61666294e-10
3.341739866e-10
7.842421152e-11
-7.959792783e-10
-7.428806517e-10
-7.561852788e-10
-4.862412681e-12
-3.144197117e-33
-9.021495721e-37
-2.010536354e-40
-3.251187551e-44
-3.33315778e-48
-1.579559778e-52
-2.032818126e-57
-7.004834903e-63
-1.911672203e-68
-5.016767395e-74
-1.27270335e-79
-3.122093309e-85
-7.423496023e-91
-1.713138356e-96
-3.821231692e-102
-8.165172883e-108
-1.655360733e-113
-3.164443969e-119
-5.693146127e-125
-9.645589988e-131
-1.542821049e-136
-2.343411151e-142
-3.403684061e-148
-4.755549969e-154
-6.436256802e-160
-8.485907341e-166
2.066839787e-14
-3.063412251e-15
1.768143845e-15
1.067841337e-14
4.027450753e-13
7.488782874e-13
1.058952813e-12
9.963813038e-13
1.73717178e-13
-1.808402757e-12
2.993813916e-13
1.223189893e-12
1.082951046e-12
9.842180564e-13
2.83648689e-12
-4.905717364e-13
-2.377485728e-12
-1.112095571e-12
3.336896192e-12
3.095974925e-12
-4.725304413e-12
9.552358734e-12
8.124169605e-12
4.608544929e-11
-3.514952596e-10
-3.316908135e-10
-6.104100669e-10
-7.896697995e-10
8.265618369e-10
-3.756167237e-11
-7.852512006e-10
-7.241599055e-10
-7.311846998e-10
2.332573368e-11
-4.414071833e-33
-1.404279312e-36
-3.57159063e-40
-6.903709015e-44
-9.334400795e-48
-7.234894786e-52
-2.096000236e-56
-1.329406958e-61
-3.574969304e-67
-9.003533875e-73
-2.185725243e-78
-5.106932331e-84
-1.153131095e-89
-2.522067253e-95
-5.331514287e-101
-1.08410553e-106
-2.107237058e-112
-3.894243722e-118
-6.820140623e-124
-1.131156298e-129
-1.782193176e-135
-2.685119562e-141
-3.897325825e-147
-5.491673222e-153
-7.587119744e-159
-1.04075926e-164
1.43232791e-14
1.214966099e-14
-6.669994215e-14
1.808114817e-13
-1.746567836e-13
8.733056727e-13
1.072243243e-12
1.246883661e-12
1.07077591e-13
1.118306955e-12
1.181775112e-12
1.087459627e-12
1.106926639e-12
1.123521462e-12
-6.826436128e-13
1.318252655e-12
-2.530344452e-12
-8.583857218e-13
3.323782812e-12
3.332483282e-12
-8.065990173e-12
-5.910785927e-12
-3.338757026e-12
6.575952931e-12
-3.588026881e-10
-3.572674672e-10
-3.548054551e-10
-1.333991168e-09
-1.029970596e-10
2.422454055e-10
-5.809029268e-10
-6.182589788e-10
-6.764725181e-10
-4.749354018e-10
1.918653112e-12
-2.190266881e-36
-6.220456794e-40
-1.388429791e-43
-2.289041742e-47
-2.485289086e-51
-1.329831892e-55
-2.03055784e-60
-6.887178685e-66
-1.707969213e-71
-4.044298462e-77
-9.204625091e-83
-2.025143692e-88
-4.315120278e-94
-8.880255396e-100
-1.758671122e-105
-3.337907824e-111
-6.054903055e-117
-1.05078728e-122
-1.752948731e-128
-2.832938329e-134
-4.481353989e-140
-7.007948128e-146
-1.089471366e-151
-1.685582631e-157
-2.593403169e-163
5.480186283e-14
6.595586054e-14
3.764840269e-13
7.565740362e-13
1.048647e-12
1.102391647e-12
1.083182859e-12
-9.402056338e-14
-4.830472373e-13
3.473001423e-13
1.291198969e-12
1.211388397e-12
1.449993795e-12
-1.750142854e-12
-2.993131825e-12
-2.723531958e-12
-2.319911901e-12
-9.510636226e-13
3.336231301e-12
2.918020387e-12
3.634528114e-12
1.005444933e-11
-1.320080753e-11
-1.766624522e-11
1.31554614e-10
-5.014172641e-10
-2.951795688e-10
-4.815716255e-10
-1.17767203e-09
-1.119616506e-10
-1.249491953e-10
-7.807201576e-10
-7.152050397e-10
-7.215167042e-10
1.601534019e-11
-3.713324094e-33
-1.16769875e-36
-2.966474625e-40
-5.818591511e-44
-8.189716315e-48
-7.058567916e-52
-2.563712571e-56
-2.201211171e-61
-6.353629273e-67
-1.570623558e-72
-3.616675832e-78
-7.934420672e-84
-1.679449399e-89
-3.438742688e-95
-6.832189159e-101
-1.324693582e-106
-2.525632661e-112
-4.788640565e-118
-9.099115905e-124
-1.730483559e-129
-3.264986831e-135
-6.035905494e-141
-1.086125168e-146
-1.900359991e-152
-3.234723596e-158
8.831263689e-14
1.623715441e-13
8.074732576e-13
1.092004793e-12
1.123228827e-12
1.114576407e-12
-9.948902658e-14
-4.254425116e-13
-7.446949841e-13
1.438211378e-12
1.095138978e-12
1.128774459e-12
1.317559282e-12
7.488019403e-11
1.295846955e-12
-2.767186898e-12
-2.332655492e-12
-1.049107025e-12
3.38749603e-12
3.32259252e-12
-7.515525099e-12
6.020579305e-12
-3.276886589e-11
9.049859465e-12
1.120072745e-10
-5.092863095e-10
-2.821819725e-10
-5.373587803e-10
-8.950176129e-10
9.909006763e-10
-1.843732323e-11
-7.851831086e-10
-7.171897046e-10
-7.216046053e-10
3.049484007e-11
-4.994477956e-33
-1.711907832e-36
-4.841533179e-40
-1.091297059e-43
-1.861215495e-47
-2.19985685e-51
-1.451551631e-55
-3.46715065e-60
-2.092338544e-65
-7.081041388e-71
-2.032911951e-76
-5.137570906e-82
-1.227602953e-87
-2.871932143e-93
-6.757322968e-99
-1.627677304e-104
-3.999179029e-110
-9.829340074e-116
-2.372432152e-121
-5.550852281e-127
-1.24528058e-132
-2.661639522e-138
-5.409113325e-144
-1.045590502e-149
-1.931520066e-155
8.725551716e-13
9.802236966e-13
1.109804393e-12
1.131767904e-12
1.132220209e-12
-9.975432358e-14
-2.89877038e-13
-3.899577987e-13
3.326991865e-13
1.285295977e-12
1.171254899e-12
1.466878957e-12
-2.045263882e-12
-2.108838426e-12
-2.995298253e-13
-2.897332591e-12
-2.382248593e-12
-1.2104356e-12
3.391610644e-12
3.440170227e-12
-3.681876032e-12
1.279967045e-12
-1.215068553e-11
7.99188456e-12
1.129861271e-10
-5.121840036e-10
-2.706918968e-10
-4.787890507e-10
-1.042740973e-09
1.507169482e-09
-4.996326718e-11
-7.190473836e-10
-6.439697121e-10
-6.722455508e-10
-5.18017926e-10
1.567155831e-11
-2.521745706e-36
-7.791328116e-40
-1.963119393e-43
-3.877891975e-47
-5.652389032e-51
-5.432056636e-55
-2.675500101e-59
-4.684513334e-64
-3.138637037e-69
-1.541486154e-74
-6.325370494e-80
-2.276791546e-85
-7.696453732e-91
-2.531735064e-96
-8.235795594e-102
-2.629087382e-107
-8.095690587e-113
-2.371078168e-118
-6.523523782e-124
-1.671824658e-129
-3.990725074e-135
-8.883867359e-141
-1.848049589e-146
-3.628403293e-152
1.097433913e-12
1.134357816e-12
1.180130165e-12
1.139756376e-12
-7.748360256e-14
-2.882844479e-13
-4.689026415e-13
-2.030183488e-12
1.449120083e-12
1.115908317e-12
1.095105445e-12
1.113751479e-12
1.142097221e-12
-2.501767456e-12
-1.971204663e-12
-2.827084077e-12
-2.221860843e-12
-8.222038449e-13
3.388348201e-12
3.527914826e-12
-4.179996591e-12
-3.276040977e-12
2.158699056e-11
7.930299408e-12
4.290159063e-11
-3.629636777e-10
-3.422160836e-10
-5.011976555e-10
-7.902357653e-10
1.354797023e-09
-8.138475596e-12
-3.874874375e-09
-7.393112015e-10
-7.051125113e-10
-7.178625631e-10
2.445091076e-11
-4.081050144e-33
-1.366784624e-36
-3.799614481e-40
-8.496227407e-44
-1.460578028e-47
-1.79929071e-51
-1.359887855e-55
-4.693093124e-60
-5.910269073e-65
-4.097167488e-70
-2.35507495e-75
-1.181186297e-80
-5.304959479e-86
-2.210874456e-91
-8.774653785e-97
-3.32171837e-102
-1.185287922e-107
-3.938700451e-113
-1.205357848e-118
-3.371044089e-124
-8.628773275e-130
-2.032945986e-135
-4.428763288e-141
-9.031616613e-147
1.129444163e-12
1.10372767e-12
-2.159972147e-13
-1.902937903e-13
-2.745112371e-13
-3.935331331e-13
-1.651742548e-12
7.489322467e-14
1.341450986e-12
1.178268832e-12
1.303591779e-12
2.923911098e-13
1.853659959e-13
-1.624887387e-12
-2.942136288e-12
-2.728137217e-12
-2.054308286e-12
-1.296045475e-12
3.406113873e-12
3.522120488e-12
-4.81824565e-12
-1.693527957e-12
-3.039469697e-11
6.969546483e-12
6.518158288e-12
-3.889851671e-10
-4.522872673e-10
-3.061403203e-10
-5.438753147e-10
6.591652831e-11
-4.073499918e-11
-1.746938481e-11
-7.879818072e-10
-7.187304645e-10
-7.199096706e-10
3.386654341e-11
-5.225482909e-33
-1.871684483e-36
-5.640627749e-40
-1.393130394e-43
-2.71908142e-47
-3.974144011e-51
-3.973585141e-55
-2.259751518e-59
-5.61757577e-64
-6.149171536e-69
-4.685954258e-74
-2.982679879e-79
-1.634468302e-84
-8.046043079e-90
-3.653811107e-95
-1.549388136e-100
-6.104540977e-106
-2.214533621e-111
-7.327278488e-117
-2.191066928e-122
-5.930344173e-128
-1.463527673e-133
-3.307988605e-139
-6.947619449e-145
-2.226847634e-13
-1.96544552e-13
-2.325199908e-13
-2.494788226e-13
-3.919893168e-13
-1.314678147e-12
2.120836839e-13
1.342582334e-12
1.13599971e-12
1.216076353e-12
6.638757067e-13
-2.081654419e-12
-2.77386862e-12
-1.415807581e-12
-2.897509804e-12
-2.771412383e-12
-1.864965161e-12
4.78143311e-13
3.603568907e-12
3.343832478e-12
1.79190271e-12
-6.453770209e-13
-4.283966662e-11
7.125797695e-12
7.318118814e-12
1.254600417e-10
-5.204026512e-10
-3.129225368e-10
-5.777908579e-10
8.450772774e-10
1.478602317e-10
-7.909871947e-11
-7.313715043e-10
-6.539106724e-10
-6.713180885e-10
-5.145960663e-10
1.890675331e-11
-2.582017478e-36
-8.31585512e-40
-2.22642793e-43
-4.806864871e-47
-8.018021421e-51
-9.687967246e-55
-7.41141719e-59
-2.805846716e-63
-4.424391091e-68
-3.948166381e-73
-2.84197486e-78
-1.760539261e-83
-9.524179086e-89
-4.653119247e-94
-2.089511701e-99
-8.646702485e-105
-3.287785075e-110
-1.138646139e-115
-3.546300239e-121
-9.921241352e-127
-2.5080426e-132
-5.763685898e-138
-1.226329255e-143
-2.221925457e-13
-2.370114791e-13
-2.224167611e-13
-4.48877891e-13
-1.768035785e-12
1.326144328e-13
1.344819335e-12
1.112092566e-12
1.090273169e-12
1.147715597e-12
2.411189492e-13
1.403417094e-13
-2.001996005e-12
-1.932528599e-12
-2.834928307e-12
-2.709944143e-12
-1.862598688e-12
1.068854978e-12
3.573579952e-12
3.32236431e-12
1.691935446e-12
-3.853587087e-13
-4.126233034e-11
-1.544679373e-11
8.275779751e-12
1.090419272e-10
-5.252166819e-10
-3.119088885e-10
-5.516851933e-10
-1.468300723e-09
7.691406068e-10
-2.31013227e-10
-1.11357746e-09
-6.52502975e-10
-7.043038684e-10
-7.163351569e-10
2.736769455e-11
-4.030950171e-33
-1.38360235e-36
-3.996874798e-40
-9.468071299e-44
-1.774894479e-47
-2.499495694e-51
-2.428719444e-55
-1.370199679e-59
-3.500838201e-64
-4.009406451e-69
-3.115858436e-74
-2.016400661e-79
-1.128996547e-84
-5.650537186e-90
-2.56393082e-95
-1.061314812e-100
-4.034294881e-106
-1.400123741e-111
-4.377163091e-117
-1.231452282e-122
-3.140025583e-128
-7.289021298e-134
-1.565882266e-139
-2.11439664e-13
-3.110387671e-13
-4.856617787e-13
-1.992248069e-12
-1.108803035e-13
1.352956591e-12
1.085920373e-12
1.080195084e-12
1.307927007e-12
-1.555400249e-12
-3.598244584e-12
-2.652351137e-12
-1.400929844e-12
-2.737428918e-12
-2.78966989e-12
-2.611966308e-12
-1.799743739e-12
9.109849307e-13
3.527753918e-12
3.406378569e-12
-4.009643589e-12
-7.909165639e-13
-2.591687576e-11
-1.644575552e-11
8.518225134e-12
1.101055202e-10
-5.279833396e-10
-3.089793301e-10
-5.790739736e-10
-8.723248252e-10
5.580118541e-10
-6.977531682e-12
-1.115290209e-10
-7.861740105e-10
-7.203775471e-10
-7.23245309e-10
3.100013807e-11
-4.930257606e-33
-1.784437656e-36
-5.488449933e-40
-1.402252052e-43
-2.886533075e-47
-4.586068094e-51
-5.271235628e-55
-3.808279434e-59
-1.340822741e-63
-1.942901144e-68
-1.576579918e-73
-1.019291411e-78
-5.734907207e-84
-2.886511848e-89
-1.31627974e-94
-5.451485039e-100
-2.065629376e-105
-7.14366256e-111
-2.228357591e-116
-6.268955191e-122
-1.60195056e-127
-3.733326969e-133
-8.065926156e-139
-4.620291213e-13
-1.935914046e-12
-1.309656944e-12
4.664378892e-13
1.286603943e-12
1.067723359e-12
1.036365699e-12
1.053461032e-12
1.199948411e-12
-1.160011714e-12
1.340437879e-13
-2.231559676e-12
-1.801161416e-12
-2.722545657e-12
-2.742326497e-12
-2.453167535e-12
-1.700102907e-12
1.541206841e-12
3.609259658e-12
1.741284241e-12
-4.135226346e-12
-3.4363988e-12
3.343388745e-11
3.438020513e-11
6.844508847e-12
8.51654889e-11
-4.61369423e-10
-3.511878078e-10
-5.641692624e-10
2.407422613e-09
-2.766939108e-10
2.503002098e-11
-1.319883123e-10
-7.390411556e-10
-6.823400393e-10
-6.88170964e-10
-2.063758379e-10
-5.939160356e-33
-2.257566225e-36
-7.357591722e-40
-2.015242581e-43
-4.518554704e-47
-7.998913523e-51
-1.059656287e-54
-9.587416408e-59
-4.870995801e-63
-1.044272102e-67
-9.549422489e-73
-6.110273893e-78
-3.372139157e-83
-1.676487079e-88
-7.624651655e-94
-3.17284874e-99
-1.202793491e-104
-4.14443773e-110
-1.291192769e-115
-3.648109514e-121
-9.410941056e-127
-2.220180508e-132
-4.866558995e-138
-1.123139065e-12
4.934622952e-13
1.328090018e-12
1.149032145e-12
1.11580298e-12
1.120738427e-12
1.155184428e-12
1.431182203e-12
-1.290140795e-12
-1.38109939e-13
-2.510480051e-12
-1.23846612e-12
-2.643340065e-12
-2.761898874e-12
-2.684250019e-12
-2.514762719e-12
1.470008972e-12
1.26935063e-12
3.264892837e-12
-1.250994455e-12
1.469868402e-12
-2.24439653e-12
1.090655937e-11
3.866893333e-11
7.179986093e-12
9.285277808e-12
-2.688708793e-10
-4.003134201e-10
-3.286296747e-10
-5.666797155e-10
-9.910364449e-10
-5.477182489e-11
4.273335307e-10
-5.52771744e-10
-6.305760195e-10
-7.014884839e-10
-7.177575073e-10
1.109844455e-11
-2.859494039e-36
-9.740299074e-40
-2.810884569e-43
-6.709680417e-47
-1.281896223e-50
-1.866450434e-54
-1.912880101e-58
-1.160327064e-62
-3.103826516e-67
-3.19823338e-72
-1.986912815e-77
-1.053063112e-82
-5.116328502e-88
-2.307293482e-93
-9.673927743e-99
-3.713589462e-104
-1.28994726e-109
-4.052603203e-115
-1.156827039e-120
-3.017671088e-126
-7.202044561e-132
-1.597036023e-137
1.301940385e-12
1.162381336e-12
1.129004219e-12
1.123970899e-12
1.127151414e-12
1.142218889e-12
1.253379729e-12
-4.705716331e-13
3.045787531e-13
2.245665863e-12
-2.356620302e-12
-1.784053171e-12
-2.710589435e-12
-2.719693644e-12
-2.610066415e-12
-2.245829993e-12
1.464259926e-12
2.09413241e-12
3.482051947e-12
1.824807904e-12
8.507302344e-13
-1.851198256e-12
1.632932116e-11
3.908100462e-11
8.184141213e-12
5.244672961e-12
-3.984224659e-10
-4.446504708e-10
-3.213824885e-10
-5.366457719e-10
-3.398945261e-12
4.882424765e-11
-1.969477463e-10
-1.01062271e-09
-6.511373014e-10
-7.17570419e-10
-7.260621011e-10
2.484948206e-11
-4.42847037e-33
-1.599793627e-36
-4.950546991e-40
-1.286033356e-43
-2.730427709e-47
-4.564280144e-51
-5.669844019e-55
-4.671211441e-59
-1.985572952e-63
-3.063291734e-68
-1.872380877e-73
-8.732375818e-79
-3.793123738e-84
-1.57300127e-89
-6.212782609e-95
-2.314833561e-100
-8.003164184e-106
-2.536724544e-111
-7.364496967e-117
-1.966277398e-122
-4.839589535e-128
-1.112587403e-133
)
;

boundaryField
{
    inletCH4
    {
        type            calculated;
        value           uniform 0;
    }
    wallOutside
    {
        type            calculated;
        value           nonuniform List<scalar> 
70
(
0
0
0
0
0
0
0
0
0
0
0
0
0
0
0
0
0
0
0
0
0
0
0
0
0
0
0
0
0
0
0
0
0
0
0
0
0
0
0
0
0
0
0
-1.554193273e-250
-4.367646585e-244
-1.263365531e-237
-3.754660543e-231
-1.14595909e-224
-3.595554878e-218
-1.161273357e-211
-3.861475548e-205
-1.319904896e-198
-4.624874906e-192
-1.656636821e-185
-6.055557561e-179
-2.254265285e-172
-8.485907341e-166
-1.04075926e-164
-2.593403169e-163
-3.234723596e-158
-1.931520066e-155
-3.628403293e-152
-9.031616613e-147
-6.947619449e-145
-1.226329255e-143
-1.565882266e-139
-8.065926156e-139
-4.866558995e-138
-1.597036023e-137
-1.112587403e-133
)
;
    }
    wallTube
    {
        type            calculated;
        value           nonuniform List<scalar> 
61
(
-1.175015631e-50
-1.184825947e-50
-1.184968338e-50
-1.185026101e-50
-1.185082305e-50
-1.185134488e-50
-1.185183506e-50
-1.198355057e-50
-9.614204412e-48
-7.003015081e-43
-5.109546814e-38
-3.73497653e-33
-2.738569978e-28
-2.016045563e-23
-1.49020791e-18
-1.105921574e-13
-1.114444316e-13
-1.114512052e-13
-1.182691026e-13
1.395390821e-09
4.052189357e-08
-2.80550237e-16
-2.477695555e-16
-3.733949932e-17
-8.903010873e-18
-5.511605675e-18
-1.843490869e-15
-7.97329744e-13
6.822497605e-10
-9.605355622e-11
-6.243834355e-11
5.816448595e-11
-6.740493784e-12
2.110534429e-12
-2.9762436e-12
-2.306132882e-12
-3.938609744e-13
-4.130173078e-14
-3.243358374e-13
3.163701243e-13
-1.579548704e-11
-3.264476073e-16
-2.450055678e-16
-3.322530957e-17
7.674933698e-18
1.591868403e-15
-1.837973668e-12
-2.10253094e-10
-5.07124315e-11
-8.216340665e-11
-8.814288607e-12
-3.17642889e-12
2.419127933e-12
-3.976864238e-12
-8.532593373e-13
-2.635196427e-13
-3.932764537e-13
-6.547945313e-13
-8.884434983e-13
-9.728103474e-13
-4.966160819e-13
)
;
    }
    inletPilot
    {
        type            calculated;
        value           uniform 0;
    }
    inletAir
    {
        type            calculated;
        value           uniform 0;
    }
    outlet
    {
        type            calculated;
        value           nonuniform List<scalar> 
71
(
-1.678490041e-12
-1.686980108e-12
-1.674368646e-12
-1.628645286e-12
-1.584194793e-12
-1.478914322e-12
-1.79471554e-12
-1.985260907e-12
-1.259791171e-12
-9.276601814e-14
8.517841373e-13
1.283757972e-12
1.125491098e-12
1.089326494e-12
1.084859286e-12
1.092170373e-12
1.108654579e-12
1.206653703e-12
-4.063923084e-13
3.024384499e-13
2.242189664e-12
-2.348070945e-12
-1.793408913e-12
-2.710075461e-12
-2.712448971e-12
-2.59749657e-12
-2.238559175e-12
1.476845198e-12
2.095390914e-12
3.468925884e-12
1.818498141e-12
8.454097153e-13
-1.863673486e-12
1.632358428e-11
3.907968318e-11
8.183278583e-12
5.241000942e-12
-3.984194431e-10
-4.446497377e-10
-3.213765835e-10
-5.36643958e-10
-3.406566328e-12
4.882948668e-11
-1.969433327e-10
-1.010619673e-09
-6.511366472e-10
-7.175684071e-10
-7.260479068e-10
2.485001211e-11
-4.428462662e-33
-1.59979087e-36
-4.950538559e-40
-1.286031193e-43
-2.730423169e-47
-4.564272642e-51
-5.669834728e-55
-4.671203932e-59
-1.985569661e-63
-3.063286786e-68
-1.872377979e-73
-8.732362369e-79
-3.793117996e-84
-1.572998922e-89
-6.212773441e-95
-2.314830174e-100
-8.003152536e-106
-2.536720856e-111
-7.364486238e-117
-1.966274565e-122
-4.839582609e-128
-1.112585781e-133
)
;
    }
    axis
    {
        type            empty;
    }
    frontAndBack_pos
    {
        type            wedge;
    }
    frontAndBack_neg
    {
        type            wedge;
    }
}


// ************************************************************************* //
