/*--------------------------------*- C++ -*----------------------------------*\
  =========                 |
  \\      /  F ield         | OpenFOAM: The Open Source CFD Toolbox
   \\    /   O peration     | Website:  https://openfoam.org
    \\  /    A nd           | Version:  10
     \\/     M anipulation  |
\*---------------------------------------------------------------------------*/
FoamFile
{
    format      ascii;
    class       volScalarField;
    location    "0.02499901733";
    object      ddt0(rho,HCCOH);
}
// * * * * * * * * * * * * * * * * * * * * * * * * * * * * * * * * * * * * * //

dimensions      [1 -3 -1 0 0 0 0];

internalField   nonuniform List<scalar> 
5170
(
-6.794819892e-83
-6.795349414e-83
-6.795779503e-83
-6.797163227e-83
-6.801514104e-83
-6.850818805e-83
-6.851464096e-83
-6.852392023e-83
-6.854098907e-83
-6.858300583e-83
-6.851136389e-83
-6.851888931e-83
-6.853195387e-83
-6.854989158e-83
-6.859124809e-83
-6.851023996e-83
-6.851930379e-83
-6.85349951e-83
-6.855266066e-83
-6.859459166e-83
-6.850986218e-83
-6.852045961e-83
-6.85378353e-83
-6.855473332e-83
-6.859823406e-83
-6.850955496e-83
-6.852158611e-83
-6.854085452e-83
-6.863123814e-83
-9.853773596e-83
-6.859859752e-83
-7.08726427e-83
-1.187308099e-82
-5.578751367e-81
-2.242963846e-78
-3.53709782e-81
-1.056733167e-79
-2.990967687e-78
-4.175909674e-76
-1.654270564e-73
-1.386088599e-76
-4.950738682e-75
-1.897306913e-73
-3.265404403e-71
-1.210062854e-68
-5.661499997e-72
-2.416526821e-70
-1.268358407e-68
-2.622620837e-66
-8.825013407e-64
-2.36084426e-67
-1.223104248e-65
-8.806303173e-64
-2.148079732e-61
-6.438915151e-59
-1.002592569e-62
-6.381664862e-61
-6.280830878e-59
-1.773059319e-56
-4.706718196e-54
-4.314565992e-58
-3.405332964e-56
-4.520631731e-54
-1.457251022e-51
-3.451073131e-49
-1.870974224e-53
-1.838830965e-51
-3.236600189e-49
-1.175003313e-46
-2.540567058e-44
-8.092168616e-49
-9.947183981e-47
-2.273059576e-44
-9.165363904e-42
-1.877920418e-39
-3.460462331e-44
-5.321769594e-42
-1.546844084e-39
-6.830381952e-37
-1.393652987e-34
-1.433053313e-39
-2.767088113e-37
-1.002482545e-34
1.481993558e-17
-8.467531545e-16
-1.003739038e-15
6.945383622e-16
-1.851188156e-15
-7.182121092e-16
2.169389211e-15
2.84413944e-15
2.706046149e-14
-1.097153946e-14
-7.048842963e-14
-2.694939493e-13
-7.860467501e-14
-4.797553012e-13
-4.448647632e-12
-3.382332135e-11
-1.474055503e-10
-2.727638778e-10
-1.536387021e-10
1.775982602e-10
-9.918521026e-11
3.130323984e-10
-2.652527753e-10
-2.636344013e-10
3.768266233e-10
4.715879271e-10
-6.205482839e-11
-7.081522671e-11
-8.147435915e-11
1.97910636e-10
-1.616599053e-10
-5.077378924e-11
-4.393857762e-11
-1.185862146e-11
1.963713749e-13
-4.033297812e-11
1.961442191e-12
-2.318581315e-11
1.07992964e-11
6.289484192e-12
-1.331083335e-12
4.249764681e-11
1.347570432e-09
1.867707184e-12
5.421538347e-11
1.496638395e-10
-4.613645455e-09
-1.9411665e-08
-4.673336893e-10
-2.548996337e-08
3.34200594e-08
-1.018326028e-06
3.701347407e-06
1.13690825e-07
-2.713597882e-08
-1.092245063e-06
8.570016086e-07
7.172147687e-07
-1.029934996e-06
-3.905951858e-07
-2.077528116e-07
-9.691061078e-07
-7.245762718e-07
-2.322562919e-07
-3.058406053e-07
-1.861888797e-06
8.407655552e-07
9.63106642e-07
-7.944043418e-07
-8.969542605e-07
-1.149889225e-06
-9.237591954e-08
-4.746635169e-08
-1.276324151e-06
-1.364572768e-06
8.547194016e-07
-4.155625964e-08
2.578252423e-08
-1.005972714e-07
8.387136134e-07
-1.900444953e-07
-1.018521387e-07
-8.040684641e-08
-3.956503677e-08
-1.663421591e-07
-3.80449475e-08
-8.127047548e-08
-8.643002296e-08
-2.98655156e-08
-3.427267738e-08
-6.513417934e-08
-7.056533162e-08
-7.544412264e-08
-6.990298491e-08
-6.31627411e-08
-6.880104693e-08
-6.44216494e-08
-7.106439174e-08
-6.99560131e-08
-6.807239372e-08
-6.37311025e-08
-6.109448844e-08
-7.032606445e-08
-6.714591456e-08
-6.608425006e-08
-6.420065421e-08
-6.139756293e-08
-6.821751922e-08
-6.900219315e-08
-6.856859673e-08
-6.6727102e-08
-6.658519562e-08
-6.345589633e-08
-1.109682835e-06
-6.710198819e-08
-7.188373221e-08
-4.334995186e-08
-3.976900245e-12
-3.369202033e-11
-5.028355299e-10
-6.603738066e-09
-5.457348009e-08
-1.690318277e-10
-1.118287062e-09
-1.678361183e-08
-2.274737773e-07
-1.403491563e-06
-9.069074135e-10
-6.539196175e-09
-6.811529538e-08
-6.253078781e-07
-2.50882438e-06
-2.586854741e-09
-1.43659607e-08
-1.306840238e-07
-8.90243992e-07
-2.451284489e-06
-8.482306922e-09
-6.074022905e-08
-4.242589127e-07
-1.355051189e-06
-2.122319784e-06
-1.429248374e-08
-1.246040852e-07
-7.95807966e-07
-1.824623878e-06
-2.351310567e-06
-1.920036656e-10
-5.293265024e-08
-6.530692817e-07
-1.598559667e-06
-2.713545953e-06
4.854910108e-08
1.096213004e-07
-1.106921579e-07
-9.627047622e-07
-1.931109843e-06
1.217807752e-07
3.149844272e-07
3.185501562e-07
-1.270525771e-07
-4.283335762e-07
2.129387763e-07
4.881647003e-07
5.634228995e-07
5.579623432e-08
-2.845723467e-07
2.28933977e-07
2.783188553e-07
3.464052219e-07
3.370911844e-07
2.074698839e-07
1.107856018e-08
3.952443703e-07
7.314735603e-07
1.155159358e-06
1.149975784e-06
1.294348304e-06
1.022866063e-06
8.851535153e-07
9.605188153e-07
1.938806257e-06
-6.782354496e-07
-4.02501388e-09
8.420010539e-07
1.393565266e-06
1.068897818e-06
1.433647551e-07
6.580934123e-07
1.048036912e-06
1.511389028e-06
1.493444752e-06
-6.345777881e-07
-2.137344535e-07
1.351365349e-06
3.772616026e-06
6.082365925e-06
2.749456132e-06
4.491915332e-06
7.558027171e-06
1.154083552e-05
1.651397165e-05
1.364270952e-05
1.674889905e-05
2.374818829e-05
3.486791124e-05
5.147345933e-05
2.589517902e-05
3.011865638e-05
4.031884015e-05
5.626055891e-05
7.621551752e-05
3.590260447e-05
4.068147526e-05
5.099616736e-05
6.582712839e-05
8.235316622e-05
4.140084052e-05
4.510950182e-05
5.137771637e-05
5.887090462e-05
6.690948667e-05
3.919976698e-05
4.034699805e-05
4.200819282e-05
4.385278485e-05
4.525183699e-05
3.223044763e-05
3.212310243e-05
3.20952685e-05
3.190505487e-05
3.121252109e-05
2.794660216e-05
2.770184024e-05
2.732319492e-05
2.683028264e-05
2.564175768e-05
2.734392344e-05
2.717728182e-05
2.685630588e-05
2.633071079e-05
2.560568407e-05
2.819227227e-05
2.815790129e-05
2.788347268e-05
2.756266971e-05
2.703444902e-05
2.805826524e-05
2.78952122e-05
2.768813893e-05
2.735766419e-05
2.680027848e-05
2.54208277e-05
2.540703023e-05
2.514273608e-05
2.480567329e-05
2.432871268e-05
2.132826893e-05
2.129168092e-05
2.106383736e-05
2.07524139e-05
2.035893822e-05
1.692514782e-05
1.683615589e-05
1.668052538e-05
1.642914288e-05
1.609059528e-05
1.29430486e-05
1.290824302e-05
1.27762056e-05
1.259244434e-05
1.233045432e-05
9.716466613e-06
9.677615439e-06
9.592365226e-06
9.448881237e-06
9.285379203e-06
7.11552184e-06
7.097981403e-06
7.036260883e-06
6.935429283e-06
6.81512049e-06
5.05278846e-06
5.037214933e-06
4.993141284e-06
4.927841521e-06
4.842819849e-06
3.439950834e-06
3.426935223e-06
3.400388401e-06
3.358544311e-06
3.301175262e-06
2.233709222e-06
2.228127172e-06
2.212117237e-06
2.184762673e-06
2.152516554e-06
1.387189118e-06
1.382887666e-06
1.373943558e-06
1.35884845e-06
1.33932111e-06
8.234702115e-07
8.213654918e-07
8.165419929e-07
8.081963829e-07
7.976551566e-07
4.678515176e-07
4.672831932e-07
4.646364655e-07
4.603268619e-07
4.54407149e-07
2.547783285e-07
2.542068381e-07
2.529268612e-07
2.509738332e-07
2.479643991e-07
1.323518812e-07
1.321137213e-07
1.315475024e-07
1.306066192e-07
1.292490153e-07
6.548074823e-08
6.541081209e-08
6.517533255e-08
6.475081767e-08
6.419602708e-08
3.080095744e-08
3.077243632e-08
3.068198725e-08
3.051538106e-08
3.02862524e-08
1.373671684e-08
1.373085903e-08
1.370153976e-08
1.363850192e-08
1.355772137e-08
5.802697519e-09
5.803305368e-09
5.794563475e-09
5.775055482e-09
5.74605939e-09
2.320057069e-09
2.321004624e-09
2.319335373e-09
2.314324433e-09
2.30631388e-09
8.774598181e-10
8.781950576e-10
8.783240289e-10
8.775063219e-10
8.75789446e-10
3.139659764e-10
3.143507358e-10
3.146774039e-10
3.147804868e-10
3.147216787e-10
1.06293218e-10
1.064741038e-10
1.06688182e-10
1.06859653e-10
1.07022624e-10
3.403811924e-11
3.411462948e-11
3.421617401e-11
3.431793667e-11
3.443043559e-11
1.000943836e-11
1.003372529e-11
1.007019328e-11
1.011153657e-11
1.01610354e-11
2.870955637e-12
2.880275145e-12
2.894216552e-12
2.910282288e-12
2.929810458e-12
7.811659478e-13
7.840494266e-13
7.88709887e-13
7.944179661e-13
8.012114175e-13
2.016281889e-13
2.02517959e-13
2.039547503e-13
2.057321761e-13
2.079493515e-13
4.94060061e-14
4.964851927e-14
5.006016707e-14
5.057754351e-14
5.122811889e-14
1.148815759e-14
1.155192976e-14
1.166021087e-14
1.180100817e-14
1.197551777e-14
2.530586713e-15
2.546340146e-15
2.573242462e-15
2.608587477e-15
2.653404306e-15
5.253138504e-16
5.290218814e-16
5.354111747e-16
5.437484605e-16
5.538880728e-16
1.004909198e-16
1.014069737e-16
1.030605698e-16
1.052741913e-16
1.074779754e-16
1.86486591e-17
1.881096502e-17
1.910004634e-17
1.949855759e-17
2.000523385e-17
3.151451976e-18
3.179440759e-18
3.229171887e-18
3.29616878e-18
3.381069632e-18
4.697179616e-19
4.743831066e-19
4.82483904e-19
4.92928042e-19
5.047785662e-19
5.534198088e-20
5.515134222e-20
5.477266277e-20
5.133624761e-20
4.032086685e-20
-6.973302516e-21
-1.601005704e-21
-1.512098415e-21
-1.637366567e-21
-1.633522275e-21
4.538507503e-26
3.967684774e-26
1.949178142e-26
-1.532255112e-26
-1.72457803e-26
2.737406188e-26
2.834140288e-26
2.743512567e-26
2.403139145e-26
4.002711463e-27
-3.919754308e-26
-4.010192384e-26
-8.646850633e-27
2.817009299e-26
1.883478436e-26
-1.15074688e-25
-1.942122776e-25
1.552999592e-26
1.154037021e-25
1.104046042e-25
-2.386869121e-25
-2.44504084e-25
-2.410330746e-25
-1.903113849e-25
-3.087410523e-25
-1.933212296e-27
7.766808465e-27
9.513925081e-27
7.739641558e-27
1.582772855e-26
6.406579567e-09
-5.211234201e-06
-8.206231635e-06
-6.116699915e-06
-1.417520277e-06
-2.507818335e-06
-2.712731881e-06
-2.127113021e-06
-6.102931899e-07
-9.256766005e-08
3.374125387e-07
1.330222832e-06
1.331913584e-06
2.871881379e-06
1.491437185e-06
1.046963298e-05
1.858913513e-05
6.495415828e-05
8.757007942e-05
9.161131333e-05
7.017703562e-05
4.574100754e-05
3.064835957e-05
2.554753833e-05
2.522452622e-05
2.667976456e-05
2.660631807e-05
2.394433827e-05
1.995584069e-05
1.583639568e-05
1.216972304e-05
9.083293236e-06
6.69605604e-06
4.772937089e-06
3.262409506e-06
2.123173656e-06
1.323456478e-06
7.888554043e-07
4.519686379e-07
2.466566126e-07
1.286078337e-07
6.382874456e-08
3.016722426e-08
1.351394002e-08
5.746582116e-09
2.308856128e-09
8.781916951e-10
3.159294823e-10
1.076173729e-10
3.46802559e-11
1.024974287e-11
2.961620004e-12
8.118443031e-13
2.109986173e-13
5.209110571e-14
1.220241602e-14
2.708219169e-15
5.664784725e-16
1.101718179e-16
2.058018016e-17
3.481355023e-18
5.167270556e-19
2.268357316e-20
-1.699479994e-21
-8.17947944e-26
8.815477515e-26
2.13128925e-26
1.627999868e-25
-3.619123379e-25
-5.190842168e-26
-1.683076287e-07
-7.739710536e-09
-3.904610882e-08
-4.092619336e-07
-8.330004899e-09
-5.601258673e-06
2.017620317e-06
-7.312216016e-07
-2.159901031e-07
-6.628332962e-08
-8.960597739e-06
-9.136150471e-06
-3.883634899e-06
-2.539605075e-07
-3.3430243e-08
-6.090506793e-06
-1.944067583e-05
-6.514309207e-05
-6.863197481e-06
7.194346227e-09
-2.796849215e-06
-1.474726496e-06
6.067438877e-06
-4.46676497e-06
-7.435048324e-07
-4.539566522e-06
-9.161948521e-06
-3.587346661e-05
-3.349617101e-06
-9.496642534e-07
-4.384778048e-06
-1.160009592e-05
-3.135711989e-05
-3.542401629e-06
-1.421008397e-07
-4.675958098e-07
-1.860865337e-06
4.199379501e-06
5.208565865e-05
6.740442286e-06
-8.447944175e-07
-1.023240976e-06
-1.13098994e-06
8.425198961e-06
3.757859367e-06
4.728319834e-10
-1.259152576e-06
-1.861635009e-06
6.27867685e-06
6.264000042e-07
2.733165563e-07
2.176666109e-06
6.113031319e-06
1.368695055e-05
3.407825643e-06
1.39499746e-06
3.754207992e-06
7.510513482e-06
2.075372584e-05
-5.279653672e-06
4.034899553e-06
2.941285361e-06
5.463747733e-06
1.859059875e-05
-4.067959082e-05
8.256621061e-07
1.128086534e-06
5.167454479e-06
8.578001211e-06
1.434162879e-05
1.154216909e-06
2.398295425e-06
4.263455017e-06
8.098567197e-06
9.732671057e-06
8.982883828e-06
6.377846801e-06
2.573450097e-06
5.264270441e-06
-2.449625617e-05
2.411819247e-05
3.155678781e-05
2.123541341e-05
-2.544865583e-05
-0.0001508762153
8.41958953e-05
0.0001179804983
0.0001480649305
0.00016982646
0.0002563174155
9.763789541e-05
7.554909589e-05
4.122627628e-05
0.0003207224482
0.0004693189886
9.997629343e-05
7.851554227e-05
1.175573959e-06
-8.2687084e-05
-8.444906808e-05
7.741582069e-05
7.179606338e-05
4.119391332e-05
-1.107144717e-05
-5.159224137e-05
4.782232352e-05
4.514993919e-05
3.474153489e-05
1.716108427e-05
4.804125932e-07
3.04744347e-05
2.757882993e-05
2.248298642e-05
1.622057549e-05
1.028198714e-05
2.415839941e-05
2.212931119e-05
1.951281609e-05
1.678820332e-05
1.434048398e-05
2.432883995e-05
2.290309313e-05
2.13139607e-05
1.974999031e-05
1.822733749e-05
2.593969867e-05
2.475162307e-05
2.343933959e-05
2.202718068e-05
2.049457711e-05
2.586776645e-05
2.476279773e-05
2.34378253e-05
2.193181594e-05
2.02508916e-05
2.350591471e-05
2.249221146e-05
2.121910602e-05
1.973263031e-05
1.808638122e-05
1.969493794e-05
1.884951578e-05
1.774508939e-05
1.644738844e-05
1.501840133e-05
1.561018528e-05
1.495854306e-05
1.408452807e-05
1.304973535e-05
1.191933498e-05
1.198540909e-05
1.150665091e-05
1.085015207e-05
1.007305135e-05
9.223555187e-06
9.025636348e-06
8.674611766e-06
8.19801308e-06
7.631415934e-06
7.009427873e-06
6.63926868e-06
6.396638255e-06
6.057050038e-06
5.653619459e-06
5.205918235e-06
4.731060111e-06
4.567941851e-06
4.336586048e-06
4.054601612e-06
3.742739376e-06
3.235563322e-06
3.133203496e-06
2.980586772e-06
2.793145498e-06
2.582876953e-06
2.115545849e-06
2.054268411e-06
1.959424023e-06
1.840040577e-06
1.705171759e-06
1.321391408e-06
1.28742801e-06
1.231134334e-06
1.159158669e-06
1.076437513e-06
7.897362305e-07
7.719847882e-07
7.403449729e-07
6.987764256e-07
6.504967525e-07
4.51828091e-07
4.432587211e-07
4.263144379e-07
4.03369592e-07
3.76396711e-07
2.474707996e-07
2.435628839e-07
2.349051608e-07
2.228109414e-07
2.083767818e-07
1.294600744e-07
1.278451029e-07
1.236386119e-07
1.17562126e-07
1.101780085e-07
6.453860417e-08
6.395039179e-08
6.202259211e-08
5.91123803e-08
5.551985068e-08
3.058147544e-08
3.041565405e-08
2.958485761e-08
2.826517937e-08
2.660372761e-08
1.375030725e-08
1.37282868e-08
1.339369529e-08
1.282862928e-08
1.210082205e-08
5.857117619e-09
5.872356693e-09
5.74734726e-09
5.519129746e-09
5.218140682e-09
2.362441313e-09
2.378544969e-09
2.335579446e-09
2.248911294e-09
2.131465268e-09
9.017634847e-10
9.118878883e-10
8.984685448e-10
8.675941842e-10
8.243688831e-10
3.257552555e-10
3.308841194e-10
3.271615315e-10
3.168536347e-10
3.018699944e-10
1.113799254e-10
1.136554228e-10
1.127811628e-10
1.095640514e-10
1.046702656e-10
3.603147781e-11
3.693967218e-11
3.678950032e-11
3.585277961e-11
3.434880842e-11
1.068263093e-11
1.099888704e-11
1.099222165e-11
1.074379647e-11
1.032035909e-11
3.099898205e-12
3.207501004e-12
3.217755213e-12
3.155308214e-12
3.040299125e-12
8.5292574e-13
8.869472907e-13
8.932654907e-13
8.788663585e-13
8.495019106e-13
2.22698286e-13
2.32725502e-13
2.353078103e-13
2.323097932e-13
2.252618365e-13
5.519175446e-14
5.796545649e-14
5.884134793e-14
5.829260318e-14
5.670524398e-14
1.298195373e-14
1.370247758e-14
1.396580979e-14
1.388383658e-14
1.354945937e-14
2.895043445e-15
3.071783271e-15
3.143048075e-15
3.135461569e-15
3.069965824e-15
6.09151684e-16
6.500970673e-16
6.682896787e-16
6.698003639e-16
6.580999248e-16
1.171775584e-16
1.302514372e-16
1.340943512e-16
1.341559992e-16
1.317653761e-16
2.229842653e-17
2.394831763e-17
2.44804396e-17
2.466623629e-17
2.56549139e-17
3.789804605e-18
4.072132991e-18
4.141454421e-18
4.051129801e-18
3.91267074e-18
5.524104494e-19
6.095374311e-19
5.78087747e-19
4.161138724e-19
-1.824762705e-19
-1.326347489e-20
7.388243528e-19
-6.563715118e-19
-2.683995835e-19
-1.403583289e-19
-2.86883492e-21
-2.336315926e-21
-4.637232173e-26
-9.086006304e-26
-6.515111846e-26
-3.801844621e-26
-3.307674374e-26
2.679799668e-25
6.08448253e-26
5.232943279e-26
2.922345168e-26
4.502342635e-26
5.268336375e-26
5.504873205e-26
5.961373426e-26
4.11018747e-26
5.327747822e-26
5.55834682e-26
5.664082274e-26
5.929315208e-26
1.117942005e-25
-9.188554922e-26
-1.269637338e-26
-6.009822469e-26
-1.867097825e-25
-2.958227223e-25
-2.834775393e-25
-4.630256766e-25
3.277457216e-25
5.938621131e-26
4.269748231e-26
2.978978864e-26
-4.932832158e-26
5.72613122e-26
5.999840516e-26
2.981400964e-10
-3.059078313e-11
3.289294909e-13
1.091083089e-12
5.53843824e-13
2.405497485e-13
9.90487572e-14
3.842408535e-14
1.414461699e-14
4.918801177e-15
1.60534887e-15
4.771066029e-16
1.130977367e-16
-3.553211295e-41
-3.553236825e-41
-3.552600684e-41
-3.552704084e-41
-3.553304525e-41
-3.553324775e-41
-3.553343926e-41
-3.553362145e-41
-3.553379501e-41
-3.553396054e-41
-3.553411859e-41
-3.553426965e-41
-3.553441417e-41
-3.553455255e-41
-3.553468514e-41
-3.553481226e-41
-3.553493421e-41
-3.553505125e-41
-3.553516361e-41
-3.553527153e-41
-3.553537522e-41
-3.553547486e-41
-3.553557063e-41
-3.553566271e-41
-3.553575125e-41
-3.553583641e-41
-3.553591831e-41
-3.553599712e-41
-3.553607295e-41
-3.553614592e-41
-3.553621614e-41
-3.553628371e-41
-3.553634876e-41
-3.553641138e-41
-3.553647165e-41
-3.553652969e-41
-3.553658556e-41
-3.553663937e-41
-3.553669118e-41
-3.553674108e-41
-3.553678915e-41
-3.553683542e-41
-3.553688083e-41
-3.553693378e-41
-3.553709456e-41
-3.553756387e-41
-3.553812753e-41
7.035950448e-10
7.760739502e-10
1.125592947e-10
1.522809747e-11
3.284191954e-12
9.762933017e-13
3.607048929e-13
1.455321821e-13
5.99246549e-14
2.415961958e-14
9.246336627e-15
3.272542915e-15
1.036407498e-15
2.704747095e-16
1.206800156e-17
-3.55314171e-41
-3.553332684e-41
-3.553973348e-41
-3.554000176e-41
-3.554024733e-41
-3.554047476e-41
-3.55406867e-41
-3.554088515e-41
-3.554107166e-41
-3.554124746e-41
-3.554141359e-41
-3.554157092e-41
-3.554172019e-41
-3.554186207e-41
-3.554199709e-41
-3.554212577e-41
-3.554224852e-41
-3.554236575e-41
-3.554247778e-41
-3.554258494e-41
-3.554268749e-41
-3.554278571e-41
-3.554287982e-41
-3.554297004e-41
-3.554305663e-41
-3.554313969e-41
-3.554321918e-41
-3.554329555e-41
-3.55433691e-41
-3.55434397e-41
-3.554350746e-41
-3.554357259e-41
-3.55436352e-41
-3.55436954e-41
-3.554375329e-41
-3.554380896e-41
-3.554386252e-41
-3.554391404e-41
-3.554396362e-41
-3.554401185e-41
-3.554406343e-41
-3.554415212e-41
-3.554442439e-41
-3.554503972e-41
-3.554561686e-41
-1.815159517e-09
1.027370711e-09
2.809434211e-10
3.206480143e-11
5.729110044e-12
1.789196894e-12
8.048822445e-13
4.297054884e-13
2.289613049e-13
1.136212554e-13
5.122359261e-14
2.069419977e-14
7.425909709e-15
2.33934165e-15
6.193589975e-16
1.11605211e-16
-3.553232939e-41
-3.553922735e-41
-3.553957141e-41
-3.553988047e-41
-3.554016102e-41
-3.55404174e-41
-3.554065321e-41
-3.554087135e-41
-3.554107417e-41
-3.554126356e-41
-3.554144103e-41
-3.554160785e-41
-3.554176509e-41
-3.554191364e-41
-3.554205427e-41
-3.554218763e-41
-3.554231429e-41
-3.554243476e-41
-3.554254948e-41
-3.554265883e-41
-3.554276318e-41
-3.554286284e-41
-3.55429581e-41
-3.554304925e-41
-3.55431365e-41
-3.554321983e-41
-3.554329944e-41
-3.554337595e-41
-3.554344962e-41
-3.55435202e-41
-3.55435878e-41
-3.554365269e-41
-3.554371501e-41
-3.554377487e-41
-3.554383238e-41
-3.554388767e-41
-3.554394086e-41
-3.554399229e-41
-3.554404391e-41
-3.554410665e-41
-3.554423542e-41
-3.554457989e-41
-3.554519017e-41
-3.554565067e-41
2.941012009e-08
-8.842528895e-09
4.885163523e-09
4.676181112e-10
4.961639345e-11
1.034153472e-11
4.220084854e-12
2.272389503e-12
1.251941245e-12
6.497418809e-13
3.064251139e-13
1.296066108e-13
4.879341403e-14
1.624054806e-14
4.738792146e-15
1.180692952e-15
2.216508831e-16
-3.553864526e-41
-3.553909135e-41
-3.553947743e-41
-3.553981948e-41
-3.554012648e-41
-3.554040452e-41
-3.554065814e-41
-3.554089095e-41
-3.554110586e-41
-3.55413052e-41
-3.55414909e-41
-3.55416645e-41
-3.554182733e-41
-3.554198048e-41
-3.554212487e-41
-3.554226129e-41
-3.554239043e-41
-3.554251288e-41
-3.554262916e-41
-3.554273972e-41
-3.554284498e-41
-3.554294529e-41
-3.554304095e-41
-3.554313231e-41
-3.554321971e-41
-3.554330306e-41
-3.554338238e-41
-3.554345852e-41
-3.554353185e-41
-3.554360211e-41
-3.55436693e-41
-3.554373369e-41
-3.554379549e-41
-3.554385482e-41
-3.554391179e-41
-3.554396662e-41
-3.554402008e-41
-3.55440764e-41
-3.554415491e-41
-3.554432438e-41
-3.554471247e-41
-3.554528902e-41
-3.554567436e-41
-3.690473641e-08
-3.698679491e-08
-8.128487047e-10
2.136566111e-09
3.056633329e-10
6.286651523e-11
2.402602402e-11
1.209767757e-11
6.371163558e-12
3.22138541e-12
1.508398798e-12
6.413056036e-13
2.460891434e-13
8.403192621e-14
2.526871363e-14
6.613077435e-15
1.456598296e-15
2.436863915e-16
-3.553851639e-41
-3.553901708e-41
-3.553944122e-41
-3.553981017e-41
-3.554013729e-41
-3.554043104e-41
-3.554069725e-41
-3.554094026e-41
-3.554116346e-41
-3.554136954e-41
-3.554156069e-41
-3.55417387e-41
-3.554190507e-41
-3.554206103e-41
-3.554220762e-41
-3.554234574e-41
-3.554247616e-41
-3.554259952e-41
-3.554271642e-41
-3.554282735e-41
-3.554293276e-41
-3.554303301e-41
-3.554312847e-41
-3.55432196e-41
-3.554330668e-41
-3.554338956e-41
-3.554346835e-41
-3.554354379e-41
-3.554361639e-41
-3.554368606e-41
-3.554375265e-41
-3.554381636e-41
-3.554387748e-41
-3.55439362e-41
-3.554399292e-41
-3.55440494e-41
-3.554411264e-41
-3.554420918e-41
-3.55444147e-41
-3.554482701e-41
-3.554536634e-41
-3.55456924e-41
-1.84392983e-07
-1.805924257e-08
-2.020865151e-08
-2.071172115e-09
1.382193223e-09
3.188471389e-10
9.8508324e-11
4.274487177e-11
2.120942077e-11
1.045449913e-11
4.833335153e-12
2.046296998e-12
7.826554306e-13
2.676008773e-13
8.098536432e-14
2.162423089e-14
4.987889067e-15
9.749964344e-16
1.143284094e-16
-3.553845575e-41
-3.553899783e-41
-3.553945187e-41
-3.5539842e-41
-3.554018438e-41
-3.554048949e-41
-3.554076439e-41
-3.554101414e-41
-3.55412426e-41
-3.554145277e-41
-3.554164709e-41
-3.554182753e-41
-3.55419957e-41
-3.554215296e-41
-3.554230043e-41
-3.554243909e-41
-3.554256976e-41
-3.554269315e-41
-3.554280987e-41
-3.554292046e-41
-3.554302537e-41
-3.554312502e-41
-3.554321983e-41
-3.554331023e-41
-3.554339653e-41
-3.554347868e-41
-3.554355675e-41
-3.554363124e-41
-3.554370277e-41
-3.554377155e-41
-3.55438374e-41
-3.554390032e-41
-3.554396072e-41
-3.55440195e-41
-3.554407958e-41
-3.554415148e-41
-3.554426816e-41
-3.554450388e-41
-3.554492754e-41
-3.554543165e-41
-3.554570858e-41
-8.184921171e-08
-9.500486348e-09
-3.871481473e-08
-4.252280306e-08
-2.165047114e-09
9.488786469e-10
2.487489831e-10
9.833165978e-11
4.894894048e-11
2.481356906e-11
1.181278229e-11
5.119772521e-12
1.99263176e-12
6.915882354e-13
2.131880296e-13
5.809828865e-14
1.376587911e-14
2.860928372e-15
4.699350696e-16
-3.553778704e-41
-3.553847262e-41
-3.553903682e-41
-3.553950851e-41
-3.55399117e-41
-3.554026351e-41
-3.554057544e-41
-3.554085531e-41
-3.554110869e-41
-3.554133976e-41
-3.554155177e-41
-3.554174731e-41
-3.554192848e-41
-3.554209699e-41
-3.554225427e-41
-3.554240151e-41
-3.554253973e-41
-3.55426698e-41
-3.554279244e-41
-3.554290831e-41
-3.554301794e-41
-3.554312185e-41
-3.554322049e-41
-3.554331425e-41
-3.554340353e-41
-3.554348867e-41
-3.554356979e-41
-3.554364695e-41
-3.554372037e-41
-3.554379065e-41
-3.554385821e-41
-3.554392318e-41
-3.554398568e-41
-3.5544047e-41
-3.554411155e-41
-3.554419324e-41
-3.554433021e-41
-3.554459051e-41
-3.554501722e-41
-3.55454893e-41
-3.55457215e-41
5.380558319e-07
6.722059128e-09
-6.39395665e-08
-6.296804129e-08
-3.209708082e-08
4.290317523e-09
1.057368336e-09
2.846726794e-10
1.217676901e-10
5.985210991e-11
2.837614472e-11
1.226132999e-11
4.74366555e-12
1.633896677e-12
5.004872904e-13
1.362334371e-13
3.256202103e-14
6.990350389e-15
1.281907201e-15
1.509724512e-16
-3.553788344e-41
-3.553856831e-41
-3.55391357e-41
-3.553961144e-41
-3.554001813e-41
-3.554037253e-41
-3.554068621e-41
-3.554096716e-41
-3.554122108e-41
-3.554145226e-41
-3.554166403e-41
-3.554185904e-41
-3.554203946e-41
-3.554220703e-41
-3.554236323e-41
-3.554250929e-41
-3.554264624e-41
-3.554277497e-41
-3.554289623e-41
-3.554301067e-41
-3.554311888e-41
-3.554322138e-41
-3.554331861e-41
-3.554341097e-41
-3.55434988e-41
-3.554358249e-41
-3.554366231e-41
-3.554373833e-41
-3.554381067e-41
-3.554387966e-41
-3.554394596e-41
-3.554401044e-41
-3.554407496e-41
-3.554414522e-41
-3.55442384e-41
-3.554439485e-41
-3.554467459e-41
-3.55450991e-41
-3.554554224e-41
-3.554573375e-41
5.187782718e-07
9.108562556e-08
-4.635269722e-08
-8.958077247e-08
-1.037444512e-07
1.415147259e-08
7.451529972e-09
1.200717335e-09
3.649393358e-10
1.554287664e-10
6.902180705e-11
2.853902755e-11
1.065063861e-11
3.558725696e-12
1.063677872e-12
2.847440064e-13
6.765772373e-14
1.474235183e-14
2.857023993e-15
4.444451859e-16
-3.553725241e-41
-3.553805522e-41
-3.55387257e-41
-3.553928385e-41
-3.553975362e-41
-3.554015615e-41
-3.554050733e-41
-3.554081831e-41
-3.554109685e-41
-3.554134854e-41
-3.554157759e-41
-3.554178728e-41
-3.554198024e-41
-3.554215862e-41
-3.554232417e-41
-3.554247836e-41
-3.554262242e-41
-3.554275739e-41
-3.554288416e-41
-3.55430035e-41
-3.554311607e-41
-3.554322246e-41
-3.554332318e-41
-3.554341868e-41
-3.554350934e-41
-3.554359551e-41
-3.554367756e-41
-3.554375583e-41
-3.554383049e-41
-3.554390172e-41
-3.554396997e-41
-3.554403649e-41
-3.554410403e-41
-3.554418049e-41
-3.554428612e-41
-3.554446081e-41
-3.554475547e-41
-3.554517426e-41
-3.554559132e-41
-3.554574402e-41
5.18831371e-07
1.771010306e-07
-1.62674238e-08
-1.191442867e-07
-1.834100002e-07
-8.501608411e-09
4.267599258e-08
4.857562913e-09
1.013921837e-09
3.714839279e-10
1.535349982e-10
6.04414779e-11
2.165271019e-11
6.980634004e-12
2.027319729e-12
5.326971086e-13
1.257576564e-13
2.778162751e-14
5.608844334e-15
9.823365711e-16
9.305947572e-17
-3.553749032e-41
-3.553827e-41
-3.553892149e-41
-3.553946505e-41
-3.553992376e-41
-3.554031772e-41
-3.554066199e-41
-3.55409672e-41
-3.554124079e-41
-3.554148812e-41
-3.554171325e-41
-3.554191937e-41
-3.554210902e-41
-3.554228429e-41
-3.554244689e-41
-3.554259828e-41
-3.554273967e-41
-3.554287208e-41
-3.554299639e-41
-3.554311337e-41
-3.554322369e-41
-3.554332792e-41
-3.554342657e-41
-3.554352006e-41
-3.55436088e-41
-3.554369314e-41
-3.554377342e-41
-3.554384999e-41
-3.554392325e-41
-3.554399373e-41
-3.554406284e-41
-3.554413415e-41
-3.554421786e-41
-3.554433628e-41
-3.554452771e-41
-3.554483349e-41
-3.554524428e-41
-3.554563771e-41
-3.554575336e-41
1.291752793e-06
2.853380573e-06
6.643072852e-07
-9.565886756e-08
-2.511540425e-07
-1.682264038e-07
9.818203696e-08
2.052175248e-08
3.203420801e-09
9.464504173e-10
3.433926873e-10
1.236637825e-10
4.131121445e-11
1.260046386e-11
3.514298723e-12
9.025707856e-13
2.120286717e-13
4.760710513e-14
1.003814607e-14
1.914520075e-15
2.792231649e-16
-3.553686603e-41
-3.553775669e-41
-3.553851123e-41
-3.553914126e-41
-3.553966762e-41
-3.554011277e-41
-3.554049581e-41
-3.554083105e-41
-3.554112859e-41
-3.554139551e-41
-3.554163698e-41
-3.554185689e-41
-3.554205829e-41
-3.554224363e-41
-3.554241493e-41
-3.554257386e-41
-3.554272181e-41
-3.554285997e-41
-3.554298934e-41
-3.554311079e-41
-3.554322507e-41
-3.554333282e-41
-3.554343461e-41
-3.554353094e-41
-3.554362223e-41
-3.554370888e-41
-3.554379126e-41
-3.554386974e-41
-3.55439448e-41
-3.554401733e-41
-3.554408933e-41
-3.554416548e-41
-3.55442575e-41
-3.554438876e-41
-3.554459527e-41
-3.554490912e-41
-3.554531058e-41
-3.554568239e-41
-3.554576179e-41
-8.277122616e-07
2.573519556e-07
2.468304034e-08
-1.548017952e-07
-3.454564848e-07
-4.268270631e-07
1.145422998e-07
7.330836069e-08
1.102644825e-08
2.418930487e-09
7.245546397e-10
2.314659884e-10
7.072203091e-11
2.017453048e-11
5.391004439e-12
1.362514917e-12
3.233203311e-13
7.5449665e-14
1.670185996e-14
3.397330252e-15
5.857745431e-16
1.381691982e-17
-3.553720112e-41
-3.553805562e-41
-3.553877793e-41
-3.553938152e-41
-3.553988716e-41
-3.554031615e-41
-3.554068629e-41
-3.554101085e-41
-3.554129928e-41
-3.554155829e-41
-3.554179278e-41
-3.554200646e-41
-3.554220226e-41
-3.554238253e-41
-3.554254919e-41
-3.554270385e-41
-3.554284786e-41
-3.554298236e-41
-3.554310832e-41
-3.554322658e-41
-3.554333787e-41
-3.554344281e-41
-3.554354195e-41
-3.554363578e-41
-3.554372473e-41
-3.554380921e-41
-3.554388965e-41
-3.554396667e-41
-3.554404151e-41
-3.554411677e-41
-3.554419833e-41
-3.55442992e-41
-3.554444301e-41
-3.554466275e-41
-3.554498189e-41
-3.554537308e-41
-3.554572513e-41
-3.55457693e-41
-2.173916895e-06
-5.544114894e-07
-1.369804223e-07
-2.683575601e-07
-5.594139979e-07
-7.83567843e-07
-5.192448288e-08
2.706886943e-07
2.436188679e-08
5.932608566e-09
1.438126007e-09
3.859428088e-10
1.045301925e-10
2.761669607e-11
7.119020591e-12
1.803397988e-12
4.419756482e-13
1.087317411e-13
2.557505836e-14
5.571071122e-15
1.060545111e-15
1.244685026e-16
-3.553665914e-41
-3.553758867e-41
-3.553839192e-41
-3.553907151e-41
-3.553964169e-41
-3.554012201e-41
-3.554053174e-41
-3.554088675e-41
-3.554119898e-41
-3.5541477e-41
-3.554172702e-41
-3.55419536e-41
-3.554216027e-41
-3.554234978e-41
-3.554252437e-41
-3.554268587e-41
-3.554283581e-41
-3.554297549e-41
-3.554310599e-41
-3.554322826e-41
-3.554334308e-41
-3.554345117e-41
-3.554355311e-41
-3.554364945e-41
-3.554374067e-41
-3.554382725e-41
-3.554390968e-41
-3.55439888e-41
-3.554406628e-41
-3.554414525e-41
-3.554423272e-41
-3.554434281e-41
-3.554449887e-41
-3.554473011e-41
-3.554505221e-41
-3.554543249e-41
-3.554576634e-41
-3.554577561e-41
-6.201626384e-07
-9.523256103e-07
-3.423196647e-07
-4.896259978e-07
-1.043484086e-06
-1.433661598e-06
-4.062973284e-07
5.469817191e-07
8.69731212e-08
1.492764702e-08
2.857899041e-09
6.226821657e-10
1.444204634e-10
3.46695668e-11
8.623620155e-12
2.215029485e-12
5.666971912e-13
1.469781746e-13
3.641377982e-14
8.350618914e-15
1.708326176e-15
2.657502614e-16
-3.553620916e-41
-3.553716895e-41
-3.553802216e-41
-3.553876036e-41
-3.553938803e-41
-3.553991872e-41
-3.554036963e-41
-3.554075723e-41
-3.554109507e-41
-3.554139342e-41
-3.554165985e-41
-3.554189992e-41
-3.554211784e-41
-3.554231684e-41
-3.554249951e-41
-3.554266796e-41
-3.554282391e-41
-3.55429688e-41
-3.554310386e-41
-3.554323013e-41
-3.554334848e-41
-3.554345969e-41
-3.554356441e-41
-3.554366324e-41
-3.554375673e-41
-3.554384539e-41
-3.554392986e-41
-3.554401124e-41
-3.554409169e-41
-3.554417483e-41
-3.55442688e-41
-3.554438844e-41
-3.554455635e-41
-3.554479766e-41
-3.554512115e-41
-3.554549039e-41
-3.554580716e-41
-3.554578215e-41
-6.694557637e-06
-2.439661345e-06
-7.272665619e-07
-7.818037472e-07
-2.072940146e-06
-2.64271164e-06
-9.232545804e-07
8.779928951e-07
2.491691843e-07
4.045251528e-08
5.748344238e-09
9.439671608e-10
1.808398709e-10
3.926486332e-11
9.555445707e-12
2.525694591e-12
6.767615669e-13
1.837622669e-13
4.726373165e-14
1.125218868e-14
2.452510787e-15
4.303044679e-16
-3.55359166e-41
-3.553685418e-41
-3.55377143e-41
-3.553848035e-41
-3.553914673e-41
-3.553971823e-41
-3.554020654e-41
-3.554062583e-41
-3.554098951e-41
-3.55413087e-41
-3.554159202e-41
-3.554184593e-41
-3.554207533e-41
-3.554228398e-41
-3.554247484e-41
-3.554265029e-41
-3.554281226e-41
-3.554296238e-41
-3.554310199e-41
-3.554323224e-41
-3.554335409e-41
-3.554346839e-41
-3.554357587e-41
-3.554367717e-41
-3.554377289e-41
-3.554386366e-41
-3.554395023e-41
-3.554403405e-41
-3.554411779e-41
-3.554420553e-41
-3.554430642e-41
-3.55444357e-41
-3.554461465e-41
-3.554486427e-41
-3.554518738e-41
-3.55455453e-41
-3.554584629e-41
-3.554578681e-41
-1.084207894e-05
-3.132216805e-06
-1.027132381e-06
-2.4703164e-06
-4.880722614e-06
-4.475065137e-06
-1.238967092e-06
1.164701418e-06
5.353213047e-07
1.006197373e-07
1.124713081e-08
1.304026302e-09
1.97275987e-10
3.953611827e-11
9.809856704e-12
2.725728155e-12
7.613714968e-13
2.125514118e-13
5.65749448e-14
1.413304006e-14
3.181371665e-15
5.927533032e-16
2.327598373e-17
-3.553667445e-41
-3.553749981e-41
-3.553825893e-41
-3.553893862e-41
-3.553953474e-41
-3.554005141e-41
-3.554049794e-41
-3.554088555e-41
-3.554122485e-41
-3.554152479e-41
-3.554179246e-41
-3.554203332e-41
-3.55422516e-41
-3.554245063e-41
-3.554263306e-41
-3.554280103e-41
-3.554295634e-41
-3.554310046e-41
-3.554323465e-41
-3.554335997e-41
-3.554347733e-41
-3.554358752e-41
-3.554369126e-41
-3.554378922e-41
-3.554388213e-41
-3.554397094e-41
-3.554405744e-41
-3.554414479e-41
-3.554423763e-41
-3.554434585e-41
-3.554448474e-41
-3.554467389e-41
-3.554493024e-41
-3.554525159e-41
-3.554559817e-41
-3.554588449e-41
-3.55457918e-41
-2.684703394e-05
-4.095664623e-06
-1.038941107e-06
-7.30168884e-06
-7.711893031e-06
-5.74671736e-06
-9.435187897e-07
1.292983597e-06
1.041317061e-06
2.002033563e-07
1.937172664e-08
1.610547893e-09
1.990354436e-10
3.938144247e-11
1.022183877e-11
2.906012753e-12
8.505983306e-13
2.458326437e-13
6.693319962e-14
1.686410415e-14
3.843556888e-15
7.390564349e-16
6.079060273e-17
-3.553661878e-41
-3.5537383e-41
-3.553810749e-41
-3.553877635e-41
-3.553937902e-41
-3.553991216e-41
-3.554037896e-41
-3.55407867e-41
-3.554114413e-41
-3.554145968e-41
-3.554174054e-41
-3.554199251e-41
-3.55422202e-41
-3.554242723e-41
-3.554261651e-41
-3.554279039e-41
-3.55429508e-41
-3.554309937e-41
-3.554323743e-41
-3.554336615e-41
-3.554348652e-41
-3.554359939e-41
-3.554370554e-41
-3.554380575e-41
-3.554390085e-41
-3.554399204e-41
-3.554408153e-41
-3.554417287e-41
-3.55442713e-41
-3.554438727e-41
-3.554453578e-41
-3.554473453e-41
-3.554499653e-41
-3.554531531e-41
-3.554565062e-41
-3.55459227e-41
-3.554579596e-41
6.639167082e-05
1.947521508e-05
3.583386199e-06
-1.265290032e-05
-1.305515159e-05
-5.784312337e-06
-2.862332517e-08
1.543659923e-06
9.830414719e-07
2.524885352e-07
2.124434026e-08
1.724184709e-09
2.358325462e-10
4.891938851e-11
1.27396325e-11
3.631044654e-12
1.040092023e-12
2.958490552e-13
7.974293814e-14
1.997430351e-14
4.550300852e-15
8.884075515e-16
9.499556779e-17
-3.553663224e-41
-3.553733517e-41
-3.553801481e-41
-3.553865838e-41
-3.553925364e-41
-3.553979234e-41
-3.554027202e-41
-3.554069538e-41
-3.554106833e-41
-3.554139796e-41
-3.554169108e-41
-3.554195357e-41
-3.554219025e-41
-3.554240499e-41
-3.55426009e-41
-3.55427805e-41
-3.554294589e-41
-3.554309878e-41
-3.554324063e-41
-3.554337268e-41
-3.554349599e-41
-3.554361148e-41
-3.554372003e-41
-3.554382248e-41
-3.554391984e-41
-3.554401359e-41
-3.554410637e-41
-3.5544202e-41
-3.554430636e-41
-3.55444302e-41
-3.554458794e-41
-3.554479519e-41
-3.554506134e-41
-3.554537646e-41
-3.554570056e-41
-3.554595944e-41
-3.55457991e-41
2.539097074e-05
-1.045351608e-05
-4.190227402e-05
-3.143215789e-05
-1.332114707e-05
-3.37173978e-06
7.175835286e-07
1.382787506e-06
8.574924888e-07
3.093575614e-07
5.523737103e-08
5.282280368e-09
5.610120427e-10
8.927468653e-11
1.956577563e-11
5.088463823e-12
1.384592434e-12
3.816136096e-13
1.008283726e-13
2.492051433e-14
5.635870326e-15
1.109868741e-15
1.422797574e-16
-3.553662917e-41
-3.553729806e-41
-3.55379451e-41
-3.553773085e-41
-3.553835258e-41
-3.553892767e-41
-3.553944905e-41
-3.553991474e-41
-3.554032734e-41
-3.554069236e-41
-3.554101627e-41
-3.554130532e-41
-3.554156488e-41
-3.554179939e-41
-3.554201245e-41
-3.554220697e-41
-3.554238538e-41
-3.554254966e-41
-3.55427015e-41
-3.554284234e-41
-3.554297341e-41
-3.554309582e-41
-3.554321062e-41
-3.554331893e-41
-3.554342211e-41
-3.554352235e-41
-3.554362369e-41
-3.554373111e-41
-3.554385295e-41
-3.554400364e-41
-3.554420128e-41
-3.554446433e-41
-3.554480225e-41
-3.554520007e-41
-3.554560658e-41
-3.554593127e-41
-3.55457728e-41
-6.231803025e-05
-7.090870368e-05
-5.004554119e-05
-2.184302083e-05
-7.752080879e-06
-1.19057151e-06
1.208768356e-06
1.381223405e-06
8.686584955e-07
3.912770198e-07
1.163496247e-07
1.809309009e-08
1.877482361e-09
2.323060933e-10
3.895107883e-11
8.474272155e-12
2.103799013e-12
5.506463311e-13
1.412256679e-13
3.42804136e-14
7.678566249e-15
1.524932002e-15
2.25155076e-16
-3.553557785e-41
-3.553628532e-41
-3.552609559e-41
-3.552684629e-41
-3.553434665e-41
-3.553490934e-41
-3.553542233e-41
-3.553588314e-41
-3.55362923e-41
-3.553665377e-41
-3.553697333e-41
-3.553725707e-41
-3.553751053e-41
-3.553773835e-41
-3.553794434e-41
-3.553813157e-41
-3.553830259e-41
-3.553845949e-41
-3.553860406e-41
-3.553873779e-41
-3.553886202e-41
-3.553897793e-41
-3.553908667e-41
-3.553918946e-41
-3.553928785e-41
-3.553938436e-41
-3.553948341e-41
-3.553958998e-41
-3.553971289e-41
-3.553986632e-41
-3.554006727e-41
-3.554033202e-41
-3.554066708e-41
-3.554105562e-41
-3.554144813e-41
-3.554176e-41
-3.554156924e-41
-4.63003162e-05
-3.644430769e-05
-2.025145697e-05
-8.585007096e-06
-1.957117647e-06
1.224243868e-06
1.998233806e-06
1.620744987e-06
9.892734874e-07
4.941775465e-07
1.993378487e-07
5.555968927e-08
8.456751253e-09
9.235619231e-10
1.160793895e-10
1.880711804e-11
3.85947527e-12
9.150968744e-13
2.229792216e-13
5.270535216e-14
1.166325645e-14
2.33200126e-15
3.773103771e-16
-3.552261273e-41
-3.553230142e-41
-3.553300248e-41
-3.553830757e-41
-3.553891045e-41
-3.553946938e-41
-3.553998229e-41
-3.554044632e-41
-3.554086129e-41
-3.554123001e-41
-3.554155739e-41
-3.554184911e-41
-3.554211061e-41
-3.554234653e-41
-3.554256068e-41
-3.55427561e-41
-3.554293529e-41
-3.554310027e-41
-3.554325277e-41
-3.554339423e-41
-3.554352596e-41
-3.554364911e-41
-3.554376482e-41
-3.554387434e-41
-3.554397924e-41
-3.55440821e-41
-3.554418682e-41
-3.554429745e-41
-3.554442146e-41
-3.55445693e-41
-3.554475237e-41
-3.554497974e-41
-3.554525168e-41
-3.554555165e-41
-3.554584286e-41
-3.554606563e-41
-3.554580647e-41
-6.44290625e-06
-7.093779298e-06
-3.6221098e-06
6.014014418e-08
2.431433754e-06
3.179873904e-06
2.788351243e-06
1.96542541e-06
1.187601483e-06
6.326414835e-07
2.981022539e-07
1.183588835e-07
3.343989242e-08
5.265641357e-09
5.596649637e-10
6.392759166e-11
9.388364893e-12
1.797414779e-12
3.948202595e-13
8.874887572e-14
1.91899088e-14
3.83216419e-15
6.519157191e-16
3.026506894e-17
-3.553666332e-41
-3.553738786e-41
-3.553807373e-41
-3.553871562e-41
-3.55393101e-41
-3.553985394e-41
-3.554034492e-41
-3.55407829e-41
-3.554117058e-41
-3.5541513e-41
-3.554181643e-41
-3.554208702e-41
-3.554233017e-41
-3.554255024e-41
-3.554275065e-41
-3.554293413e-41
-3.554310287e-41
-3.554325869e-41
-3.554340313e-41
-3.554353755e-41
-3.55436632e-41
-3.554378134e-41
-3.554389338e-41
-3.554400111e-41
-3.554410752e-41
-3.554421686e-41
-3.554433303e-41
-3.554446391e-41
-3.554461953e-41
-3.554480981e-41
-3.554504142e-41
-3.554531271e-41
-3.55456062e-41
-3.554588687e-41
-3.554609932e-41
-3.554580886e-41
5.808334921e-06
4.394367548e-06
4.85323734e-06
5.531172958e-06
5.511736056e-06
4.736843478e-06
3.561882663e-06
2.390097942e-06
1.456447518e-06
8.154134448e-07
4.197285962e-07
1.951806677e-07
7.729471587e-08
2.20535254e-08
3.491276691e-09
3.412489558e-10
3.380687544e-11
4.479508388e-12
7.864767735e-13
1.594852743e-13
3.298722949e-14
6.500805232e-15
1.14031959e-15
1.263784607e-16
-3.553626052e-41
-3.553701979e-41
-3.553775288e-41
-3.553844662e-41
-3.553909132e-41
-3.553968088e-41
-3.554021176e-41
-3.554068324e-41
-3.554109781e-41
-3.554146091e-41
-3.554177968e-41
-3.554206154e-41
-3.554231307e-41
-3.554253958e-41
-3.554274517e-41
-3.554293297e-41
-3.554310542e-41
-3.554326452e-41
-3.554341189e-41
-3.554354899e-41
-3.554367717e-41
-3.554379782e-41
-3.554391253e-41
-3.554402337e-41
-3.554413372e-41
-3.5544248e-41
-3.554436998e-41
-3.554450781e-41
-3.554467088e-41
-3.554486782e-41
-3.554510357e-41
-3.554537417e-41
-3.554566127e-41
-3.554593138e-41
-3.554613295e-41
-3.554580836e-41
1.223222863e-05
1.08679607e-05
9.831693217e-06
8.898900957e-06
7.542743482e-06
5.875081448e-06
4.213501279e-06
2.80004171e-06
1.738415398e-06
1.014321421e-06
5.55654102e-07
2.821248272e-07
1.28940595e-07
4.999058123e-08
1.397284382e-08
2.132960421e-09
1.859831755e-10
1.623436454e-11
1.949192285e-12
3.15325476e-13
5.912670112e-14
1.125193162e-14
1.993712352e-15
2.726109775e-16
-3.553585539e-41
-3.553661538e-41
-3.553737773e-41
-3.553811704e-41
-3.553881455e-41
-3.553945771e-41
-3.55400387e-41
-3.554055405e-41
-3.554100477e-41
-3.554139595e-41
-3.554173547e-41
-3.554203215e-41
-3.55422942e-41
-3.554252832e-41
-3.554273966e-41
-3.554293204e-41
-3.554310832e-41
-3.55432707e-41
-3.5543421e-41
-3.554356077e-41
-3.554369153e-41
-3.554381479e-41
-3.554393234e-41
-3.554404658e-41
-3.554416126e-41
-3.554428071e-41
-3.554440883e-41
-3.554455377e-41
-3.554472412e-41
-3.554492723e-41
-3.554516641e-41
-3.554543569e-41
-3.554571612e-41
-3.554597583e-41
-3.55461667e-41
-3.554581135e-41
1.660250759e-05
1.491676919e-05
1.306415551e-05
1.089835398e-05
8.599886999e-06
6.477826601e-06
4.585914374e-06
3.067772999e-06
1.949540306e-06
1.179923462e-06
6.783823068e-07
3.665926566e-07
1.823636551e-07
8.073554919e-08
3.002854e-08
7.963745048e-09
1.123944551e-09
8.718332049e-11
6.823231248e-12
7.562722258e-13
1.135282034e-13
1.966400107e-14
3.40404692e-15
4.990514583e-16
-3.553552958e-41
-3.553624108e-41
-3.553699872e-41
-3.553776195e-41
-3.553850084e-41
-3.55391943e-41
-3.553982786e-41
-3.554039302e-41
-3.554088723e-41
-3.55413137e-41
-3.554168002e-41
-3.554199604e-41
-3.554227162e-41
-3.554251521e-41
-3.554273336e-41
-3.554293088e-41
-3.554311124e-41
-3.554327703e-41
-3.55434303e-41
-3.554357281e-41
-3.55437062e-41
-3.55438322e-41
-3.554395278e-41
-3.554407066e-41
-3.554418988e-41
-3.554431458e-41
-3.554444881e-41
-3.554460048e-41
-3.554477748e-41
-3.554498567e-41
-3.554522658e-41
-3.554549299e-41
-3.554576603e-41
-3.554601572e-41
-3.554619744e-41
-3.554580899e-41
1.862509174e-05
1.639829868e-05
1.395768572e-05
1.141084628e-05
8.880634078e-06
6.576748716e-06
4.652921474e-06
3.161770152e-06
2.060970147e-06
1.289082048e-06
7.70749827e-07
4.365016063e-07
2.305317105e-07
1.109041414e-07
4.691969339e-08
1.643511254e-08
4.00337987e-09
4.98687638e-10
3.392740454e-11
2.434064714e-12
2.531135627e-13
3.548525226e-14
5.634824542e-15
8.287100543e-16
5.340716766e-17
-3.553596509e-41
-3.553667339e-41
-3.55374281e-41
-3.553818572e-41
-3.553891517e-41
-3.553959406e-41
-3.554020736e-41
-3.55407473e-41
-3.554121339e-41
-3.55416114e-41
-3.554195111e-41
-3.554224357e-41
-3.554249893e-41
-3.554272533e-41
-3.554292883e-41
-3.554311375e-41
-3.554328323e-41
-3.554343968e-41
-3.55435851e-41
-3.554372132e-41
-3.554385028e-41
-3.554397415e-41
-3.554409598e-41
-3.554422002e-41
-3.554435014e-41
-3.554449062e-41
-3.55446491e-41
-3.554483236e-41
-3.554504475e-41
-3.554528658e-41
-3.554554976e-41
-3.554581546e-41
-3.554605551e-41
-3.554622829e-41
-3.554580974e-41
1.81896704e-05
1.576272683e-05
1.321781964e-05
1.06879974e-05
8.317829743e-06
6.213764227e-06
4.452056934e-06
3.074956209e-06
2.050892952e-06
1.319496621e-06
8.150736616e-07
4.792035255e-07
2.648095129e-07
1.351942788e-07
6.221288962e-08
2.484427677e-08
8.043800865e-09
1.740913074e-09
1.827559345e-10
1.075737474e-11
7.137091957e-13
7.00810539e-14
9.150569878e-15
1.260559958e-15
1.205096926e-16
-3.553585063e-41
-3.553645609e-41
-3.553716317e-41
-3.55379099e-41
-3.553865321e-41
-3.553936188e-41
-3.554001369e-41
-3.55405948e-41
-3.554109981e-41
-3.554153118e-41
-3.554189723e-41
-3.554220919e-41
-3.554247843e-41
-3.55427146e-41
-3.55429251e-41
-3.554311526e-41
-3.554328888e-41
-3.554344885e-41
-3.554359746e-41
-3.554373682e-41
-3.554386906e-41
-3.554399663e-41
-3.554412285e-41
-3.554425214e-41
-3.554438803e-41
-3.554453494e-41
-3.554469995e-41
-3.554488918e-41
-3.554510614e-41
-3.55453493e-41
-3.55456094e-41
-3.554586781e-41
-3.554609757e-41
-3.554625997e-41
-3.554580886e-41
1.610599959e-05
1.383005707e-05
1.15212163e-05
9.297592601e-06
7.263437111e-06
5.492726645e-06
4.019070376e-06
2.842489481e-06
1.943217538e-06
1.278826936e-06
8.116917986e-07
4.919037686e-07
2.815576789e-07
1.502204223e-07
7.334821978e-08
3.189058455e-08
1.182525596e-08
3.452628943e-09
6.376863311e-10
5.413042195e-11
2.786667312e-12
1.742501371e-13
1.62305109e-14
1.885777767e-15
1.936071584e-16
-3.553594045e-41
-3.553638999e-41
-3.553700627e-41
-3.553770888e-41
-3.553843997e-41
-3.553915794e-41
-3.553983287e-41
-3.554044461e-41
-3.554098242e-41
-3.554144453e-41
-3.554183661e-41
-3.554216898e-41
-3.554245342e-41
-3.554270061e-41
-3.554291911e-41
-3.554311521e-41
-3.554329351e-41
-3.554345738e-41
-3.554360952e-41
-3.554375231e-41
-3.554388814e-41
-3.554401969e-41
-3.554415057e-41
-3.554428527e-41
-3.554442695e-41
-3.554458017e-41
-3.554475159e-41
-3.554494629e-41
-3.554516654e-41
-3.554540956e-41
-3.554566546e-41
-3.554591588e-41
-3.554613575e-41
-3.554628939e-41
-3.554580653e-41
1.333078355e-05
1.142202994e-05
9.522524403e-06
7.721612437e-06
6.08917539e-06
4.669212867e-06
3.479783524e-06
2.51660768e-06
1.761191756e-06
1.188818819e-06
7.695573457e-07
4.774563442e-07
2.807897084e-07
1.547996891e-07
7.886388957e-08
3.636566965e-08
1.470738516e-08
4.966686492e-09
1.27570389e-09
1.951595518e-10
1.334108412e-11
6.280612347e-13
3.811670409e-14
3.277204079e-15
3.174455896e-16
-3.553626891e-41
-3.55364965e-41
-3.553698414e-41
-3.553760922e-41
-3.55383006e-41
-3.55390055e-41
-3.553968515e-41
-3.554031303e-41
-3.554087311e-41
-3.554135921e-41
-3.554177378e-41
-3.554212534e-41
-3.554242502e-41
-3.55426838e-41
-3.554291098e-41
-3.554311368e-41
-3.554329719e-41
-3.554346542e-41
-3.554362146e-41
-3.554376802e-41
-3.554390777e-41
-3.554404359e-41
-3.554417935e-41
-3.55443196e-41
-3.554446705e-41
-3.554462643e-41
-3.554480355e-41
-3.554500218e-41
-3.554522389e-41
-3.554546535e-41
-3.554571632e-41
-3.554595924e-41
-3.554617071e-41
-3.554631716e-41
-3.554580529e-41
1.059368782e-05
9.105261954e-06
7.633473518e-06
6.242082724e-06
4.978014583e-06
3.869782708e-06
2.929354111e-06
2.155279409e-06
1.536364121e-06
1.056704135e-06
6.983483802e-07
4.404330011e-07
2.642695375e-07
1.492641776e-07
7.842857648e-08
3.771240196e-08
1.620161416e-08
5.998681038e-09
1.811736531e-09
3.995609149e-10
4.959493969e-11
2.771325793e-12
1.209944176e-13
6.985877083e-15
5.47891542e-16
-3.553694296e-41
-3.553680735e-41
-3.553710343e-41
-3.5537624e-41
-3.553825153e-41
-3.553892039e-41
-3.553958533e-41
-3.554021313e-41
-3.55407826e-41
-3.554128339e-41
-3.554171456e-41
-3.554208205e-41
-3.554239551e-41
-3.554266549e-41
-3.554290149e-41
-3.554311117e-41
-3.554330033e-41
-3.554347337e-41
-3.554363377e-41
-3.554378455e-41
-3.554392863e-41
-3.554406911e-41
-3.554421007e-41
-3.554435606e-41
-3.554450931e-41
-3.554467459e-41
-3.554485719e-41
-3.554506021e-41
-3.554528409e-41
-3.554552444e-41
-3.554577069e-41
-3.554600594e-41
-3.554620806e-41
-3.554634562e-41
-3.554580223e-41
8.229705248e-06
7.112422323e-06
6.005056869e-06
4.952874147e-06
3.9890647e-06
3.134593301e-06
2.39991959e-06
1.786672063e-06
1.289880186e-06
8.994105818e-07
6.027935255e-07
3.865152498e-07
2.353767625e-07
1.352967445e-07
7.268361782e-08
3.600294933e-08
1.613322945e-08
6.363861138e-09
2.122526261e-09
5.633400691e-10
1.040134515e-10
1.011148171e-11
4.567645118e-13
1.802289098e-14
1.00975872e-15
-3.553805198e-41
-3.553741641e-41
-3.553740516e-41
-3.553775763e-41
-3.553829535e-41
-3.553891034e-41
-3.553954247e-41
-3.55401543e-41
-3.554072002e-41
-3.554122524e-41
-3.554166553e-41
-3.554204393e-41
-3.554236817e-41
-3.554264777e-41
-3.554289191e-41
-3.554310838e-41
-3.554330328e-41
-3.554348137e-41
-3.554364645e-41
-3.554380182e-41
-3.554395062e-41
-3.554409618e-41
-3.554424282e-41
-3.554439485e-41
-3.554455405e-41
-3.554472525e-41
-3.554491324e-41
-3.554512069e-41
-3.554534661e-41
-3.554558568e-41
-3.554582712e-41
-3.554605438e-41
-3.554624626e-41
-3.554637387e-41
-3.554579872e-41
6.280772358e-06
5.45661555e-06
4.634570977e-06
3.847470551e-06
3.119953779e-06
2.468765189e-06
1.903385895e-06
1.427028708e-06
1.037789604e-06
7.298171978e-07
4.941414702e-07
3.203863309e-07
1.978234372e-07
1.153628031e-07
6.2986106e-08
3.188329815e-08
1.473303572e-08
6.083018749e-09
2.177257944e-09
6.461194702e-10
1.481953446e-10
2.243065852e-11
1.687625247e-12
6.114727344e-14
2.320548924e-15
5.366556135e-17
-3.55383614e-41
-3.553793652e-41
-3.55380377e-41
-3.553843148e-41
-3.553896951e-41
-3.553955695e-41
-3.554014028e-41
-3.554069059e-41
-3.554119061e-41
-3.554163233e-41
-3.554201596e-41
-3.554234708e-41
-3.55426338e-41
-3.554288461e-41
-3.554310703e-41
-3.554330725e-41
-3.554349019e-41
-3.554365989e-41
-3.554381986e-41
-3.554397343e-41
-3.554412416e-41
-3.554427663e-41
-3.554443462e-41
-3.554459959e-41
-3.554477641e-41
-3.554496878e-41
-3.554517864e-41
-3.554540451e-41
-3.554564059e-41
-3.554587617e-41
-3.554609579e-41
-3.554627957e-41
-3.554639978e-41
-3.554579599e-41
4.680892514e-06
4.081929465e-06
3.480542472e-06
2.900776072e-06
2.361350667e-06
1.875566384e-06
1.451449115e-06
1.092375636e-06
7.977058759e-07
5.636084359e-07
3.839234323e-07
2.509353083e-07
1.56431378e-07
9.238891405e-08
5.119447087e-08
2.635259282e-08
1.246726659e-08
5.328029225e-09
2.008980325e-09
6.464028983e-10
1.688595371e-10
3.301411764e-11
3.969919212e-12
2.136378175e-13
6.679719215e-15
1.737424151e-16
-3.55396364e-41
-3.553872089e-41
-3.553848925e-41
-3.553868549e-41
-3.553910361e-41
-3.553962337e-41
-3.55401684e-41
-3.55406948e-41
-3.554118113e-41
-3.554161735e-41
-3.554200086e-41
-3.554233498e-41
-3.554262619e-41
-3.554288193e-41
-3.554310924e-41
-3.55433141e-41
-3.554350148e-41
-3.554367554e-41
-3.554383995e-41
-3.55439982e-41
-3.554415409e-41
-3.554431223e-41
-3.554447586e-41
-3.554464608e-41
-3.554482727e-41
-3.554502302e-41
-3.554523447e-41
-3.554545948e-41
-3.554569191e-41
-3.554592126e-41
-3.554613347e-41
-3.554631013e-41
-3.554642392e-41
-3.554579022e-41
3.373032119e-06
2.948859705e-06
2.520187748e-06
2.104882689e-06
1.716872131e-06
1.366275232e-06
1.059356915e-06
7.989302171e-07
5.848038952e-07
4.143710624e-07
2.832780757e-07
1.860749598e-07
1.167981761e-07
6.958093004e-08
3.902730886e-08
2.038008229e-08
9.81879313e-09
4.309300249e-09
1.690621009e-09
5.778101301e-10
1.658397152e-10
3.779205242e-11
6.219929437e-12
5.620363407e-13
2.267036471e-14
5.447365945e-16
-3.554115396e-41
-3.553978938e-41
-3.553912236e-41
-3.553905146e-41
-3.553931645e-41
-3.55397414e-41
-3.554023058e-41
-3.554072534e-41
-3.554119277e-41
-3.554161831e-41
-3.554199743e-41
-3.554233132e-41
-3.554262476e-41
-3.554288397e-41
-3.554311525e-41
-3.554332425e-41
-3.554351582e-41
-3.554369417e-41
-3.554386306e-41
-3.554402607e-41
-3.554418713e-41
-3.554435074e-41
-3.554451952e-41
-3.554469457e-41
-3.554488047e-41
-3.554508043e-41
-3.554529421e-41
-3.554551898e-41
-3.554574856e-41
-3.554597277e-41
-3.55461779e-41
-3.554634521e-41
-3.554644921e-41
-3.55457854e-41
2.332823374e-06
2.043322261e-06
1.749113753e-06
1.462884935e-06
1.194667511e-06
9.517685999e-07
7.387901844e-07
5.578458474e-07
4.08912397e-07
2.902501239e-07
1.988747494e-07
1.310292511e-07
8.261384263e-08
4.953850731e-08
2.80371684e-08
1.483733347e-08
7.253976965e-09
3.252715893e-09
1.316950183e-09
4.716796704e-10
1.452182758e-10
3.691584127e-11
7.265057259e-12
9.481675686e-13
6.688731374e-14
1.984258529e-15
-3.55425829e-41
-3.554112103e-41
-3.553999359e-41
-3.553954859e-41
-3.553960063e-41
-3.553990754e-41
-3.554032497e-41
-3.554077659e-41
-3.554121903e-41
-3.554163055e-41
-3.554200261e-41
-3.554233411e-41
-3.554262814e-41
-3.554288969e-41
-3.554312426e-41
-3.554333705e-41
-3.554353272e-41
-3.554371541e-41
-3.554388892e-41
-3.554405685e-41
-3.554422322e-41
-3.554439246e-41
-3.554456645e-41
-3.554474657e-41
-3.554493752e-41
-3.554514135e-41
-3.55453571e-41
-3.554558153e-41
-3.554580797e-41
-3.554602619e-41
-3.554622303e-41
-3.55463801e-41
-3.554647392e-41
-3.55457801e-41
1.543398815e-06
1.354470396e-06
1.161261366e-06
9.724618919e-07
7.950024308e-07
6.339302498e-07
4.924726197e-07
3.721513111e-07
2.730258762e-07
1.939915702e-07
1.330941277e-07
8.78497293e-08
5.553649261e-08
3.344080081e-08
1.904887282e-08
1.018084174e-08
5.050126078e-09
2.30374273e-09
9.564360835e-10
3.553151193e-10
1.154315413e-10
3.179749909e-11
7.049763462e-12
1.120892431e-12
1.148774438e-13
5.369039395e-15
1.90618911e-17
-3.554248823e-41
-3.554112672e-41
-3.554024305e-41
-3.553998263e-41
-3.554012093e-41
-3.554044677e-41
-3.554084538e-41
-3.554125773e-41
-3.554165207e-41
-3.554201491e-41
-3.554234256e-41
-3.554263608e-41
-3.554289915e-41
-3.55431364e-41
-3.554335255e-41
-3.554355203e-41
-3.554373889e-41
-3.554391691e-41
-3.554408976e-41
-3.554426154e-41
-3.55444361e-41
-3.554461452e-41
-3.554479881e-41
-3.554499305e-41
-3.554519858e-41
-3.554541416e-41
-3.554563611e-41
-3.554585772e-41
-3.554606926e-41
-3.554625873e-41
-3.554640855e-41
-3.554649592e-41
-3.554577336e-41
9.767500342e-07
8.589731129e-07
7.377129786e-07
6.186207027e-07
5.062673344e-07
4.040192673e-07
3.140482387e-07
2.374195252e-07
1.74238521e-07
1.23842088e-07
8.500693386e-08
5.615732363e-08
3.555669985e-08
2.146989665e-08
1.228732106e-08
6.615284269e-09
3.320301479e-09
1.536746115e-09
6.514054553e-10
2.493333403e-10
8.461414489e-11
2.476828434e-11
6.004982814e-12
1.087262655e-12
1.413299132e-13
1.022009143e-14
2.265702726e-16
-3.554348207e-41
-3.554237709e-41
-3.55411661e-41
-3.554051473e-41
-3.554040461e-41
-3.554060184e-41
-3.554093161e-41
-3.554130507e-41
-3.554167839e-41
-3.554203084e-41
-3.554235419e-41
-3.554264699e-41
-3.554291134e-41
-3.554315104e-41
-3.554337032e-41
-3.554357341e-41
-3.554376432e-41
-3.554394689e-41
-3.554412481e-41
-3.554430176e-41
-3.55444808e-41
-3.554466297e-41
-3.554485076e-41
-3.554504747e-41
-3.554525384e-41
-3.554546821e-41
-3.554568669e-41
-3.554590278e-41
-3.554610774e-41
-3.554629109e-41
-3.554643492e-41
-3.554651675e-41
-3.554576519e-41
5.917087059e-07
5.215315971e-07
4.487011355e-07
3.767831049e-07
3.086571838e-07
2.464748362e-07
1.916472195e-07
1.448902813e-07
1.063155339e-07
7.554543036e-08
5.18446401e-08
3.425156438e-08
2.170013431e-08
1.312356759e-08
7.534593098e-09
4.079514184e-09
2.06655312e-09
9.694413825e-10
4.179645032e-10
1.639319798e-10
5.757271515e-11
1.750863661e-11
4.56029453e-12
8.611678751e-13
1.098314619e-13
8.176899897e-15
1.933666806e-16
-3.554367968e-41
-3.554343724e-41
-3.554226233e-41
-3.554123471e-41
-3.554079348e-41
-3.554080345e-41
-3.554104034e-41
-3.55413658e-41
-3.554171374e-41
-3.55420522e-41
-3.554236881e-41
-3.554265993e-41
-3.554292544e-41
-3.554316774e-41
-3.554339048e-41
-3.554359763e-41
-3.55437931e-41
-3.554398061e-41
-3.554416327e-41
-3.554434438e-41
-3.554452784e-41
-3.554471497e-41
-3.554490756e-41
-3.554510774e-41
-3.554531577e-41
-3.554552976e-41
-3.554574571e-41
-3.554595734e-41
-3.554615643e-41
-3.554633185e-41
-3.554646531e-41
-3.554653837e-41
-3.55457594e-41
3.432220152e-07
3.031725311e-07
2.612737187e-07
2.196652683e-07
1.800883191e-07
1.438594462e-07
1.118554697e-07
8.453489889e-08
6.199012532e-08
4.401456424e-08
3.018242526e-08
1.992891464e-08
1.262506996e-08
7.641467759e-09
4.39704292e-09
2.391026061e-09
1.219888008e-09
5.788905223e-10
2.531747062e-10
1.013064568e-10
3.66131007e-11
1.167833046e-11
3.159578823e-12
6.044587948e-13
9.319160844e-14
1.562632686e-15
-3.552974541e-41
-3.553880839e-41
-3.55439168e-41
-3.554333815e-41
-3.554217884e-41
-3.554135502e-41
-3.554108923e-41
-3.554118539e-41
-3.554144441e-41
-3.554175987e-41
-3.554208349e-41
-3.554239286e-41
-3.554268049e-41
-3.554294595e-41
-3.554319064e-41
-3.554341703e-41
-3.55436284e-41
-3.554382821e-41
-3.554401952e-41
-3.554420557e-41
-3.554439099e-41
-3.55445796e-41
-3.554477131e-41
-3.554496781e-41
-3.554517108e-41
-3.554538087e-41
-3.554559485e-41
-3.554580865e-41
-3.554601585e-41
-3.554620789e-41
-3.554637316e-41
-3.554649494e-41
-3.554655896e-41
-3.554574942e-41
1.904621735e-07
1.685721355e-07
1.454920324e-07
1.224425385e-07
1.004336375e-07
8.023399558e-08
6.236232313e-08
4.709670546e-08
3.45019884e-08
2.446877273e-08
1.675933166e-08
1.105483439e-08
6.999386567e-09
4.237357683e-09
2.441644039e-09
1.331948964e-09
6.835248672e-10
3.274769693e-10
1.450408129e-10
5.901737089e-11
2.184672049e-11
7.209368827e-12
1.840256439e-12
3.905894108e-13
-3.553082881e-41
-3.553459721e-41
-3.55381489e-41
-3.553203157e-41
-3.554051586e-41
-3.554401554e-41
-3.554320632e-41
-3.554214011e-41
-3.554152446e-41
-3.554139997e-41
-3.554155256e-41
-3.554181992e-41
-3.554212206e-41
-3.554242307e-41
-3.554270827e-41
-3.554297357e-41
-3.554321971e-41
-3.554344884e-41
-3.554366335e-41
-3.554386616e-41
-3.554406068e-41
-3.554425068e-41
-3.554444033e-41
-3.554463227e-41
-3.554482625e-41
-3.554502452e-41
-3.554522877e-41
-3.554543835e-41
-3.554565064e-41
-3.554586105e-41
-3.554606324e-41
-3.55462487e-41
-3.55464058e-41
-3.55465197e-41
-3.554657792e-41
-3.554574067e-41
1.009329447e-07
8.949563047e-08
7.734105252e-08
6.513786209e-08
5.34437467e-08
4.268671614e-08
3.315824732e-08
2.501726033e-08
1.83043068e-08
1.296311942e-08
8.866111651e-09
5.840904828e-09
3.694995877e-09
2.236556633e-09
1.289943712e-09
7.054794141e-10
3.637492105e-10
1.75602027e-10
7.870914453e-11
3.247762737e-11
1.223988455e-11
4.168798906e-12
1.174580301e-12
2.077581839e-13
-3.552871646e-41
-3.553250452e-41
-3.553605341e-41
-3.553155631e-41
-3.553738182e-41
-3.554395324e-41
-3.554400653e-41
-3.554306856e-41
-3.554215031e-41
-3.554173086e-41
-3.554171781e-41
-3.554190663e-41
-3.554217219e-41
-3.554245783e-41
-3.554273797e-41
-3.554300252e-41
-3.554324928e-41
-3.554347996e-41
-3.554369731e-41
-3.554390404e-41
-3.554410322e-41
-3.554429823e-41
-3.554449255e-41
-3.554468776e-41
-3.554488351e-41
-3.554508243e-41
-3.554528587e-41
-3.554549288e-41
-3.554570097e-41
-3.554590612e-41
-3.554610294e-41
-3.554628275e-41
-3.554643381e-41
-3.554654225e-41
-3.554659604e-41
-3.554573292e-41
5.096958653e-08
4.527190446e-08
3.916801569e-08
3.3008004e-08
2.708517827e-08
2.162615216e-08
1.678619709e-08
1.265104068e-08
9.243830018e-09
6.536618603e-09
4.463889844e-09
2.93672309e-09
1.855917543e-09
1.122950667e-09
6.480409573e-10
3.550990375e-10
1.837938149e-10
8.930671166e-11
4.043540263e-11
1.688632642e-11
6.45984929e-12
2.247336263e-12
6.596421302e-13
4.148680172e-14
-3.55267182e-41
-3.553050131e-41
-3.553407621e-41
-3.552766225e-41
-3.553364829e-41
-3.554309422e-41
-3.554424171e-41
-3.554391678e-41
-3.554294278e-41
-3.554220963e-41
-3.554196757e-41
-3.554204237e-41
-3.554225459e-41
-3.554251248e-41
-3.554277865e-41
-3.554303758e-41
-3.554328363e-41
-3.554351572e-41
-3.55437355e-41
-3.554394596e-41
-3.554415026e-41
-3.554435114e-41
-3.554455114e-41
-3.554475082e-41
-3.554495009e-41
-3.554515129e-41
-3.554535509e-41
-3.554556026e-41
-3.554576443e-41
-3.554596398e-41
-3.554615312e-41
-3.554632294e-41
-3.554646477e-41
-3.554656484e-41
-3.554661311e-41
-3.554572094e-41
2.447648482e-08
2.177691643e-08
1.886146702e-08
1.590388125e-08
1.305100913e-08
1.041660229e-08
8.079129968e-09
6.082217332e-09
4.438183607e-09
3.133741326e-09
2.136848537e-09
1.403894096e-09
8.863077125e-10
5.360256172e-10
3.094535253e-10
1.698377264e-10
8.819453617e-11
4.308671841e-11
1.967261465e-11
8.321536916e-12
3.214859602e-12
1.113740323e-12
3.48150477e-13
5.113550556e-14
-3.552481787e-41
-3.552858328e-41
-3.553215191e-41
-3.552385665e-41
-3.552909473e-41
-3.554117417e-41
-3.554350763e-41
-3.554426204e-41
-3.554361602e-41
-3.554258129e-41
-3.554195949e-41
-3.554182281e-41
-3.554194984e-41
-3.554217707e-41
-3.554243327e-41
-3.554269219e-41
-3.554294436e-41
-3.554318723e-41
-3.554342121e-41
-3.554364824e-41
-3.55438708e-41
-3.554409214e-41
-3.554431547e-41
-3.554454017e-41
-3.554476624e-41
-3.554499584e-41
-3.554522856e-41
-3.554546222e-41
-3.554569339e-41
-3.554591745e-41
-3.554612703e-41
-3.554631212e-41
-3.554646659e-41
-3.554657015e-41
-3.554661583e-41
-3.554569783e-41
1.11582057e-08
9.944796794e-09
8.623159794e-09
7.275358479e-09
5.970977201e-09
4.764209556e-09
3.692594624e-09
2.777129694e-09
2.023989839e-09
1.427174882e-09
9.718324303e-10
6.376899933e-10
4.022043092e-10
2.431376077e-10
1.404093954e-10
7.716618883e-11
4.018257282e-11
1.972439708e-11
9.072106248e-12
3.874821182e-12
1.504992992e-12
5.191067069e-13
1.710907596e-13
3.888098849e-15
-3.549785079e-41
-3.552675039e-41
-3.553031485e-41
-3.552022795e-41
-3.552187383e-41
-3.553633525e-41
-3.553948515e-41
-3.554134364e-41
-3.554151239e-41
-3.554063729e-41
-3.5539778e-41
-3.553940265e-41
-3.553940104e-41
-3.553956747e-41
-3.553978812e-41
-3.554002066e-41
-3.554025186e-41
-3.55404781e-41
-3.554069919e-41
-3.554091629e-41
-3.554113087e-41
-3.554134539e-41
-3.554156259e-41
-3.55417816e-41
-3.55420025e-41
-3.554222694e-41
-3.554245384e-41
-3.554268042e-41
-3.554290294e-41
-3.554311654e-41
-3.554331437e-41
-3.554348871e-41
-3.554363252e-41
-3.554372483e-41
-3.554376544e-41
-3.554282216e-41
4.822828702e-09
4.306347429e-09
3.738683767e-09
3.156583304e-09
2.591280629e-09
2.067227148e-09
1.601404036e-09
1.203404176e-09
8.761412675e-10
6.170756084e-10
4.19701222e-10
2.751008493e-10
1.733709692e-10
1.04766224e-10
6.051967153e-11
3.330107096e-11
1.738347991e-11
8.567973151e-12
3.964778707e-12
1.703918509e-12
6.526822457e-13
2.096355172e-13
7.86935808e-14
1.39462915e-14
-3.549439918e-41
-3.552503014e-41
-3.552857288e-41
-3.551676894e-41
-3.552250994e-41
-3.553819265e-41
-3.554101075e-41
-3.554333903e-41
-3.554452008e-41
-3.554437404e-41
-3.5543613e-41
-3.554305108e-41
-3.554289576e-41
-3.554297785e-41
-3.554314874e-41
-3.554334439e-41
-3.554354566e-41
-3.554374744e-41
-3.554394846e-41
-3.554414854e-41
-3.55443479e-41
-3.55445477e-41
-3.55447492e-41
-3.554495123e-41
-3.554515334e-41
-3.554535636e-41
-3.554555915e-41
-3.554575913e-41
-3.554595317e-41
-3.554613657e-41
-3.55463027e-41
-3.554644725e-41
-3.554656101e-41
-3.5546629e-41
-3.554666047e-41
-3.55456882e-41
1.974831362e-09
1.766874262e-09
1.536107704e-09
1.298077707e-09
1.066064342e-09
8.504914441e-10
6.586409761e-10
4.946578741e-10
3.598526837e-10
2.5321633e-10
1.720619801e-10
1.126857639e-10
7.097156e-11
4.287765101e-11
2.47771365e-11
1.364963929e-11
7.141083085e-12
3.532105438e-12
1.640979113e-12
7.113644312e-13
2.774709776e-13
7.800279644e-14
9.642759959e-15
-2.114149706e-27
-3.548927014e-41
-3.552340287e-41
-3.552691884e-41
-3.551345108e-41
-3.551908091e-41
-3.553654441e-41
-3.553942426e-41
-3.554206579e-41
-3.554403413e-41
-3.554473303e-41
-3.554434452e-41
-3.554371684e-41
-3.554340614e-41
-3.554339206e-41
-3.554350214e-41
-3.554364811e-41
-3.554380473e-41
-3.554396714e-41
-3.554413443e-41
-3.554430642e-41
-3.5544483e-41
-3.554466436e-41
-3.554485079e-41
-3.554504072e-41
-3.554523273e-41
-3.554542718e-41
-3.554562288e-41
-3.554581706e-41
-3.554600617e-41
-3.554618403e-41
-3.554634337e-41
-3.554648049e-41
-3.554658588e-41
-3.554664668e-41
-3.554667496e-41
-3.554567848e-41
7.657923286e-10
6.866334901e-10
5.978899075e-10
5.057856686e-10
4.156466818e-10
3.316830102e-10
2.56846823e-10
1.928358199e-10
1.402104278e-10
9.859757121e-11
6.695207582e-11
4.382112405e-11
2.758803788e-11
1.666611432e-11
9.634610532e-12
5.313793729e-12
2.785518899e-12
1.38182131e-12
6.451714717e-13
2.775669523e-13
1.027475395e-13
2.053859181e-14
3.190809457e-15
2.908023998e-27
-1.547485764e-27
-3.549546018e-41
-3.552534277e-41
-3.551029425e-41
-3.551580512e-41
-3.553494551e-41
-3.553782447e-41
-3.554054421e-41
-3.55429772e-41
-3.554454159e-41
-3.554487009e-41
-3.55444815e-41
-3.554414808e-41
-3.554407138e-41
-3.554411613e-41
-3.554419623e-41
-3.55442894e-41
-3.554439234e-41
-3.554450444e-41
-3.554462574e-41
-3.554475646e-41
-3.554489698e-41
-3.554504774e-41
-3.554520799e-41
-3.554537559e-41
-3.554554926e-41
-3.554572732e-41
-3.554590645e-41
-3.554608107e-41
-3.554624354e-41
-3.554638843e-41
-3.554651353e-41
-3.554660946e-41
-3.554666306e-41
-3.554668829e-41
-3.554566747e-41
2.811945851e-10
2.527162581e-10
2.204408819e-10
1.867194798e-10
1.535750913e-10
1.22612966e-10
9.496674485e-11
7.12951613e-11
5.182481585e-11
3.643102078e-11
2.472816787e-11
1.617919113e-11
1.018392004e-11
6.152743418e-12
3.558530408e-12
1.964843621e-12
1.031507673e-12
5.120921338e-13
2.374645003e-13
1.034555957e-13
3.673447278e-14
-5.424682742e-15
-8.21699255e-25
1.085693597e-24
-2.189720122e-27
-3.549081504e-41
-3.552385932e-41
-3.550729015e-41
-3.551268551e-41
-3.553342196e-41
-3.553632907e-41
-3.553906216e-41
-3.554161836e-41
-3.55437571e-41
-3.554490739e-41
-3.554502763e-41
-3.554482014e-41
-3.554475944e-41
-3.554481235e-41
-3.55448804e-41
-3.554494568e-41
-3.554500984e-41
-3.554507523e-41
-3.554514401e-41
-3.554521857e-41
-3.554530183e-41
-3.55453969e-41
-3.554550532e-41
-3.554562635e-41
-3.554575806e-41
-3.554589759e-41
-3.554604073e-41
-3.554618112e-41
-3.554631259e-41
-3.554643444e-41
-3.554654539e-41
-3.554663189e-41
-3.554667836e-41
-3.554670077e-41
-3.554565485e-41
9.77855507e-11
8.810097071e-11
7.699868879e-11
6.531658272e-11
5.37799819e-11
4.296900745e-11
3.32954352e-11
2.500150164e-11
1.81745618e-11
1.277467299e-11
8.669711676e-12
5.671764262e-12
3.570198279e-12
2.157484982e-12
1.248331983e-12
6.900242168e-13
3.626275327e-13
1.798544704e-13
8.310872414e-14
3.96401459e-14
1.352598471e-14
3.33223736e-15
-4.297395943e-24
4.452659804e-24
8.501488798e-27
-1.641102591e-27
-3.549664437e-41
-3.550444015e-41
-3.550973383e-41
-3.55319675e-41
-3.553487677e-41
-3.553763222e-41
-3.554024142e-41
-3.554264962e-41
-3.554446328e-41
-3.554522e-41
-3.554523235e-41
-3.5545161e-41
-3.554519728e-41
-3.554527033e-41
-3.554534536e-41
-3.554541775e-41
-3.554548844e-41
-3.554555822e-41
-3.55456278e-41
-3.554569782e-41
-3.554576922e-41
-3.554584361e-41
-3.554592248e-41
-3.554600629e-41
-3.554609439e-41
-3.554618557e-41
-3.554627896e-41
-3.554637654e-41
-3.554647958e-41
-3.554657821e-41
-3.554665348e-41
-3.554669285e-41
-3.554671287e-41
-3.554564283e-41
3.218614526e-11
2.907467681e-11
2.546386478e-11
2.163583189e-11
1.78369609e-11
1.426477278e-11
1.106067771e-11
8.307815763e-12
6.041812345e-12
4.247229848e-12
2.882634162e-12
1.885572227e-12
1.187403196e-12
7.177362223e-13
4.150823184e-13
2.297673238e-13
1.205559401e-13
5.886626248e-14
2.574297135e-14
9.056369537e-15
3.706676123e-15
7.723585505e-16
-4.46264025e-24
3.404275063e-25
5.607443824e-25
-2.269961384e-27
-3.549393938e-41
-3.550173993e-41
-3.550692283e-41
-3.553057731e-41
-3.553347905e-41
-3.553623889e-41
-3.55388473e-41
-3.554132546e-41
-3.554354917e-41
-3.554499671e-41
-3.554545174e-41
-3.554544739e-41
-3.554545062e-41
-3.554550682e-41
-3.554557038e-41
-3.554563464e-41
-3.55456984e-41
-3.554576173e-41
-3.554582479e-41
-3.554588772e-41
-3.554595038e-41
-3.554601287e-41
-3.554607551e-41
-3.554613862e-41
-3.554620286e-41
-3.554627048e-41
-3.554634562e-41
-3.554643197e-41
-3.554652674e-41
-3.55466147e-41
-3.554667594e-41
-3.554670718e-41
-3.554672485e-41
-3.554563222e-41
9.696893582e-12
8.7807791e-12
7.70504225e-12
6.556443684e-12
5.411174762e-12
4.330735446e-12
3.35951766e-12
2.524275573e-12
1.835408396e-12
1.289923334e-12
8.752132946e-13
5.724520283e-13
3.602500831e-13
2.176208698e-13
1.254612689e-13
6.965038312e-14
3.659301876e-14
1.798842494e-14
8.185765585e-15
3.316211308e-15
1.152019729e-15
-3.421642984e-17
-2.182196023e-25
-4.304302088e-24
1.061050948e-24
-2.158883061e-27
-3.548959016e-41
-3.54991932e-41
-3.550426759e-41
-3.552925929e-41
-3.553214955e-41
-3.553491084e-41
-3.553754787e-41
-3.55400473e-41
-3.554240124e-41
-3.554436302e-41
-3.55454403e-41
-3.554570923e-41
-3.554572158e-41
-3.554574695e-41
-3.554578932e-41
-3.554583254e-41
-3.554587782e-41
-3.554592461e-41
-3.55459722e-41
-3.554602038e-41
-3.554606944e-41
-3.554611957e-41
-3.554617079e-41
-3.554622358e-41
-3.554627982e-41
-3.554634248e-41
-3.554641443e-41
-3.55464948e-41
-3.554657768e-41
-3.554665044e-41
-3.554669673e-41
-3.554672051e-41
-3.554673615e-41
-3.554562047e-41
2.866116774e-12
2.602877712e-12
2.289453765e-12
1.952038995e-12
1.613724157e-12
1.293293368e-12
1.004426605e-12
7.554794136e-13
5.496630882e-13
3.865265964e-13
2.624126493e-13
1.717441006e-13
1.081205595e-13
6.529489888e-14
3.707380871e-14
2.092787538e-14
1.101479999e-14
5.357688557e-15
2.426013722e-15
9.701676876e-16
3.866053526e-16
1.05209651e-16
3.952388263e-24
-3.947530501e-24
4.421137212e-24
7.284988675e-27
-1.613067646e-27
-3.547035942e-41
-3.55017547e-41
-3.552800807e-41
-3.553088075e-41
-3.553363129e-41
-3.553626759e-41
-3.553877845e-41
-3.554117346e-41
-3.554339791e-41
-3.554505679e-41
-3.554580598e-41
-3.554597482e-41
-3.554600055e-41
-3.554602328e-41
-3.554605095e-41
-3.554607983e-41
-3.554611052e-41
-3.554614265e-41
-3.554617585e-41
-3.554621029e-41
-3.554624665e-41
-3.554628576e-41
-3.5546329e-41
-3.554637787e-41
-3.554643359e-41
-3.554649604e-41
-3.554656285e-41
-3.554662833e-41
-3.554668149e-41
-3.554671425e-41
-3.554673274e-41
-3.554674679e-41
-3.55456085e-41
8.035149257e-13
7.319353168e-13
6.454305243e-13
5.514809895e-13
4.567288442e-13
3.666087972e-13
2.851140096e-13
2.146921112e-13
1.563105068e-13
1.100033962e-13
7.474996183e-14
4.896919248e-14
3.082186613e-14
1.855316117e-14
9.992826172e-15
5.932428288e-15
3.118061061e-15
1.403676885e-15
5.992522861e-16
2.315381251e-16
8.989028587e-17
4.794953917e-18
6.235183567e-24
-4.369403101e-26
-1.480263317e-25
1.20111963e-24
-2.253663543e-27
-3.546509556e-41
-3.549936579e-41
-3.552681675e-41
-3.552966809e-41
-3.553240214e-41
-3.553503012e-41
-3.55375462e-41
-3.553993854e-41
-3.554223217e-41
-3.554428312e-41
-3.554560729e-41
-3.554609096e-41
-3.554618245e-41
-3.554620772e-41
-3.554623096e-41
-3.55462532e-41
-3.554627605e-41
-3.55463004e-41
-3.554632567e-41
-3.554635134e-41
-3.554637815e-41
-3.55464077e-41
-3.554644118e-41
-3.554647937e-41
-3.554652259e-41
-3.554657063e-41
-3.554662181e-41
-3.554666954e-41
-3.554670513e-41
-3.554672834e-41
-3.554674359e-41
-3.554675663e-41
-3.554559659e-41
2.137950083e-13
1.953546387e-13
1.727178676e-13
1.479100014e-13
1.227377178e-13
9.869527059e-14
7.688268579e-14
5.79345321e-14
4.222440085e-14
2.974215439e-14
2.02304304e-14
1.32561169e-14
8.325337427e-15
4.941608763e-15
2.09811307e-15
1.554926131e-15
8.111365893e-16
2.599154607e-16
6.776132475e-17
2.941726138e-17
8.555764705e-19
4.831464281e-25
-3.213581492e-24
7.104161081e-25
2.914362205e-24
7.50881576e-26
1.077440448e-24
6.036454534e-27
-3.549714408e-41
-3.552569385e-41
-3.55285187e-41
-3.553123109e-41
-3.553384468e-41
-3.553635672e-41
-3.553876364e-41
-3.554106555e-41
-3.554325704e-41
-3.554505496e-41
-3.554601255e-41
-3.554629043e-41
-3.554633799e-41
-3.55463556e-41
-3.554637628e-41
-3.55463961e-41
-3.554641553e-41
-3.554643591e-41
-3.554645669e-41
-3.554647805e-41
-3.554650163e-41
-3.554652879e-41
-3.554655972e-41
-3.554659419e-41
-3.554663118e-41
-3.554666768e-41
-3.554669917e-41
-3.554672272e-41
-3.554674055e-41
-3.554675383e-41
-3.55467662e-41
-3.554558713e-41
5.400345292e-14
4.950143916e-14
4.388313591e-14
3.766843023e-14
3.132972853e-14
2.525577643e-14
1.969357128e-14
1.484680602e-14
1.082786713e-14
7.635483954e-15
5.207834127e-15
3.394160203e-15
2.111565961e-15
1.172515992e-15
-9.543972011e-17
3.326600784e-16
1.781505729e-16
-1.266842451e-16
-8.836250533e-19
4.670111824e-25
2.327295389e-25
-1.314281975e-25
-3.520619055e-25
-2.079318156e-24
-6.662638763e-26
-1.046146539e-24
-1.552873078e-25
1.153420273e-24
-3.549499475e-41
-3.552462005e-41
-3.55274191e-41
-3.553010813e-41
-3.553270267e-41
-3.553520012e-41
-3.553759639e-41
-3.553988247e-41
-3.554208511e-41
-3.554414014e-41
-3.554562103e-41
-3.554625679e-41
-3.554640062e-41
-3.554643271e-41
-3.554645385e-41
-3.554647343e-41
-3.554649273e-41
-3.554651205e-41
-3.554653123e-41
-3.554655075e-41
-3.554657182e-41
-3.554659488e-41
-3.554661991e-41
-3.554664618e-41
-3.554667224e-41
-3.554669652e-41
-3.554671758e-41
-3.554673524e-41
-3.554675062e-41
-3.554676281e-41
-3.554677473e-41
-3.554557465e-41
1.294876716e-14
1.190684065e-14
1.058441602e-14
9.109863496e-15
7.601739399e-15
6.140741019e-15
4.780673298e-15
3.607053547e-15
2.631675871e-15
1.858246933e-15
1.280871399e-15
8.195777072e-16
5.014286445e-16
2.950295247e-16
1.595149592e-16
9.19805385e-17
3.302191838e-17
7.500747945e-18
4.430615347e-25
4.02169244e-25
1.086293857e-25
-2.420272124e-25
-8.296084667e-25
-4.998471629e-25
-5.128389642e-24
-3.249092416e-24
-2.636030316e-24
-1.700196427e-24
-3.549126674e-41
-3.552361468e-41
-3.552638295e-41
-3.55290434e-41
-3.553161419e-41
-3.553409306e-41
-3.553647736e-41
-3.553876352e-41
-3.554094623e-41
-3.55430483e-41
-3.554489589e-41
-3.554602278e-41
-3.554640111e-41
-3.554647059e-41
-3.554649434e-41
-3.554651717e-41
-3.554653842e-41
-3.554655803e-41
-3.554657726e-41
-3.554659612e-41
-3.554661529e-41
-3.554663532e-41
-3.554665577e-41
-3.554667607e-41
-3.554669557e-41
-3.554671377e-41
-3.554673048e-41
-3.554674598e-41
-3.554676027e-41
-3.554677169e-41
-3.554678307e-41
-3.554556292e-41
2.944540944e-15
2.716363523e-15
2.420597428e-15
2.091595129e-15
1.7556282e-15
1.406605811e-15
1.096031067e-15
8.26129821e-16
6.038333408e-16
4.320317513e-16
3.007172205e-16
1.824946621e-16
1.087316065e-16
6.263464936e-17
3.292587847e-17
1.376499801e-17
3.654567366e-18
5.331245386e-26
4.947575489e-25
-4.664844577e-26
6.032447387e-25
-2.062963348e-25
-3.530184624e-25
-2.672556325e-25
-3.207924875e-24
-7.723237773e-25
1.705448442e-24
-4.147075722e-26
-1.724923727e-27
-3.549683794e-41
-3.552537215e-41
-3.552802197e-41
-3.553056904e-41
-3.553302808e-41
-3.553539726e-41
-3.553767445e-41
-3.553985666e-41
-3.554195642e-41
-3.554395686e-41
-3.554553462e-41
-3.554629833e-41
-3.554648297e-41
-3.554651787e-41
-3.554654031e-41
-3.554656149e-41
-3.554658229e-41
-3.554660182e-41
-3.55466205e-41
-3.55466389e-41
-3.554665711e-41
-3.554667505e-41
-3.554669246e-41
-3.554670919e-41
-3.554672527e-41
-3.554674074e-41
-3.55467556e-41
-3.554676931e-41
-3.55467801e-41
-3.554679083e-41
-3.554555282e-41
6.325841683e-16
5.851559535e-16
5.267018157e-16
4.637703735e-16
3.763504456e-16
3.01659984e-16
2.341773337e-16
1.756230049e-16
1.291790257e-16
1.026105581e-16
6.469654767e-17
3.537675463e-17
2.084618642e-17
1.250642045e-17
6.184937531e-18
1.70003055e-18
1.649424204e-19
1.589521006e-25
-3.665432449e-25
-4.50114676e-26
6.21420274e-25
-1.839723022e-25
-3.892196204e-25
-6.691772002e-25
1.939271217e-24
3.254456528e-24
2.298298749e-24
-1.50905557e-24
-2.343868376e-27
-3.549497386e-41
-3.552443518e-41
-3.552705385e-41
-3.552957252e-41
-3.55320072e-41
-3.553435617e-41
-3.553661765e-41
-3.553878933e-41
-3.554086636e-41
-3.55428864e-41
-3.554475082e-41
-3.554599762e-41
-3.554645297e-41
-3.554653264e-41
-3.554655681e-41
-3.554657905e-41
-3.554659912e-41
-3.554661812e-41
-3.554663628e-41
-3.55466537e-41
-3.554667085e-41
-3.554668776e-41
-3.554670421e-41
-3.554672015e-41
-3.554673552e-41
-3.554675027e-41
-3.554676437e-41
-3.55467772e-41
-3.55467871e-41
-3.554679693e-41
-3.554554206e-41
1.274197754e-16
1.217352389e-16
1.14092676e-16
9.083589328e-17
7.290213633e-17
6.026198635e-17
4.61909451e-17
3.431880725e-17
2.331975601e-17
2.189440125e-17
1.038291085e-17
5.479424778e-18
3.547286928e-18
2.436876342e-18
5.580147373e-19
8.281359273e-20
8.098493654e-25
1.063347955e-25
1.176160465e-25
-5.498349909e-26
9.067496504e-25
4.288220334e-25
-2.676847659e-25
-1.397744595e-24
-1.45157255e-24
-8.966754385e-26
-2.532257367e-24
-5.611278142e-25
-2.260714487e-27
-3.549147609e-41
-3.552353308e-41
-3.552612448e-41
-3.552861567e-41
-3.553102548e-41
-3.553335258e-41
-3.553559591e-41
-3.553775509e-41
-3.553983153e-41
-3.554183311e-41
-3.554378091e-41
-3.554542649e-41
-3.554630491e-41
-3.554653508e-41
-3.55465708e-41
-3.554659032e-41
-3.554661038e-41
-3.554662935e-41
-3.554664726e-41
-3.554666478e-41
-3.554668177e-41
-3.554669815e-41
-3.554671388e-41
-3.554672883e-41
-3.554674294e-41
-3.554675627e-41
-3.554676879e-41
-3.554678005e-41
-3.554678878e-41
-3.554679807e-41
-3.55455274e-41
2.703598017e-17
2.208893378e-17
1.786535151e-17
1.628749705e-17
1.292092815e-17
1.01305865e-17
8.362310893e-18
5.283224891e-18
4.061076398e-18
3.217800281e-18
1.383649033e-18
8.824155508e-19
1.28292992e-18
-1.052847144e-25
3.567196573e-25
2.036707361e-25
1.031496108e-24
2.518040941e-26
3.303052901e-25
3.420736642e-26
7.036478185e-25
3.747818243e-25
8.488178314e-27
-3.826017122e-25
-6.653981161e-25
-3.850080922e-25
8.539468877e-25
4.902777822e-25
1.485732644e-26
-1.758255967e-27
-3.549686657e-41
-3.552522917e-41
-3.552770594e-41
-3.553008792e-41
-3.553239008e-41
-3.553461098e-41
-3.553674954e-41
-3.553880521e-41
-3.554077787e-41
-3.554269383e-41
-3.554452001e-41
-3.554587903e-41
-3.554645559e-41
-3.554657181e-41
-3.55466003e-41
-3.554662257e-41
-3.554664142e-41
-3.5546659e-41
-3.554667533e-41
-3.554669061e-41
-3.55467049e-41
-3.554671811e-41
-3.554673032e-41
-3.554674204e-41
-3.554675386e-41
-3.554676602e-41
-3.554677783e-41
-3.554678759e-41
-3.554679806e-41
-3.554551439e-41
3.57525562e-18
2.181109975e-18
3.031844403e-18
1.960055087e-18
6.094339971e-19
4.598912079e-18
1.367819972e-19
5.509676112e-19
1.04356554e-18
2.264178856e-19
4.203412635e-21
3.551409559e-20
7.249427668e-26
-1.323558568e-25
3.047396779e-25
2.006121325e-25
7.56630466e-25
5.688966634e-26
3.03794608e-25
5.006973258e-26
1.489132533e-24
4.576436622e-25
-7.987533052e-26
-3.343704317e-25
-5.201869762e-25
-1.407559633e-25
2.667694784e-25
1.353859195e-25
4.184558719e-25
-2.366908847e-27
-3.549518983e-41
-3.552439303e-41
-3.552684198e-41
-3.552919707e-41
-3.553147459e-41
-3.553367298e-41
-3.55357906e-41
-3.553782584e-41
-3.553977719e-41
-3.554164459e-41
-3.554346696e-41
-3.554511848e-41
-3.554615909e-41
-3.554651546e-41
-3.554658389e-41
-3.554661428e-41
-3.554663839e-41
-3.554665653e-41
-3.554667163e-41
-3.554668421e-41
-3.554669544e-41
-3.554670703e-41
-3.554671973e-41
-3.554673328e-41
-3.554674743e-41
-3.554676173e-41
-3.554677528e-41
-3.554678669e-41
-3.554679855e-41
-3.554550235e-41
7.152519036e-18
-5.335257867e-18
-4.093678074e-18
-2.782269284e-18
-1.692642457e-18
4.441449968e-20
3.602146931e-20
6.790131473e-20
4.668757034e-20
-3.692861829e-20
1.772457948e-25
1.63366547e-25
2.072105819e-26
2.509918763e-25
3.62402675e-25
1.960028272e-25
7.432768002e-25
2.327647178e-25
3.207524992e-25
5.239130083e-26
1.481063025e-24
4.56743966e-25
-7.583012863e-26
-3.052833254e-25
-6.617675982e-25
-9.162978281e-27
4.294996721e-25
3.778288418e-25
7.422162586e-25
-2.289465232e-27
-3.549191563e-41
-3.552360241e-41
-3.552602566e-41
-3.552835572e-41
-3.553061104e-41
-3.553278987e-41
-3.553489031e-41
-3.553691019e-41
-3.553884688e-41
-3.554069758e-41
-3.554246878e-41
-3.554415855e-41
-3.554554131e-41
-3.55462825e-41
-3.554650707e-41
-3.554656705e-41
-3.5546604e-41
-3.554663068e-41
-3.554664955e-41
-3.554666445e-41
-3.554667822e-41
-3.554669286e-41
-3.554670866e-41
-3.554672525e-41
-3.554674223e-41
-3.554675879e-41
-3.554677397e-41
-3.554678683e-41
-3.554679989e-41
-3.55454903e-41
-2.67334312e-20
8.178952712e-20
9.355030271e-20
4.801641237e-20
1.618456899e-20
1.281165195e-25
4.776028361e-22
8.062510669e-22
3.500009753e-26
1.614512847e-25
2.220191947e-25
1.053731121e-25
-7.029123331e-26
4.678429369e-25
3.968371195e-25
2.35544864e-25
-2.127686054e-25
5.312593394e-26
8.04534543e-26
-2.68424226e-25
-1.546931802e-24
5.128303823e-25
-7.065500044e-26
-3.293843003e-25
7.649807799e-25
-3.314038321e-25
9.175700439e-26
3.727508154e-25
1.958905521e-24
1.714702135e-26
-1.797488967e-27
-3.549719007e-41
-3.552525057e-41
-3.552757281e-41
-3.552980726e-41
-3.553196867e-41
-3.553405503e-41
-3.553606382e-41
-3.55379917e-41
-3.553983367e-41
-3.554158143e-41
-3.554325899e-41
-3.554481017e-41
-3.554590753e-41
-3.554638323e-41
-3.55465102e-41
-3.554655773e-41
-3.554659348e-41
-3.554662149e-41
-3.55466434e-41
-3.554666223e-41
-3.554668086e-41
-3.554670015e-41
-3.554671983e-41
-3.554673944e-41
-3.554675812e-41
-3.554677481e-41
-3.554678888e-41
-3.554680269e-41
-3.55454823e-41
-1.149278854e-25
4.867940201e-26
6.781370227e-26
8.364264291e-26
1.090666375e-25
1.228754174e-25
1.146856117e-25
8.940926134e-26
5.503577862e-26
2.297200936e-28
-2.036319517e-26
3.315970361e-25
-1.277694992e-25
3.910238382e-25
4.174627943e-25
2.61670764e-25
-2.130242087e-25
7.922220243e-26
9.208071472e-26
-2.669510862e-25
-1.570223777e-24
5.151026665e-25
8.710471705e-26
1.348961522e-26
6.303375409e-26
-1.202268163e-24
3.996430385e-26
1.791554321e-25
4.323685288e-25
4.084231263e-25
-2.393954291e-27
-3.549570974e-41
-3.552454448e-41
-3.552684682e-41
-3.552906309e-41
-3.553120937e-41
-3.553328378e-41
-3.553528393e-41
-3.553720653e-41
-3.553904697e-41
-3.554079878e-41
-3.554245624e-41
-3.554401535e-41
-3.554533341e-41
-3.554612994e-41
-3.554642818e-41
-3.554651793e-41
-3.554656676e-41
-3.554660359e-41
-3.55466312e-41
-3.554665397e-41
-3.554667522e-41
-3.554669645e-41
-3.554671769e-41
-3.554673872e-41
-3.554675868e-41
-3.554677631e-41
-3.554679117e-41
-3.554680561e-41
-3.55454732e-41
6.051211867e-26
6.778974654e-26
6.98205026e-26
7.19141216e-26
7.53955547e-26
7.412679733e-26
6.950173461e-26
6.414886596e-26
4.933550231e-26
5.415962441e-26
1.541545599e-26
-5.982060672e-29
5.314294502e-25
5.196198635e-25
4.661273363e-25
4.332113936e-25
-6.429408965e-26
9.830437628e-26
8.662601761e-27
-7.474207764e-26
-1.560699371e-24
5.290579002e-25
-7.583449044e-26
6.134969301e-26
1.406520794e-25
4.232873043e-25
-9.205238565e-26
-5.619902642e-26
-2.373219136e-24
7.329460119e-25
-2.329641495e-27
-3.549275606e-41
-3.552389347e-41
-3.552617411e-41
-3.552837269e-41
-3.55305047e-41
-3.553256813e-41
-3.553456054e-41
-3.553647868e-41
-3.553831798e-41
-3.554007154e-41
-3.554172828e-41
-3.554330371e-41
-3.554475894e-41
-3.554582595e-41
-3.554633048e-41
-3.554648612e-41
-3.554654542e-41
-3.554658883e-41
-3.554662348e-41
-3.554665093e-41
-3.554667487e-41
-3.55466973e-41
-3.5546719e-41
-3.55467405e-41
-3.55467611e-41
-3.554677943e-41
-3.554679505e-41
-3.554680981e-41
-3.554546729e-41
6.665036502e-26
6.830692857e-26
6.747599761e-26
6.750386747e-26
6.85595696e-26
6.794874451e-26
6.672193163e-26
6.393724176e-26
5.505333642e-26
5.915650817e-26
1.039496513e-25
-2.487464451e-26
5.048458742e-25
5.811912154e-25
5.175939456e-25
4.623716974e-25
-6.567764948e-26
1.862140042e-25
3.670636776e-26
-1.57822598e-26
-1.890310365e-24
4.527739263e-25
-9.245493552e-26
5.341806468e-26
1.091241239e-25
5.24654396e-26
-1.491659327e-25
-3.341543233e-25
-2.269750901e-25
2.11539798e-24
2.03545963e-26
-1.857525114e-27
-3.549796066e-41
-3.552554158e-41
-3.552773812e-41
-3.552985537e-41
-3.553190704e-41
-3.553389074e-41
-3.553580334e-41
-3.553764071e-41
-3.553939723e-41
-3.554106546e-41
-3.554263725e-41
-3.554411059e-41
-3.554536871e-41
-3.554614948e-41
-3.554645407e-41
-3.554654721e-41
-3.554659502e-41
-3.554663009e-41
-3.554665804e-41
-3.554668278e-41
-3.554670517e-41
-3.554672608e-41
-3.554674677e-41
-3.554676667e-41
-3.55467843e-41
-3.554679936e-41
-3.554681374e-41
-3.554545982e-41
6.559086177e-26
6.804211484e-26
7.028684523e-26
7.212436697e-26
7.227511155e-26
7.178010323e-26
7.038026836e-26
6.239919326e-26
6.088621685e-26
1.251850512e-25
-1.753763355e-25
5.444028528e-25
6.552120342e-25
6.119239898e-25
4.944409118e-25
3.718057042e-25
-1.309956439e-25
1.106745219e-25
-2.328758475e-27
3.490910182e-27
-1.652481949e-24
4.470978847e-25
-9.389853323e-26
6.610757641e-26
-9.326087643e-26
1.010577082e-26
-4.783592519e-26
-1.210214963e-25
-1.387951348e-24
6.001820534e-25
4.014685079e-25
-2.446337864e-27
-3.549675394e-41
-3.552496742e-41
-3.552714723e-41
-3.552925075e-41
-3.553129074e-41
-3.553326516e-41
-3.553517131e-41
-3.553700565e-41
-3.553876329e-41
-3.554043731e-41
-3.554201709e-41
-3.554352374e-41
-3.554491821e-41
-3.554592947e-41
-3.554639884e-41
-3.554654348e-41
-3.554659808e-41
-3.554663421e-41
-3.554666375e-41
-3.554668959e-41
-3.55467126e-41
-3.554673348e-41
-3.554675363e-41
-3.554677282e-41
-3.55467898e-41
-3.554680453e-41
-3.55468185e-41
-3.554545838e-41
2.950627263e-26
7.021636959e-26
7.044046233e-26
7.033919458e-26
7.131241953e-26
7.306833138e-26
7.532145569e-26
1.539639565e-25
6.676706414e-26
1.054755436e-25
9.110470174e-26
5.304569476e-25
-2.725537281e-28
4.566683703e-25
2.298356173e-25
-2.018708231e-25
-3.624495916e-25
1.007827638e-25
1.257368986e-25
8.793405715e-26
-1.610506415e-24
5.107215627e-25
-9.568138242e-26
-9.706175422e-26
-6.347713889e-26
1.137255025e-26
-1.285026343e-25
-8.059111388e-26
-1.462467473e-24
-1.825021345e-24
5.599692256e-25
-2.389526821e-27
-3.549559302e-41
-3.552442943e-41
-3.552659902e-41
-3.552868791e-41
-3.553071615e-41
-3.553268078e-41
-3.553457926e-41
-3.553640839e-41
-3.553816406e-41
-3.553984107e-41
-3.554143346e-41
-3.554293924e-41
-3.55443647e-41
-3.554557703e-41
-3.554629593e-41
-3.554655009e-41
-3.55466183e-41
-3.554665104e-41
-3.55466761e-41
-3.55466986e-41
-3.554672027e-41
-3.554674097e-41
-3.554676053e-41
-3.554677868e-41
-3.554679461e-41
-3.554680851e-41
-3.554682181e-41
-3.554545358e-41
6.527000684e-26
6.806079994e-26
6.965706675e-26
7.092786435e-26
7.0425757e-26
7.215784432e-26
1.579221305e-25
1.133458948e-25
2.060929815e-25
2.244854194e-26
5.009057946e-25
4.625825034e-25
-2.661860485e-27
4.496071468e-25
2.046316053e-25
-1.8290255e-25
-3.427603983e-25
1.021913827e-25
2.817745174e-25
5.519664974e-26
-1.783108733e-24
6.031303656e-25
1.835460539e-25
-9.764831435e-26
-5.419108672e-26
-1.424516896e-26
1.712637136e-26
-1.921458088e-26
1.104069879e-24
-3.1130257e-24
9.20721281e-25
-2.347855864e-27
-3.549318518e-41
-3.552395423e-41
-3.552610288e-41
-3.552817376e-41
-3.553019009e-41
-3.553214549e-41
-3.55340372e-41
-3.5535863e-41
-3.553762035e-41
-3.553930669e-41
-3.554092099e-41
-3.55424609e-41
-3.554393965e-41
-3.554527223e-41
-3.554616474e-41
-3.554652734e-41
-3.554662298e-41
-3.554665803e-41
-3.554668237e-41
-3.554670367e-41
-3.554672406e-41
-3.55467445e-41
-3.554676386e-41
-3.554678143e-41
-3.554679692e-41
-3.554681074e-41
-3.554682391e-41
-3.554545256e-41
6.674218017e-26
3.452879187e-26
6.935653851e-26
7.057924117e-26
7.300394144e-26
1.554863335e-25
1.047993182e-25
2.304792179e-25
7.842438198e-26
2.799845778e-25
2.842985576e-26
1.273725857e-26
5.098810502e-25
4.199832493e-25
-4.381645127e-25
-3.583777371e-25
-2.905537432e-25
1.194727393e-25
4.197502865e-25
5.734677853e-26
-1.820690598e-24
6.158937725e-25
1.983549527e-25
3.389482824e-26
-6.313990421e-26
-3.908522718e-28
4.948481476e-26
6.307299298e-27
-6.442884388e-25
4.734881761e-25
2.855180413e-24
2.142160883e-26
-1.880496855e-27
-3.549869002e-41
-3.552610329e-41
-3.552814516e-41
-3.553010839e-41
-3.553201117e-41
-3.553385096e-41
-3.553562464e-41
-3.553732922e-41
-3.553896176e-41
-3.554051895e-41
-3.554200041e-41
-3.554342477e-41
-3.554479751e-41
-3.554591455e-41
-3.55465054e-41
-3.554667793e-41
-3.554671109e-41
-3.554672458e-41
-3.554673663e-41
-3.554674947e-41
-3.554676365e-41
-3.554677874e-41
-3.554679362e-41
-3.55468074e-41
-3.554681983e-41
-3.554683138e-41
-3.554545388e-41
)
;

boundaryField
{
    inletCH4
    {
        type            calculated;
        value           uniform 0;
    }
    wallOutside
    {
        type            calculated;
        value           nonuniform List<scalar> 
70
(
-3.553812753e-41
-3.554561686e-41
-3.554565067e-41
-3.554567436e-41
-3.55456924e-41
-3.554570858e-41
-3.55457215e-41
-3.554573375e-41
-3.554574402e-41
-3.554575336e-41
-3.554576179e-41
-3.55457693e-41
-3.554577561e-41
-3.554578215e-41
-3.554578681e-41
-3.55457918e-41
-3.554579596e-41
-3.55457991e-41
-3.55457728e-41
-3.554156924e-41
-3.554580647e-41
-3.554580886e-41
-3.554580836e-41
-3.554581135e-41
-3.554580899e-41
-3.554580974e-41
-3.554580886e-41
-3.554580653e-41
-3.554580529e-41
-3.554580223e-41
-3.554579872e-41
-3.554579599e-41
-3.554579022e-41
-3.55457854e-41
-3.55457801e-41
-3.554577336e-41
-3.554576519e-41
-3.55457594e-41
-3.554574942e-41
-3.554574067e-41
-3.554573292e-41
-3.554572094e-41
-3.554569783e-41
-3.554282216e-41
-3.55456882e-41
-3.554567848e-41
-3.554566747e-41
-3.554565485e-41
-3.554564283e-41
-3.554563222e-41
-3.554562047e-41
-3.55456085e-41
-3.554559659e-41
-3.554558713e-41
-3.554557465e-41
-3.554556292e-41
-3.554555282e-41
-3.554554206e-41
-3.55455274e-41
-3.554551439e-41
-3.554550235e-41
-3.55454903e-41
-3.55454823e-41
-3.55454732e-41
-3.554546729e-41
-3.554545982e-41
-3.554545838e-41
-3.554545358e-41
-3.554545256e-41
-3.554545388e-41
)
;
    }
    wallTube
    {
        type            calculated;
        value           nonuniform List<scalar> 
61
(
-6.801514104e-83
-6.858300583e-83
-6.859124809e-83
-6.859459166e-83
-6.859823406e-83
-9.853773596e-83
-2.242963846e-78
-1.654270564e-73
-1.210062854e-68
-8.825013407e-64
-6.438915151e-59
-4.706718196e-54
-3.451073131e-49
-2.540567058e-44
-1.877920418e-39
-1.393652987e-34
-8.467531545e-16
2.169389211e-15
-2.694939493e-13
-1.474055503e-10
6.406579567e-09
-2.727638778e-10
-2.652527753e-10
-7.081522671e-11
-4.393857762e-11
-2.318581315e-11
1.347570432e-09
-1.9411665e-08
3.701347407e-06
7.172147687e-07
-7.245762718e-07
9.63106642e-07
-4.746635169e-08
2.578252423e-08
-8.040684641e-08
-8.643002296e-08
-7.544412264e-08
-7.106439174e-08
-7.032606445e-08
-6.821751922e-08
-6.345589633e-08
3.130323984e-10
-6.205482839e-11
-5.077378924e-11
1.961442191e-12
4.249764681e-11
-4.613645455e-09
-1.018326028e-06
8.570016086e-07
-9.691061078e-07
8.407655552e-07
-9.237591954e-08
-4.155625964e-08
-1.018521387e-07
-8.127047548e-08
-7.056533162e-08
-6.44216494e-08
-6.109448844e-08
-6.139756293e-08
-6.658519562e-08
-4.334995186e-08
)
;
    }
    inletPilot
    {
        type            calculated;
        value           uniform 0;
    }
    inletAir
    {
        type            calculated;
        value           uniform 0;
    }
    outlet
    {
        type            calculated;
        value           nonuniform List<scalar> 
71
(
6.906999335e-28
9.520781062e-27
9.103841328e-27
8.572936443e-27
1.619580803e-26
-4.867287475e-26
4.177999125e-26
2.865637871e-26
-4.979957781e-26
5.662697262e-26
6.072712338e-26
6.658228828e-26
3.415033627e-26
6.935328923e-26
7.073949254e-26
7.310696466e-26
1.561595905e-25
1.048070043e-25
2.325693271e-25
7.696378938e-26
2.772519559e-25
2.856766745e-26
1.354457754e-26
5.089904868e-25
4.197848584e-25
-4.381925495e-25
-3.584450184e-25
-2.907523294e-25
1.193283421e-25
4.200403378e-25
5.730157271e-26
-1.820577799e-24
6.156188078e-25
1.981811785e-25
3.400664518e-26
-6.302778001e-26
-3.959062134e-28
4.94923933e-26
6.296194647e-27
-6.442906595e-25
4.734638378e-25
2.855202131e-24
2.142002422e-26
-1.880395518e-27
-3.549861125e-41
-3.552603976e-41
-3.5528082e-41
-3.553004558e-41
-3.553194877e-41
-3.55337891e-41
-3.553556341e-41
-3.553726869e-41
-3.553890196e-41
-3.554045986e-41
-3.554194199e-41
-3.554336652e-41
-3.554474038e-41
-3.554585564e-41
-3.554644798e-41
-3.554662291e-41
-3.554665634e-41
-3.554667077e-41
-3.554668357e-41
-3.554669701e-41
-3.554671164e-41
-3.5546727e-41
-3.554674195e-41
-3.554675561e-41
-3.554676861e-41
-3.554678051e-41
-3.554540206e-41
)
;
    }
    axis
    {
        type            empty;
    }
    frontAndBack_pos
    {
        type            wedge;
    }
    frontAndBack_neg
    {
        type            wedge;
    }
}


// ************************************************************************* //
