/*--------------------------------*- C++ -*----------------------------------*\
  =========                 |
  \\      /  F ield         | OpenFOAM: The Open Source CFD Toolbox
   \\    /   O peration     | Website:  https://openfoam.org
    \\  /    A nd           | Version:  10
     \\/     M anipulation  |
\*---------------------------------------------------------------------------*/
FoamFile
{
    format      ascii;
    class       volScalarField;
    location    "0.02499901733";
    object      ddt0(rho,K);
}
// * * * * * * * * * * * * * * * * * * * * * * * * * * * * * * * * * * * * * //

dimensions      [1 -1 -3 0 0 0 0];

internalField   nonuniform List<scalar> 
5170
(
-20859.70973
44879.08181
-20931.5227
-23863.07423
-164653.0141
-39565.51065
-38785.90303
-29927.93747
3325.68981
19432.66953
896.572375
-765.7245411
7800.629642
37574.59204
-3136.035037
-1034.139436
-3943.686497
618.227127
-3218.06288
-2004.04595
-359.5933319
-2136.864008
473.5162682
-31009.55392
-420.2710407
1470.226968
581.8404635
3854.823823
-2888.981348
5798.519026
-328.8140272
-1709.177382
-4150.924759
-26874.03876
5704.901505
-3459.363176
-1666.714812
3827.428921
4741.230901
7244.329249
957.7949136
-743.7865534
32739.05897
-8416.544167
4528.102384
5517.822037
1661.887223
19130.7894
2056.980267
9876.54877
-630.022083
1100.409004
-40485.67741
-2286.20946
1153.10456
-5027.341513
-3115.000741
34447.70693
-4311.832222
6594.253193
-2136.782012
-2599.095436
-44967.38559
-2651.625151
-3094.674477
809.4872733
-248.3374157
35214.28726
-863.4490302
10894.77228
313.33015
-606.9030551
-38833.68186
-630.3114666
-7405.145924
-1294.167103
-1399.921559
21840.13719
-2262.4293
13520.9192
-1942.888204
-106.3120345
-26588.19438
-2287.546203
-9344.631168
14610.87284
43401.57595
42656.14935
10159.38697
37456.82657
-69262.26771
-37477.36984
-12577.49143
-9495.580318
-70489.78145
-372176.0451
-450166.3273
-243481.3556
-134571.3418
-385451.49
-2302.837526
3176.070718
-828.800293
3294.107191
-3279.692415
2408.844351
2642.130169
1876.317093
1566.226791
878.9638967
-1527.557447
-2781.844951
-1627.001456
-3511.519262
-1174.277894
-1010.682719
-2163.542345
-2109.796456
-2330.93062
-696.3118253
3.731785052
-419.2479609
-64.2989351
-455.4725277
122.7961514
308.6236874
337.0061193
723.8633585
111.7863926
214.3353749
80.30520612
84.06005897
425.3382009
-25.19909137
-17.06998917
-11.79687615
-28.33515973
47.56308512
-28.71403522
-40.14093335
44.50394143
-9.093981487
-233.5950222
19.2279839
51.88074657
-50.89699671
-89.39838676
-144.8800217
-131.4033651
-44.44926228
-127.0280921
-218.325863
-289.8422884
-199.9270618
-151.7997025
-95.05873972
-132.97937
-45.90678635
-116.692983
-68.97059651
-648.9888902
-317.2535271
-95.80850705
-14.08754232
28.62119614
-999.0946144
-2116.655082
-3104.480645
-2526.344306
-1431.590043
-350.6554628
-1958.806698
-3003.61697
-2425.247172
-1540.028631
182.0053893
86.12188072
-22.7311167
-358.5442596
-187.6481169
840.148246
879.8863212
353.5527229
4.70841947
428.5528695
-2519.563035
-4647.519449
-3171.329066
-3119.619026
-1260.186011
-8746.446768
-6653.352088
-1009.430388
-3729.542759
949.5293243
-43372.61328
-3522.676031
-18640.85475
-14856.63116
942.5543972
-356771.8392
-375467.2772
-504303.2503
-531608.9233
-569107.6167
-96803.11893
-69733.32643
-89990.87971
-80971.3752
-199213.276
26869.08639
-15983.88389
1867.373334
-122864.5877
-142936.7001
14663.2982
-10893.33577
-2901.681444
-139243.3685
-103509.172
3192.888359
-3610.157495
-33946.85703
-132935.9809
-68944.64678
4425.469612
-104640.6162
-93901.38287
-97536.99708
-16768.08441
-11241.95673
-107950.1875
-67592.46723
-62335.4154
10294.60256
-44871.68612
-132911.3359
-69041.46737
-43324.40716
21460.79924
-84879.87011
71658.94661
-75084.19865
-24485.6456
26701.94147
-111239.4409
-89800.92679
-60117.00397
-12705.21758
23326.21571
-92182.24272
-71585.10711
-34277.71837
3606.099252
22321.56083
-63282.14276
-54375.5521
-22401.73909
5905.422781
23933.75821
-42384.44474
-37162.73216
-17536.31642
-178.484815
19022.93031
-1443.902546
305.0132194
1013.28695
9578.109419
7872.109094
4147.148551
9741.525177
12539.54453
17340.00419
14088.71899
15651.47474
18340.26105
24814.33642
24712.47056
27962.84422
33293.24432
35052.09322
31203.89022
27496.79768
23179.63514
24194.05565
24103.68501
25291.30574
22426.69075
16781.56025
2542.197405
721.3506788
5120.267076
5334.207352
6039.850714
5559.350979
3696.11272
2673.953793
-80.87226089
-1667.980196
36277.89181
24145.22138
13814.11281
6207.993413
1368.131506
34148.52664
29190.63867
22287.38989
16235.95917
11196.46837
26572.2726
24229.23945
21036.21437
17636.95135
13074.84822
21846.78404
21063.2301
19491.62282
17145.97153
12757.29514
10014.02676
11711.01324
14677.27188
13973.89993
12521.35523
6022.842454
7812.465378
6264.982915
5390.903899
5378.844277
8205.838325
8095.675466
4178.978751
3233.483592
2811.090239
2065.367697
3529.194607
6447.108479
6704.345565
6747.589232
1362.391061
2621.919065
2207.901434
1722.654393
1786.315053
2338.366521
3519.958848
1823.126993
1146.641734
1498.797677
2002.029254
1371.865167
1091.698129
1260.996162
1416.709978
2818.536632
1302.922182
1010.399313
995.4693876
1429.751866
2678.214459
2803.941229
2803.610842
1333.513338
1189.504969
835.1186917
684.1203524
773.25587
755.028557
725.373317
526.6218805
681.698927
493.5334936
538.1784316
910.228246
513.9647697
342.4583355
418.2626286
469.1164192
604.9344519
240.6432995
221.791313
218.9439301
221.5677289
269.7450573
196.9347329
307.6499023
193.9540011
208.5664952
457.6899504
225.9536232
137.8878419
188.056177
233.4064303
309.8539339
96.80114343
79.85789917
86.04125395
98.88131434
74.68798031
75.76174505
64.89358719
70.91133775
69.11350048
63.77872799
56.71802391
153.1246794
66.41371873
71.37599358
182.056748
130.3333912
50.47946648
91.16255058
132.1006273
195.2914825
32.0033636
29.43017997
40.9775071
31.51085703
41.48668895
28.62114732
29.36273268
27.66285777
23.80481137
22.16243692
28.20911237
29.89208376
25.73137828
20.77169685
26.23781364
40.99003752
93.94577606
35.98396747
40.98089132
100.4662768
89.12667387
41.93491282
62.31348268
95.06385315
133.6253032
48.85327848
44.66133227
45.11180209
41.93124445
47.59876404
56.13188591
53.89871941
53.08826913
50.58855793
53.80664272
61.52089698
57.81284183
58.17937481
57.51028308
61.80850773
66.25016753
65.36754164
67.20606764
66.47902826
73.60031765
76.82942919
74.92249496
75.41365479
76.26966549
79.47784557
88.81038437
110.1736156
86.80372679
89.61906145
135.5700325
113.8861989
89.46599571
102.0346811
123.7610418
154.1474118
86.57814199
89.33560304
89.87831737
90.24451661
94.70954024
87.1186315
87.19791648
88.79438568
88.99354775
90.60973062
85.93539107
84.7973512
86.55014977
87.60533471
88.5706336
84.11933887
81.60231203
84.04356854
84.74441016
87.69972596
80.22723842
78.4478637
78.90344228
80.39107748
82.72108724
75.39934572
73.39504941
73.80709647
73.98257539
74.90357538
69.89731135
68.45030669
70.39059026
69.96699021
70.3175374
66.58986963
80.2288605
66.31574114
70.01969062
94.97107684
430.5141435
447.2418203
449.0094898
449.8120907
445.4713336
82.99170115
83.03435107
83.59876157
84.72928576
100.3088413
65.31070729
63.81864438
66.27547753
67.13857682
67.69897312
58.33628677
67.121406
60.85748334
64.6349548
71.09202847
60.70733959
61.44338784
63.7130201
64.7913874
65.74159497
42.3958807
51.5914397
44.44348471
48.82230044
66.51205844
170.5029867
174.6472645
177.2529424
176.5678325
176.6407303
-307381.3495
-284759.9892
-36525.18804
-13391.33288
20303.37518
45860.47603
54720.58752
50178.12625
44769.37706
35493.09918
28496.86416
25031.46208
18813.39038
15476.12535
19384.14737
26400.33924
19565.91176
16648.45326
7018.055123
-5838.475926
-2322.692968
7071.707165
11462.67017
11944.23543
9963.98691
7549.765531
6148.003859
4909.115851
2558.98191
2171.837836
2054.494353
2244.116
749.8742634
920.8065437
1673.662476
293.7974893
356.0766807
856.6151138
185.2575704
130.5319812
106.9212884
253.6167365
37.49041499
-2.181252758
21.49593539
15.98211181
268.0172749
61.05336981
30.03940661
47.7995039
57.67138182
50.8039807
86.77569501
213.9911074
106.6645377
92.76651999
99.28631578
97.14310413
89.0178305
81.16174088
79.85205682
76.34212102
165.8166367
441.4073376
89.05433186
66.88485117
70.75497956
64.60559201
72.72466659
176.1582766
-143399.5962
-135778.3431
-209053.4253
-56069.14044
-15757.07353
-5350.30875
-22308.30775
-93566.77172
-49233.48462
-12631.50087
46477.80423
4983.866267
-23109.36442
-42982.92116
-19863.62808
86548.41787
84611.89909
7988.166788
-33438.89782
-23797.30962
108467.7913
96651.98651
18583.33103
-20835.62297
-20180.53657
104978.5619
88000.69712
24262.99851
-10679.85616
-16239.95797
94317.4323
72404.66159
23163.52634
-3931.388052
-10778.37048
75819.19319
57818.36123
20650.85152
-113.3856089
-6538.101576
59927.4105
46206.57539
19066.03487
2646.088074
-4688.437464
46249.66422
35767.9846
16824.331
3598.188689
-2637.101691
35184.11251
27951.51541
14341.67277
4401.738487
-434.7635589
27251.37271
21738.19027
13494.62246
6081.530329
204.0843946
22584.52656
20122.89311
14449.65403
6205.48802
2829.527023
19646.28565
22816.37671
11028.83196
7922.41362
8721.517725
22926.38454
18215.33836
10505.81038
12407.29104
8351.451746
22878.02195
14846.88122
17762.89771
10392.55321
6322.613075
20000.85453
16625.65758
14927.46971
11801.63769
9936.267706
16406.90061
17042.59063
14436.46744
16042.06892
13133.58093
8049.083529
5053.519942
666.7260461
-171.2096144
4206.679311
-5793.789216
-7020.61872
-9770.81938
-19451.59882
-18173.43882
-5696.076647
-10539.21877
-11154.82205
-15169.21142
-10784.69301
-633.7461512
-5875.857957
-5742.390263
-7557.407166
-8942.984321
5114.46236
4449.762546
-1499.016993
-3921.233097
-6823.270753
10324.73899
2875.110157
153.0210049
-506.7403969
-3102.445241
6497.187265
4227.341909
3895.850308
765.1274521
45.95643786
5778.949753
3974.213515
2839.703992
1550.772517
2093.238754
6908.432409
3502.886151
2813.073
2069.31675
1355.03775
2527.793678
2125.484641
2512.56027
2365.061579
1905.396973
1891.618665
1702.222575
2278.307664
2030.556264
1757.234192
1447.364681
1619.965192
1933.222709
1397.835181
918.6823855
1420.136037
1709.107021
1539.167735
1024.922896
1134.545563
2936.74559
1100.253442
976.2537976
1150.26247
1059.251336
1428.316919
859.6838703
1083.184082
977.9507966
630.0883063
656.8698824
1009.359524
902.2248967
553.9393328
442.2446249
851.3120642
451.3392757
414.856487
362.8757631
631.6235442
386.4038642
314.1359863
291.7206156
642.8104348
579.784583
230.3738394
427.0157939
1408.124432
375.9305249
171.716228
1335.845866
350.7377764
166.560644
126.3705857
119.3675331
537.7241336
149.7244437
99.04145888
104.0699636
97.59053625
70.28510741
76.95387105
82.89079927
101.8425801
352.6889441
79.16932721
97.60743852
384.3668962
330.7586413
75.10866991
365.3175518
305.3239733
69.71230951
43.71249747
40.3340982
351.7785055
87.90209929
34.05924806
22.12939846
21.34717108
20.36551943
16.06380012
18.07417636
18.05317522
29.24990612
13.87573358
12.93357597
18.08826939
32.36933297
243.5523981
17.05991213
17.15596576
39.00309867
251.095491
234.8626834
52.2323312
276.7113838
231.4487458
37.34702761
17.21320006
247.141632
67.10014368
28.42048636
25.61520528
23.26914679
37.20135221
36.37040381
33.94381628
33.17343273
31.22099945
46.82178091
46.287175
47.96507602
46.44549112
47.02802426
56.0552016
55.98098988
59.87795241
57.98779833
58.31101368
67.01380957
67.51460221
68.309688
66.53417807
75.0209295
81.25470307
80.55315694
100.3442704
285.115696
259.367018
147.1361278
699.3283497
227.3041005
101.3867976
89.72954529
226.2024555
115.3871588
95.28237821
94.60053122
93.12745736
92.6010674
95.29232833
95.91913005
96.93135889
97.41569105
91.07838801
94.5502849
97.31235611
98.22894805
98.00333849
90.46868976
94.88051588
94.99852013
94.74782472
94.40009494
86.60853321
88.71037302
89.12829286
88.4013298
89.88800507
80.20490611
81.88611434
83.22039947
83.47087911
85.82006572
74.03689618
77.49895121
78.93660262
78.8507527
82.87395149
71.8199723
78.34544021
77.9359883
83.29210047
137.2277001
73.56447429
130.4073683
458.6334162
465.0906674
461.1232978
450.4108944
446.169647
122.2404359
69.00848196
67.24788996
141.2600557
87.04660111
83.2389267
67.41737004
70.34867577
67.15721959
68.81554265
68.85397183
68.1536389
69.2861617
67.14873681
65.84511319
65.71974918
67.8470176
72.97719034
66.16434419
68.76978272
69.580633
70.56653267
71.18017446
62.29094122
54.78960956
56.05888534
59.51766342
63.82318414
178.8332905
183.8739238
186.8715133
192.527474
196.5020102
-3972.052668
-371.132705
274.6867127
147.0073936
-94.79782339
60.27698832
-134.2544637
48.192887
22.80976752
-17.9678347
2.715438789
4.608515985
-9.8648283
-2.797292789
-2.802572077
-1.643963814
3.214628795
2.777485827
1.664397856
0.5138875238
0.5260282254
2.425189955
2.398879375
1.743049752
1.702087306
1.462136225
2.0464065
2.534489235
2.393489914
2.343418454
2.319837025
2.046288625
2.01125743
2.125001377
2.016203859
1.912757695
1.778971518
1.839848128
1.988407596
1.403454723
-0.1509587795
0.2440370677
0.7111302179
0.4892283812
0.3168376639
0.09913468046
-0.1126703726
-0.2259662721
-0.3891768708
-0.5084038763
-0.590093054
-0.8112702236
-0.9242144825
-0.9196834151
-0.9816972239
-1.043608978
-1.047515631
-1.166402828
-0.5037443404
0.120859426
-4763.769188
35.23564314
-42.82124879
-54.38502562
-138.3669641
-9.850324545
-12.7898733
-40.71067581
20.22527185
29.26561093
-5.368596081
-17.09196814
2.449854747
11.89196637
-0.9001152851
-4.626986867
-1.359955219
0.7163051179
4.452672694
4.694533944
3.644433537
3.624050605
2.40747696
3.169302763
4.302911161
5.273870952
5.765105019
5.894990538
5.665907238
5.764119179
6.183710766
6.136474517
5.985985489
5.948039542
5.790267358
5.450639753
5.183782055
4.806825676
4.317986765
3.852067468
3.311393097
2.783123475
2.140270092
1.492343373
0.9529860365
0.3608709044
-0.2477319226
-0.7358351059
-1.198871295
-1.61527415
-1.959000268
-2.33813011
-2.637286646
-2.829974628
-2.996126544
-3.146526892
-3.158080265
-3.314761583
-3.095030978
-3.1530871
-4055.068572
1003.301179
21.32579405
21.08351689
-363.1171229
168.2955308
-15.33550188
5.327199206
22.31431652
-1.125661271
-6.552318147
2.993374232
-0.6500469328
-5.801091991
-4.80045456
-1.887738934
0.4652511066
1.522882562
2.970189206
3.615719071
3.080630784
3.444908624
4.951014151
5.945190924
6.507007821
6.558171936
7.122313115
8.274230602
8.798063204
9.164321992
9.394149488
9.266699155
9.347681372
9.476451062
9.18751447
8.700565995
8.212982327
7.693962254
7.068019539
6.265805216
5.419335894
4.580666556
3.603437793
2.636721418
1.727763411
0.7824952204
-0.1390293358
-0.994068218
-1.817530979
-2.549423668
-3.174296324
-3.729367003
-4.211180882
-4.588686324
-4.856562135
-5.039316237
-5.096441224
-5.172543731
-4.883866151
-4.978463545
-9133.762264
-103.6280242
107.9865659
-74.44357789
-6.532700814
59.57842499
7.787324036
-23.94848025
-10.99266162
7.291779853
-5.395481103
-20.59487155
-17.84131107
-5.358403851
-0.8218164716
-4.714675131
-4.513023571
-1.321743179
2.49727108
3.264394114
1.791185774
1.940143381
4.200520912
6.306082529
6.979175001
7.435947972
8.451785294
9.711477988
10.85609217
11.37217398
11.23022051
11.36224976
11.84003069
12.03080587
11.73170354
11.11050976
10.45298067
9.880161301
9.06299051
7.991545468
6.943139699
5.782058926
4.483549026
3.216288918
1.986803088
0.7210612563
-0.4900754233
-1.584154579
-2.639366582
-3.60372371
-4.438855981
-5.154500942
-5.754874692
-6.217190555
-6.564010637
-6.779302805
-6.915502409
-7.047695774
-6.666373622
-6.70206898
-12003.85004
-19.29003002
-57.2677709
-69.50679845
-192.8099902
188.4803655
15.89510293
-36.35359715
-13.1736355
1.082369039
-15.64518069
-25.90058908
-18.40941441
-9.278829726
-7.879051319
-9.390154695
-5.92676418
-1.157349013
1.04490471
0.2598911585
-1.288603836
-1.642184408
2.547960315
4.492235909
5.78053517
6.951993558
8.283529728
9.641518566
10.7510676
11.52311326
12.11497906
12.66186192
13.02676392
13.10300191
12.91040204
12.55660556
12.00322707
11.2436505
10.28229092
9.238139784
8.018579183
6.641556131
5.119239427
3.619462122
2.1663971
0.6460624949
-0.797137122
-2.111923809
-3.365188927
-4.492022946
-5.472053017
-6.307944752
-7.036624354
-7.610719132
-7.999574695
-8.283318231
-8.426774878
-8.486345064
-8.290727073
-8.157507611
-13638.22796
-570.0435243
-324.7574347
-57.01953385
-167.8045202
86.40353333
-35.25962011
-43.64092246
-16.62158473
-8.541490598
-22.21978866
-29.79900811
-24.58611537
-17.89906555
-16.23354437
-16.3127068
-14.1199317
-10.95706035
-8.336042905
-6.714814038
-5.594284649
-4.214044742
-1.903799205
-1.650337089
1.57621162
4.027547928
5.745619302
7.411303751
8.892589612
10.12611948
11.15846049
12.00834711
12.60495875
12.91001406
12.96339958
12.79149965
12.34837852
11.66671153
10.77154946
9.678477868
8.393921654
6.955128723
5.399501603
3.757762346
2.068749083
0.4182667294
-1.15027035
-2.610000303
-4.028576126
-5.300698804
-6.352075818
-7.285683524
-8.151883052
-8.718845557
-9.114716959
-9.347345728
-9.480434635
-9.534849708
-9.520095434
-9.319278971
-10711.60309
-6363.605419
-490.4292025
-119.2990905
-30.06578822
63.37385279
-36.51019817
-39.28097168
-22.90070957
-18.79855202
-30.50502726
-36.38435249
-31.35012114
-24.91021271
-23.02895988
-23.00455852
-21.66422005
-18.80737301
-16.99479184
-14.89529771
-13.43742612
-11.22638191
-6.71119174
-4.33272407
-3.024015929
-1.199435037
-2.071323586
1.455541931
4.905146551
6.638714578
8.125626652
9.351268976
10.32995647
11.01064624
11.38434503
11.48684378
11.31556135
10.8494134
10.12621025
9.198342354
8.039822105
6.646460257
5.097150326
3.400155968
1.654515895
-0.05515273908
-1.726312696
-3.356318842
-4.825313159
-6.175660224
-7.21662565
-8.137855672
-8.904928993
-9.465495241
-9.926266056
-10.15507726
-10.24621087
-10.36156091
-10.24526171
-9.997144489
-8905.359098
-6434.41311
-578.9828524
-125.7342116
-145.166523
43.07815525
-36.95962222
-73.17037397
-30.84565504
-24.39204681
-38.33766099
-44.10532592
-38.18585615
-32.8670235
-31.86189524
-31.69922145
-30.59542219
-27.89830645
-25.51416984
-23.5528891
-21.93952663
-19.80820906
-17.71340941
-14.79135728
-11.8221884
-7.349272656
-3.806049912
-1.701341821
-1.403619846
-0.792108427
2.038767192
5.085649205
6.48951729
7.614424034
8.425837081
8.864175757
9.069295556
8.769923892
8.422698541
7.774668423
6.908837723
5.645595674
4.133491512
2.493823034
0.7926919937
-0.9116737233
-2.553445728
-4.094844444
-5.493102947
-6.745686633
-7.843200443
-8.746316207
-9.374049899
-9.925952509
-10.37685728
-10.65689883
-10.70830709
-10.752178
-10.5296795
-10.30842743
-6960.316417
-6298.832623
-3109.001015
-302.7585678
-214.8232699
78.66737443
-61.92249741
-103.6375868
-29.56884008
-18.63480772
-46.40639031
-54.6005971
-43.84772827
-41.21280482
-41.21081313
-41.55592963
-40.41901295
-38.16570725
-35.72829793
-34.18722314
-32.02610974
-29.3991121
-26.80603226
-23.46154625
-20.2867011
-17.58260446
-15.39361048
-12.25253279
-7.094272314
-1.551793385
-0.6309894434
-0.6057556249
1.348809487
2.960877836
4.190220824
5.065558973
5.558659134
5.723066694
5.578361383
5.084804571
4.365599884
3.385684219
2.195944269
0.8771990182
-0.5458597084
-2.047128488
-3.511380025
-4.853067043
-6.106550363
-7.200946329
-8.260951708
-9.104751123
-9.749038406
-10.23498281
-10.58036956
-10.76756715
-10.83183599
-10.85272088
-10.59388152
-10.37750115
-4732.977362
-5285.636238
-4785.669975
-366.6359663
-151.2131059
72.89103433
8.750165814
-96.35847755
-42.02719945
-29.10737579
-48.48625938
-59.62900735
-50.4628631
-47.49650499
-48.44372359
-50.6568518
-50.71392555
-47.84927707
-45.94313152
-44.37115185
-42.22851804
-39.73791114
-36.47841523
-33.08357082
-29.94313806
-26.50189897
-22.7432236
-19.09478232
-15.97074447
-13.3697294
-10.7815171
-6.524823956
-1.677514052
-2.565327133
-0.9081215109
0.4132347532
1.271077141
1.956179283
2.020544754
1.812989168
1.267092489
0.6533288862
-0.104421515
-1.027431149
-2.078367836
-3.234591944
-4.445239062
-5.610191094
-6.702043421
-7.713762012
-8.589986959
-9.309442475
-9.879383916
-10.29172682
-10.56912085
-10.71011716
-10.72577206
-10.70062302
-10.4201375
-10.19128666
-3078.401668
-3137.047345
-3731.077738
-2664.025941
-322.6949454
60.59040139
-8.199405472
-98.37097171
-61.70500974
-34.44843686
-54.51810136
-62.17469932
-56.67901275
-55.38224156
-55.4119229
-56.44476142
-56.50998532
-55.94916643
-54.84789946
-53.08230727
-51.237283
-49.05941812
-45.7974685
-42.18555597
-38.854502
-35.13334902
-31.3020219
-27.59494478
-23.83416211
-20.32369271
-16.88568119
-13.73665931
-10.97293837
-8.554178361
-6.401908845
-4.6496872
-3.333446122
-2.349616658
-1.754240212
-1.526077011
-1.59227258
-1.861220574
-2.334637047
-2.975533703
-3.718498618
-4.573043047
-5.491256677
-6.408011607
-7.285235653
-8.120268309
-8.838778339
-9.428170749
-9.883286669
-10.19981286
-10.39581601
-10.46497575
-10.42386838
-10.36614373
-10.06160766
-9.839019756
-1625.231789
-2231.730327
-1840.569689
-2582.21101
-1223.476852
-112.3965609
-51.62169062
-46.16224777
-65.87411583
-53.03488884
-60.69363968
-65.693684
-62.03882376
-61.56262895
-61.07110983
-61.06280277
-61.26165669
-61.00519523
-61.14054651
-60.06515905
-58.48266444
-56.55986221
-53.59479177
-50.24029213
-46.62550294
-42.83116842
-38.99271982
-35.10373202
-31.18351951
-27.39783201
-23.74811793
-20.31160854
-17.14375836
-14.33626001
-11.79764954
-9.62192709
-7.901086521
-6.527616684
-5.51230614
-4.846648598
-4.504465629
-4.380002557
-4.498638285
-4.837704529
-5.289480082
-5.848711743
-6.507625267
-7.179992621
-7.831177
-8.458496965
-8.997716793
-9.440777702
-9.768746741
-9.982440073
-10.09179771
-10.09452755
-10.00173491
-9.913655591
-9.587475644
-9.372270394
-537.2012369
-1767.855869
-898.8371037
-2565.764864
-1660.485322
128.407742
26.24246074
-67.72854671
-21.5449396
-52.12473589
-66.40365936
-70.98427086
-65.29602193
-63.36873234
-64.59058562
-66.59493726
-67.11695547
-65.7522823
-65.77247923
-64.97247109
-64.13438066
-62.06252999
-59.38586782
-56.16959249
-52.58727869
-48.95861084
-45.1695536
-41.20382031
-37.20674992
-33.26901908
-29.46885571
-25.83804644
-22.43698556
-19.33483412
-16.5396256
-14.09601616
-12.02221272
-10.31464618
-8.964591374
-7.958134184
-7.271287809
-6.824458411
-6.632472537
-6.644594734
-6.817751083
-7.099004697
-7.493170208
-7.918228041
-8.345692239
-8.756735314
-9.108297287
-9.38783598
-9.586929904
-9.692248442
-9.717362612
-9.659819519
-9.524117404
-9.418644353
-9.104633699
-8.898671163
3290.545649
253.9943478
213.7764149
701.0758984
-2133.666304
-926.1786659
-90.55821911
-87.03047964
-59.2538999
-60.24058624
-77.3775138
-79.29199424
-73.49505519
-68.0930082
-68.30500058
-70.13315088
-70.86807593
-71.46410976
-69.0284261
-67.75762868
-66.55015382
-64.56533643
-62.12644035
-59.11231612
-55.77272272
-52.35517567
-48.71581748
-44.87924299
-40.9725599
-37.09375427
-33.31040058
-29.67925551
-26.2290359
-23.03095438
-20.12715472
-17.54493664
-15.29462043
-13.38510119
-11.81908858
-10.57885241
-9.638682864
-8.960606663
-8.520735919
-8.281110793
-8.203631428
-8.242009812
-8.394997559
-8.590542834
-8.807843503
-9.017924112
-9.197831266
-9.326804528
-9.399027152
-9.403743692
-9.356332302
-9.248109439
-9.085872968
-8.968600284
-8.697071343
-8.511038249
5675.381998
854.7122804
746.8123538
1372.968427
-971.5696462
-233.7241306
-575.9086136
-223.0363506
-86.08514176
-51.15298523
-82.72805612
-84.63504852
-76.45629611
-71.74132656
-68.67333106
-69.97504113
-71.17372423
-71.79870966
-69.49147737
-67.74128896
-65.72661973
-63.94883289
-61.68366392
-58.85779827
-55.84295197
-52.62519395
-49.24944702
-45.71406095
-42.06785275
-38.43572179
-34.85953845
-31.40028652
-28.10523602
-25.02790442
-22.20592621
-19.66662292
-17.42924864
-15.49033713
-13.86348687
-12.53214532
-11.47010598
-10.65723766
-10.05902956
-9.644750619
-9.382536105
-9.236010328
-9.185729722
-9.187866089
-9.217555047
-9.254429567
-9.275600339
-9.271658055
-9.231291735
-9.149608
-9.037398735
-8.886304343
-8.706885285
-8.581705586
-8.33790082
-8.19914525
7214.923044
1135.923008
-1355.574754
936.4875684
-469.1827256
-1113.87381
-870.2736475
-105.5430631
-91.23001788
-97.58125027
-59.33945382
-91.68270604
-91.34803701
-78.91086061
-73.42263158
-77.37004428
-74.97674177
-70.43654036
-66.93462284
-64.32052984
-62.38024559
-60.35034924
-57.91990243
-55.1946757
-52.35998481
-49.49849144
-46.52455977
-43.40867336
-40.19265755
-36.98631432
-33.84349311
-30.77757824
-27.86155287
-25.12042315
-22.59179051
-20.30810459
-18.27178407
-16.4910132
-14.97167625
-13.70138201
-12.65732653
-11.82565065
-11.1717256
-10.6745026
-10.30255188
-10.03659925
-9.839363584
-9.697710501
-9.579896843
-9.478416188
-9.3773408
-9.259224304
-9.128101809
-8.977473746
-8.817805061
-8.638383915
-8.452715352
-8.33220513
-8.117688287
-8.014899877
6730.290175
4151.655097
1174.175712
787.982962
-1129.266679
-1993.157904
-623.4164662
-394.3112117
-109.8780497
-62.47206875
-87.72893287
-69.05811623
-93.90602049
-89.08909147
-76.58721077
-68.48112622
-64.02509691
-59.81148438
-56.51851758
-54.48765369
-52.94746078
-51.35314963
-49.43627369
-47.23586422
-44.94315809
-42.64613565
-40.29535099
-37.83057774
-35.28821225
-32.75013272
-30.25872028
-27.83590202
-25.52443955
-23.34247053
-21.32938585
-19.4958746
-17.86045518
-16.41204259
-15.16101907
-14.09761338
-13.20381418
-12.46658362
-11.86002664
-11.3685303
-10.96346059
-10.63375403
-10.35345043
-10.11549021
-9.895268975
-9.692339637
-9.493648957
-9.296115316
-9.100734832
-8.898888957
-8.708702658
-8.515461519
-8.33483471
-8.226686103
-8.04485946
-7.959431918
8951.631894
4823.234208
4046.661871
-499.3965926
-1685.445563
-1939.440376
-1025.662467
-301.6509079
-160.9407229
-44.55690397
-4.923138881
-16.12116145
-15.46187007
-52.57090087
-57.74024322
-42.28119444
-39.55443209
-38.72894875
-38.19469246
-37.74177352
-37.42754072
-37.00183262
-36.22709913
-35.05057663
-33.71570144
-32.36371716
-30.94778931
-29.41661042
-27.78889148
-26.15939393
-24.5593503
-22.97993074
-21.46166224
-20.04412317
-18.7108946
-17.50088776
-16.40985883
-15.43732072
-14.58433678
-13.84299155
-13.205537
-12.65646975
-12.17924089
-11.76407854
-11.39135303
-11.05646878
-10.74526128
-10.45445679
-10.17281269
-9.906446064
-9.646041117
-9.394230839
-9.158430779
-8.927563389
-8.728057461
-8.535942675
-8.367999571
-8.277217859
-8.130066908
-8.083405241
3014.414133
1467.169048
-4014.176514
-4195.700464
-1975.996874
-1115.944332
-249.6405901
-62.99353013
-369.8408236
15.61870966
-24.29652342
-26.18483312
-14.50607034
9.011700584
-10.31828588
-14.07709713
-13.91045418
-14.48221144
-15.6188861
-17.07351824
-18.52224954
-19.67264216
-20.31361455
-20.42713721
-20.26858306
-20.03933073
-19.74831471
-19.32830133
-18.78212402
-18.18935689
-17.60140499
-16.99971027
-16.39167736
-15.82581012
-15.28871107
-14.77932275
-14.31599301
-13.90513029
-13.51614405
-13.16677052
-12.84141337
-12.5314779
-12.23332117
-11.93854386
-11.63882787
-11.33855394
-11.0315239
-10.72338295
-10.4139794
-10.11338281
-9.820125389
-9.543455333
-9.291185244
-9.057555942
-8.866485095
-8.693790593
-8.555717565
-8.497795395
-8.388391241
-8.365805255
-17167.50892
-13435.28169
-8795.679845
-5546.523111
-3143.012986
-2296.34082
-1427.88591
-446.0967052
-154.0214259
-84.25123694
-19.55505634
4.902372507
30.50811256
36.39344972
23.59231731
11.72170044
7.606323549
6.420425634
4.885710768
2.450896547
-0.3251741081
-2.741446071
-4.655088119
-5.942019745
-6.905420143
-7.770631534
-8.559825751
-9.205522164
-9.707646021
-10.13849582
-10.53151232
-10.88765657
-11.19076679
-11.46370424
-11.70356243
-11.910347
-12.07416973
-12.21058097
-12.30009675
-12.33085679
-12.32660948
-12.26267986
-12.15191975
-11.98691207
-11.7744872
-11.52449184
-11.23894928
-10.93363308
-10.61768155
-10.30740059
-10.00600435
-9.726650246
-9.482795917
-9.265409615
-9.099591478
-8.962470211
-8.859207115
-8.844577109
-8.786383133
-8.783325755
-13470.71616
-9042.635549
-7128.419821
-5410.030457
-3610.319661
-2102.145021
-1426.298742
-452.8575685
-362.5778386
-176.3491256
-156.7825075
-22.81892565
-2.980841395
22.04894661
35.97379053
16.38931681
14.33423255
14.46544105
14.89094892
14.07834524
12.07461416
9.727218365
7.588980055
5.73014647
4.209075334
2.605146919
1.021149728
-0.4871478215
-1.845902881
-3.152602361
-4.412339708
-5.593317177
-6.693784238
-7.703078267
-8.614541001
-9.440742951
-10.15238204
-10.75376107
-11.23754295
-11.60920686
-11.86063235
-12.00781846
-12.04496631
-11.99183486
-11.85046577
-11.64420024
-11.38115799
-11.08717656
-10.77842287
-10.4720926
-10.18403999
-9.922425842
-9.70761208
-9.526425998
-9.407101366
-9.318074619
-9.272990037
-9.302482507
-9.288755197
-9.324850291
-10191.97882
-7882.835925
-5623.805962
-4483.646966
-2910.781705
-1297.494916
-901.5137377
-825.3021742
-301.0102573
-144.1914501
-5.769781143
-46.41600941
46.46933105
35.05011461
39.29642838
48.94187606
29.68263381
25.08948182
24.34893345
23.64262075
21.63152536
18.9511372
16.39665202
14.08171276
12.02651267
9.968601425
7.822111885
5.745131957
3.75173911
1.847291135
-0.0564338285
-1.862393217
-3.541387896
-5.10110462
-6.516003694
-7.774864338
-8.882777037
-9.817091486
-10.57015434
-11.16326023
-11.59291699
-11.86808708
-11.99331256
-11.99724124
-11.89112492
-11.70568959
-11.45170501
-11.16539675
-10.86886397
-10.57585404
-10.31417035
-10.08728261
-9.917477351
-9.789708671
-9.729010088
-9.704891997
-9.722814343
-9.805049869
-9.838993049
-9.913530583
-6383.259439
-5354.003967
-3879.574795
-2556.957526
-1617.404203
-953.0609851
-1077.021593
-635.2334881
-275.2443129
-168.8889964
2.992708092
-64.9703452
-34.64803096
62.78647842
45.58813492
43.34374398
50.75693646
35.01837834
31.08570373
30.06648099
28.25099674
25.63464621
22.46113783
19.6917607
16.92814424
14.50796147
11.77525231
9.228080613
6.665337352
4.404429637
2.12539689
-0.05082052644
-2.100170658
-3.961984761
-5.64689574
-7.146510125
-8.451869222
-9.534091748
-10.41148825
-11.09172951
-11.57289178
-11.87420329
-12.01300229
-12.01251255
-11.89457849
-11.69631266
-11.43861936
-11.15065807
-10.86541191
-10.59772096
-10.3742826
-10.19969671
-10.09079489
-10.03579102
-10.05104981
-10.10301325
-10.1889379
-10.33749961
-10.4140077
-10.52311689
-3322.023542
-2846.954241
-2112.912025
-1499.106185
-962.5192121
-656.3730053
-833.8890079
-772.1726338
-580.804856
-170.4488326
-19.56034091
44.39526243
-8.562387018
16.43259009
55.57679865
46.53810084
40.43644311
47.73733815
35.26873126
31.01313116
29.48240758
27.03456287
24.09839581
21.09860908
18.24549917
15.49369279
12.63403222
9.634915821
7.055845314
4.605570336
2.124354479
-0.1822223829
-2.310361242
-4.244534253
-5.981595108
-7.505995863
-8.802033351
-9.871414203
-10.70659121
-11.33278018
-11.75260828
-11.98281359
-12.05889405
-11.99300026
-11.82360668
-11.5804541
-11.29635345
-11.00924294
-10.73404058
-10.50074075
-10.32639719
-10.21723258
-10.18453742
-10.21376975
-10.31745833
-10.45835274
-10.62612643
-10.86066498
-10.97953961
-11.11392913
1028.763233
-787.605675
-765.9456746
-625.7314555
-413.1856011
-306.7022692
-335.3459439
-357.9737154
-105.5642337
-125.5157796
-90.08578475
31.58867947
30.8296297
-6.916347286
32.25126318
42.59087383
42.91316219
37.77040426
41.49413021
30.90339611
26.84549024
24.53578905
22.01706748
19.00703055
16.03499901
13.15466901
10.45720079
7.925197728
5.03716579
1.372812823
0.227306169
0.5971831851
-3.924146636
-5.721422245
-7.28329813
-8.6319734
-9.761983932
-10.63813565
-11.30229062
-11.75176351
-12.01076226
-12.09238563
-12.03422545
-11.86844024
-11.61076137
-11.31278655
-11.00517831
-10.71040124
-10.45827689
-10.27188286
-10.1615272
-10.13155416
-10.19168953
-10.31857865
-10.52288871
-10.7591247
-11.01600756
-11.31395153
-11.50742117
-11.68143059
885.28753
534.2941655
87.1082797
54.73115233
19.75700244
-107.3733468
-102.4922479
8.374082628
-86.02349576
-114.2812866
-77.92953118
-12.2956156
31.31976371
-15.83222341
-14.00069606
27.22802315
29.25026735
33.49069463
29.02746884
31.39490135
22.61701882
18.49039477
16.10911043
13.73948643
12.03221805
9.105669201
5.660734876
2.405379524
0.8788044779
2.062810823
-2.319612529
-4.800282051
-6.465098739
-7.909396371
-9.155281986
-10.17597708
-10.98244968
-11.57871754
-11.95549995
-12.15832158
-12.18652832
-12.07802985
-11.85420878
-11.55994773
-11.21539462
-10.86245941
-10.52833369
-10.242563
-10.02880888
-9.900836443
-9.871587808
-9.934870194
-10.09749214
-10.33118514
-10.63813413
-10.97392672
-11.31885519
-11.67995714
-11.9410058
-12.1055407
1031.5567
959.4353529
308.5673494
410.6194086
317.6652592
98.5272388
65.34459328
70.02396346
-432.7971999
22.50167892
49.84255443
-56.22233087
43.4798821
21.79932267
-19.97837843
9.260076241
15.44239219
15.47750956
21.03907543
20.75134921
20.80999307
13.67133953
8.928863576
4.370530118
2.506490993
1.559571455
1.653197387
2.725666964
-2.509661223
-5.107592124
-6.69430282
-8.062745753
-9.287065282
-10.30097975
-11.0945987
-11.71873252
-12.13842094
-12.37090017
-12.43614969
-12.34218006
-12.13440466
-11.81484116
-11.4366488
-11.01923907
-10.59960713
-10.21161222
-9.877271853
-9.62218976
-9.466534695
-9.416402423
-9.481185414
-9.648895524
-9.921274134
-10.26456678
-10.67550394
-11.10402368
-11.52525549
-11.95913103
-12.24478298
-12.40966848
1208.21055
632.4584645
907.9173664
622.8959038
400.6906966
-130.4771044
129.9517582
111.3720853
-6.662571589
45.6941913
-70.07772924
32.67930682
-27.52674204
14.08144892
4.880047755
-27.99311228
-5.258532955
1.038386365
-0.1560979127
4.644249082
5.860548476
0.9149738625
0.210261341
0.3996828671
0.9736283616
-2.158899933
-5.177764479
-6.767246587
-8.146430469
-9.301838112
-10.31177349
-11.16757459
-11.85692053
-12.38230608
-12.70998548
-12.88559028
-12.91552816
-12.78701546
-12.53019093
-12.17674618
-11.73933275
-11.25235127
-10.7444442
-10.24564409
-9.787708535
-9.395583164
-9.090669442
-8.89347819
-8.815239858
-8.859330144
-9.030241027
-9.309198147
-9.691501331
-10.14081113
-10.64874496
-11.16301414
-11.64887547
-12.13357604
-12.43504509
-12.62539792
784.5806765
908.289804
909.3505606
383.8245589
282.4697211
-83.15893059
221.2639146
-78.2265183
61.86394271
38.8757214
-100.9815416
9.951766579
-93.43232492
-10.07288729
-30.55372283
-58.66402753
-12.32409909
-2.068226029
1.039102184
1.630599193
2.136075705
0.1025065214
-6.12582536
-8.157715223
-8.958070799
-9.654591365
-10.41171521
-11.33181611
-12.15522417
-12.770202
-13.19580417
-13.53758255
-13.70636508
-13.75178084
-13.65644248
-13.42306078
-13.09937337
-12.67030219
-12.15183452
-11.59262747
-10.99194322
-10.38930811
-9.822488
-9.284876765
-8.836740082
-8.481539211
-8.239272313
-8.125945179
-8.143208881
-8.293192579
-8.571327514
-8.958355655
-9.442196003
-9.986352175
-10.57052748
-11.15626053
-11.69095255
-12.21163705
-12.51050909
-12.69120291
830.0673309
805.1107161
428.4377502
346.9601281
262.5825739
193.3703061
185.3945463
-397.4322197
81.727147
-70.33762972
-6.938912074
1.267666682
-18.26496995
-84.97914241
-41.35577592
-33.83437846
-65.83070412
-28.19145505
-22.9299201
-11.65689441
-10.46807132
-10.04091057
-8.928316718
-13.25664827
-14.52163373
-14.48003338
-14.48382771
-14.69112265
-14.93542992
-15.0093588
-14.98649609
-14.82580773
-14.57905357
-14.22649233
-13.77598199
-13.2392263
-12.64683134
-12.01115948
-11.32132076
-10.63306407
-9.961915132
-9.316853998
-8.747207477
-8.241657052
-7.848424244
-7.5685718
-7.420248519
-7.408779553
-7.533446443
-7.790893165
-8.171709036
-8.654324567
-9.220800633
-9.838426761
-10.47810509
-11.10716122
-11.66828399
-12.20538121
-12.50988455
-12.65506073
1151.541249
745.4509175
412.6913064
309.8839982
230.3104755
159.4885888
166.6957465
-24.1335672
41.21782462
-482.3766997
-49.08078387
-128.7871465
-82.53465316
-109.6395986
-55.5836257
-67.00032843
-93.47313857
-43.86349597
-31.9736082
-26.97074791
-19.82555057
-15.72461832
-16.05442792
-14.46724129
-17.08521604
-17.57418714
-17.02686287
-16.55016819
-16.26804616
-15.92938833
-15.4904547
-14.99165462
-14.43137614
-13.80560099
-13.12026136
-12.39367875
-11.65290017
-10.91050307
-10.15654757
-9.441457989
-8.77494195
-8.171915654
-7.659371396
-7.240511628
-6.943217292
-6.771098804
-6.7322294
-6.830879369
-7.060134509
-7.41337172
-7.878314948
-8.430841947
-9.051546413
-9.709751171
-10.37472292
-11.01654371
-11.57575024
-12.10516741
-12.40867952
-12.53900997
598.9362604
1578.889586
380.0243755
528.5956391
232.654119
399.3242869
70.55977462
-32.25731171
-17.82633946
-122.6819324
-75.86495069
-193.4242485
-74.72801539
-81.97054835
-119.230524
-77.12200038
-67.31765038
-84.26552227
-43.48471536
-33.04364615
-28.06160813
-23.64267553
-18.03083707
-18.13621356
-16.36493392
-17.70739938
-17.83593146
-17.11566444
-16.19734721
-15.53712623
-14.85815161
-14.14642056
-13.41304913
-12.65195798
-11.86838173
-11.07950701
-10.311857
-9.570028965
-8.855103852
-8.197472134
-7.618333819
-7.115930089
-6.711046647
-6.416994343
-6.239431067
-6.190290441
-6.263024347
-6.462463742
-6.780527949
-7.205445216
-7.72434071
-8.313719922
-8.952368406
-9.612377013
-10.26579708
-10.89093975
-11.43049235
-11.92709065
-12.21021823
-12.30209987
513.6930274
588.7356012
336.0293037
564.6963035
166.0157166
237.9798925
39.15466293
-16.93383216
-23.5955778
-51.96272399
-76.55308981
-77.46158866
-79.39747623
-92.08035966
-127.8302565
-73.0957999
-74.91882755
-97.3855722
-80.98063057
-37.30905233
-31.13701949
-25.33887723
-22.14930101
-18.95928012
-15.53541781
-16.59710088
-17.01238157
-16.2568483
-15.07942823
-14.05279887
-13.38234121
-12.63649945
-11.83061473
-11.06696742
-10.31403367
-9.566620108
-8.87674398
-8.230442279
-7.62948726
-7.102003349
-6.658263561
-6.297243806
-6.032848801
-5.875014392
-5.824405746
-5.891833842
-6.061212464
-6.339551251
-6.714036186
-7.176933205
-7.708970844
-8.29445229
-8.910869057
-9.526537845
-10.13299466
-10.69693695
-11.18304322
-11.62135695
-11.84624754
-11.90679325
1490.233451
321.2129373
215.6677069
172.1934147
119.6021998
48.37216722
-3.680787278
-23.32726012
-25.2964681
-45.57830089
-65.24596677
-76.93838226
-138.4139333
-82.5822542
-70.30794046
-66.30715197
-57.80654048
-61.00964836
-78.34555639
-38.93378645
-28.89631401
-25.89611182
-20.8501067
-18.11438495
-15.46227905
-13.1133739
-14.58867593
-14.44497471
-13.2940325
-12.23794006
-11.45790512
-10.81832783
-10.03772514
-9.36710862
-8.747853795
-8.132733532
-7.590190381
-7.102051538
-6.661745228
-6.303084579
-6.020473207
-5.814823035
-5.697805052
-5.670914055
-5.734076419
-5.889042444
-6.130773694
-6.449457709
-6.847131612
-7.30627506
-7.809755428
-8.345483611
-8.900837805
-9.437460271
-9.959204271
-10.43409902
-10.83480452
-11.20062862
-11.35863125
-11.3768691
420.1029921
278.0114892
338.296174
152.0820286
103.1092034
48.82017928
0.4969330842
-17.49194123
-13.75820243
-30.90677895
-58.37134955
-71.86658719
-115.3645638
-52.30616118
-55.39023631
-97.63917567
-52.15593672
-46.24078015
-41.34971479
-58.98523
-31.29623861
-23.68541995
-18.94458204
-14.51613004
-13.22365355
-12.47409221
-10.46338337
-11.48925663
-11.26156712
-10.3755483
-9.563598174
-8.939394145
-8.361334119
-7.80342223
-7.422325936
-6.999382811
-6.64066854
-6.333835625
-6.075359934
-5.886162709
-5.763350985
-5.701341639
-5.711727949
-5.789129226
-5.936954428
-6.144818833
-6.419530106
-6.743023062
-7.115486109
-7.537645726
-7.964396254
-8.414281796
-8.86229104
-9.296476781
-9.700102909
-10.06494468
-10.36710567
-10.64315964
-10.72251029
-10.70330363
242.9713448
165.9678912
310.2247771
126.2257556
74.91330453
43.97515481
10.58439769
1.407973142
2.136416777
-11.83643254
-75.92470511
-40.67980539
-34.38226566
-38.9833258
-46.90152922
-82.42977536
-35.86646511
-30.77335176
-35.76965821
-56.27963732
-25.41556614
-20.56480295
-15.93811881
-13.83906764
-11.0870376
-9.173085692
-9.098099183
-7.982777764
-8.852362213
-8.617586052
-8.021308399
-7.441033956
-7.020264212
-6.703796669
-6.500530724
-6.320136601
-6.098135294
-5.964939641
-5.880627825
-5.839833543
-5.845045112
-5.904273893
-6.010658036
-6.153442807
-6.347183481
-6.573236873
-6.83178761
-7.123616752
-7.431087281
-7.767170375
-8.094962302
-8.430088307
-8.746981247
-9.052746744
-9.320845009
-9.561374232
-9.752816119
-9.931793489
-9.951752492
-9.86586217
146.8078065
301.2559097
116.0615304
74.92820393
65.02957116
52.35681076
31.5409162
39.82654102
22.96057743
5.161945268
-218.0220513
-11.18370816
-13.94882629
-21.22395854
-17.13379634
-18.27263926
-62.96118027
-25.55460573
-23.26570462
-21.2749185
-41.45612092
-17.48395346
-13.45169519
-10.23761482
-9.91824454
-9.16641033
-6.804528017
-6.186551995
-6.789758076
-7.144638895
-6.852786889
-6.494763275
-6.166668733
-6.052484575
-5.998137465
-6.033471234
-5.935972258
-5.947601773
-5.992763982
-6.068681496
-6.158812303
-6.305134331
-6.464416113
-6.638877679
-6.831271381
-7.036940118
-7.247411107
-7.471158597
-7.689994071
-7.912979766
-8.120752835
-8.324347867
-8.50166216
-8.668209055
-8.801763257
-8.918352637
-9.000675381
-9.09408529
-9.052992545
-8.930934333
143.4603142
280.4591889
85.00429958
74.09849836
203.3344521
66.75555398
49.08678321
209.6885295
37.74508084
25.9682699
56.15513972
11.42886559
-4.34936603
-68.18892653
-15.26130789
-14.12442281
-53.33246756
-11.60124266
-10.78260189
-18.57371742
-38.70011278
-12.68878757
-12.37074252
-8.910494929
-7.088279468
-7.121455903
-6.711901183
-5.370762902
-4.617304783
-5.751539877
-6.183528316
-6.052570465
-5.853147626
-5.788076951
-5.843658809
-5.988854075
-6.035549254
-6.096437383
-6.278153773
-6.421581614
-6.568641709
-6.740806897
-6.905597977
-7.06953512
-7.230018696
-7.386924475
-7.52877907
-7.663010161
-7.780572236
-7.883122059
-7.967289966
-8.038855971
-8.083390521
-8.121553084
-8.127025619
-8.125455341
-8.108575712
-8.127627726
-8.009787266
-7.865361464
236.6704223
93.9057666
69.47922821
81.36403137
202.8502978
74.816599
46.33493786
549.8712965
47.31254794
32.31856703
63.2494373
7.077505272
-8.763556982
-49.36173652
2.425609598
1.520975402
-7.346300827
-9.366628734
-7.384560844
-10.31523587
-7.264726255
-33.16803156
-12.62535138
-7.594053368
-5.273476438
-6.476860043
-5.399678384
-5.098615922
-4.730359928
-4.081981864
-5.324166526
-5.961000766
-5.861251998
-5.748862452
-5.852268689
-6.065420138
-6.203269279
-6.278759491
-6.547878279
-6.708496617
-6.875711761
-7.029714496
-7.187513059
-7.302814697
-7.410758571
-7.508161572
-7.5624592
-7.599306305
-7.619330725
-7.61090326
-7.578941651
-7.536668623
-7.463338091
-7.390133731
-7.289292584
-7.195497741
-7.101442378
-7.054355119
-6.897895624
-6.716098427
279.5367329
80.11053945
68.78005882
207.2679269
66.07618475
46.29870667
49.42005868
131.0796401
45.76334518
21.19060414
70.23790121
13.67218755
11.18014317
6.936001137
-1.85274237
5.763266772
5.061708961
-40.19235626
-9.758678826
-10.68906766
-9.910510413
-28.97992887
-10.57824148
-9.726397927
-6.380290027
-5.11245487
-6.344489564
-5.444430971
-4.065963491
-4.276468426
-4.299618172
-5.633815241
-5.94055029
-5.796865553
-5.826958254
-6.097957282
-6.256807569
-6.358407004
-6.618808314
-6.789147598
-6.911663414
-7.040379561
-7.183653999
-7.213448331
-7.256293879
-7.276227939
-7.259307252
-7.218003207
-7.148299733
-7.050601451
-6.928470341
-6.794084156
-6.636843687
-6.481699883
-6.308632818
-6.154022536
-6.009913448
-5.931577975
-5.76662392
-5.568735808
51.32250285
47.47341341
66.50407452
194.0218629
47.71018194
32.96735742
32.90718871
34.8218391
26.45292462
17.50463134
67.3879668
12.90217272
12.36522981
7.382142132
-3.139187586
2.772140875
-2.082990739
-41.77681221
-6.025118742
-4.87264735
-7.499566671
-6.280835259
-31.12969305
-10.84061865
-6.389396903
-4.919807195
-5.657267162
-6.119474996
-5.77451947
-4.164029669
-3.963382823
-5.118542661
-5.725383311
-5.676438857
-5.657835178
-5.870790383
-6.015630871
-6.126052153
-6.349539173
-6.531824046
-6.573258797
-6.67316659
-6.766933099
-6.738891487
-6.722234225
-6.676611762
-6.597309958
-6.488111551
-6.35676808
-6.195108177
-6.016552734
-5.829416208
-5.617396913
-5.41854478
-5.207263284
-5.014789713
-4.856698067
-4.754577135
-4.5766599
-4.402644186
33.9900847
35.15999442
183.4476092
44.04084073
25.62364311
22.48235932
25.03922292
28.19443005
22.62626898
13.7262309
65.36121454
8.945198558
9.046825093
4.429713521
-5.330297329
1.325259716
3.373856857
-2.402804189
-4.459059925
-6.788853305
-11.91357127
-10.2751478
-27.26744554
-10.4549732
-8.549988452
-6.094301598
-5.196386789
-5.56919944
-5.455243049
-4.793000187
-3.994185965
-3.798066065
-4.869936318
-5.259893023
-5.23613479
-5.344840315
-5.417420844
-5.490432348
-5.67189129
-5.833022799
-5.786818045
-5.850682823
-5.900661563
-5.844319801
-5.784721069
-5.714393785
-5.6011699
-5.426154655
-5.282621877
-5.088714599
-4.875507979
-4.66746109
-4.431260717
-4.217769097
-4.005378914
-3.803488684
-3.655140581
-3.529094478
-3.387387541
-3.211694364
39.46676715
200.7972656
173.5701793
23.30390436
18.70700823
14.41541333
128.4932103
26.40137232
19.37147937
7.401511355
58.0726509
5.837973051
5.119267069
4.715225412
-2.408394902
-3.763183184
1.165825623
-3.682435289
-40.05395531
-8.27326853
-10.08038384
-8.121614374
-6.026904698
-30.96638194
-9.215197116
-5.884482679
-5.275868437
-4.825897091
-5.251982531
-4.183689586
-3.394701269
-3.45063924
-3.393471704
-4.169537155
-4.450834162
-4.464797857
-4.391971984
-4.43079492
-4.545134144
-4.666449202
-4.588218754
-4.597431046
-4.640319675
-4.564519621
-4.464810233
-4.421189088
-4.309682512
-4.155986416
-4.015380904
-3.842268654
-3.640032374
-3.431626795
-3.218181565
-3.014691218
-2.812293801
-2.637494134
-2.487805635
-2.403377225
-2.256394054
-2.07106461
192.9960718
165.9670297
16.29412275
18.48668351
13.42745754
22.16578903
121.8014788
7.898455997
9.914140915
4.975029549
56.47214731
3.145688394
2.555121037
3.479325111
-1.955534698
-4.091808543
-2.284209875
-8.83294591
-40.2488482
-6.469450585
-5.75022543
-7.875774855
-6.48875551
-25.86547112
-10.49208826
-6.053413394
-4.245991575
-4.19102051
-3.956102928
-4.214887063
-3.757415839
-2.112919203
-2.194988911
-2.750136196
-3.172334092
-3.140035194
-3.016486806
-2.968090507
-3.018352396
-3.105478939
-3.012301547
-2.98032114
-3.013906328
-2.928726586
-2.800984396
-2.771496084
-2.656476349
-2.530525126
-2.413701441
-2.297683167
-2.140299981
-1.982216567
-1.833008048
-1.666566149
-1.522309086
-1.366884311
-1.258370208
-1.100779454
-0.9038337818
-0.6155563873
174.4989557
15.28957835
9.122621014
6.378501894
4.847500296
34.21729846
12.89142465
3.073507617
3.971161207
4.186760636
57.91448148
3.114887486
1.94037441
2.256764633
-49.93453535
-9.871210123
-0.7331361126
-0.3782570225
-3.25125557
-4.148962839
-8.016572577
-6.708893935
-2.529910788
-3.954739803
-6.052231895
-4.560174667
-3.576980883
-2.591254856
-2.371382638
-2.110386392
-2.278744934
-1.741851572
-0.821612282
-0.3371661607
-0.971933428
-1.178951755
-0.9983928793
-0.7814354773
-0.7717250469
-0.7820164632
-0.7559898093
-0.649049915
-0.7767590014
-0.6004529931
-0.6771924917
-0.4959156518
-0.7081534823
-0.3144383755
-0.6096302392
-0.1971861766
-0.4260943276
0.006710338021
-0.2573079849
0.09129399802
-0.09889307757
0.1036960503
0.03745355582
0.08302305974
0.1557429049
0.203784198
18.03014185
7.739368063
8.151340394
6.549535461
13.16771337
592.1574186
18.25379855
4.624675832
5.373376612
9.166239094
290.4849035
10.45175478
0.4155507036
-4.740399339
-43.59781841
-1.902476198
3.612535776
7.024913922
0.706630391
-2.393554061
-5.462954739
-2.684779409
1.58029821
-0.1270861774
-23.56320548
-4.338124571
-1.070771593
0.08070787294
-0.3056610891
-0.1239739006
-0.4436931635
0.2143498339
0.8272336845
0.9513639927
1.127976144
0.5957847462
0.4536852133
0.627885151
0.7098013348
0.7532842265
0.8556519905
1.000512163
1.002254723
0.8822181554
0.9898923661
0.5453330062
0.7214713514
0.2606309627
0.6024244566
0.5174241917
0.6648369468
0.8136855632
0.9058735097
1.046062956
1.086065836
1.226896645
1.189808057
1.297445094
1.267658409
1.219173813
12.62192396
13.93848832
14.60404999
14.40714787
49.01138108
110.6270492
16.81197841
11.45198692
7.062230671
18.81729477
56.06935365
9.725906432
4.043885215
8.671368495
10.13648804
3.957738214
7.937358834
11.13023831
7.261475045
-25.62131029
-1.464232715
0.2621329945
2.685078026
2.31899832
-18.71954244
-1.895082672
0.7628109877
2.704019599
2.26128328
1.885552582
2.035002929
1.440712658
2.006793711
3.126789196
2.882145554
2.582606248
2.29483127
2.498297885
2.632906942
2.639909422
2.697217275
2.74515675
2.734992919
2.769144051
2.820949803
2.788149984
2.777226947
2.832534899
2.827639019
2.817895314
2.819439529
2.808705568
2.79302089
2.77278269
2.759799074
2.744244247
2.703815712
2.675344802
2.671205462
2.738240747
20.70386134
21.1848259
21.62240089
34.20577376
592.6506733
32.51434595
18.35892624
17.83436713
15.93113282
24.49345891
25.6893639
14.66861092
10.72915805
14.0780969
17.11752674
12.23461213
11.81370049
14.03310752
4.397893662
-19.33972879
10.76979076
5.289795979
3.13941728
7.383136933
8.593135416
-15.62643026
2.369092006
5.756835209
4.926679663
4.50380238
4.420746453
4.335342856
3.585269858
3.866730871
4.828201071
4.771202723
4.483356586
4.2145651
4.461401828
4.515372502
4.552964765
4.580566667
4.588246152
4.600917846
4.632973609
4.605197118
4.563064089
4.599289601
4.577732628
4.531253853
4.508629864
4.479093925
4.436693755
4.392143
4.345433181
4.330167695
4.257996044
4.234739723
4.185825259
4.255033482
31.31766004
34.22149004
42.14072023
155.4090403
134.615159
37.20170452
27.95754804
27.19696412
26.67213008
65.3158436
35.98310397
23.03269397
18.59535039
19.38125771
23.73290828
20.34154674
19.16710576
21.98129602
15.68627513
17.84134058
17.9689669
9.420905008
9.014091259
13.34865585
11.04550075
-10.09633579
5.999779599
8.0777144
8.730279671
7.66844316
6.683471425
6.719624049
5.960394605
5.932120027
6.493902435
6.427195411
6.392255209
6.054052702
6.133154303
6.260129488
6.30203031
6.322670686
6.323609325
6.327621852
6.347140445
6.31503422
6.267184467
6.290890781
6.268795863
6.197535955
6.157767958
6.127169917
6.063871052
6.01080907
5.961552957
5.94664791
5.871028308
5.855287055
5.895976513
5.908011823
48.5461937
54.78679179
178.8473891
169.544078
54.99773035
45.01626701
38.49381046
39.21183501
42.47750421
282.578195
41.56482961
33.25918837
31.58736659
30.36081024
30.71764588
26.17602396
29.69925974
29.54488583
21.5508622
25.16001225
22.72636367
14.824811
15.32826714
18.45611081
17.37517842
13.10855493
10.52475204
12.34507479
11.76248562
10.37604454
9.689053193
9.050163099
8.56002316
7.429764206
7.505103044
8.526409933
8.005590181
7.875960724
7.628930667
7.868818796
7.893315267
7.914579196
7.933506327
7.940099721
7.946955255
7.924184559
7.872520236
7.889433156
7.872894702
7.803208591
7.764669892
7.757669593
7.715991588
7.671333873
7.639011313
7.617613491
7.544708315
7.507167289
7.552333658
7.617873124
74.66920495
198.4139012
172.0403526
57.26334035
51.19932747
49.52845002
49.33251975
49.16877427
51.34677635
318.847411
50.17649863
40.64125135
38.62617271
39.11699147
42.1563398
36.87139697
32.4613152
33.83514805
29.99378436
30.87693518
3.732584153
19.05153226
17.95719533
23.04128679
22.1426958
18.82411138
-2.438545637
13.48228491
15.40926664
14.33742081
12.3518155
11.46641186
10.88911834
10.32893412
9.028778806
9.227232599
9.699325694
9.48608282
9.325421689
9.15730717
9.323161696
9.39076654
9.347747146
9.359315306
9.376138244
9.373357274
9.342286649
9.354852618
9.363688151
9.304832572
9.269100408
9.279037664
9.247198533
9.217534554
9.201895705
9.202353766
9.148246135
9.103938429
9.208228982
9.218623798
199.6649639
195.2545739
76.18993498
66.31788397
60.76429557
57.5601406
61.08919388
60.5953951
93.27502161
97.95562505
56.89364215
51.89652471
46.67859732
45.74386484
49.16796304
46.82469073
39.95784682
40.5610271
36.19789172
31.62345449
12.02760892
33.56756589
23.75712294
23.97158692
26.62231741
23.11077064
2.194893912
17.59547868
17.72553142
17.42981259
15.62125529
14.02783475
13.13098008
12.3739607
11.04535695
10.58180752
11.24661165
10.66387161
10.65667029
10.53937093
10.54015873
10.65366176
10.62650023
10.6467563
10.63754524
10.64694076
10.62782227
10.64390698
10.64761039
10.63943025
10.61274079
10.63988753
10.63629756
10.61731587
10.62781896
10.62521989
10.58645345
10.5545357
10.6574441
10.70706213
91.62612732
81.4859422
78.55702684
73.50314695
70.6960181
71.53373268
72.81563084
72.63387302
302.1526982
71.0467738
62.79158524
58.96583527
56.47780733
54.56287381
57.33740334
54.22192244
46.64677171
47.35479121
43.79155768
40.42972422
43.45545644
39.24236975
29.66454295
27.41726114
30.87190876
28.4172007
25.23789136
5.092277939
19.51570788
20.49661946
18.83814876
16.55792563
15.22461491
14.29527692
13.3979947
11.80549377
11.53335905
12.16254196
11.68639997
11.68489338
11.55185898
11.73612047
11.69619925
11.69556116
11.72397191
11.74495534
11.74548611
11.7752002
11.8102694
11.80324922
11.79340127
11.83876462
11.82588936
11.83447094
11.84976232
11.85099345
11.82337797
11.75108131
11.86238039
11.84360673
89.05332723
85.35073893
84.07354585
83.6645278
81.251855
82.22937504
79.49946462
109.5723468
342.8829947
79.02339063
70.01165239
66.05717178
63.39513958
60.92243102
63.54307863
59.91435685
52.58008846
53.14049343
49.37705245
45.71769456
48.38978065
44.12754884
33.97349324
31.06237801
35.51612217
33.25457355
27.05331936
9.563510049
23.28110855
22.3063054
21.45110452
19.20843649
17.47708838
16.22919136
15.20611802
14.13180045
12.81494261
13.18081562
12.79665554
12.69255767
12.62699694
12.61705951
12.61418055
12.62036278
12.64981932
12.64422219
12.6803562
12.71153668
12.70339923
12.72001046
12.73526692
12.76970627
12.76483935
12.79752728
12.78422814
12.84896037
12.76473093
12.75896395
12.7809328
12.80290887
92.57430783
92.46649812
91.18035094
87.75837887
88.23258758
87.80388533
87.47096206
319.5479411
121.4039833
81.41636842
75.94325667
71.95757148
69.28697397
67.25767421
110.0433781
67.61141899
57.06214887
57.37390627
54.38629749
49.7532113
51.01935254
49.15450883
41.60340885
34.19477312
35.05345737
36.61545792
33.10369841
28.55121981
26.17321855
25.30754935
23.17983054
21.2938701
19.58423138
18.00755374
16.64161046
15.5138534
13.90726694
13.43058482
14.03430331
13.30074276
13.287721
13.16350567
13.30626881
13.28270903
13.32379204
13.31979435
13.34358204
13.36276008
13.38379896
13.40538687
13.44034429
13.47245801
13.49771675
13.51580576
13.51987456
13.58034004
13.5292898
13.49715237
13.54178689
13.52690544
96.29107781
95.5835253
92.9096656
93.27531374
93.81089077
89.77334881
121.7647738
346.0257846
90.498382
81.7300799
77.73030629
74.05495158
72.74373695
79.1057856
116.4291139
64.26792675
58.03381761
62.05420022
58.09770752
52.16870378
53.82833809
52.08992426
44.32921763
37.07076468
37.65154477
39.44355212
35.28345116
30.43210033
13.27383028
26.42064973
25.27077381
23.22775885
21.2620835
19.64200215
18.20864032
16.86597755
15.72978561
14.18560855
14.0374991
14.1928284
13.84481742
13.83306136
13.82891138
13.80974522
13.83799632
13.83880318
13.85874734
13.88964956
13.90741708
13.93814088
13.95696343
14.00113809
14.02510549
14.04450193
14.0696729
14.12420939
14.09932428
14.06748982
14.12268364
14.11914148
96.44671909
94.76587959
95.77494799
95.9566017
93.62086239
131.6365764
532.4121068
130.7935625
88.92131701
83.54533014
79.61909885
76.15381976
72.48768438
77.04598493
76.60563446
64.40428394
59.96182504
63.70321368
59.59441162
53.92389326
55.39471585
53.54603493
46.85617973
39.55760357
37.51786604
40.1096307
37.75207311
31.44661627
15.39731169
27.85390227
26.44774828
25.25215707
22.74852824
20.85465088
19.37787602
17.89047261
16.70040589
15.55478375
14.45388298
15.02096166
14.20868251
14.13992153
14.14092694
14.11857681
14.14650403
14.15003303
14.1714484
14.19494971
14.21629322
14.25273614
14.27310801
14.30501112
14.33711902
14.36773774
14.3833377
14.45489404
14.43414564
14.39238691
14.45891663
14.47936495
92.85416003
94.27625233
93.83026614
90.6218174
98.571897
519.8902489
129.6490365
87.76893932
84.72482423
82.1981614
78.80324061
75.09137849
71.75076403
76.18071457
76.10934783
64.17257068
59.89288145
63.64043598
59.59304869
54.15016066
55.11248065
29.84628063
45.93707551
40.37024663
38.45635152
40.6788654
38.66608801
34.89208907
31.48770044
28.80414042
27.70359815
25.94951956
23.76525498
22.01261311
20.4220866
18.9037764
17.56912968
16.43872027
14.92372819
14.30993458
14.92746639
14.38203503
14.38706124
14.39996146
14.41078082
14.43861495
14.45905906
14.4690606
14.51043914
14.5570514
14.57747871
14.60216228
14.61200768
14.65815292
14.69551088
14.75029619
14.73457725
14.71608
14.74821756
14.76887192
90.13569419
89.21650091
90.81634171
92.48020901
163.9860246
134.047333
87.66320959
83.15805427
80.7210442
78.37209844
75.95133816
73.56387481
69.69005797
73.84703705
74.13649768
62.80220225
58.36531588
62.04386214
58.68558855
53.65503169
49.9114037
30.06886468
50.97899285
40.68257311
37.71604075
41.07617026
39.61410452
34.29053751
32.01486454
15.13895856
27.87274198
27.15247259
24.41363407
22.73318955
21.24954034
19.69083594
18.22900366
17.07868297
15.96495196
14.61948961
15.129422
14.89849242
14.65471457
14.56227857
14.57162042
14.60812171
14.6613182
14.66957963
14.72442199
14.76555765
14.79964887
14.8332815
14.88244562
14.90386629
14.92184385
14.97132941
14.96087424
14.93626528
15.00645514
15.02498905
86.36614722
88.10840752
130.9590165
513.6124115
125.799605
83.16198831
79.68545304
77.98022375
76.02730645
74.32067787
72.23218455
70.31912915
66.36629885
70.29424197
69.18224045
60.50379168
59.38087733
59.37495946
56.19291945
53.15191992
49.75072713
50.34430542
50.93353164
44.31201652
37.01005643
37.01048866
39.58782578
36.50780526
31.17883957
16.42882622
28.08047781
27.22550087
25.36951995
23.49058035
21.87791788
20.42906083
19.05503747
17.80677813
16.77932793
15.65547061
14.75016233
15.25696184
14.79047899
14.78560891
14.81287641
14.84676567
14.92680326
14.92265925
14.96566558
15.02066254
15.06014054
15.08931218
15.11687776
15.17396865
15.21726197
15.27141315
15.25797451
15.22119304
15.26739305
15.28493789
81.70159382
123.7823066
491.3519028
126.1956741
81.4727885
75.9277577
75.88834337
73.4046423
71.11859064
70.09905455
69.40558965
67.02540482
63.61792368
106.1412218
68.17328066
58.59605792
56.47637505
57.19213775
54.6014489
51.81784557
48.38248128
49.24266503
49.82883722
43.54075254
36.70590713
36.67983241
39.66424443
36.74056868
32.05911721
30.74891648
29.12795649
27.23908236
25.83326072
24.19534937
22.69214712
21.20012213
19.77002897
18.4904848
17.41145891
16.33191489
15.08625157
15.01155632
15.38661986
15.06364091
15.03903426
15.08624203
15.17381257
15.19097965
15.22944166
15.33280673
15.38698728
15.41149154
15.45248162
15.50215911
15.53758547
15.59321501
15.60239489
15.56876055
15.58863196
15.67050139
474.3921551
474.5452865
115.5631794
73.07582861
71.23422385
70.65649651
69.85364549
68.23794923
67.12303559
65.19914867
63.82721945
62.17201006
68.33607135
107.2382501
59.45707707
54.32312342
55.6927117
55.30463102
52.30634191
50.55590555
47.57304123
48.21784739
48.93970232
42.97736768
36.42124173
36.47729558
39.74835499
36.88924016
31.91650721
30.84912288
16.02264214
27.68821733
26.87379567
24.84161595
23.48485022
22.04989214
20.64897841
19.42177999
18.25647504
17.28691225
16.28996356
15.46935272
15.41195891
15.33792754
15.3971034
15.34594025
15.45847092
15.51528267
15.53089385
15.6079367
15.61643233
15.67213321
15.73636543
15.804324
15.84397316
15.88518552
15.9044818
15.86141867
15.95366208
15.94785086
127.2790105
81.98108902
78.62906269
70.02676463
68.34395253
67.233346
64.63129897
63.87821954
64.4777089
65.0119156
61.91491383
56.92326971
63.61210203
66.34425323
57.60274446
52.82445606
54.28434893
54.07559989
51.02567665
49.90245798
46.843837
47.77193881
48.70177495
43.09498624
36.71507587
36.93693294
40.04878072
37.13548353
33.64793041
31.06325174
17.46990399
27.98666378
27.25042738
26.04143171
24.17392784
22.7703426
21.47124723
20.11915295
18.89466261
17.8273107
16.88762806
15.73382843
15.43935722
15.59968287
15.45905798
15.61142527
15.59324729
15.6828197
15.72392485
15.82880928
15.9108373
15.91265683
15.99122219
16.01848289
16.08545593
16.12923546
16.1511449
16.12350108
16.16055384
16.25305376
72.58033673
68.57944448
68.29712422
68.60684533
66.98065441
65.85606247
64.97453072
64.61055252
64.36538601
63.20580919
60.32647252
65.42763723
103.5240666
64.51761233
55.62293555
54.43858378
53.28286406
53.03213082
50.71368935
49.94731827
47.70777095
48.13341272
49.03984352
43.72743029
38.34319989
36.91522502
39.30095023
37.95401308
35.93126723
32.33878137
31.5509587
29.97151388
27.83803122
26.74043074
25.23926645
23.93229753
22.43746401
21.12718002
19.92762503
18.77299014
17.799508
16.81420174
16.02809896
15.99853867
15.79892577
15.79967263
15.72953827
15.8912546
15.84770384
15.9342106
16.0049697
16.033344
16.10231023
16.17565428
16.21167612
16.26386517
16.2562635
16.24092006
16.29858147
16.31207836
67.63703647
66.64603093
66.63000647
66.25001472
66.26179338
65.20147806
64.24119648
63.62733208
63.5696925
61.37382215
57.77426687
65.66021373
105.4567783
70.85829867
55.38267288
54.37072092
53.91713405
53.35245829
51.44462253
49.75595382
47.96459368
48.94631268
49.7693662
44.86871564
39.05012879
37.81054315
40.02969911
39.19072989
36.63643142
32.6396121
31.55634544
17.72342997
28.3505415
27.68522813
25.80510914
24.20691413
22.92852674
21.58095153
20.26407411
19.07191901
17.96964869
17.0260341
16.06592571
15.68262466
15.74445265
15.52495436
15.61183063
15.69330377
15.68712374
15.78532362
15.8971082
15.89615441
15.99014618
16.02918476
16.05939012
16.10466766
16.11575352
16.11270561
16.19368533
16.26292142
70.02011383
70.30626415
69.53024075
69.04551385
67.88007147
67.7700263
67.64978609
67.08351113
64.55569445
61.87256408
73.65535069
106.7789386
71.0225397
60.07229224
55.83685862
55.9315256
55.31870178
54.93056433
52.98500886
51.96419305
51.18423095
50.03824303
49.54156588
45.56255632
43.85339748
39.43696337
38.17900866
41.05863102
38.37237754
34.44018178
31.73842674
20.51816883
29.60739498
28.40921164
27.32913531
25.40268756
23.92491602
22.60118198
21.31255454
20.04233836
18.9020232
17.86747494
16.85227782
16.19402467
16.11990561
15.5256538
15.69225352
15.68625314
15.64168196
15.75612628
15.83632611
15.83076272
15.8912937
15.93684819
15.96495572
16.00298916
16.00815115
15.9861277
16.04470453
16.09474303
69.46086516
68.65766947
68.13767198
66.6095775
66.43580618
66.14720582
65.84250693
64.57475645
61.73206189
60.86335143
69.06152394
109.1988155
77.39423544
59.4961336
58.99692476
56.96809095
54.38807938
54.43158333
53.10291931
51.73743078
49.94581741
50.43066307
49.80810756
45.8340033
43.54719105
39.45303087
38.6243318
40.92657383
38.26678419
34.91847099
33.53532523
32.58255646
30.70457063
28.71161851
27.1276197
25.58033464
24.11548023
22.70574371
21.32301079
20.01874604
18.82932027
17.74750326
16.84361247
15.84100934
15.48211141
15.44720329
15.0896026
15.18965895
15.32118318
15.26319515
15.42738149
15.43491717
15.48426341
15.5190497
15.53605163
15.5735878
15.55466946
15.5546516
15.59759137
15.67720678
70.73455962
70.86838298
70.8353028
70.22699855
69.92045382
69.42400509
68.25308291
65.76420394
64.89588031
76.64603389
108.3221088
71.51837055
61.64471457
59.82493251
61.25159584
59.43853868
58.09476248
55.57419787
54.84314894
54.03657983
51.60898037
50.81956507
50.87097443
48.60554502
44.98087646
40.46519926
39.65913257
40.95607254
38.73972421
35.85440965
34.62195246
33.29872579
30.95297387
30.68147696
28.59777603
26.85779339
25.54602655
24.0108524
22.59499031
21.24612246
19.96832541
18.79115453
17.72097572
16.702784
16.52096272
15.82163443
15.28180991
15.64168311
15.43502249
15.4253682
15.45688757
15.43455369
15.41399707
15.45740518
15.46929827
15.47221124
15.44678297
15.53890636
15.57132165
15.63607676
61.54399643
62.24547603
63.28172692
63.77474053
61.88383919
59.63554413
57.38590512
55.6063246
57.42014789
104.8482653
198.7983404
80.24664607
51.26432739
50.23467755
49.02384496
45.87617053
47.04360136
46.48325865
45.78796555
47.86260893
47.58367235
49.02865628
50.20268391
48.20782731
44.80721894
41.09500333
40.07623664
40.79004805
39.66289924
38.52733794
35.91160018
33.88597907
20.24685391
30.59393946
29.68867516
28.0110948
26.79500652
25.45907615
23.7175426
22.0398404
20.58851289
19.23089449
17.92430704
16.89348633
15.73866273
15.45682493
15.41774242
15.02988446
15.08971927
15.08721908
15.0677775
15.05547472
15.04433287
15.03206128
14.9810223
15.03732193
15.10735974
14.98464167
14.97902824
15.19625485
198.7090253
197.9453752
195.6013504
192.5950094
188.5714254
183.921108
177.8014133
173.8104764
215.6323898
1210.443804
196.7060694
146.8245576
138.5484456
133.6630496
127.0142049
119.3797948
111.2606524
103.5810788
95.77294338
85.53519388
73.79973203
64.60515408
674.2032794
58.64065872
44.122488
41.38599062
38.44444679
37.98574202
38.4491977
36.60157155
34.22133282
32.79014409
41.76482847
37.30386187
38.65612667
27.6620105
26.56446111
25.07723208
23.53723059
22.06516258
20.7142901
19.55978804
18.54658136
17.61114185
16.53128585
16.15976283
15.0617968
15.40960198
15.66022913
15.07081272
15.28969073
15.2620719
15.2534614
15.22173023
15.19214039
15.13814871
15.10832127
15.25139611
15.36726272
15.04389086
)
;

boundaryField
{
    inletCH4
    {
        type            calculated;
        value           nonuniform List<scalar> 5(-1468.584312 177.5579466 51.92137158 -717.5258596 548.738909);
    }
    wallOutside
    {
        type            calculated;
        value           nonuniform List<scalar> 
70
(
0.120859426
-3.1530871
-4.978463545
-6.70206898
-8.157507611
-9.319278971
-9.997144489
-10.30842743
-10.37750115
-10.19128666
-9.839019756
-9.372270394
-8.898671163
-8.511038249
-8.19914525
-8.014899877
-7.959431918
-8.083405241
-8.365805255
-8.783325755
-9.324850291
-9.913530583
-10.52311689
-11.11392913
-11.68143059
-12.1055407
-12.40966848
-12.62539792
-12.69120291
-12.65506073
-12.53900997
-12.30209987
-11.90679325
-11.3768691
-10.70330363
-9.86586217
-8.930934333
-7.865361464
-6.716098427
-5.568735808
-4.402644186
-3.211694364
-2.07106461
-0.6155563873
0.203784198
1.219173813
2.738240747
4.255033482
5.908011823
7.617873124
9.218623798
10.70706213
11.84360673
12.80290887
13.52690544
14.11914148
14.47936495
14.76887192
15.02498905
15.28493789
15.67050139
15.94785086
16.25305376
16.31207836
16.26292142
16.09474303
15.67720678
15.63607676
15.19625485
15.04389086
)
;
    }
    wallTube
    {
        type            calculated;
        value           uniform 0;
    }
    inletPilot
    {
        type            calculated;
        value           nonuniform List<scalar> 5(2.8462469 2.210997536 6.510016393 0.8963405148 18.21054747);
    }
    inletAir
    {
        type            calculated;
        value           nonuniform List<scalar> 
60
(
0.06233005779
-0.04385011291
0.0623465285
-0.01043795059
0.005878898675
-0.02097914723
-0.01245808871
-0.01197173432
-0.01534851415
-0.01326434556
-0.01766274955
-0.01121125507
-0.01287906235
-0.01710472924
-0.01645966965
-0.01749541877
-0.01946466584
-0.02030946222
-0.02096027072
-0.02139589662
-0.02168156244
-0.02195614761
-0.02202713024
-0.02203771561
-0.02184273653
-0.02131097584
-0.02061037662
-0.01975476214
-0.01866982205
-0.01734545949
-0.01577634371
-0.01396777773
-0.01192713063
-0.009678077522
-0.007267392148
-0.004763088219
-0.002207470151
0.0004582699423
0.003152890795
0.00569951419
0.008117386448
0.01039711034
0.01240266855
0.01407343442
0.0153713347
0.01624194533
0.016669456
0.01658250659
0.01599730108
0.01498380952
0.01356024107
0.01175751641
0.009660689291
0.007352016011
0.004945818264
0.00253989984
0.0003488539169
-0.001611336993
-0.003393075362
-0.004399936405
)
;
    }
    outlet
    {
        type            calculated;
        value           nonuniform List<scalar> 
71
(
170.6633176
174.9180322
177.4844027
176.7064712
176.5955714
176.5278689
179.0188024
184.0323386
187.0729189
192.7735455
196.7834862
199.0004873
198.2023632
195.8554859
192.86218
188.8486258
184.1664374
177.8778211
174.1724474
215.7779733
1210.37315
196.8839222
146.8434997
138.668045
133.6541963
127.0332295
119.3736467
111.3317364
103.733379
95.81149077
85.59782709
73.84906836
64.60029985
674.092683
58.66300403
44.14936973
41.36046787
38.4839941
37.98174266
38.45654042
36.63758376
34.21627803
32.80535496
41.75712393
37.31424831
38.65483348
27.65889176
26.56386866
25.07675138
23.53639442
22.06486019
20.71410183
19.55975796
18.54634047
17.61079456
16.53098835
16.15961233
15.06169679
15.4094602
15.66002697
15.07056651
15.28941069
15.26179681
15.25318536
15.22144746
15.19185406
15.13785309
15.10802787
15.25109796
15.36696306
15.04359235
)
;
    }
    axis
    {
        type            empty;
    }
    frontAndBack_pos
    {
        type            wedge;
    }
    frontAndBack_neg
    {
        type            wedge;
    }
}


// ************************************************************************* //
