/*--------------------------------*- C++ -*----------------------------------*\
  =========                 |
  \\      /  F ield         | OpenFOAM: The Open Source CFD Toolbox
   \\    /   O peration     | Website:  https://openfoam.org
    \\  /    A nd           | Version:  10
     \\/     M anipulation  |
\*---------------------------------------------------------------------------*/
FoamFile
{
    format      ascii;
    class       volScalarField;
    location    "0.02499901733";
    object      O2_0;
}
// * * * * * * * * * * * * * * * * * * * * * * * * * * * * * * * * * * * * * //

dimensions      [0 0 0 0 0 0 0];

internalField   nonuniform List<scalar> 
5170
(
0.1965999904
0.1965999904
0.1965999905
0.1965999913
0.1965999993
0.1965999807
0.1965999808
0.196599981
0.1965999822
0.196599989
0.1965999711
0.1965999712
0.1965999715
0.196599973
0.1965999786
0.1965999616
0.1965999617
0.1965999621
0.1965999637
0.1965999682
0.1965999522
0.1965999523
0.1965999528
0.1965999543
0.1965999577
0.1965999428
0.196599943
0.1965999435
0.1965999449
0.1965999471
0.1965999336
0.1965999337
0.1965999342
0.1965999354
0.1965999365
0.1965999244
0.1965999246
0.196599925
0.1965999259
0.1965999259
0.1965999153
0.1965999155
0.1965999158
0.1965999163
0.1965999152
0.1965999063
0.1965999064
0.1965999067
0.1965999067
0.1965999045
0.1965998973
0.1965998974
0.1965998976
0.196599897
0.1965998938
0.1965998884
0.1965998885
0.1965998885
0.1965998873
0.196599883
0.1965998796
0.1965998796
0.1965998794
0.1965998775
0.1965998722
0.1965998708
0.1965998707
0.1965998703
0.1965998677
0.1965998614
0.196599862
0.1965998619
0.1965998612
0.1965998578
0.1965998506
0.1965998533
0.1965998531
0.1965998521
0.1965998479
0.1965998398
0.1965998446
0.1965998443
0.196599843
0.1965998379
0.196599829
0.196599836
0.1965998356
0.1965998338
0.1965998278
0.1965998183
0.1965998273
0.1965998267
0.1965998236
0.1965998108
0.1965997795
0.1965998083
0.1965997596
0.1965993482
0.1965965045
0.1965837753
0.05306580933
0.0530592816
0.05305328
0.05304153268
0.05298982518
0.05263601
0.05266468284
0.05264829823
0.05263968767
0.05255503561
0.05243207768
0.05247731766
0.05245842313
0.05244955133
0.05237451086
0.05232083982
0.05236399658
0.05235129449
0.05233442039
0.05226804148
0.05223803439
0.05228065828
0.05227647825
0.05226036785
0.05220622941
0.05219070443
0.05222727998
0.0522273905
0.05221005872
0.05217140973
0.05216501847
0.05218857989
0.05218837844
0.05216804983
0.05208485468
0.0520707815
0.05215720204
0.0521607335
0.05213044354
0.05196378858
0.05196571006
0.05209474403
0.05210704415
0.05201595766
0.05197813823
0.05198196969
0.05198859468
0.05200063764
0.05198256051
0.05195487969
0.05196850897
0.05199094342
0.05199649824
0.05197267222
0.05194927286
0.0519668258
0.05197835076
0.05197882172
0.05195397909
0.05193226054
0.05195536794
0.05196217164
0.05196149992
0.05194172929
0.05190984512
0.05193596972
0.05195371439
0.05195206406
0.05192804506
0.05188695985
0.05191196047
0.05194063272
0.05193946782
0.05190932109
0.0518648238
0.05188656075
0.05192085443
0.05192038168
0.05188794531
0.05184475614
0.0518623721
0.05189751344
0.05189757329
0.05186632268
0.05182784872
0.05184156255
0.05187343781
0.05187371806
0.05184628752
0.05181512672
0.05179935562
0.05184582709
0.05185148937
0.05183369991
0.05181687554
0.0485901796
0.0513606071
0.05187764948
0.05215028865
0.05260502085
0.1965994168
0.1965967382
0.196552383
0.1958924991
0.1871281563
0.1965976444
0.1965851881
0.196420632
0.194716288
0.1822255795
0.1965925415
0.1965557315
0.1961570715
0.1930793464
0.1784582287
0.1965806808
0.1964948809
0.1957135899
0.1910188838
0.1752798059
0.1965559466
0.1963799273
0.1950147866
0.1886101568
0.1725352484
0.1965070872
0.1961703733
0.1939790279
0.1860091172
0.1700000536
0.1964157598
0.1958163162
0.192590316
0.1833267244
0.1674680612
0.1962530948
0.1952547125
0.1908504157
0.1806101126
0.1649473073
0.1959724273
0.1944074281
0.18878748
0.1778894343
0.1624722767
0.1955027419
0.1932004433
0.1864425805
0.1751326917
0.1599955449
0.1947339236
0.1915527509
0.1838553095
0.1723402365
0.1575249687
0.1934118149
0.189400943
0.1810698849
0.1694693945
0.1549971231
0.1914378265
0.1867829322
0.1780785158
0.1664981832
0.1523994001
0.1885786753
0.1836243943
0.1748073412
0.1633584072
0.1496568641
0.184721714
0.1798578878
0.1711759284
0.1599793071
0.1467182042
0.1800458043
0.17544422
0.1670595039
0.1562333629
0.14349583
0.1743071285
0.1701294166
0.1622694163
0.1519957107
0.13988467
0.167852508
0.1641596634
0.1569359206
0.1472693158
0.1357674236
0.1610105096
0.1577221988
0.1511702789
0.1423648593
0.1319783139
0.1539351792
0.1512260833
0.1458742639
0.1388951643
0.1311148907
0.1480856395
0.1464157906
0.1432118816
0.1392674573
0.1352552652
0.1474083745
0.1468252244
0.1457523826
0.1445854732
0.1437071383
0.153106338
0.1531252362
0.1532679023
0.1536841895
0.1545295785
0.1626236269
0.1628803004
0.1635010869
0.1645209595
0.1659682507
0.1731491816
0.1734420628
0.1741167291
0.1751623059
0.1765666476
0.1828811588
0.183138659
0.1837203019
0.1846087016
0.1857810329
0.1907155432
0.1909197859
0.1913819688
0.1920839688
0.1930041736
0.1969963595
0.1971539043
0.1975090853
0.1980469461
0.1987501505
0.2019482436
0.2020681015
0.2023374784
0.2027448591
0.2032773332
0.2058272765
0.2059181061
0.2061217737
0.2064296941
0.2068325944
0.2088634245
0.2089324917
0.2090870788
0.2093208842
0.2096273828
0.2112481209
0.2113011925
0.2114197957
0.2115993004
0.2118351475
0.2131342426
0.2131757069
0.2132682234
0.2134083466
0.2135928811
0.2146379685
0.2146710437
0.2147447145
0.2148563518
0.2150036888
0.2158444302
0.2158714251
0.2159314291
0.2160223764
0.2161426304
0.2168169059
0.2168394586
0.2168894763
0.21696528
0.2170656609
0.2176055521
0.2176248194
0.2176674491
0.217732033
0.2178176558
0.2182523005
0.218269086
0.2183061431
0.218362258
0.2184367173
0.2187923288
0.2188071854
0.2188399216
0.2188894713
0.2189552622
0.219253998
0.2192673026
0.2192965769
0.2193408716
0.2193997158
0.2196589076
0.2196709213
0.2196973284
0.2197372772
0.2197903716
0.2200225579
0.220033467
0.2200574311
0.2200936822
0.2201418814
0.2203555244
0.220365469
0.2203873064
0.2204203421
0.2204642828
0.2206647572
0.2206738478
0.2206938069
0.2207240051
0.2207641862
0.2209547554
0.2209630837
0.2209813685
0.2210090381
0.2210458675
0.221228461
0.2212361051
0.2212528885
0.2212782914
0.2213121145
0.221487873
0.221494901
0.2215103328
0.2215336945
0.2215648097
0.2217344259
0.2217408974
0.2217551088
0.2217766273
0.2218052958
0.2219692193
0.2219751871
0.221988294
0.2220081439
0.2220345965
0.2221931548
0.222198666
0.2222107712
0.2222291076
0.2222535496
0.2224070297
0.2224121265
0.2224233224
0.2224402841
0.2224628989
0.2226114212
0.2226161406
0.2226265091
0.22264222
0.2226631719
0.2228070014
0.2228113774
0.2228209922
0.2228355634
0.2228549996
0.2229943226
0.2229983852
0.2230073123
0.2230208434
0.2230388956
0.2231738897
0.2231776659
0.2231859643
0.2231985443
0.2232153308
0.2233461638
0.2233496778
0.2233574009
0.22336911
0.2233847372
0.2235115631
0.2235148368
0.2235220322
0.2235329428
0.2235475065
0.2236704742
0.2236735273
0.2236802385
0.2236904159
0.2237040033
0.2238232525
0.2238261028
0.2238323687
0.223841872
0.2238545611
0.2239702417
0.2239729055
0.2239787619
0.2239876449
0.2239995074
0.2241117539
0.2241142458
0.2241197245
0.2241280355
0.2241391357
0.2242481052
0.2242504388
0.2242555695
0.2242633533
0.2242737505
0.2243795485
0.2243817356
0.2243865445
0.2243938409
0.2244035881
0.2245063706
0.2245084225
0.2245129347
0.2245197814
0.2245289289
0.2246287325
0.224630659
0.2246348956
0.2246413245
0.2246499148
0.2247469677
0.2247487784
0.2247527603
0.2247588031
0.2247668784
0.2248610555
0.224862758
0.2248665021
0.2248721846
0.2248797789
0.2249713422
0.2249729452
0.2249764707
0.2249818218
0.2249889737
0.2250761023
0.2250776124
0.2250809336
0.2250859748
0.2250927132
0.2251660566
0.2251674911
0.2251706464
0.2251754361
0.2251818388
0.1619946522
0.1606410102
0.1595220847
0.158234424
0.1568362876
0.1552770223
0.1535096265
0.1516525953
0.1497864201
0.1478545594
0.1458826873
0.1438011567
0.1416333936
0.1393190879
0.1367979178
0.1340387465
0.1309000151
0.1272009978
0.1243764297
0.1258543458
0.132852939
0.1434442412
0.1553712523
0.1671329492
0.1776537677
0.186677044
0.1937021537
0.1992833389
0.20368211
0.2071401892
0.209862663
0.2120173204
0.2137363663
0.2151190418
0.2162374472
0.2171453713
0.2178861092
0.2184966077
0.2190084491
0.2194474761
0.2198335928
0.2201812013
0.2205001831
0.2207970504
0.2210760143
0.2213398175
0.2215903074
0.2218287985
0.2220562905
0.2222736013
0.2224814574
0.2226803704
0.2228709579
0.2230537211
0.2232291199
0.2233975766
0.2235594745
0.2237151708
0.2238649921
0.2240092604
0.2241482632
0.2242823013
0.2244116052
0.2245364536
0.2246569819
0.2247735225
0.224886028
0.2249948592
0.225098259
0.2251871089
0.1114344462
0.02476478452
0.05065623004
0.07090781078
0.1132445459
0.1214237429
0.05506804913
0.03107749685
0.07678510487
0.1363842636
0.1259047401
0.07105231126
0.0189854769
0.06899412303
0.1408654469
0.1282063087
0.07803612264
0.01928164902
0.05362694101
0.1237260705
0.1293909247
0.08305015717
0.02963721304
0.03747763732
0.09908978646
0.1299004036
0.0872856965
0.03979777926
0.02541203394
0.07643984879
0.1298702766
0.09041905753
0.04659943913
0.01835875235
0.05604696749
0.1294988543
0.09273319524
0.05183733432
0.01629929733
0.03994715893
0.1289308521
0.09450648493
0.05637123348
0.01990621812
0.02866041801
0.1281331394
0.09570874282
0.05972505875
0.02355361583
0.02047233716
0.1271517687
0.09641767447
0.06220820253
0.02687740241
0.01508036314
0.1259449263
0.09670839207
0.06426528007
0.03044984361
0.01254757004
0.1245884126
0.09684035407
0.06635237337
0.03476441348
0.01373109125
0.1230680118
0.09676718259
0.06809591814
0.03838220184
0.01578264565
0.121297458
0.09631856085
0.06924460651
0.04111804497
0.01779703173
0.1193280207
0.09571866658
0.07019461793
0.04350768069
0.0199775117
0.1169879216
0.09459322148
0.07026300237
0.04453549797
0.02127256399
0.1139928063
0.09243135344
0.06871749062
0.04331071016
0.02094225604
0.1127486501
0.09423992759
0.07394585542
0.04965336424
0.02294845801
0.1179584081
0.1077094541
0.1001928932
0.0966326391
0.09999080433
0.1292040171
0.1265848248
0.1278401917
0.1335422762
0.1438567457
0.14285755
0.1446226464
0.1494219313
0.1570233315
0.1667537532
0.1563467568
0.159836239
0.1652403923
0.1721260804
0.1798867042
0.1685706567
0.1721643541
0.1769578446
0.1825568505
0.1885235542
0.1790185537
0.1821120629
0.1859940734
0.1903599574
0.1949154065
0.1878121375
0.190270244
0.1932682132
0.1965843955
0.2000179044
0.1945897019
0.1964863962
0.1987780332
0.2013032041
0.203920641
0.1999651232
0.2014126698
0.2031574155
0.2050831072
0.2070894886
0.2042033381
0.2053064437
0.2066371965
0.2081123764
0.2096604154
0.2075396687
0.208383325
0.209403582
0.2105411869
0.2117449672
0.210171264
0.2108217068
0.2116107623
0.2124964231
0.2134420805
0.2122589145
0.2127669268
0.2133850972
0.2140836421
0.2148362949
0.2139289802
0.2143326742
0.214825061
0.2153849112
0.2159932412
0.2152759898
0.2156033337
0.2160029975
0.2164597157
0.2169596362
0.2163684006
0.2166396022
0.2169704733
0.2173499396
0.2177677941
0.2172572498
0.217486823
0.2177662084
0.2180873069
0.218442521
0.2179837557
0.2181820476
0.2184224619
0.2186990174
0.2190059931
0.2185833189
0.2187576099
0.2189680426
0.2192101368
0.2194795153
0.2190864215
0.2192417668
0.2194286049
0.2196435124
0.2198830718
0.2195181712
0.2196580618
0.2198258071
0.220018726
0.2202340872
0.2198980142
0.2200248938
0.220176734
0.2203513793
0.2205465953
0.2202400835
0.220355721
0.2204939605
0.2206530264
0.2208310519
0.2205541068
0.2206598492
0.2207862175
0.2209317193
0.2210947679
0.220846506
0.2209434341
0.221059289
0.2211927964
0.2213425909
0.221121432
0.2212104507
0.2213169037
0.2214396911
0.221577627
0.2213815815
0.2214634715
0.2215614645
0.2216746035
0.221801852
0.2216287621
0.2217042069
0.2217945543
0.2218989672
0.2220165356
0.221864253
0.2219338574
0.2220172748
0.2221137697
0.2222225407
0.2220890218
0.222153324
0.2222304454
0.2223197381
0.2224204946
0.222303858
0.2223633388
0.22243473
0.2225174594
0.2226109008
0.2225094629
0.2225645537
0.222630722
0.2227074611
0.2227942162
0.2227063247
0.2227574134
0.222818816
0.222890083
0.2229707215
0.2228950416
0.2229424766
0.222999524
0.2230657843
0.2231408189
0.2230760956
0.2231201896
0.223173251
0.2232349238
0.2233048172
0.2232499304
0.2232909647
0.2233403722
0.2233978353
0.2234630051
0.223416954
0.2234551824
0.2235012361
0.2235548313
0.2236156561
0.2235775367
0.2236131881
0.223656159
0.2237061953
0.2237630176
0.2237320251
0.2237653074
0.2238054421
0.2238522011
0.2239053339
0.2238807349
0.2239118358
0.2239493569
0.2239930934
0.2240428203
0.22402398
0.2240530716
0.2240881835
0.2241291315
0.2241757134
0.2241620387
0.2241892752
0.2242221616
0.2242605319
0.2243042039
0.2242952059
0.2243207307
0.2243515624
0.2243875512
0.2244285327
0.2244237042
0.2244476443
0.2244765727
0.2245103544
0.2245488409
0.2245478092
0.2245702865
0.2245974571
0.2246291984
0.224665376
0.2246676468
0.2246887636
0.2247142983
0.2247441396
0.2247781659
0.2247835485
0.2248034077
0.2248274294
0.2248555128
0.2248875476
0.2248954577
0.2249141404
0.2249367459
0.2249631828
0.224993351
0.2250037398
0.2250213405
0.2250426429
0.2250675637
0.2250960117
0.2251066276
0.2251232157
0.2251432982
0.2251667994
0.225193637
0.2251950613
0.2252108302
0.2252299253
0.2252522767
0.2252778085
0.2160198039
0.2290866926
0.2299225701
0.2299857458
0.2299955296
0.2299982686
0.2299993055
0.2299997305
0.2299999056
0.2299999765
0.2300000045
0.2300000155
0.2300000198
0.2300000215
0.2300000222
0.2300000225
0.2300000226
0.2300000227
0.2300000228
0.2300000229
0.2300000229
0.230000023
0.230000023
0.230000023
0.230000023
0.230000023
0.230000023
0.2300000231
0.2300000231
0.2300000231
0.2300000231
0.2300000231
0.2300000231
0.2300000231
0.2300000231
0.2300000231
0.2300000231
0.2300000231
0.2300000231
0.2300000231
0.2300000232
0.2300000232
0.2300000232
0.2300000232
0.2300000232
0.2300000232
0.2300000232
0.2300000232
0.2300000232
0.2300000232
0.2300000232
0.2300000232
0.2300000232
0.2300000232
0.2300000232
0.2300000232
0.2300000233
0.2300000235
0.2300000239
0.2300000246
0.2062794104
0.2274757864
0.2297866469
0.2299682203
0.2299911137
0.2299965555
0.229998495
0.2299993304
0.2299997128
0.229999889
0.2299999693
0.2300000054
0.2300000216
0.2300000288
0.2300000321
0.2300000336
0.2300000343
0.2300000349
0.2300000353
0.2300000356
0.2300000358
0.230000036
0.2300000361
0.2300000361
0.2300000362
0.2300000362
0.2300000363
0.2300000363
0.2300000364
0.2300000364
0.2300000365
0.2300000365
0.2300000365
0.2300000366
0.2300000366
0.2300000366
0.2300000367
0.2300000367
0.2300000367
0.2300000367
0.2300000368
0.2300000368
0.2300000368
0.2300000368
0.2300000368
0.2300000369
0.2300000369
0.2300000369
0.2300000369
0.2300000369
0.2300000369
0.230000037
0.230000037
0.230000037
0.230000037
0.2300000371
0.2300000373
0.2300000382
0.2300000405
0.2300000432
0.2012627068
0.2260435382
0.2296845104
0.2299589448
0.2299894067
0.2299958889
0.2299980768
0.2299990327
0.2299995085
0.2299997545
0.2299998821
0.2299999477
0.2299999811
0.2299999979
0.2300000062
0.2300000104
0.2300000126
0.2300000141
0.2300000151
0.2300000158
0.2300000163
0.2300000166
0.2300000168
0.230000017
0.2300000171
0.2300000172
0.2300000174
0.2300000175
0.2300000176
0.2300000176
0.2300000177
0.2300000178
0.2300000179
0.2300000179
0.230000018
0.2300000181
0.2300000181
0.2300000182
0.2300000182
0.2300000183
0.2300000183
0.2300000184
0.2300000184
0.2300000184
0.2300000185
0.2300000185
0.2300000185
0.2300000186
0.2300000186
0.2300000186
0.2300000186
0.2300000187
0.2300000187
0.2300000187
0.2300000188
0.2300000188
0.2300000191
0.2300000199
0.2300000213
0.2300000223
0.185243101
0.2197632696
0.2290611027
0.2299301155
0.2299875051
0.2299955888
0.2299978646
0.2299988298
0.2299993299
0.229999608
0.2299997674
0.229999859
0.2299999111
0.2299999403
0.2299999563
0.2299999648
0.2299999696
0.2299999726
0.2299999745
0.2299999757
0.2299999765
0.229999977
0.2299999773
0.2299999775
0.2299999778
0.2299999779
0.2299999781
0.2299999783
0.2299999784
0.2299999785
0.2299999786
0.2299999788
0.2299999789
0.2299999789
0.229999979
0.2299999791
0.2299999792
0.2299999793
0.2299999793
0.2299999794
0.2299999795
0.2299999795
0.2299999796
0.2299999796
0.2299999797
0.2299999797
0.2299999797
0.2299999798
0.2299999798
0.2299999799
0.2299999799
0.2299999799
0.2299999799
0.22999998
0.22999998
0.2299999801
0.2299999802
0.2299999802
0.2299999797
0.2299999787
0.1637602295
0.2081171149
0.2261863462
0.2296948728
0.2299695823
0.229993026
0.2299971842
0.2299985254
0.2299991358
0.2299994635
0.2299996541
0.2299997689
0.2299998384
0.2299998803
0.2299999051
0.2299999193
0.2299999276
0.2299999326
0.2299999356
0.2299999374
0.2299999385
0.2299999392
0.2299999396
0.2299999399
0.2299999402
0.2299999404
0.2299999405
0.2299999407
0.2299999409
0.229999941
0.2299999411
0.2299999413
0.2299999414
0.2299999415
0.2299999416
0.2299999417
0.2299999418
0.2299999418
0.2299999419
0.229999942
0.229999942
0.2299999421
0.2299999422
0.2299999422
0.2299999423
0.2299999423
0.2299999424
0.2299999424
0.2299999424
0.2299999425
0.2299999425
0.2299999425
0.2299999426
0.2299999426
0.2299999426
0.2299999427
0.2299999426
0.2299999422
0.229999941
0.2299999395
0.1402028699
0.1896794426
0.2181421791
0.2281956412
0.2298505078
0.2299804052
0.229994738
0.2299977914
0.2299988346
0.2299993031
0.2299995495
0.2299996918
0.2299997783
0.2299998318
0.2299998649
0.2299998851
0.2299998973
0.2299999047
0.2299999091
0.2299999118
0.2299999133
0.2299999142
0.2299999147
0.229999915
0.2299999153
0.2299999155
0.2299999157
0.2299999159
0.229999916
0.2299999162
0.2299999163
0.2299999164
0.2299999165
0.2299999166
0.2299999167
0.2299999168
0.2299999169
0.229999917
0.2299999171
0.2299999171
0.2299999172
0.2299999173
0.2299999173
0.2299999174
0.2299999174
0.2299999175
0.2299999175
0.2299999176
0.2299999176
0.2299999177
0.2299999177
0.2299999177
0.2299999178
0.2299999178
0.2299999178
0.2299999178
0.2299999178
0.2299999175
0.2299999165
0.2299999156
0.1179227196
0.1701204245
0.2048327517
0.2230148029
0.2290793959
0.2299197968
0.2299869166
0.2299959936
0.2299982382
0.2299990534
0.2299994218
0.229999614
0.2299997246
0.229999792
0.2299998342
0.2299998607
0.2299998773
0.2299998876
0.2299998939
0.2299998977
0.2299998999
0.2299999011
0.2299999018
0.2299999022
0.2299999025
0.2299999028
0.2299999029
0.2299999031
0.2299999033
0.2299999034
0.2299999035
0.2299999037
0.2299999038
0.2299999039
0.229999904
0.2299999041
0.2299999041
0.2299999042
0.2299999043
0.2299999044
0.2299999044
0.2299999045
0.2299999046
0.2299999046
0.2299999047
0.2299999047
0.2299999048
0.2299999048
0.2299999049
0.2299999049
0.2299999049
0.229999905
0.229999905
0.2299999051
0.2299999051
0.2299999051
0.2299999052
0.2299999051
0.2299999047
0.2299999044
0.09686668261
0.1507430852
0.1883624641
0.2127219856
0.2257994375
0.2295777778
0.2299575098
0.2299911814
0.2299969509
0.2299985922
0.2299992212
0.2299995106
0.2299996631
0.2299997516
0.2299998061
0.2299998405
0.2299998624
0.2299998763
0.2299998849
0.2299998902
0.2299998933
0.2299998951
0.2299998961
0.2299998967
0.229999897
0.2299998973
0.2299998975
0.2299998977
0.2299998979
0.229999898
0.2299998981
0.2299998983
0.2299998984
0.2299998985
0.2299998986
0.2299998987
0.2299998987
0.2299998988
0.2299998989
0.229999899
0.2299998991
0.2299998991
0.2299998992
0.2299998992
0.2299998993
0.2299998994
0.2299998994
0.2299998995
0.2299998995
0.2299998995
0.2299998996
0.2299998996
0.2299998997
0.2299998997
0.2299998998
0.2299998999
0.2299998999
0.2299999
0.2299999001
0.2299999001
0.07743475034
0.1325934442
0.1728454136
0.1999989401
0.2180628566
0.2279270743
0.2298331514
0.2299776989
0.2299941661
0.2299977474
0.229998897
0.2299993603
0.2299995811
0.2299997017
0.2299997738
0.229999819
0.2299998479
0.2299998663
0.229999878
0.2299998852
0.2299998896
0.2299998921
0.2299998935
0.2299998944
0.2299998949
0.2299998952
0.2299998955
0.2299998957
0.2299998959
0.229999896
0.2299998962
0.2299998963
0.2299998964
0.2299998965
0.2299998966
0.2299998967
0.2299998968
0.2299998969
0.229999897
0.2299998971
0.2299998971
0.2299998972
0.2299998973
0.2299998973
0.2299998974
0.2299998975
0.2299998975
0.2299998976
0.2299998976
0.2299998977
0.2299998977
0.2299998977
0.2299998978
0.2299998978
0.2299998979
0.229999898
0.2299998982
0.2299998984
0.2299998986
0.2299998987
0.0595812764
0.1141005563
0.1573010138
0.1878362498
0.208957419
0.2236217158
0.2293128512
0.229940018
0.2299885963
0.229996356
0.2299984169
0.2299991496
0.2299994694
0.2299996349
0.2299997314
0.2299997916
0.2299998301
0.2299998548
0.2299998705
0.2299998804
0.2299998864
0.22999989
0.2299998921
0.2299998933
0.229999894
0.2299998944
0.2299998948
0.229999895
0.2299998952
0.2299998954
0.2299998955
0.2299998957
0.2299998958
0.2299998959
0.229999896
0.2299998961
0.2299998962
0.2299998963
0.2299998964
0.2299998965
0.2299998965
0.2299998966
0.2299998967
0.2299998967
0.2299998968
0.2299998969
0.2299998969
0.229999897
0.229999897
0.2299998971
0.2299998971
0.2299998972
0.2299998972
0.2299998973
0.2299998974
0.2299998975
0.2299998977
0.2299998979
0.2299998982
0.2299998983
0.04442130456
0.09514973735
0.1406924702
0.1747524885
0.1994544773
0.2179132227
0.2279481634
0.2298210942
0.2299758152
0.2299939218
0.2299977082
0.229998863
0.2299993213
0.2299995463
0.2299996751
0.2299997551
0.2299998065
0.2299998396
0.2299998609
0.2299998743
0.2299998826
0.2299998876
0.2299998906
0.2299998924
0.2299998934
0.229999894
0.2299998944
0.2299998947
0.2299998949
0.2299998951
0.2299998953
0.2299998954
0.2299998956
0.2299998957
0.2299998958
0.2299998959
0.229999896
0.2299998961
0.2299998962
0.2299998963
0.2299998964
0.2299998965
0.2299998965
0.2299998966
0.2299998967
0.2299998967
0.2299998968
0.2299998968
0.2299998969
0.2299998969
0.229999897
0.229999897
0.2299998971
0.2299998972
0.2299998972
0.2299998974
0.2299998976
0.2299998978
0.2299998981
0.2299998982
0.03262435834
0.0780709812
0.1241549014
0.1617337591
0.1904325206
0.2122353848
0.2256667817
0.2295876189
0.2299531993
0.2299905248
0.2299968374
0.2299985179
0.2299991393
0.2299994353
0.2299996032
0.2299997079
0.2299997755
0.2299998195
0.229999848
0.2299998662
0.2299998776
0.2299998846
0.2299998888
0.2299998913
0.2299998927
0.2299998936
0.2299998941
0.2299998945
0.2299998948
0.229999895
0.2299998952
0.2299998954
0.2299998955
0.2299998956
0.2299998958
0.2299998959
0.229999896
0.2299998961
0.2299998962
0.2299998963
0.2299998963
0.2299998964
0.2299998965
0.2299998966
0.2299998966
0.2299998967
0.2299998967
0.2299998968
0.2299998969
0.2299998969
0.229999897
0.229999897
0.2299998971
0.2299998971
0.2299998972
0.2299998974
0.2299998976
0.2299998978
0.2299998981
0.2299998982
0.02404644999
0.06349107965
0.1090676942
0.1492967576
0.1820355196
0.2070633957
0.2231807952
0.2291759655
0.2299154437
0.2299856311
0.2299957785
0.2299981138
0.2299989229
0.2299993014
0.2299995157
0.2299996497
0.2299997369
0.2299997941
0.2299998315
0.2299998557
0.229999871
0.2299998806
0.2299998864
0.2299998898
0.2299998919
0.2299998931
0.2299998938
0.2299998943
0.2299998947
0.2299998949
0.2299998951
0.2299998953
0.2299998955
0.2299998956
0.2299998957
0.2299998958
0.229999896
0.2299998961
0.2299998962
0.2299998962
0.2299998963
0.2299998964
0.2299998965
0.2299998966
0.2299998966
0.2299998967
0.2299998968
0.2299998968
0.2299998969
0.2299998969
0.229999897
0.229999897
0.2299998971
0.2299998972
0.2299998973
0.2299998974
0.2299998976
0.2299998979
0.2299998982
0.2299998982
0.01794686969
0.05112688387
0.09528808682
0.1377538296
0.1747566034
0.2032001437
0.2211234117
0.228438659
0.229851014
0.2299770716
0.229994141
0.2299975616
0.2299986482
0.2299991379
0.2299994108
0.2299995803
0.2299996906
0.2299997633
0.2299998113
0.2299998427
0.2299998628
0.2299998754
0.2299998832
0.229999888
0.2299998908
0.2299998924
0.2299998935
0.2299998941
0.2299998945
0.2299998948
0.229999895
0.2299998952
0.2299998954
0.2299998956
0.2299998957
0.2299998958
0.2299998959
0.229999896
0.2299998961
0.2299998962
0.2299998963
0.2299998964
0.2299998965
0.2299998966
0.2299998966
0.2299998967
0.2299998968
0.2299998968
0.2299998969
0.2299998969
0.229999897
0.2299998971
0.2299998971
0.2299998972
0.2299998973
0.2299998975
0.2299998977
0.2299998979
0.2299998982
0.2299998982
0.01382202675
0.04112486823
0.08368835748
0.1287699877
0.1707261586
0.2021554135
0.2201694443
0.2276406376
0.2297250612
0.2299598258
0.2299913117
0.2299967547
0.2299982867
0.2299989352
0.229999285
0.2299994986
0.2299996364
0.2299997274
0.2299997877
0.2299998273
0.229999853
0.2299998693
0.2299998795
0.2299998857
0.2299998894
0.2299998916
0.229999893
0.2299998938
0.2299998943
0.2299998947
0.229999895
0.2299998952
0.2299998954
0.2299998955
0.2299998957
0.2299998958
0.2299998959
0.229999896
0.2299998961
0.2299998962
0.2299998963
0.2299998964
0.2299998965
0.2299998966
0.2299998966
0.2299998967
0.2299998968
0.2299998968
0.2299998969
0.229999897
0.229999897
0.2299998971
0.2299998971
0.2299998972
0.2299998974
0.2299998975
0.2299998977
0.229999898
0.2299998982
0.2299998982
0.01187558043
0.03530180272
0.077770326
0.1266020539
0.1734247149
0.205073497
0.2208007279
0.2271512965
0.2295023558
0.2299208234
0.2299854698
0.2299953811
0.2299977599
0.2299986664
0.2299991269
0.2299993991
0.2299995718
0.2299996849
0.2299997599
0.2299998094
0.2299998416
0.2299998621
0.229999875
0.229999883
0.2299998878
0.2299998906
0.2299998924
0.2299998934
0.2299998941
0.2299998945
0.2299998949
0.2299998951
0.2299998953
0.2299998955
0.2299998956
0.2299998958
0.2299998959
0.229999896
0.2299998961
0.2299998962
0.2299998963
0.2299998964
0.2299998965
0.2299998966
0.2299998967
0.2299998967
0.2299998968
0.2299998969
0.2299998969
0.229999897
0.229999897
0.2299998971
0.2299998972
0.2299998973
0.2299998974
0.2299998976
0.2299998978
0.229999898
0.2299998982
0.2299998982
0.01275505093
0.03754805331
0.08390170878
0.1387467972
0.1849591573
0.2108785718
0.2223670643
0.2270873436
0.2291532324
0.2298256649
0.2299698255
0.2299922701
0.229996797
0.2299982464
0.2299989025
0.2299992649
0.2299994872
0.2299996307
0.2299997252
0.2299997873
0.2299998277
0.2299998535
0.2299998697
0.2299998797
0.2299998858
0.2299998895
0.2299998917
0.229999893
0.2299998938
0.2299998944
0.2299998948
0.229999895
0.2299998953
0.2299998954
0.2299998956
0.2299998958
0.2299998959
0.229999896
0.2299998961
0.2299998962
0.2299998963
0.2299998964
0.2299998965
0.2299998966
0.2299998967
0.2299998967
0.2299998968
0.2299998969
0.2299998969
0.229999897
0.2299998971
0.2299998971
0.2299998972
0.2299998973
0.2299998974
0.2299998976
0.2299998978
0.2299998981
0.2299998983
0.2299998982
0.01919857665
0.05339822651
0.1065366622
0.1645778714
0.1995657108
0.2162789265
0.223708305
0.2270773958
0.2287445085
0.229590807
0.2299117077
0.2299815148
0.2299943315
0.2299974254
0.2299985284
0.22999906
0.2299993642
0.2299995539
0.2299996767
0.2299997569
0.2299998089
0.229999842
0.2299998627
0.2299998755
0.2299998833
0.229999888
0.2299998908
0.2299998925
0.2299998935
0.2299998942
0.2299998946
0.2299998949
0.2299998952
0.2299998954
0.2299998956
0.2299998957
0.2299998959
0.229999896
0.2299998961
0.2299998962
0.2299998963
0.2299998964
0.2299998965
0.2299998966
0.2299998967
0.2299998967
0.2299998968
0.2299998969
0.2299998969
0.229999897
0.2299998971
0.2299998971
0.2299998972
0.2299998973
0.2299998975
0.2299998977
0.2299998979
0.2299998981
0.2299998983
0.2299998982
0.0370441807
0.08420039031
0.148397011
0.1882269945
0.2089577897
0.2191881016
0.2242252924
0.2268325548
0.2282927004
0.2291905993
0.2297226366
0.2299358227
0.2299854973
0.2299952871
0.2299977806
0.2299987054
0.2299991651
0.2299994333
0.2299996017
0.2299997101
0.2299997799
0.2299998244
0.2299998521
0.2299998692
0.2299998795
0.2299998857
0.2299998894
0.2299998916
0.2299998929
0.2299998937
0.2299998943
0.2299998947
0.2299998949
0.2299998952
0.2299998954
0.2299998955
0.2299998957
0.2299998958
0.2299998959
0.229999896
0.2299998962
0.2299998963
0.2299998963
0.2299998964
0.2299998965
0.2299998966
0.2299998967
0.2299998967
0.2299998968
0.2299998969
0.2299998969
0.229999897
0.2299998971
0.2299998972
0.2299998974
0.2299998976
0.2299998978
0.2299998981
0.2299998983
0.2299998982
0.118046324
0.1507608342
0.1814185488
0.2017417947
0.2136760602
0.2203752056
0.2241732709
0.226414857
0.2278068638
0.2287227284
0.2293629812
0.2297739144
0.2299460827
0.2299874321
0.2299958
0.2299979833
0.2299988111
0.2299992305
0.2299994775
0.2299996326
0.2299997317
0.2299997947
0.2299998341
0.2299998583
0.2299998729
0.2299998816
0.2299998868
0.2299998898
0.2299998917
0.2299998928
0.2299998935
0.229999894
0.2299998943
0.2299998946
0.2299998948
0.229999895
0.2299998951
0.2299998953
0.2299998954
0.2299998955
0.2299998956
0.2299998957
0.2299998958
0.2299998959
0.229999896
0.229999896
0.2299998961
0.2299998962
0.2299998963
0.2299998963
0.2299998964
0.2299998965
0.2299998966
0.2299998967
0.2299998969
0.2299998971
0.2299998973
0.2299998976
0.2299998977
0.2299998976
0.1595738558
0.1790088834
0.1957666344
0.2077817562
0.2156580289
0.2206505823
0.223819297
0.2258764217
0.2272582293
0.2282217162
0.2289190004
0.2294428823
0.2297973509
0.2299512534
0.2299885182
0.2299960944
0.2299980972
0.2299988703
0.2299992667
0.2299995019
0.2299996497
0.2299997436
0.2299998027
0.2299998394
0.2299998617
0.229999875
0.229999883
0.2299998876
0.2299998904
0.229999892
0.229999893
0.2299998936
0.229999894
0.2299998942
0.2299998945
0.2299998947
0.2299998948
0.229999895
0.2299998951
0.2299998952
0.2299998953
0.2299998954
0.2299998955
0.2299998956
0.2299998957
0.2299998957
0.2299998958
0.2299998959
0.229999896
0.229999896
0.2299998961
0.2299998962
0.2299998963
0.2299998964
0.2299998966
0.2299998968
0.229999897
0.2299998973
0.2299998974
0.2299998973
0.1786947034
0.1914909783
0.2023235837
0.2105533009
0.2164261881
0.2204963071
0.2233025199
0.2252594284
0.2266536273
0.2276734769
0.2284393144
0.2290270787
0.2294884946
0.2298119077
0.229955027
0.229989322
0.2299962902
0.2299981644
0.2299988996
0.229999283
0.2299995127
0.2299996573
0.2299997491
0.2299998068
0.2299998425
0.2299998641
0.2299998769
0.2299998844
0.2299998887
0.2299998912
0.2299998926
0.2299998935
0.229999894
0.2299998943
0.2299998946
0.2299998948
0.229999895
0.2299998951
0.2299998952
0.2299998954
0.2299998955
0.2299998956
0.2299998957
0.2299998958
0.2299998958
0.2299998959
0.229999896
0.2299998961
0.2299998961
0.2299998962
0.2299998963
0.2299998964
0.2299998965
0.2299998966
0.2299998968
0.229999897
0.2299998972
0.2299998974
0.2299998976
0.2299998974
0.1887821011
0.1979305621
0.2057596232
0.2119788962
0.2166887534
0.2201751734
0.2227346325
0.2246208578
0.2260283432
0.2270977884
0.2279272097
0.2285822508
0.2291046115
0.2295255577
0.2298260021
0.229959103
0.2299901471
0.229996468
0.2299982097
0.229998914
0.2299992893
0.2299995167
0.2299996605
0.229999752
0.2299998095
0.2299998448
0.229999866
0.2299998785
0.2299998857
0.2299998898
0.229999892
0.2299998933
0.2299998941
0.2299998946
0.2299998949
0.2299998951
0.2299998953
0.2299998955
0.2299998956
0.2299998957
0.2299998958
0.2299998959
0.229999896
0.2299998961
0.2299998962
0.2299998963
0.2299998964
0.2299998964
0.2299998965
0.2299998966
0.2299998967
0.2299998968
0.2299998969
0.229999897
0.2299998972
0.2299998974
0.2299998976
0.2299998978
0.229999898
0.2299998978
0.1951529741
0.2019490025
0.2079336116
0.2128827658
0.2168111451
0.2198621052
0.2222134669
0.2240240433
0.2254274643
0.226528743
0.2274065662
0.2281173391
0.2286991259
0.2291749521
0.2295635911
0.2298419889
0.2299636211
0.229991047
0.2299966444
0.2299982504
0.2299989253
0.2299992937
0.2299995195
0.229999663
0.2299997544
0.2299998116
0.2299998467
0.2299998676
0.2299998797
0.2299998867
0.2299998906
0.2299998927
0.2299998939
0.2299998946
0.229999895
0.2299998953
0.2299998956
0.2299998957
0.2299998959
0.229999896
0.2299998961
0.2299998962
0.2299998963
0.2299998964
0.2299998965
0.2299998966
0.2299998967
0.2299998967
0.2299998968
0.2299998969
0.229999897
0.2299998971
0.2299998972
0.2299998974
0.2299998975
0.2299998977
0.2299998979
0.2299998981
0.2299998982
0.229999898
0.199946944
0.2051632611
0.2098140893
0.2137225174
0.2170042297
0.2196745612
0.221811568
0.2235202782
0.2248903896
0.2259980262
0.2269040985
0.227654726
0.2282828371
0.2288100197
0.2292479953
0.2296070371
0.2298614039
0.2299687475
0.229992016
0.229996846
0.229998303
0.2299989435
0.2299993023
0.2299995249
0.2299996671
0.2299997575
0.2299998139
0.2299998484
0.2299998688
0.2299998807
0.2299998874
0.2299998911
0.2299998932
0.2299998943
0.229999895
0.2299998954
0.2299998957
0.2299998958
0.229999896
0.2299998961
0.2299998963
0.2299998964
0.2299998965
0.2299998966
0.2299998967
0.2299998967
0.2299998968
0.2299998969
0.229999897
0.2299998971
0.2299998972
0.2299998973
0.2299998974
0.2299998975
0.2299998977
0.2299998979
0.2299998981
0.2299998983
0.2299998984
0.2299998982
0.2038067674
0.2077492399
0.2113429415
0.2145161664
0.2172527299
0.2195733828
0.2215112604
0.223110004
0.224428501
0.2255226699
0.2264389835
0.227214058
0.2278750447
0.2284407203
0.2289225664
0.2293255751
0.2296548967
0.2298827984
0.2299738417
0.229992957
0.229997061
0.2299983715
0.2299989737
0.2299993189
0.2299995355
0.2299996739
0.2299997619
0.2299998169
0.2299998504
0.2299998702
0.2299998817
0.2299998881
0.2299998917
0.2299998936
0.2299998947
0.2299998953
0.2299998956
0.2299998959
0.229999896
0.2299998962
0.2299998963
0.2299998964
0.2299998965
0.2299998966
0.2299998967
0.2299998968
0.2299998969
0.229999897
0.2299998971
0.2299998972
0.2299998973
0.2299998974
0.2299998975
0.2299998977
0.2299998978
0.229999898
0.2299998982
0.2299998984
0.2299998985
0.2299998982
0.2068262209
0.2098907338
0.2127517887
0.2153400716
0.2176272472
0.2196159079
0.221330455
0.2227975675
0.2240482149
0.2251109661
0.2260209805
0.2268060564
0.2274873538
0.2280800304
0.2285940877
0.2290349429
0.2294041857
0.2297046015
0.2299054747
0.2299789643
0.229993922
0.2299973048
0.2299984596
0.2299990172
0.2299993446
0.2299995513
0.229999684
0.2299997684
0.229999821
0.229999853
0.2299998719
0.2299998828
0.2299998888
0.2299998922
0.229999894
0.2299998949
0.2299998955
0.2299998958
0.229999896
0.2299998962
0.2299998963
0.2299998965
0.2299998966
0.2299998967
0.2299998968
0.2299998969
0.2299998969
0.229999897
0.2299998971
0.2299998972
0.2299998973
0.2299998974
0.2299998976
0.2299998977
0.2299998979
0.2299998981
0.2299998983
0.2299998984
0.2299998985
0.2299998982
0.2093357662
0.2117395222
0.2140269656
0.2161414002
0.2180541776
0.2197583083
0.2212620376
0.2225844736
0.2237449016
0.2247636109
0.2256551869
0.2264386737
0.2271295343
0.2277392451
0.2282757667
0.2287440687
0.2291463074
0.2294828696
0.229754888
0.2299274589
0.2299835814
0.2299948295
0.2299975596
0.2299985633
0.2299990728
0.2299993782
0.2299995726
0.2299996976
0.2299997771
0.2299998266
0.2299998565
0.2299998741
0.2299998842
0.2299998897
0.2299998927
0.2299998943
0.2299998952
0.2299998957
0.229999896
0.2299998962
0.2299998963
0.2299998965
0.2299998966
0.2299998967
0.2299998968
0.2299998969
0.229999897
0.2299998971
0.2299998972
0.2299998972
0.2299998974
0.2299998975
0.2299998976
0.2299998978
0.2299998979
0.2299998981
0.2299998983
0.2299998985
0.2299998985
0.2299998982
0.2114103081
0.2133101375
0.2151498788
0.2168844763
0.218487886
0.2199493827
0.2212695283
0.2224564718
0.2235232282
0.2244815031
0.2253428934
0.2261159601
0.2268074567
0.2274255003
0.227976013
0.2284630387
0.2288889536
0.2292542832
0.2295589892
0.229801822
0.2299454334
0.2299870892
0.2299955729
0.2299977996
0.2299986747
0.2299991368
0.2299994186
0.2299995989
0.2299997147
0.2299997881
0.2299998335
0.2299998608
0.2299998768
0.2299998857
0.2299998907
0.2299998933
0.2299998947
0.2299998954
0.2299998959
0.2299998961
0.2299998963
0.2299998965
0.2299998966
0.2299998967
0.2299998968
0.2299998969
0.229999897
0.2299998971
0.2299998972
0.2299998973
0.2299998974
0.2299998975
0.2299998977
0.2299998978
0.229999898
0.2299998982
0.2299998983
0.2299998985
0.2299998985
0.2299998982
0.2131198418
0.2146343317
0.2161259402
0.2175591205
0.2189111495
0.220169994
0.2213317848
0.2223983515
0.2233754559
0.2242709922
0.2250908708
0.2258406777
0.2265249397
0.2271432753
0.2276998523
0.228197777
0.2286391934
0.2290252402
0.229355586
0.2296305198
0.2298442844
0.2299596952
0.2299899281
0.229996238
0.2299980371
0.2299987928
0.2299992078
0.2299994645
0.2299996291
0.2299997345
0.2299998009
0.2299998415
0.2299998657
0.2299998797
0.2299998874
0.2299998916
0.2299998939
0.2299998951
0.2299998957
0.2299998961
0.2299998963
0.2299998965
0.2299998966
0.2299998967
0.2299998968
0.2299998969
0.229999897
0.2299998971
0.2299998972
0.2299998973
0.2299998974
0.2299998976
0.2299998977
0.2299998979
0.229999898
0.2299998982
0.2299998984
0.2299998985
0.2299998986
0.2299998982
0.2145337949
0.2157539305
0.2169755843
0.2181707064
0.2193198105
0.220410802
0.2214374452
0.2223977851
0.2232927228
0.2241252838
0.2248995505
0.2256178377
0.2262821365
0.2268941782
0.2274502023
0.2279524391
0.2284026595
0.2288020846
0.2291511714
0.2294489703
0.2296964227
0.229882197
0.2299712566
0.2299923115
0.2299968534
0.2299982733
0.229998917
0.2299992844
0.2299995147
0.2299996623
0.2299997562
0.2299998146
0.22999985
0.2299998708
0.2299998826
0.2299998891
0.2299998926
0.2299998944
0.2299998954
0.2299998959
0.2299998962
0.2299998964
0.2299998966
0.2299998967
0.2299998968
0.2299998969
0.229999897
0.2299998971
0.2299998972
0.2299998973
0.2299998975
0.2299998976
0.2299998977
0.2299998979
0.2299998981
0.2299998982
0.2299998984
0.2299998985
0.2299998986
0.2299998982
0.2157144428
0.2167097513
0.2177219301
0.2187287799
0.2197137529
0.2206653643
0.2215763125
0.2224425167
0.2232621737
0.2240349715
0.2247617702
0.2254440766
0.2260822475
0.2266765757
0.2272264234
0.2277274685
0.228181002
0.2285880969
0.2289494522
0.2292651927
0.2295341848
0.2297560025
0.2299136538
0.2299796583
0.2299940725
0.2299973663
0.2299984953
0.2299990421
0.2299993637
0.2299995668
0.2299996965
0.2299997783
0.2299998285
0.2299998584
0.2299998757
0.2299998854
0.2299998907
0.2299998935
0.2299998949
0.2299998957
0.2299998961
0.2299998964
0.2299998966
0.2299998967
0.2299998968
0.2299998969
0.2299998971
0.2299998972
0.2299998973
0.2299998974
0.2299998975
0.2299998976
0.2299998978
0.2299998979
0.2299998981
0.2299998983
0.2299998984
0.2299998986
0.2299998986
0.2299998982
0.2167100093
0.2175329864
0.218381791
0.2192388155
0.2200901292
0.2209252265
0.2217365571
0.2225189762
0.2232691571
0.223985106
0.2246656926
0.2253105207
0.2259194504
0.226491701
0.2270268771
0.2275222358
0.2279747232
0.2283850912
0.2287539259
0.2290814914
0.2293674813
0.2296102204
0.2298085946
0.2299396148
0.2299857631
0.2299953927
0.2299977941
0.2299986978
0.2299991621
0.2299994413
0.229999618
0.22999973
0.2299997996
0.2299998416
0.2299998662
0.2299998802
0.2299998879
0.2299998921
0.2299998942
0.2299998954
0.229999896
0.2299998963
0.2299998966
0.2299998967
0.2299998968
0.229999897
0.2299998971
0.2299998972
0.2299998973
0.2299998974
0.2299998975
0.2299998977
0.2299998978
0.229999898
0.2299998982
0.2299998983
0.2299998985
0.2299998986
0.2299998986
0.2299998982
0.2175537782
0.218243771
0.2189642002
0.219701076
0.2204427566
0.2211798959
0.2219052254
0.2226132547
0.223299923
0.2239622672
0.2245981343
0.2252059414
0.225784722
0.2263335178
0.2268509122
0.2273360406
0.2277840987
0.2281942531
0.2285668969
0.2289022165
0.2292000595
0.2294593378
0.2296780237
0.2298537728
0.229958958
0.2299899017
0.2299963641
0.2299981475
0.2299988794
0.2299992742
0.2299995149
0.2299996665
0.2299997612
0.2299998191
0.2299998533
0.2299998731
0.2299998841
0.22999989
0.2299998932
0.2299998949
0.2299998957
0.2299998962
0.2299998965
0.2299998967
0.2299998969
0.229999897
0.2299998971
0.2299998972
0.2299998973
0.2299998975
0.2299998976
0.2299998977
0.2299998979
0.229999898
0.2299998982
0.2299998984
0.2299998985
0.2299998986
0.2299998986
0.2299998982
0.2182680196
0.2188545668
0.2194733935
0.2201133756
0.2207648564
0.2214196899
0.222071171
0.2227138869
0.2233435201
0.2239566438
0.2245505316
0.2251229788
0.2256721391
0.226196633
0.2266951461
0.227166294
0.2276076053
0.228015076
0.2283887925
0.2287287621
0.2290347827
0.2293062275
0.229541394
0.2297387291
0.2298917071
0.2299720936
0.2299926561
0.2299970901
0.229998442
0.2299990411
0.2299993767
0.2299995823
0.2299997104
0.229999789
0.229999836
0.2299998633
0.2299998787
0.2299998872
0.2299998917
0.2299998941
0.2299998954
0.2299998961
0.2299998964
0.2299998967
0.2299998969
0.229999897
0.2299998971
0.2299998972
0.2299998974
0.2299998975
0.2299998976
0.2299998978
0.2299998979
0.2299998981
0.2299998982
0.2299998984
0.2299998985
0.2299998986
0.2299998986
0.2299998982
0.2188702697
0.2193758063
0.2199138029
0.2204754077
0.2210526413
0.2216384898
0.222226915
0.2228127962
0.2233918336
0.2239604335
0.2245155846
0.225054756
0.2255758104
0.2260769525
0.2265565484
0.2270128933
0.2274446569
0.2278475003
0.2282200472
0.2285621115
0.2288733894
0.2291533765
0.2294010363
0.2296142581
0.2297921275
0.2299228747
0.2299813828
0.2299946477
0.2299976666
0.229998693
0.2299991846
0.2299994684
0.2299996421
0.2299997485
0.2299998126
0.2299998501
0.2299998714
0.2299998833
0.2299998897
0.2299998931
0.2299998949
0.2299998958
0.2299998963
0.2299998967
0.2299998969
0.229999897
0.2299998971
0.2299998973
0.2299998974
0.2299998975
0.2299998977
0.2299998978
0.229999898
0.2299998981
0.2299998983
0.2299998984
0.2299998986
0.2299998987
0.2299998987
0.2299998982
0.2193773768
0.2198190667
0.2202924662
0.2207905099
0.2213066076
0.2218347572
0.2223695959
0.2229063979
0.2234410386
0.2239699358
0.224489982
0.2249984746
0.2254930453
0.225971594
0.2264323649
0.2268737608
0.227294151
0.2276908701
0.2280605207
0.2284026751
0.2287169027
0.2290026831
0.2292593205
0.2294856542
0.2296795654
0.2298392854
0.229947273
0.2299874478
0.2299959764
0.229998103
0.229998903
0.2299993099
0.2299995484
0.2299996933
0.2299997805
0.2299998319
0.2299998614
0.2299998778
0.2299998868
0.2299998916
0.2299998941
0.2299998955
0.2299998962
0.2299998966
0.2299998968
0.229999897
0.2299998972
0.2299998973
0.2299998974
0.2299998976
0.2299998977
0.2299998978
0.229999898
0.2299998982
0.2299998983
0.2299998985
0.2299998986
0.2299998987
0.2299998987
0.2299998982
0.219806593
0.2201975167
0.2206189243
0.2210651388
0.221530698
0.2220104686
0.2224997162
0.2229941343
0.2234898456
0.2239833818
0.2244716534
0.2249519133
0.2254217204
0.2258789128
0.2263215855
0.2267479687
0.227156307
0.2275451572
0.227910486
0.2282510912
0.2285664266
0.2288559264
0.2291189583
0.2293546961
0.2295616897
0.2297375106
0.2298795981
0.2299656249
0.2299914533
0.2299969133
0.2299984453
0.2299990791
0.2299994169
0.2299996164
0.229999736
0.2299998066
0.2299998473
0.2299998702
0.2299998828
0.2299998895
0.2299998931
0.229999895
0.2299998959
0.2299998965
0.2299998968
0.229999897
0.2299998972
0.2299998973
0.2299998975
0.2299998976
0.2299998977
0.2299998979
0.229999898
0.2299998982
0.2299998984
0.2299998985
0.2299998986
0.2299998987
0.2299998987
0.2299998982
0.2201747671
0.2205247669
0.2209038221
0.2213073243
0.2217307142
0.2221695877
0.2226197721
0.2230773716
0.2235387917
0.2240007416
0.2244602275
0.2249145356
0.2253612127
0.2257980423
0.2262230116
0.2266343923
0.2270306027
0.227410017
0.2277700033
0.2281078054
0.2284227641
0.2287142653
0.228981684
0.2292243496
0.229441198
0.2296302402
0.2297894641
0.2299128236
0.2299773893
0.2299939284
0.2299975708
0.2299987139
0.2299992258
0.2299995075
0.2299996732
0.229999771
0.2299998275
0.2299998594
0.229999877
0.2299998865
0.2299998916
0.2299998942
0.2299998956
0.2299998963
0.2299998968
0.229999897
0.2299998972
0.2299998974
0.2299998975
0.2299998976
0.2299998978
0.2299998979
0.2299998981
0.2299998982
0.2299998984
0.2299998985
0.2299998987
0.2299998987
0.2299998987
0.2299998982
0.220496918
0.2208132885
0.2211572344
0.2215249684
0.2219126503
0.222316482
0.2227327826
0.2231580401
0.2235889472
0.2240224177
0.2244555953
0.2248858525
0.2253107865
0.225728211
0.2261361498
0.2265328323
0.2269166026
0.2272858628
0.2276392327
0.2279730837
0.2282863417
0.2285783311
0.2288483962
0.2290958789
0.2293199415
0.2295192546
0.229691456
0.2298351489
0.2299396768
0.2299853291
0.2299956397
0.2299980753
0.2299989348
0.2299993501
0.2299995838
0.2299997204
0.2299997994
0.2299998441
0.2299998689
0.2299998823
0.2299998894
0.2299998931
0.2299998951
0.2299998961
0.2299998967
0.229999897
0.2299998972
0.2299998974
0.2299998975
0.2299998977
0.2299998978
0.229999898
0.2299998981
0.2299998983
0.2299998984
0.2299998986
0.2299998987
0.2299998988
0.2299998987
0.2299998982
0.2207853034
0.2210734169
0.2213876522
0.2217248574
0.2220817672
0.2224550865
0.2228415602
0.2232380267
0.2236414584
0.2240489877
0.2244579247
0.224865765
0.2252701909
0.2256690689
0.2260604443
0.2264425234
0.2268137543
0.227172687
0.2275178148
0.2278468042
0.2281572657
0.2284484471
0.2287196526
0.2289702214
0.2291994316
0.2294062763
0.2295893419
0.2297463905
0.2298754126
0.2299603557
0.2299903275
0.2299967534
0.2299984507
0.2299991159
0.2299994553
0.229999648
0.2299997591
0.2299998222
0.2299998572
0.2299998762
0.2299998863
0.2299998916
0.2299998943
0.2299998958
0.2299998965
0.229999897
0.2299998972
0.2299998974
0.2299998976
0.2299998977
0.2299998979
0.229999898
0.2299998982
0.2299998983
0.2299998985
0.2299998986
0.2299998987
0.2299998988
0.2299998987
0.2299998982
0.2210491169
0.2213129502
0.2216015105
0.2219121443
0.2222420517
0.2225883586
0.2229481802
0.2233186726
0.2236970749
0.2240807382
0.2244671483
0.2248539384
0.2252388952
0.2256199667
0.2259952615
0.2263630469
0.2267217497
0.2270699042
0.2274061223
0.2277291391
0.2280358285
0.2283250791
0.2285961973
0.2288485031
0.2290812866
0.2292937647
0.2294848895
0.2296529212
0.2297955088
0.2299094095
0.2299749951
0.2299934755
0.2299975225
0.2299987416
0.229999266
0.2299995438
0.2299997013
0.2299997907
0.2299998404
0.2299998674
0.2299998818
0.2299998894
0.2299998932
0.2299998953
0.2299998963
0.2299998969
0.2299998972
0.2299998974
0.2299998976
0.2299998978
0.2299998979
0.2299998981
0.2299998982
0.2299998984
0.2299998985
0.2299998986
0.2299998987
0.2299998988
0.2299998987
0.2299998982
0.221294807
0.2215373694
0.2218033318
0.2220904413
0.2223962814
0.2227183358
0.2230540431
0.2234008468
0.2237562343
0.2241177684
0.2244831115
0.2248500426
0.2252164685
0.2255804329
0.2259401152
0.2262938285
0.2266400135
0.2269773052
0.227304401
0.2276199434
0.2279220161
0.2282084179
0.2284784078
0.228731277
0.2289663123
0.2291828375
0.2293799842
0.2295565281
0.2297103291
0.229839559
0.229936954
0.2299839913
0.2299954113
0.2299980707
0.2299989731
0.2299993917
0.2299996184
0.2299997457
0.2299998164
0.2299998549
0.2299998753
0.2299998861
0.2299998916
0.2299998944
0.2299998959
0.2299998966
0.2299998971
0.2299998973
0.2299998975
0.2299998977
0.2299998979
0.229999898
0.2299998982
0.2299998984
0.2299998985
0.2299998986
0.2299998987
0.2299998988
0.2299998987
0.2299998982
0.2215266458
0.2217502919
0.221996078
0.2222620797
0.2225462031
0.2228462383
0.2231599088
0.223484917
0.2238189803
0.2241598632
0.2245054026
0.2248535258
0.2252022632
0.2255497568
0.2258942663
0.2262341709
0.2265679717
0.2268942909
0.2272118531
0.2275194611
0.2278159529
0.2280987263
0.2283666573
0.228619029
0.2288551289
0.229074305
0.2292758044
0.2294586684
0.2296214514
0.2297620296
0.2298782149
0.2299583813
0.2299897873
0.2299967068
0.2299984877
0.2299991651
0.2299994992
0.2299996817
0.2299997824
0.229999837
0.229999866
0.2299998811
0.2299998889
0.2299998928
0.2299998948
0.2299998959
0.2299998964
0.2299998967
0.229999897
0.2299998972
0.2299998973
0.2299998975
0.2299998976
0.2299998978
0.2299998979
0.229999898
0.2299998981
0.2299998982
0.2299998981
0.2299998976
0.2217473528
0.2219539941
0.2221815782
0.2224284558
0.2226928082
0.2229726922
0.2232660843
0.2235709212
0.2238851335
0.2242066764
0.2245335538
0.2248638372
0.225195679
0.2255273247
0.2258571205
0.2261835145
0.2265050599
0.22682041
0.227128375
0.2274277952
0.2277174781
0.2279959373
0.2282610512
0.2285120419
0.2287482098
0.228968876
0.2291733775
0.2293608878
0.2295303755
0.2296802464
0.2298081895
0.2299116608
0.2299743115
0.2299933739
0.229997569
0.2299988085
0.2299993282
0.2299995934
0.2299997368
0.2299998138
0.2299998544
0.2299998754
0.2299998861
0.2299998915
0.2299998942
0.2299998955
0.2299998963
0.2299998967
0.2299998969
0.2299998971
0.2299998973
0.2299998974
0.2299998976
0.2299998977
0.2299998978
0.229999898
0.2299998981
0.2299998981
0.229999898
0.2299998975
0.2219586387
0.2221498831
0.2223609323
0.2225903712
0.2228366182
0.2230979644
0.2233726119
0.2236587089
0.2239543819
0.2242577636
0.2245670167
0.2248803531
0.2251960477
0.2255124524
0.225828001
0.2261412136
0.2264507041
0.2267551774
0.2270534282
0.2273443467
0.227626897
0.2279000516
0.2281616829
0.2284105337
0.228645903
0.2288671199
0.229073561
0.2292645054
0.2294391371
0.229596212
0.2297338338
0.2298499033
0.2299388875
0.2299840981
0.2299955361
0.2299981938
0.2299990792
0.2299994758
0.2299996791
0.2299997857
0.2299998409
0.229999869
0.2299998832
0.2299998903
0.2299998938
0.2299998956
0.2299998965
0.2299998969
0.2299998972
0.2299998975
0.2299998976
0.2299998978
0.2299998979
0.2299998981
0.2299998982
0.2299998983
0.2299998984
0.2299998984
0.2299998983
0.2299998978
0.2221615801
0.2223388146
0.2225347719
0.2227482381
0.2229778383
0.2232220702
0.2234793377
0.2237479811
0.2240263069
0.2243126141
0.2246052159
0.2249024589
0.2252027362
0.2255045016
0.2258062757
0.2261066522
0.226404306
0.2266979908
0.2269865388
0.2272689076
0.2275440925
0.2278110639
0.2280686312
0.2283146915
0.2285485321
0.2287694837
0.2289768933
0.2291701368
0.2293484963
0.2295110032
0.2296562399
0.2297821087
0.2298866955
0.2299603801
0.2299903341
0.2299969959
0.2299986973
0.2299993252
0.2299996139
0.229999757
0.2299998282
0.2299998633
0.2299998807
0.2299998893
0.2299998935
0.2299998956
0.2299998967
0.2299998973
0.2299998976
0.2299998978
0.229999898
0.2299998981
0.2299998983
0.2299998984
0.2299998985
0.2299998986
0.2299998987
0.2299998987
0.2299998986
0.229999898
0.2223568939
0.2225213385
0.2227034783
0.222902273
0.2231165291
0.2233449278
0.2235860535
0.2238384208
0.2241005017
0.2243707493
0.224647618
0.224929582
0.2252151482
0.2255028713
0.2257913603
0.2260792843
0.2263653806
0.2266484543
0.226927377
0.2272011132
0.2274687075
0.2277292194
0.2279816881
0.2282244026
0.228456072
0.2286760198
0.2288835944
0.2290781962
0.2292591732
0.2294257345
0.2295767222
0.2297107059
0.2298255222
0.2299189171
0.2299763194
0.2299941278
0.2299980139
0.2299991205
0.2299995462
0.2299997342
0.2299998204
0.2299998605
0.2299998797
0.229999889
0.2299998935
0.2299998958
0.2299998969
0.2299998975
0.2299998978
0.229999898
0.2299998982
0.2299998983
0.2299998984
0.2299998986
0.2299998987
0.2299998987
0.2299998988
0.2299998988
0.2299998987
0.2299998982
0.2225450901
0.2226978323
0.2228672944
0.2230525875
0.223252677
0.2234664071
0.223692524
0.2239297006
0.2241765603
0.2244316988
0.2246937027
0.2249611671
0.2252327082
0.2255069779
0.2257826697
0.2260585245
0.2263333413
0.2266059775
0.2268753505
0.2271404675
0.2274004001
0.2276542156
0.227901008
0.2281398975
0.2283688296
0.2285871364
0.2287941769
0.2289893221
0.2291720181
0.2293415746
0.2294970521
0.2296373222
0.2297606602
0.229865081
0.2299455018
0.2299863416
0.2299965118
0.2299987764
0.2299994626
0.2299997168
0.2299998181
0.229999861
0.2299998804
0.2299998895
0.2299998939
0.2299998961
0.2299998971
0.2299998977
0.229999898
0.2299998982
0.2299998983
0.2299998984
0.2299998986
0.2299998986
0.2299998987
0.2299998988
0.2299998989
0.2299998989
0.2299998988
0.2299998982
0.2227265747
0.2228685912
0.2230264036
0.2231992544
0.2233862499
0.2235863781
0.223798531
0.2240215247
0.2242541214
0.2244950486
0.2247430169
0.224996734
0.2252549203
0.2255163193
0.225779707
0.226043897
0.2263077519
0.2265701822
0.2268301703
0.2270867369
0.2273389256
0.2275858932
0.2278268233
0.2280608532
0.228286604
0.2285027499
0.2287086502
0.2289036828
0.2290873232
0.2292589378
0.2294177688
0.2295628255
0.2296928722
0.2298059843
0.2299003738
0.2299665097
0.2299925299
0.2299980679
0.229999323
0.2299996912
0.2299998158
0.2299998623
0.2299998817
0.2299998903
0.2299998944
0.2299998964
0.2299998974
0.2299998979
0.2299998982
0.2299998983
0.2299998985
0.2299998985
0.2299998986
0.2299998987
0.2299998988
0.2299998989
0.2299998989
0.2299998989
0.2299998988
0.2299998982
0.2229017215
0.2230338948
0.2231809894
0.223342363
0.2235172448
0.2237047514
0.2239039049
0.2241136513
0.2243328795
0.2245604378
0.2247951511
0.2250358333
0.225281303
0.225530393
0.2257819589
0.2260348862
0.2262880995
0.226540565
0.2267912952
0.2270393431
0.2272838128
0.2275238719
0.2277587118
0.2279875495
0.2282096032
0.2284230942
0.2286272923
0.2288215907
0.2290054691
0.2291783439
0.2293395363
0.2294881909
0.2296233377
0.2297436305
0.229847094
0.2299315034
0.2299819047
0.2299962688
0.2299990332
0.2299996463
0.2299998116
0.2299998637
0.229999883
0.2299998912
0.229999895
0.2299998968
0.2299998977
0.2299998981
0.2299998983
0.2299998985
0.2299998985
0.2299998986
0.2299998987
0.2299998988
0.2299998988
0.2299998989
0.2299998989
0.2299998989
0.2299998988
0.2299998982
0.2230707426
0.223193878
0.2233311091
0.2234818933
0.2236455678
0.2238213631
0.2240084179
0.2242057955
0.2244124998
0.2246274904
0.2248496979
0.2250780361
0.2253114161
0.2255487552
0.225788985
0.226031059
0.2262739619
0.226516713
0.2267583677
0.2269980208
0.2272348066
0.2274678983
0.2276965449
0.2279200097
0.2281375307
0.228348002
0.2285500707
0.2287431414
0.2289266677
0.2291001293
0.2292628939
0.2294142989
0.2295534669
0.2296793683
0.2297903626
0.2298848828
0.2299570669
0.2299912019
0.2299984115
0.2299995797
0.2299998085
0.2299998661
0.2299998848
0.2299998922
0.2299998955
0.2299998971
0.2299998979
0.2299998982
0.2299998984
0.2299998986
0.2299998986
0.2299998987
0.2299998987
0.2299998988
0.2299998989
0.2299998989
0.2299998989
0.2299998989
0.2299998988
0.2299998982
0.223233973
0.2233487985
0.2234769401
0.2236179418
0.2237712358
0.2239361534
0.2241119377
0.2242977575
0.2244927212
0.224695891
0.2249062947
0.2251229382
0.2253448195
0.2255709355
0.225800291
0.2260319058
0.2262648247
0.2264981185
0.226730888
0.226962268
0.2271914292
0.2274175814
0.227639978
0.2278578996
0.2280706505
0.2282775201
0.2284770366
0.2286684021
0.2288510773
0.2290245588
0.229188253
0.229341566
0.2294837176
0.2296138617
0.2297308474
0.2298329853
0.2299189443
0.2299769603
0.2299964669
0.2299994224
0.229999804
0.2299998696
0.2299998869
0.2299998932
0.2299998961
0.2299998974
0.2299998981
0.2299998984
0.2299998986
0.2299998986
0.2299998987
0.2299998987
0.2299998988
0.2299998988
0.2299998989
0.2299998989
0.2299998989
0.2299998989
0.2299998988
0.2299998982
0.2233916622
0.2234988377
0.2236185936
0.2237505491
0.22389422
0.2240490267
0.2242143057
0.224389321
0.2245732755
0.2247653247
0.2249645864
0.2251701542
0.2253811063
0.2255965157
0.2258154573
0.2260370146
0.2262602898
0.2264844049
0.2267085065
0.2269317695
0.2271533992
0.2273726322
0.2275887363
0.2278010402
0.2280088763
0.2282115651
0.2284082332
0.2285975306
0.2287789349
0.2289519122
0.2291159352
0.2292704396
0.2294148035
0.2295482283
0.2296698304
0.2297783487
0.2298722079
0.2299483593
0.2299901561
0.2299989526
0.22999979
0.2299998733
0.229999889
0.2299998943
0.2299998966
0.2299998977
0.2299998982
0.2299998985
0.2299998986
0.2299998987
0.2299998988
0.2299998988
0.2299998988
0.2299998989
0.2299998989
0.2299998989
0.229999899
0.2299998989
0.2299998988
0.2299998981
0.2235440456
0.2236441696
0.22375618
0.2238797617
0.2240145033
0.2241599048
0.2243153858
0.2244802955
0.224653924
0.2248355112
0.2250242581
0.2252193386
0.2254199075
0.2256251087
0.2258340836
0.2260459769
0.2262599468
0.2264751663
0.2266908277
0.2269061463
0.2271203629
0.2273327466
0.2275425962
0.2277492417
0.2279520401
0.2281503669
0.228343577
0.2285304547
0.2287101914
0.2288822519
0.2290461331
0.2292013046
0.2293472085
0.2294831198
0.2296082917
0.2297217371
0.2298219381
0.2299081609
0.2299719127
0.2299965959
0.2299996901
0.2299998741
0.2299998909
0.2299998952
0.2299998971
0.229999898
0.2299998984
0.2299998986
0.2299998987
0.2299998988
0.2299998988
0.2299998989
0.2299998989
0.2299998989
0.2299998989
0.229999899
0.229999899
0.229999899
0.2299998988
0.2299998981
0.2236913504
0.223784968
0.2238898181
0.2240056424
0.2241320941
0.2242687428
0.2244150826
0.2245705396
0.2247344819
0.2249062268
0.225085053
0.225270208
0.2254609178
0.2256563937
0.2258558403
0.2260584618
0.2262634702
0.2264700877
0.2266775503
0.2268851124
0.2270920497
0.2272976621
0.2275012732
0.2277022309
0.2278999345
0.2280937804
0.2282831555
0.2284673603
0.2286451018
0.2288158668
0.2289791679
0.2291345025
0.2292813513
0.2294190478
0.2295469241
0.2296641588
0.2297696536
0.2298619142
0.2299397319
0.2299876293
0.2299990336
0.2299998573
0.229999892
0.229999896
0.2299998975
0.2299998982
0.2299998985
0.2299998987
0.2299998988
0.2299998988
0.2299998989
0.2299998989
0.2299998989
0.2299998989
0.2299998989
0.229999899
0.229999899
0.229999899
0.2299998988
0.2299998981
0.2238337814
0.2239213882
0.2240196116
0.2241282426
0.2242469906
0.2243754874
0.2245132932
0.2246599037
0.224814757
0.2249772417
0.2251467073
0.2253224702
0.2255038226
0.225690039
0.225880384
0.2260741178
0.2262705041
0.2264688123
0.226668322
0.2268683277
0.2270681407
0.2272670924
0.2274645349
0.2276598422
0.2278524111
0.2280416665
0.2282270472
0.2284079697
0.2285834487
0.2287526195
0.2289149576
0.229070018
0.2292172946
0.2293562486
0.2294861938
0.229606439
0.2297161004
0.2298138496
0.2298984907
0.2299649036
0.2299956057
0.2299997262
0.22999989
0.2299998966
0.2299998978
0.2299998984
0.2299998986
0.2299998988
0.2299998988
0.2299998989
0.2299998989
0.2299998989
0.2299998989
0.2299998989
0.229999899
0.229999899
0.229999899
0.229999899
0.2299998988
0.2299998981
0.2239715475
0.2240535986
0.2241456864
0.224247645
0.2243592328
0.2244801366
0.2246099761
0.2247483083
0.2248946349
0.2250484104
0.2252090481
0.2253759284
0.2255484047
0.225725811
0.2259074678
0.2260926896
0.226280789
0.2264710817
0.2266628898
0.2268555452
0.227048393
0.2272407951
0.2274321302
0.227621796
0.2278092094
0.2279938296
0.2281751094
0.2283524948
0.2285254533
0.2286927036
0.2288537449
0.2290081494
0.2291554325
0.2292950909
0.2294264755
0.2295489567
0.2296617703
0.2297638928
0.2298538387
0.2299307349
0.2299831516
0.2299986961
0.2299998641
0.2299998965
0.2299998981
0.2299998985
0.2299998987
0.2299998988
0.2299998989
0.2299998989
0.2299998989
0.2299998989
0.2299998989
0.229999899
0.229999899
0.229999899
0.229999899
0.229999899
0.2299998988
0.2299998981
0.2241048288
0.2241817377
0.2242681376
0.2243638995
0.2244688253
0.2245826497
0.224705045
0.2248356238
0.2249739458
0.2251195248
0.2252718333
0.2254303102
0.2255943662
0.2257633908
0.2259367579
0.2261138327
0.2262939751
0.2264765448
0.2266609043
0.226846423
0.227032481
0.2272184714
0.2274038014
0.2275878941
0.2277701888
0.2279501415
0.2281272326
0.2283009486
0.2284707868
0.2286359131
0.2287954064
0.2289488468
0.229095766
0.2292356787
0.2293680046
0.2294921221
0.2296073582
0.2297128765
0.2298075509
0.2298900346
0.2299576795
0.2299939058
0.2299996671
0.2299998923
0.2299998982
0.2299998986
0.2299998988
0.2299998989
0.2299998989
0.2299998989
0.2299998989
0.2299998989
0.229999899
0.229999899
0.229999899
0.229999899
0.229999899
0.229999899
0.2299998988
0.2299998981
0.2242338351
0.2243059846
0.2243871118
0.22447712
0.2245758491
0.2246830764
0.2247985202
0.2249218428
0.2250526572
0.22519053
0.2253349885
0.225485525
0.2256416034
0.2258026651
0.2259681336
0.2261374218
0.2263099348
0.2264850744
0.2266622428
0.2268408463
0.2270202979
0.2272000209
0.2273794492
0.2275580294
0.2277352218
0.2279105008
0.2280833738
0.2282533444
0.2284199361
0.2285826538
0.2287403277
0.2288924663
0.2290386576
0.2291784229
0.2293112568
0.2294365173
0.2295535891
0.2296617401
0.2297600264
0.2298470658
0.2299223371
0.2299778967
0.2299979813
0.2299998423
0.2299998972
0.2299998987
0.2299998988
0.2299998989
0.2299998989
0.2299998989
0.2299998989
0.2299998989
0.229999899
0.229999899
0.229999899
0.229999899
0.229999899
0.229999899
0.2299998988
0.2299998981
0.2243587262
0.224426462
0.2245026925
0.2245873491
0.2246803041
0.2247813724
0.2248903132
0.2250068349
0.2251305967
0.2252612143
0.2253982643
0.2255412886
0.2256898005
0.2258432894
0.2260012264
0.2261630693
0.2263282662
0.2264962594
0.2266664889
0.2268383964
0.2270114269
0.2271850336
0.2273586781
0.227531832
0.2277039784
0.2278746131
0.2280432446
0.2282093996
0.2283726255
0.2285324407
0.2286881104
0.2288387526
0.228983972
0.2291233091
0.2292562846
0.2293822817
0.2295007193
0.2296109258
0.2297120732
0.2298030774
0.2298825496
0.2299493219
0.2299899721
0.229999282
0.2299998795
0.2299998982
0.2299998988
0.2299998989
0.2299998989
0.2299998989
0.2299998989
0.2299998989
0.229999899
0.229999899
0.229999899
0.229999899
0.229999899
0.229999899
0.2299998988
0.2299998981
0.2244797237
0.2245433703
0.2246150583
0.2246947424
0.2247823233
0.2248776487
0.2249805159
0.2250906723
0.2252078198
0.2253316184
0.2254616893
0.2255976202
0.2257389699
0.2258852726
0.2260360439
0.226190783
0.2263489784
0.2265101106
0.2266736561
0.2268390902
0.22700589
0.227173538
0.2273415223
0.2275093382
0.2276764899
0.2278424911
0.2280068645
0.2281691582
0.2283289404
0.228485761
0.2286391398
0.2287880245
0.2289319881
0.2290705839
0.2292033456
0.2293297206
0.2294491188
0.2295609211
0.229664387
0.2297585757
0.2298421838
0.2299137932
0.229969414
0.2299956006
0.2299996468
0.2299998875
0.2299998984
0.2299998989
0.2299998989
0.2299998989
0.2299998989
0.2299998989
0.2299998989
0.229999899
0.229999899
0.229999899
0.229999899
0.229999899
0.2299998988
0.2299998981
0.2245969405
0.2246567863
0.2247242462
0.2247992947
0.2248818579
0.2249718131
0.2250689897
0.225173171
0.2252840975
0.2254014684
0.2255249463
0.225654161
0.2257887133
0.225928179
0.2260721144
0.2262200587
0.2263715382
0.2265260702
0.2266831658
0.2268423335
0.2270030809
0.2271649185
0.2273273607
0.2274899262
0.2276521417
0.2278135417
0.2279736705
0.2281320832
0.2282883623
0.2284420682
0.2285927364
0.2287397469
0.2288822531
0.2290198708
0.2291521496
0.2292786119
0.2293986478
0.2295116809
0.2296170357
0.2297138672
0.2298010354
0.2298768938
0.2299402158
0.2299833788
0.2299980268
0.2299997768
0.2299998918
0.2299998985
0.2299998989
0.2299998989
0.2299998989
0.2299998989
0.2299998989
0.2299998989
0.229999899
0.229999899
0.229999899
0.229999899
0.2299998988
0.229999898
0.2247106118
0.2247669336
0.2248304677
0.2249012071
0.2249790992
0.2250640465
0.2251559076
0.2252544977
0.2253595909
0.2254709225
0.2255881927
0.2257110693
0.2258391916
0.2259721744
0.2261096113
0.2262510784
0.2263961383
0.2265443428
0.2266952366
0.2268483591
0.2270032474
0.2271594392
0.2273164744
0.2274738952
0.2276312492
0.2277880895
0.2279439753
0.2280984703
0.2282511733
0.2284016762
0.2285495588
0.2286943844
0.2288352044
0.2289715993
0.2291031334
0.2292293522
0.2293496693
0.2294635407
0.2295703467
0.2296693378
0.2297595479
0.229839649
0.229907826
0.2299616086
0.2299916975
0.2299990482
0.2299998341
0.2299998946
0.2299998986
0.2299998989
0.2299998989
0.2299998989
0.2299998989
0.2299998989
0.2299998989
0.229999899
0.229999899
0.2299998989
0.2299998988
0.229999898
0.2248207315
0.2248737631
0.2249336287
0.2250003357
0.2250738507
0.2251540986
0.2252409637
0.2253342893
0.2254338802
0.2255395046
0.2256508971
0.2257677606
0.2258897702
0.2260165775
0.2261478112
0.2262830824
0.2264219869
0.2265641093
0.2267090251
0.2268563034
0.2270055096
0.2271562074
0.2273079614
0.2274603364
0.227612901
0.2277652285
0.2279168978
0.2280674957
0.2282166352
0.2283639173
0.2285089139
0.2286511971
0.2287902389
0.2289252526
0.2290558424
0.2291815742
0.2293019303
0.2294163618
0.2295243033
0.2296250886
0.2297178828
0.2298015612
0.229874447
0.2299350312
0.2299783797
0.229996434
0.2299995702
0.2299998737
0.2299998972
0.2299998988
0.2299998989
0.2299998989
0.2299998989
0.2299998989
0.2299998989
0.2299998989
0.2299998989
0.2299998989
0.2299998987
0.229999898
0.2249276394
0.224977621
0.2250340819
0.2250970423
0.2251664851
0.2252423547
0.2253245572
0.2254129612
0.2255073989
0.225607668
0.2257135338
0.225824731
0.2259409682
0.2260619288
0.2261872748
0.2263166494
0.22644968
0.2265859817
0.2267251599
0.2268668125
0.2270105323
0.2271559099
0.2273025338
0.2274499912
0.2275978706
0.2277457633
0.227893264
0.2280399701
0.2281854932
0.2283294453
0.2284714505
0.2286111435
0.228748127
0.2288815247
0.2290109045
0.2291358516
0.2292559265
0.2293705645
0.2294792465
0.2295813755
0.2296762256
0.2297628587
0.2298399979
0.2299059039
0.2299582502
0.229989489
0.2299985957
0.2299997863
0.2299998906
0.2299998983
0.2299998988
0.2299998989
0.2299998989
0.2299998989
0.2299998989
0.2299998989
0.2299998989
0.2299998989
0.2299998987
0.229999898
0.2250311233
0.2250782405
0.225131501
0.2251909359
0.225256542
0.2253282812
0.2254060798
0.2254898296
0.2255793881
0.2256745801
0.2257751993
0.2258810111
0.2259917545
0.2261071434
0.2262268707
0.2263506101
0.2264780191
0.2266087419
0.2267424117
0.2268786532
0.2270170839
0.2271573171
0.2272989626
0.2274416284
0.2275849234
0.2277284575
0.2278718434
0.2280146981
0.2281566594
0.2282973663
0.228436447
0.2285735066
0.2287081361
0.2288398002
0.2289678336
0.2290918678
0.2292114833
0.2293261376
0.2294353442
0.2295385586
0.2296351371
0.2297242715
0.2298048789
0.2298753703
0.2299343776
0.2299774718
0.2299961442
0.2299995323
0.2299998704
0.2299998969
0.2299998987
0.2299998988
0.2299998988
0.2299998988
0.2299998989
0.2299998989
0.2299998989
0.2299998989
0.2299998987
0.2299998979
0.2251316442
0.2251761185
0.2252264225
0.2252825966
0.22534465
0.2254125598
0.2254862702
0.225565693
0.2256507077
0.2257411628
0.2258368768
0.2259376415
0.2260432219
0.2261533597
0.2262677752
0.2263861703
0.2265082306
0.2266336287
0.2267620254
0.2268930717
0.2270264111
0.2271616806
0.2272985125
0.2274365356
0.227575377
0.2277146627
0.2278540196
0.2279930759
0.2281314745
0.2282688441
0.2284048156
0.2285390636
0.2286712651
0.2288009632
0.2289274383
0.2290502808
0.2291691036
0.2292834144
0.2293927475
0.2294966047
0.22959441
0.229685461
0.2297688555
0.229843383
0.2299074522
0.2299590481
0.2299901021
0.2299987734
0.2299998093
0.2299998925
0.2299998984
0.2299998987
0.2299998988
0.2299998988
0.2299998988
0.2299998988
0.2299998988
0.2299998988
0.2299998986
0.2299998978
0.2252272664
0.225269262
0.2253167927
0.2253699073
0.2254286263
0.2254929407
0.2255628115
0.2256381693
0.225718915
0.22580492
0.2258960287
0.2259920585
0.2260928011
0.2261980256
0.2263074798
0.2264208922
0.2265379743
0.2266584222
0.226781918
0.2269081318
0.227036725
0.2271673522
0.2272996629
0.2274333023
0.2275679153
0.2277031471
0.2278386444
0.2279740551
0.228109045
0.2282432702
0.2283763735
0.2285080045
0.2286377905
0.2287653693
0.2288900976
0.2290115609
0.2291293897
0.2292431649
0.2293523635
0.2294565246
0.2295551333
0.2296475844
0.229733133
0.2298108258
0.2298794488
0.229937989
0.2299805043
0.229997151
0.2299996684
0.2299998824
0.2299998976
0.2299998986
0.2299998986
0.2299998987
0.2299998987
0.2299998987
0.2299998987
0.2299998987
0.2299998985
0.2299998977
0.2253098116
0.2253497992
0.2253950805
0.225445711
0.2255017198
0.2255631089
0.2256298522
0.2257018954
0.2257791562
0.2258615251
0.2259488666
0.2260410178
0.2261377945
0.2262389916
0.2263443787
0.2264537007
0.2265666859
0.2266830475
0.2268024831
0.2269246775
0.2270493065
0.227176039
0.2273045398
0.2274344694
0.227565489
0.2276972601
0.2278294436
0.2279616982
0.2280936919
0.2282250755
0.2283554952
0.2284846283
0.2286121709
0.2287377808
0.2288608236
0.2289808909
0.2290975693
0.2292104735
0.2293190948
0.2294229916
0.2295216846
0.2296146304
0.2297011874
0.2297805638
0.229851704
0.2299134597
0.2299637519
0.2299926585
0.2299992733
0.2299998578
0.229999896
0.2299998983
0.2299998985
0.2299998985
0.2299998985
0.2299998986
0.2299998986
0.2299998985
0.2299998983
0.2299998976
)
;

boundaryField
{
    inletCH4
    {
        type            fixedValue;
        value           uniform 0.1966;
    }
    wallOutside
    {
        type            zeroGradient;
    }
    wallTube
    {
        type            zeroGradient;
    }
    inletPilot
    {
        type            fixedValue;
        value           uniform 0.054;
    }
    inletAir
    {
        type            fixedValue;
        value           uniform 0.23;
    }
    outlet
    {
        type            zeroGradient;
    }
    axis
    {
        type            empty;
    }
    frontAndBack_pos
    {
        type            wedge;
    }
    frontAndBack_neg
    {
        type            wedge;
    }
}


// ************************************************************************* //
