/*--------------------------------*- C++ -*----------------------------------*\
  =========                 |
  \\      /  F ield         | OpenFOAM: The Open Source CFD Toolbox
   \\    /   O peration     | Website:  https://openfoam.org
    \\  /    A nd           | Version:  10
     \\/     M anipulation  |
\*---------------------------------------------------------------------------*/
FoamFile
{
    format      binary;
    class       decomposedBlockData;
    location    "/home/zhouyuchen/Desktop/FastChemistrySolver-OpenFOAM-10/EC-CCM/OpenFOAM-10/Sandia/processors6/0.02498436188/CH";
    object      CH;
}
// * * * * * * * * * * * * * * * * * * * * * * * * * * * * * * * * * * * * * //


// Processor0

3645
(/*--------------------------------*- C++ -*----------------------------------*\
  =========                 |
  \\      /  F ield         | OpenFOAM: The Open Source CFD Toolbox
   \\    /   O peration     | Website:  https://openfoam.org
    \\  /    A nd           | Version:  10
     \\/     M anipulation  |
\*---------------------------------------------------------------------------*/
FoamFile
{
    format      ascii;
    class       volScalarField;
    location    "0.02498436188";
    object      CH;
}
// * * * * * * * * * * * * * * * * * * * * * * * * * * * * * * * * * * * * * //

dimensions      [0 0 0 0 0 0 0];

internalField   nonuniform List<scalar> 
864
(
0
0
0
0
0
0
0
0
0
0
0
0
0
0
0
0
0
0
0
0
0
0
0
0
0
0
0
0
0
0
0
0
0
0
0
0
0
0
0
0
0
0
0
0
0
0
0
0
0
0
0
0
0
0
0
0
0
0
0
0
0
0
0
0
0
0
0
0
0
0
0
0
0
0
0
0
0
0
0
0
0
0
0
0
0
0
0
0
0
0
0
0
0
0
0
0
0
0
0
0
0
0
0
0
0
0
0
0
0
0
0
0
0
0
0
0
0
0
0
0
0
0
0
0
0
0
0
0
0
0
0
0
0
0
0
0
0
0
0
0
0
0
0
0
0
0
0
0
0
0
0
0
0
0
0
0
0
0
0
0
0
0
0
0
0
0
0
0
0
0
0
0
0
0
0
0
0
0
0
0
0
0
0
0
0
0
0
0
0
0
0
0
0
0
0
0
0
0
0
0
0
0
0
0
0
0
0
0
0
0
0
0
0
0
0
0
0
0
0
0
0
0
0
0
0
0
0
0
0
0
0
0
0
0
0
0
0
0
0
0
0
0
0
0
0
0
0
0
0
0
0
0
0
0
0
0
0
0
0
0
0
0
0
0
0
0
0
0
0
0
0
0
0
0
0
0
0
0
0
0
0
0
0
0
0
0
0
0
0
0
0
0
0
0
0
0
0
0
0
0
0
0
0
0
0
0
0
0
0
0
0
0
0
0
0
0
0
0
0
0
0
0
0
0
0
0
0
0
0
0
0
0
0
0
0
0
0
0
0
0
0
0
0
0
0
0
0
0
0
0
0
0
0
0
0
0
0
0
0
0
0
0
0
0
0
0
0
0
0
0
0
0
0
0
0
0
0
0
0
0
0
0
0
0
0
0
0
0
0
0
0
0
0
0
0
0
0
0
0
0
0
0
0
0
0
0
0
0
0
0
0
0
0
0
0
0
0
0
0
0
0
0
0
0
0
0
0
0
0
0
0
0
0
0
0
0
0
0
0
0
0
0
0
0
0
0
0
0
0
0
0
0
0
0
0
0
0
0
0
0
0
0
0
0
0
0
0
0
0
0
0
0
0
0
0
0
0
0
0
0
0
0
0
0
0
0
0
0
0
0
0
0
0
0
0
0
0
0
0
0
0
0
0
0
0
0
0
0
0
0
0
0
0
0
0
0
0
0
0
0
0
0
0
0
0
0
0
0
0
0
0
0
0
0
0
0
0
0
0
0
0
0
0
0
0
0
0
0
0
0
0
0
0
0
0
0
0
0
0
0
0
0
0
0
0
0
0
0
0
0
0
0
0
0
0
0
0
0
0
0
0
0
0
0
0
0
0
0
0
0
0
0
0
0
0
0
0
0
0
0
0
0
0
0
0
0
0
0
0
0
0
0
0
0
0
0
0
0
0
0
0
0
0
0
0
0
0
0
0
0
0
0
0
0
0
0
0
0
0
0
0
0
0
0
0
0
0
0
0
0
0
0
0
0
0
0
0
0
0
0
0
0
0
0
0
0
0
0
0
0
0
0
0
0
0
0
0
0
0
0
0
0
0
0
0
0
0
0
0
0
0
0
0
0
0
0
0
0
0
0
0
0
0
0
0
0
0
0
0
0
0
0
0
0
0
0
0
0
0
0
0
0
0
0
0
0
0
0
0
0
0
0
0
0
0
0
0
0
0
0
0
0
0
0
0
0
0
0
0
0
0
0
0
0
0
0
0
0
0
0
0
0
0
0
0
0
0
0
0
0
0
0
0
0
0
0
0
0
0
0
0
0
0
0
0
0
0
0
0
0
0
0
0
0
0
0
0
0
0
0
0
0
0
0
0
0
0
0
0
0
0
0
0
0
0
0
0
0
0
0
0
0
0
0
0
0
0
0
0
0
0
0
4.442178241e-27
0
0
0
0
0
0
0
0
0
0
0
0
0
0
0
0
0
0
0
0
0
0
0
0
0
0
0
0
0
0
0
)
;

boundaryField
{
    inletCH4
    {
        type            fixedValue;
        value           nonuniform List<scalar> 0();
    }
    wallOutside
    {
        type            zeroGradient;
    }
    wallTube
    {
        type            zeroGradient;
    }
    inletPilot
    {
        type            fixedValue;
        value           nonuniform List<scalar> 0();
    }
    inletAir
    {
        type            fixedValue;
        value           nonuniform List<scalar> 0();
    }
    outlet
    {
        type            zeroGradient;
    }
    axis
    {
        type            empty;
    }
    frontAndBack_pos
    {
        type            wedge;
    }
    frontAndBack_neg
    {
        type            wedge;
    }
    procBoundary0to2
    {
        type            processor;
        value           uniform 0;
    }
    procBoundary0to4
    {
        type            processor;
        value           nonuniform List<scalar> 
27
(
0
0
0
0
0
0
0
0
0
0
0
0
0
0
0
0
0
0
8.419900704e-26
2.171481764e-25
2.218353696e-25
2.164709626e-25
2.132795827e-25
2.087542989e-25
1.924941403e-25
1.833000179e-25
1.803034794e-25
)
;
    }
}


// ************************************************************************* //
)

// Processor1

1085
(dimensions      [0 0 0 0 0 0 0];

internalField   uniform 0;

boundaryField
{
    inletCH4
    {
        type            fixedValue;
        value           nonuniform List<scalar> 0();
    }
    wallOutside
    {
        type            zeroGradient;
    }
    wallTube
    {
        type            zeroGradient;
    }
    inletPilot
    {
        type            fixedValue;
        value           nonuniform List<scalar> 0();
    }
    inletAir
    {
        type            fixedValue;
        value           uniform 0;
    }
    outlet
    {
        type            zeroGradient;
    }
    axis
    {
        type            empty;
    }
    frontAndBack_pos
    {
        type            wedge;
    }
    frontAndBack_neg
    {
        type            wedge;
    }
    procBoundary1to2
    {
        type            processor;
        value           uniform 0;
    }
    procBoundary1to3
    {
        type            processor;
        value           uniform 0;
    }
    procBoundary1to5
    {
        type            processor;
        value           uniform 0;
    }
}
)

// Processor2

1206
(dimensions      [0 0 0 0 0 0 0];

internalField   uniform 0;

boundaryField
{
    inletCH4
    {
        type            fixedValue;
        value           nonuniform List<scalar> 0();
    }
    wallOutside
    {
        type            zeroGradient;
    }
    wallTube
    {
        type            zeroGradient;
    }
    inletPilot
    {
        type            fixedValue;
        value           nonuniform List<scalar> 0();
    }
    inletAir
    {
        type            fixedValue;
        value           nonuniform List<scalar> 0();
    }
    outlet
    {
        type            zeroGradient;
    }
    axis
    {
        type            empty;
    }
    frontAndBack_pos
    {
        type            wedge;
    }
    frontAndBack_neg
    {
        type            wedge;
    }
    procBoundary2to0
    {
        type            processor;
        value           uniform 0;
    }
    procBoundary2to1
    {
        type            processor;
        value           uniform 0;
    }
    procBoundary2to4
    {
        type            processor;
        value           uniform 0;
    }
    procBoundary2to5
    {
        type            processor;
        value           uniform 0;
    }
}
)

// Processor3

9771
(dimensions      [0 0 0 0 0 0 0];

internalField   nonuniform List<scalar> 
861
(
0
0
0
0
0
0
0
0
0
0
0
0
0
0
0
0
0
0
0
0
0
0
0
0
0
0
0
0
0
0
0
0
0
0
0
0
0
0
0
0
0
0
0
0
0
0
0
0
0
0
0
0
0
0
0
0
0
0
0
0
0
0
0
0
0
0
0
0
0
0
0
0
0
0
0
0
0
0
0
0
0
0
0
0
0
0
0
0
0
0
0
0
0
0
0
0
0
0
0
0
2.885861875e-21
1.368880452e-19
0
3.93827985e-21
4.026662433e-21
0
5.070730249e-20
0
0
0
2.202976988e-21
3.437709518e-20
2.0713989e-21
0
3.274951698e-22
1.009962994e-21
2.368033872e-20
0
0
7.840061729e-21
5.302631022e-20
0
1.046313981e-21
6.460526185e-21
8.238900964e-20
0
0
0
0
0
0
0
0
4.74729966e-16
0
0
7.167576277e-16
1.431042937e-15
0
6.955876344e-16
0
0
0
0
7.543285637e-14
6.787724712e-14
3.042007117e-12
0
0
0
1.01182481e-13
1.90630605e-12
0
0
0
5.068209378e-15
9.567855935e-14
0
5.048555891e-15
4.166061091e-14
4.030965601e-15
0
0
7.078277123e-15
3.554594356e-13
7.69348306e-14
1.051994761e-15
0
1.466424104e-13
7.589967379e-13
3.566647748e-13
6.517784555e-14
6.52626739e-14
3.76638574e-13
5.675657707e-13
3.822780879e-13
3.079330654e-13
3.029648626e-13
4.641365368e-13
6.296403367e-13
3.178963998e-13
6.125794036e-13
6.117688038e-13
4.775534843e-13
9.19147988e-13
4.2479434e-13
4.944599548e-13
5.159272911e-13
5.582387753e-13
4.539080537e-13
1.036539153e-12
5.497710075e-13
4.254636793e-13
8.021277013e-13
3.775308567e-13
4.139045042e-11
2.568314092e-11
3.683660843e-12
7.283725735e-13
4.444112592e-14
0
0
0
0
2.270775096e-13
0
0
0
1.577732242e-14
1.560203494e-12
0
0
0
1.113208768e-13
2.629072232e-12
0
1.818027115e-14
3.872383004e-13
7.482128719e-12
1.537028759e-10
0
7.531252413e-14
8.884367239e-13
1.308032108e-11
1.827600739e-10
7.27554446e-15
1.252400436e-13
7.766564591e-13
1.145033763e-11
1.151428795e-10
1.999508904e-14
1.657317995e-13
6.338956226e-13
7.403083226e-12
5.543519075e-11
2.513672788e-14
1.438357636e-13
6.543674594e-13
7.277895568e-12
5.807375453e-11
1.26788083e-14
0
1.127446077e-12
1.256529229e-11
1.024891066e-10
1.752758826e-14
9.217373027e-14
1.474654059e-12
1.321789341e-11
8.641441734e-11
4.983577023e-14
2.27646849e-13
1.764989975e-12
1.339994408e-11
7.870238768e-11
3.295733599e-14
2.032603115e-13
1.560396412e-12
9.585677239e-12
4.61019232e-11
0
2.563751022e-13
1.874894747e-12
1.127219612e-11
5.81577183e-11
6.236415248e-14
4.289733693e-13
2.888641583e-12
1.675001323e-11
8.456053716e-11
1.454638641e-13
6.621897758e-13
3.772804161e-12
1.931349988e-11
8.73062994e-11
2.141321267e-13
7.628697472e-13
3.601685673e-12
1.577828884e-11
6.196001688e-11
1.972544126e-13
5.460290432e-13
1.931559948e-12
6.017977625e-12
1.467020029e-11
1.451189462e-13
2.8993382e-13
8.432147831e-13
3.450879037e-12
4.255025636e-12
1.279397896e-12
3.191258092e-12
1.110970952e-11
4.397613753e-11
1.562130031e-10
2.410770871e-12
5.35077423e-12
1.685184832e-11
5.641502184e-11
1.851109225e-10
2.987409995e-12
5.720290384e-12
1.491831213e-11
4.031586479e-11
1.049638029e-10
2.749789148e-12
4.319058874e-12
8.843169953e-12
1.903865486e-11
3.998471818e-11
1.362767006e-12
1.840457264e-12
3.381817055e-12
5.997254748e-12
1.073977886e-11
4.161205779e-13
5.494322551e-13
8.635973569e-13
1.358988366e-12
2.17226784e-12
9.360138513e-14
1.121764867e-13
1.634535631e-13
2.415402134e-13
3.500204773e-13
1.577523216e-12
1.667829292e-11
2.102277236e-11
1.311589164e-09
1.103832393e-09
5.297259763e-10
2.082666463e-10
2.703258169e-10
4.757553109e-10
3.250616653e-10
2.808379871e-10
1.358251825e-10
1.983748931e-10
2.803487618e-10
2.663144583e-10
1.663959826e-10
2.552018978e-11
7.944839643e-11
4.004504134e-10
4.592046453e-10
2.079735519e-10
6.652227656e-11
1.593763108e-11
2.989549475e-12
4.558277933e-13
3.867977511e-12
6.816054272e-12
1.815897852e-12
7.532612519e-12
1.559218071e-13
9.037824096e-11
1.503990012e-09
9.649235433e-11
4.047550054e-12
1.752165912e-13
9.309536843e-11
8.282408344e-10
4.158854793e-09
4.279383749e-10
1.558620686e-11
6.670703678e-09
9.336829838e-08
1.153866222e-06
8.62469169e-08
4.025973854e-09
4.412391608e-09
4.14000927e-08
3.119766968e-07
3.644122894e-08
2.721179319e-09
1.758376664e-09
1.138852637e-08
5.306756722e-08
9.374564603e-09
9.902485774e-10
6.172482199e-10
3.035753457e-09
1.021201959e-08
5.489523083e-09
1.028727202e-09
1.003675294e-09
9.385111176e-09
7.866842616e-08
6.297507065e-07
7.758205229e-08
1.680181988e-09
1.3403652e-08
9.247521027e-08
6.242540425e-07
9.161852234e-08
1.013252746e-09
7.505279623e-09
4.784347902e-08
2.551467303e-07
4.836829982e-08
8.513471787e-10
4.46701721e-09
2.448579299e-08
1.234806741e-07
2.623192095e-08
3.523055862e-10
2.775505081e-09
1.455613771e-08
6.4606208e-08
1.699503415e-07
5.940067296e-10
4.169525945e-09
2.37405722e-08
1.35953935e-07
7.090081497e-07
8.11702625e-10
5.222060528e-09
2.103732173e-08
1.062157748e-07
4.875303537e-07
6.69487683e-10
3.667662666e-09
1.486028398e-08
6.873446971e-08
2.885950811e-07
4.120731177e-10
1.735308879e-09
1.047689521e-08
4.451057857e-08
1.757853847e-07
2.937182473e-11
0
6.355273985e-09
2.937547264e-08
1.003911375e-07
2.381235123e-10
1.332286563e-09
6.956579303e-09
2.988302657e-08
1.079889955e-07
9.623111343e-10
4.810298348e-09
2.226042191e-08
9.689185659e-08
3.931260239e-07
1.147879277e-09
6.132045169e-09
3.330179223e-08
1.80138331e-07
8.704818447e-07
4.24028005e-10
1.504469745e-09
5.489240774e-09
2.057537679e-08
6.223677773e-08
1.154959394e-10
2.830496567e-10
6.77163955e-10
1.697407303e-09
3.71207769e-09
2.516162299e-11
4.831877879e-11
8.406063493e-11
1.426451288e-10
2.230426175e-10
4.455266722e-12
7.301263004e-12
1.034652155e-11
1.322206562e-11
1.516679137e-11
6.884785529e-13
9.638901273e-13
1.195194303e-12
1.285178171e-12
1.188152752e-12
3.629327072e-16
0
0
0
0
0
0
0
0
0
0
0
0
0
0
0
6.03939077e-16
0
0
0
0
0
0
0
0
0
0
0
0
0
0
0
1.00546085e-13
0
0
0
0
0
0
0
0
0
0
0
0
0
0
0
5.78764283e-11
2.043930272e-13
1.747571211e-14
3.010645264e-16
0
0
0
0
0
0
0
0
0
0
0
0
7.529931966e-11
5.987776595e-13
4.690364612e-15
1.822034571e-15
0
0
0
0
0
0
0
0
0
0
0
0
5.045641367e-11
9.643526186e-13
5.945136633e-15
2.35833804e-15
0
0
0
0
0
0
0
0
0
0
0
0
1.01849915e-10
3.862522973e-12
5.931492509e-14
3.324151556e-16
0
0
0
0
0
0
0
0
0
0
0
0
5.612347016e-09
2.54175031e-10
6.391112954e-12
6.88302607e-14
0
5.934797258e-18
0
0
0
0
0
0
0
0
0
0
8.363554113e-09
5.033145328e-10
1.968459737e-11
4.468475424e-13
4.679291334e-15
2.162663478e-15
1.429086454e-16
0
0
0
0
0
0
0
0
0
5.633128355e-09
4.348919143e-10
2.261373887e-11
7.649190412e-13
1.554700531e-14
1.638706277e-16
1.422516898e-16
0
0
0
0
0
0
0
0
0
3.575811644e-09
7.214107817e-11
8.700275413e-12
4.01495257e-13
1.045710858e-14
1.593647955e-16
0
0
0
0
0
0
0
0
0
0
2.806538219e-08
2.562790348e-09
1.960187189e-10
1.102364445e-11
4.333061544e-13
1.017718354e-14
1.067287094e-16
0
0
0
0
0
0
0
0
0
1.003909974e-07
1.112294827e-08
1.005258834e-09
7.023919443e-11
3.375724021e-12
1.018568956e-13
1.585009831e-15
6.689838044e-16
0
0
0
0
0
0
0
0
8.219213215e-08
1.087882397e-08
1.436885638e-09
1.329372977e-10
8.056966114e-12
3.160388391e-13
6.934845164e-15
1.514190149e-15
5.98946666e-18
0
0
0
0
0
0
0
5.44231507e-08
8.182473717e-09
1.040302098e-09
1.435109888e-10
1.010332763e-11
4.631510694e-13
1.300074486e-14
2.37279808e-16
3.967575678e-17
0
0
0
0
0
0
0
3.581863565e-08
6.548236003e-10
4.300711835e-10
1.471538526e-10
1.218985967e-11
6.241886827e-13
2.100662502e-14
0
4.219189694e-17
0
0
0
0
0
0
0
4.82154404e-08
8.090120472e-09
1.165772983e-09
2.715042814e-10
2.114838827e-11
1.090055704e-12
4.133185988e-14
1.932611466e-15
2.975937818e-17
0
0
0
0
0
0
0
2.806797673e-08
5.452788573e-09
8.548285787e-10
1.449860856e-10
9.621815189e-12
4.770471585e-13
1.99146107e-14
7.0457741e-16
0
0
0
0
0
0
0
0
7.963894264e-08
1.339857999e-08
2.019436599e-09
1.906591588e-10
1.337921433e-11
7.54471183e-13
3.493278308e-14
4.293604122e-15
3.788270905e-16
0
0
0
0
0
0
0
1.34297628e-07
1.971910763e-08
1.795588917e-09
1.21857436e-10
7.153587837e-12
3.900681498e-13
1.923292811e-14
1.971215976e-15
3.046570251e-16
0
0
0
0
0
0
0
1.407707544e-08
2.24588109e-09
2.482656703e-10
2.198617937e-11
1.728477823e-12
1.217945102e-13
9.566518957e-15
4.351941031e-16
7.545481105e-17
0
0
0
0
0
0
0
1.11020033e-09
2.087098908e-10
2.953226663e-11
3.495715414e-12
3.545419516e-13
3.000416164e-14
0
4.204523362e-17
1.301813883e-18
0
0
0
0
0
0
0
8.522336583e-11
1.993254473e-11
3.59652861e-12
5.282935384e-13
6.327787645e-14
6.401397354e-15
9.009523194e-16
5.57933067e-17
1.262968423e-18
0
0
0
0
0
0
0
7.036140191e-12
2.010336804e-12
4.328645576e-13
7.294410899e-14
9.745474288e-15
9.686071743e-16
0
4.722465086e-19
6.009279758e-19
1.108308395e-20
0
0
0
0
0
0
6.169736469e-13
2.012549637e-13
)
;

boundaryField
{
    inletCH4
    {
        type            fixedValue;
        value           uniform 0;
    }
    wallOutside
    {
        type            zeroGradient;
    }
    wallTube
    {
        type            zeroGradient;
    }
    inletPilot
    {
        type            fixedValue;
        value           uniform 0;
    }
    inletAir
    {
        type            fixedValue;
        value           uniform 0;
    }
    outlet
    {
        type            zeroGradient;
    }
    axis
    {
        type            empty;
    }
    frontAndBack_pos
    {
        type            wedge;
    }
    frontAndBack_neg
    {
        type            wedge;
    }
    procBoundary3to1
    {
        type            processor;
        value           uniform 0;
    }
    procBoundary3to5
    {
        type            processor;
        value           nonuniform List<scalar> 
30
(
1.503204896e-14
1.728427779e-14
2.426318887e-14
3.307165128e-14
4.332075051e-14
5.367780311e-14
7.420716165e-14
1.008522731e-13
1.151495578e-13
1.102459356e-13
8.66674501e-14
0
4.474174929e-14
8.086478922e-15
1.136354056e-15
1.564373923e-16
2.135954781e-17
1.961086027e-18
7.693725791e-20
0
0
0
0
0
0
0
0
4.832000345e-14
4.474174929e-14
1.740539925e-14
)
;
    }
}
)

// Processor4

7464
(dimensions      [0 0 0 0 0 0 0];

internalField   nonuniform List<scalar> 
862
(
0
0
0
0
0
0
0
0
0
0
0
0
0
0
0
0
0
0
0
0
0
0
0
0
0
4.069754981e-32
3.955116702e-32
3.521851679e-32
2.223872628e-32
0
0
0
0
0
0
0
0
0
0
0
0
0
0
0
0
0
0
0
0
0
0
0
0
0
0
0
0
0
0
0
0
0
0
5.89407667e-31
5.936751997e-30
0
0
0
0
0
0
0
0
0
0
0
0
0
0
3.841456199e-30
0
0
0
0
0
5.009951117e-29
5.69214805e-29
7.635948978e-29
1.173031317e-28
1.940291508e-28
2.423877351e-27
2.397310722e-27
2.337213994e-27
2.24043447e-27
2.107954725e-27
6.58943153e-28
6.37656355e-28
5.895838206e-28
5.149495383e-28
4.210838838e-28
0
0
0
0
0
0
0
0
0
1.466078046e-30
0
0
1.492452884e-29
3.912585259e-30
1.031047006e-29
0
0
2.734901792e-28
2.007417998e-27
3.724970472e-28
0
0
0
0
0
0
0
0
0
0
0
0
0
0
0
0
0
0
0
0
0
0
0
0
0
0
0
0
0
0
0
0
0
0
0
0
0
0
0
0
0
0
0
0
0
5.460872949e-30
2.056874354e-29
4.391837256e-29
7.453038492e-29
1.05947819e-28
0
0
0
4.869661284e-31
3.131424671e-30
0
0
0
0
3.637028301e-31
2.545551213e-29
3.572883311e-30
0
0
0
0
0
0
0
0
0
0
4.068987362e-32
8.243790431e-31
0
3.440115605e-30
0
8.681222142e-30
0
0
0
0
0
0
1.677997353e-29
3.659016116e-28
5.186043801e-28
7.182583672e-28
7.730035436e-28
7.208436679e-28
1.821323069e-27
1.490711363e-27
1.128771484e-27
7.820502477e-28
4.963203171e-28
3.12414672e-28
2.326567771e-28
7.605792737e-29
0
0
0
0
0
0
0
0
0
0
0
0
0
0
0
0
0
0
0
0
0
0
0
0
0
0
0
0
0
0
0
0
0
0
0
0
0
0
0
0
0
0
0
0
0
0
0
0
0
0
0
0
0
0
0
0
0
0
0
0
0
0
0
0
0
0
0
0
0
0
0
0
0
0
0
0
0
0
0
0
0
0
0
0
0
0
0
0
0
0
0
1.778984703e-30
0
0
4.04980615e-30
1.580815812e-29
0
0
2.373185723e-28
0
0
0
0
0
0
0
0
0
0
0
0
0
0
0
0
0
0
0
0
4.500571872e-30
0
0
0
0
0
0
1.464427935e-28
0
0
0
0
0
0
0
0
0
0
0
0
0
0
0
0
0
0
0
0
0
0
0
0
0
0
0
1.45907547e-28
0
0
0
6.563654116e-30
0
1.507510052e-28
0
0
0
0
0
0
0
0
0
0
0
0
0
0
0
0
3.290665989e-30
0
0
0
0
0
0
0
0
0
0
0
2.143620502e-27
0
0
0
0
0
0
0
0
0
0
0
0
0
0
0
1.577513803e-30
0
0
0
0
0
0
0
0
0
0
0
0
0
0
0
0
0
0
0
0
0
0
0
0
1.37118189e-30
0
0
5.480201859e-31
0
0
0
0
6.115737923e-29
0
0
0
0
0
0
6.669401661e-27
0
0
0
0
0
0
0
0
0
0
0
0
0
0
2.561213252e-30
0
0
0
0
0
8.697533209e-30
0
0
0
0
0
0
1.184924898e-26
0
9.782389828e-27
0
0
0
0
0
0
0
0
0
0
0
0
5.676265268e-31
0
0
0
0
0
0
0
5.475385634e-29
0
0
0
0
7.661595264e-27
3.885962336e-27
0
0
0
0
0
0
0
0
0
0
0
0
0
0
2.249857905e-29
0
0
0
0
0
1.743590876e-28
2.849432377e-28
0
0
0
0
8.571911822e-27
2.635346952e-27
0
0
0
0
0
1.341919969e-28
1.399158983e-28
9.563131621e-29
6.45344235e-30
3.368466042e-28
1.046425436e-27
1.998640134e-27
3.036455176e-27
3.995240579e-27
4.155596727e-27
4.032052033e-27
4.005326437e-27
4.124131335e-27
4.477725696e-27
5.096960554e-27
5.967483477e-27
5.501399028e-27
3.350615143e-27
0
0
1.081736961e-29
1.324722485e-26
2.132935617e-26
2.001378912e-26
1.208305687e-26
5.886552317e-27
0
0
8.782782683e-30
1.975383332e-29
0
1.278041635e-28
8.97579259e-28
2.214902337e-27
3.925288082e-27
5.773196466e-27
7.339776023e-27
7.482315546e-27
7.720545517e-27
7.975979502e-27
8.358254279e-27
8.984632848e-27
9.944842942e-27
1.03650856e-26
9.113875298e-27
5.736236791e-27
2.589364601e-28
1.582864452e-28
3.703211361e-27
2.459552415e-26
3.673586824e-26
5.348724857e-26
8.27508763e-26
1.557971607e-25
9.951401955e-26
0
0
0
0
1.642506323e-30
3.444494621e-32
3.838627995e-28
1.213982628e-27
2.135965385e-27
2.264246963e-27
2.408596024e-27
3.061412434e-27
4.388151516e-27
6.397836921e-27
8.695554247e-27
9.389113848e-27
9.128063374e-27
7.504152807e-27
4.368435455e-27
8.212096369e-29
5.051958751e-29
4.055587644e-27
2.560336052e-26
3.92097074e-26
5.965912024e-26
1.036184954e-25
2.310759046e-25
2.268551137e-25
8.419900704e-26
0
0
0
0
0
0
1.83546313e-28
3.192527959e-28
0
0
0
4.581833017e-29
9.515291524e-28
2.436271976e-27
3.603101521e-27
3.872800116e-27
3.270701796e-27
1.769285165e-27
2.662959675e-29
0
0
1.434083837e-26
3.515886994e-26
5.304114152e-26
8.66082813e-26
1.964705806e-25
2.623548538e-25
2.171481764e-25
0
0
0
0
0
8.015654066e-29
2.129439006e-28
0
0
0
0
0
0
1.393825697e-28
7.582885769e-28
1.179776472e-27
1.345972523e-27
9.009567317e-28
0
1.398859874e-28
2.549091259e-27
1.635216247e-26
3.434431102e-26
4.731079793e-26
6.947065728e-26
1.35716239e-25
2.492063191e-25
2.218353696e-25
0
0
0
0
2.702962813e-28
2.556579517e-28
0
0
0
0
0
0
6.944116692e-29
0
4.193897665e-28
1.099899435e-27
1.799038033e-27
2.08416261e-27
1.882223617e-27
8.113240536e-27
1.790051226e-26
1.967081855e-26
3.470417519e-26
4.443795637e-26
5.846274297e-26
1.035421584e-25
2.359563664e-25
2.164709626e-25
0
0
1.4754929e-28
3.269640271e-28
2.721726209e-28
0
0
0
0
0
0
0
0
4.9833106e-28
1.291175861e-27
2.564260589e-27
4.047503202e-27
5.287541035e-27
7.011641491e-27
1.593129753e-26
2.841564864e-26
2.202563709e-26
3.556186262e-26
4.660389546e-26
6.277454248e-26
1.053643635e-25
2.332280943e-25
2.132795827e-25
1.72894327e-28
3.562527496e-28
3.563042878e-28
2.563461674e-28
0
0
0
0
0
0
0
4.067297463e-28
7.006724625e-28
1.622170287e-27
2.950772405e-27
4.892002668e-27
7.203048051e-27
9.460863659e-27
1.272315141e-26
2.328732637e-26
3.596097671e-26
2.321309289e-26
3.530921112e-26
4.542452169e-26
6.058887747e-26
1.009944193e-25
2.257596431e-25
2.087542989e-25
5.818007184e-28
3.87782802e-28
1.818472895e-28
0
0
0
0
0
0
0
1.749226161e-28
7.706062562e-28
1.519414436e-27
2.590151951e-27
4.295916487e-27
6.684859669e-27
9.41692062e-27
1.189899426e-26
1.629594444e-26
2.749026315e-26
4.028085366e-26
2.270892721e-26
2.855616865e-26
3.839850038e-26
5.142049675e-26
8.247176325e-26
1.945733531e-25
1.924941403e-25
2.071982177e-28
0
0
0
0
0
0
0
0
3.524653281e-28
1.606502936e-27
2.080412282e-27
2.842567935e-27
4.074105959e-27
6.009689972e-27
8.79108984e-27
1.218610409e-26
1.526907432e-26
2.346305272e-26
3.753711408e-26
4.833945525e-26
2.251920947e-26
1.65952105e-26
3.214483476e-26
4.4922468e-26
7.012651999e-26
1.627285495e-25
1.833000179e-25
0
0
0
0
0
0
0
1.012102521e-28
1.368366076e-27
3.28163913e-27
3.547881427e-27
3.798537682e-27
4.490280286e-27
5.926363259e-27
8.358646314e-27
1.201268165e-26
1.682426716e-26
2.196406495e-26
3.476964923e-26
5.169473071e-26
6.443027766e-26
3.083249422e-26
1.894747518e-26
3.647049279e-26
4.716980217e-26
6.692779559e-26
1.314173368e-25
1.803034794e-25
)
;

boundaryField
{
    inletCH4
    {
        type            fixedValue;
        value           nonuniform List<scalar> 0();
    }
    wallOutside
    {
        type            zeroGradient;
    }
    wallTube
    {
        type            zeroGradient;
    }
    inletPilot
    {
        type            fixedValue;
        value           nonuniform List<scalar> 0();
    }
    inletAir
    {
        type            fixedValue;
        value           nonuniform List<scalar> 0();
    }
    outlet
    {
        type            zeroGradient;
    }
    axis
    {
        type            empty;
    }
    frontAndBack_pos
    {
        type            wedge;
    }
    frontAndBack_neg
    {
        type            wedge;
    }
    procBoundary4to0
    {
        type            processor;
        value           nonuniform List<scalar> 
27
(
0
0
0
0
0
0
0
0
0
0
0
0
0
0
0
0
0
0
0
0
0
0
0
0
0
0
4.442178241e-27
)
;
    }
    procBoundary4to2
    {
        type            processor;
        value           uniform 0;
    }
    procBoundary4to5
    {
        type            processor;
        value           nonuniform List<scalar> 
46
(
0
0
0
0
0
0
0
0
0
0
0
0
0
0
0
0
0
0
0
0
0
0
0
0
0
0
0
0
0
0
0
0
0
0
6.755482953e-31
6.382989277e-30
0
0
2.119937145e-29
0
0
2.382493484e-28
2.386003857e-29
0
0
0
)
;
    }
}
)

// Processor5

6737
(dimensions      [0 0 0 0 0 0 0];

internalField   nonuniform List<scalar> 
862
(
1.503204896e-14
1.728427779e-14
2.426318887e-14
3.307165128e-14
4.332075051e-14
2.177260291e-15
2.601086817e-15
3.381600326e-15
4.03837047e-15
5.048089255e-15
2.873036993e-16
3.236586112e-16
3.868849684e-16
4.508296877e-16
5.348142666e-16
3.099948229e-17
3.353250763e-17
3.607433243e-17
4.210172046e-17
4.065279245e-17
2.888077794e-18
3.274544082e-18
3.629616379e-18
4.721786645e-18
5.10314901e-18
7.249115962e-20
8.308392774e-20
1.245612626e-19
2.480235278e-19
3.547124167e-19
0
0
1.232789365e-21
7.773999048e-21
2.266697058e-20
0
0
3.350980737e-23
4.577966455e-22
1.503629164e-21
0
0
0
2.593126451e-23
9.134986542e-23
0
0
3.972737551e-26
1.081301819e-24
2.999924275e-24
0
0
0
2.811323271e-26
6.593027379e-26
0
0
2.189447437e-28
6.339861322e-28
1.90260296e-27
0
0
0
0
0
1.894526707e-29
1.803838e-29
1.586198983e-29
1.13943333e-29
4.794171237e-30
1.036723469e-29
1.004462814e-29
9.445800725e-30
8.544514958e-30
6.995758537e-30
1.842008584e-30
1.822993969e-30
1.759817849e-30
1.607809085e-30
1.1899866e-30
0
0
0
0
0
0
0
0
0
0
0
0
0
0
0
0
0
0
0
0
0
0
0
0
0
0
0
0
0
0
0
0
0
0
0
0
0
0
0
0
0
0
0
0
0
5.367780311e-14
6.012053991e-15
6.080433835e-16
9.48991884e-18
3.419680266e-18
2.92199098e-19
2.543579264e-20
1.742396719e-21
1.148292211e-22
2.185405596e-24
4.946756942e-26
1.810803821e-27
0
5.305633894e-30
5.942975399e-30
2.780451465e-31
0
0
0
0
0
1.166729167e-30
0
0
0
7.420716165e-14
1.008522731e-13
1.151495578e-13
1.102459356e-13
8.66674501e-14
7.86584057e-15
9.988770449e-15
1.090839929e-14
9.812625531e-15
7.35999974e-15
7.493524388e-16
9.495841366e-16
1.112546682e-15
8.31605297e-16
6.073517503e-16
0
6.025705181e-17
8.608020636e-17
5.529826749e-17
0
0
1.510569558e-18
8.260820281e-20
3.689571628e-18
0
1.289197474e-19
8.303766595e-21
0
1.370958282e-19
0
2.552045858e-20
1.382190084e-21
0
1.790296618e-21
2.773833686e-22
1.978038193e-21
0
0
2.628299061e-22
7.732684407e-23
1.465692156e-22
8.904198727e-24
0
5.173436092e-24
4.233712518e-24
0
0
0
0
0
0
0
0
0
0
7.923738861e-28
0
0
0
0
0
0
0
0
7.655239233e-29
6.175925328e-30
8.470348698e-30
1.705916777e-29
4.284994277e-29
9.188584503e-29
4.557471584e-30
4.085264217e-30
6.003230545e-30
1.263193064e-29
2.479575742e-29
0
0
0
0
0
0
0
0
0
0
0
0
0
0
0
0
0
0
0
0
0
0
0
0
0
0
0
0
0
0
4.127000972e-30
1.025722171e-29
1.163009748e-29
6.045206231e-30
1.539107034e-30
3.790488678e-31
1.660120906e-30
1.165128356e-30
0
0
0
0
0
0
0
0
0
0
0
0
0
0
0
0
0
0
0
0
0
0
0
0
0
0
4.474174929e-14
8.086478922e-15
1.136354056e-15
1.564373923e-16
2.135954781e-17
1.961086027e-18
7.693725791e-20
0
0
0
0
0
0
0
0
0
0
0
0
0
0
4.832000345e-14
1.740539925e-14
4.544374651e-15
1.170697618e-15
1.637901739e-16
0
0
0
0
0
0
0
0
0
0
0
0
0
0
0
0
0
0
4.10060305e-15
1.529565199e-15
4.04159109e-16
0
0
0
0
0
0
0
0
0
0
0
0
0
0
0
0
0
0
0
0
4.373024043e-16
1.827530775e-16
3.911761371e-17
2.137680689e-19
0
0
0
0
0
0
0
0
0
0
0
0
0
0
0
0
0
0
0
1.197476805e-17
0
4.692167604e-19
4.592576151e-20
2.484206213e-21
0
0
0
0
0
0
0
0
0
0
0
0
0
0
0
0
0
0
0
0
0
0
1.699332155e-23
0
0
0
0
0
0
0
0
0
0
0
0
0
0
0
0
0
0
0
0
0
0
0
0
0
0
0
0
0
0
0
0
0
0
0
0
0
0
0
0
0
0
0
0
0
0
0
0
0
0
0
0
0
0
0
0
0
0
0
0
0
0
0
0
0
0
0
0
0
0
0
0
0
0
0
0
0
0
0
0
0
0
0
0
0
0
0
0
0
0
0
0
0
0
0
0
0
0
0
0
0
0
0
0
0
0
0
0
0
0
0
0
0
0
0
0
2.393600065e-28
4.451220656e-28
0
0
0
0
0
0
0
0
0
0
0
0
0
0
0
0
0
0
0
5.953937214e-29
1.811692794e-28
3.890694166e-28
7.326981354e-28
0
0
0
0
0
0
0
0
0
0
0
0
0
0
0
0
1.29192069e-28
1.142438415e-28
1.21082304e-28
1.484128211e-28
1.499424433e-28
2.975775877e-28
6.327087198e-28
0
0
0
0
0
0
0
0
0
0
0
0
0
0
0
2.024303253e-28
3.972823895e-28
1.831970359e-28
1.095663982e-28
8.917422029e-29
5.622619772e-29
1.974340133e-28
6.035307435e-28
2.263235972e-28
0
0
0
0
0
0
0
0
0
0
0
0
0
0
1.758109634e-28
1.148718342e-28
3.617571595e-29
9.398312147e-30
7.470394755e-30
0
1.706913468e-30
7.970744409e-30
0
0
0
0
0
0
0
0
0
0
0
0
0
0
0
2.773043974e-29
3.52769958e-30
0
0
1.484067286e-31
0
0
5.840528744e-32
0
0
0
0
0
0
0
0
0
0
0
0
0
0
0
0
0
0
1.895899629e-31
0
0
0
9.879947085e-31
6.256633138e-30
5.435566644e-29
0
0
0
0
0
0
0
0
0
0
0
0
0
0
0
0
0
0
0
0
9.291100663e-31
4.038746751e-30
5.13026574e-29
0
0
0
0
0
0
0
0
0
0
0
0
0
0
0
0
0
0
4.754393905e-29
3.615667887e-30
2.989991096e-30
1.98156608e-29
0
0
0
0
0
0
0
0
0
0
0
0
0
0
0
0
0
0
7.320770739e-31
0
2.770313217e-30
4.151167628e-29
0
0
0
0
0
0
0
0
0
0
0
0
0
0
0
0
0
0
2.834554648e-31
0
7.093479813e-30
3.709576635e-29
0
4.924871501e-29
0
0
0
0
0
0
0
0
0
0
0
0
0
0
0
0
0
9.030339135e-30
1.648592465e-29
0
3.509385095e-29
0
0
0
0
0
0
0
0
0
0
0
0
0
0
6.001202824e-33
0
2.353578024e-30
2.996998689e-29
1.121026022e-29
0
1.897049124e-29
0
0
0
0
0
0
0
0
0
0
0
0
0
0
0
7.723968683e-30
4.418563919e-29
0
5.791065976e-31
3.6360701e-29
0
0
2.33602182e-28
0
0
0
0
0
0
0
0
3.595193672e-31
0
0
9.461814781e-30
3.242109474e-29
4.365367004e-30
5.00665499e-31
2.672646794e-29
0
0
2.381736526e-28
2.391199903e-29
0
0
0
0
0
0
0
0
0
0
6.755482953e-31
6.382989277e-30
0
0
2.119937145e-29
0
0
2.382493484e-28
2.386003857e-29
0
0
)
;

boundaryField
{
    inletCH4
    {
        type            fixedValue;
        value           nonuniform List<scalar> 0();
    }
    wallOutside
    {
        type            zeroGradient;
    }
    wallTube
    {
        type            zeroGradient;
    }
    inletPilot
    {
        type            fixedValue;
        value           nonuniform List<scalar> 0();
    }
    inletAir
    {
        type            fixedValue;
        value           nonuniform List<scalar> 0();
    }
    outlet
    {
        type            zeroGradient;
    }
    axis
    {
        type            empty;
    }
    frontAndBack_pos
    {
        type            wedge;
    }
    frontAndBack_neg
    {
        type            wedge;
    }
    procBoundary5to1
    {
        type            processor;
        value           uniform 0;
    }
    procBoundary5to2
    {
        type            processor;
        value           uniform 0;
    }
    procBoundary5to3
    {
        type            processor;
        value           nonuniform List<scalar> 
30
(
9.360138513e-14
1.121764867e-13
1.634535631e-13
2.415402134e-13
3.500204773e-13
4.558277933e-13
6.884785529e-13
9.638901273e-13
1.195194303e-12
1.285178171e-12
1.188152752e-12
0
4.328645576e-13
7.294410899e-14
9.745474288e-15
9.686071743e-16
0
4.722465086e-19
6.009279758e-19
1.108308395e-20
0
0
0
0
0
0
0
6.169736469e-13
2.012549637e-13
2.012549637e-13
)
;
    }
    procBoundary5to4
    {
        type            processor;
        value           nonuniform List<scalar> 
46
(
0
0
0
0
0
0
0
0
0
0
0
0
0
0
0
0
0
0
0
0
0
0
0
0
0
0
0
0
0
0
0
0
0
0
1.778984703e-30
0
0
4.04980615e-30
1.580815812e-29
0
0
2.373185723e-28
0
0
0
0
)
;
    }
}
)