/*--------------------------------*- C++ -*----------------------------------*\
  =========                 |
  \\      /  F ield         | OpenFOAM: The Open Source CFD Toolbox
   \\    /   O peration     | Website:  https://openfoam.org
    \\  /    A nd           | Version:  10
     \\/     M anipulation  |
\*---------------------------------------------------------------------------*/
FoamFile
{
    format      binary;
    class       decomposedBlockData;
    location    "/home/zhouyuchen/Desktop/FastChemistrySolver-OpenFOAM-10/EC-CCM/OpenFOAM-10/Sandia/processors6/0.02498436188/CH4_0";
    object      CH4_0;
}
// * * * * * * * * * * * * * * * * * * * * * * * * * * * * * * * * * * * * * //


// Processor0

10166
(/*--------------------------------*- C++ -*----------------------------------*\
  =========                 |
  \\      /  F ield         | OpenFOAM: The Open Source CFD Toolbox
   \\    /   O peration     | Website:  https://openfoam.org
    \\  /    A nd           | Version:  10
     \\/     M anipulation  |
\*---------------------------------------------------------------------------*/
FoamFile
{
    format      ascii;
    class       volScalarField;
    location    "0.02498436188";
    object      CH4_0;
}
// * * * * * * * * * * * * * * * * * * * * * * * * * * * * * * * * * * * * * //

dimensions      [0 0 0 0 0 0 0];

internalField   nonuniform List<scalar> 
864
(
0.0008484753116
0.0005332835012
0.0002727220554
9.297077664e-05
2.259459316e-05
7.088561105e-06
3.096085418e-06
1.577663486e-06
8.293440806e-07
4.215504663e-07
1.983958864e-07
8.090351329e-08
2.432210552e-08
2.745163145e-09
0
0
0
0
0
0
0
0
0
0
0
0
0
0
0
0
0
0
0.001053205302
0.0007170669668
0.0004300259725
0.0001978348429
5.729698266e-05
1.456581955e-05
5.159176611e-06
2.378949717e-06
1.213490752e-06
6.193921914e-07
2.995600062e-07
1.303085017e-07
4.587343893e-08
9.574777172e-09
0
0
0
0
0
0
0
0
0
0
0
0
0
0
0
0
0
0
0.001258499377
0.0009060455517
0.0005971795898
0.000336601738
0.0001368236809
3.538142017e-05
9.725280518e-06
3.761597376e-06
1.774558272e-06
8.847925079e-07
4.295561967e-07
1.926351875e-07
7.370534323e-08
1.947423777e-08
8.222169745e-10
0
0
0
0
0
0
0
0
0
0
0
0
0
0
0
0
0
0.00146255339
0.001097792134
0.0007717336176
0.0004890680457
0.0002541289307
8.863695507e-05
2.140677e-05
6.454885205e-06
2.634587225e-06
1.224860791e-06
5.769378832e-07
2.571209624e-07
1.009101059e-07
2.918208872e-08
2.52727928e-09
0
0
0
0
0
0
0
0
0
0
0
0
0
0
0
0
0
0.001663766976
0.001289768277
0.0009507020107
0.0006497412162
0.0003917496071
0.0001818418192
5.287884797e-05
1.289970786e-05
4.173033304e-06
1.68679626e-06
7.305362494e-07
3.089164879e-07
1.17927177e-07
3.376468307e-08
2.726046731e-09
0
0
0
0
0
0
0
0
0
0
0
0
0
0
0
0
0
0.0018603366
0.001479373842
0.001130110014
0.0008149513191
0.0005377473175
0.0003029792729
0.000122166873
3.039867647e-05
7.552017108e-06
2.462623295e-06
9.199401579e-07
3.490128013e-07
1.23171565e-07
3.223441836e-08
1.115219725e-09
0
0
0
0
0
0
0
0
0
0
0
0
0
0
0
0
0
0.002051406436
0.001665507281
0.001308667049
0.0009827151705
0.0006903975455
0.0004360452224
0.000223726465
7.498958614e-05
1.650654511e-05
4.058209164e-06
1.235614349e-06
4.076129467e-07
1.289257127e-07
2.981297274e-08
3.069855476e-11
0
0
0
0
0
0
0
0
0
0
0
0
0
0
0
0
0
0.002236311497
0.001847362217
0.00148505107
0.001150912742
0.0008470628454
0.0005765094813
0.0003437176799
0.0001537643377
4.039618239e-05
8.10590319e-06
1.888933627e-06
5.095464482e-07
1.390649833e-07
2.788706142e-08
0
0
0
0
0
0
0
0
0
0
0
0
0
0
0
0
0
0
0.002414429412
0.002023899535
0.001657756956
0.001317444109
0.001004540735
0.0007213444745
0.0004715684904
0.0002587863616
9.629759067e-05
1.95067156e-05
3.289847984e-06
6.607032144e-07
1.469021074e-07
2.40670244e-08
0
0
0
0
0
0
0
0
0
0
0
0
0
0
0
0
0
0
0.002585358245
0.002194602198
0.001826195499
0.001481477701
0.001161805209
0.0008690314734
0.0006057425492
0.0003757750027
0.0001821798922
5.155626113e-05
7.667452022e-06
1.015876946e-06
1.578767283e-07
1.78058161e-08
0
0
0
0
0
0
0
0
0
0
0
0
0
0
0
0
0
0
0.002748688151
0.002358845023
0.001989478376
0.001641840574
0.001317198964
0.001017036329
0.000743340521
0.0004989776137
0.000287540262
0.0001159857665
2.187532919e-05
2.07483875e-06
1.904431773e-07
1.121543741e-08
0
0
0
0
0
0
0
0
0
0
0
0
0
0
0
0
0
0
0.002904288155
0.002516340228
0.002147111027
0.00179779655
0.001469637882
0.00116386907
0.0008821394718
0.0006266761241
0.0004009320541
0.0002066165087
6.296607274e-05
7.381822723e-06
4.161559153e-07
1.097227688e-08
0
0
0
0
0
0
0
0
0
0
0
0
0
0
0
0
0
0
0.003051676651
0.002666534724
0.002298473849
0.001948654514
0.001618266045
0.001308436095
0.001020604303
0.0007565979135
0.0005189093274
0.0003109517591
0.0001355150974
2.757643122e-05
1.895234142e-06
4.993675023e-08
0
0
0
0
0
0
0
0
0
0
0
0
0
0
0
0
0
0
0.003191368782
0.002809779705
0.002443680735
0.002094271362
0.001762679799
0.001450075225
0.001157619161
0.0008868499326
0.0006397740967
0.0004194293559
0.0002285616727
7.880567168e-05
9.618525596e-06
3.446865771e-07
1.021380035e-10
0
0
0
0
0
0
0
0
0
0
0
0
0
0
0
0
0
0.003322784558
0.002945436011
0.002582143673
0.002234084036
0.001902360752
0.001588108681
0.001292395744
0.001016594593
0.0007624219648
0.000532214219
0.0003293692784
0.0001559043792
3.769156298e-05
2.663034252e-06
4.947142135e-08
0
0
0
0
0
0
0
0
0
0
0
0
0
0
0
0
0
0.003446692162
0.00307406794
0.002714186659
0.002368188954
0.002037159862
0.001722200985
0.00142438015
0.001144907096
0.0008852871533
0.0006474252138
0.0004339034875
0.0002478033314
9.516958281e-05
1.346389343e-05
4.847562588e-07
6.138857152e-10
0
0
0
0
0
0
0
0
0
0
0
0
0
0
0
0
0.003562017089
0.003194781898
0.002838994763
0.002495761433
0.002166211507
0.001851416422
0.00155248269
0.001270470712
0.001006743483
0.0007629614897
0.0005412904207
0.0003448944606
0.0001749933478
4.959006998e-05
4.280936217e-06
1.011236505e-07
0
0
0
0
0
0
0
0
0
0
0
0
0
0
0
0
0.003669352645
0.003308616722
0.002957283666
0.002617333949
0.002289873994
0.001975952025
0.001676648096
0.001392965193
0.001126166509
0.0008777583941
0.0006496335348
0.0004442814866
0.0002648805906
0.0001141090377
2.23456744e-05
1.351324067e-06
2.29718851e-08
0
0
0
0
0
0
0
0
0
0
0
0
0
0
0
0.003768463364
0.003414442109
0.003068229697
0.002732182203
0.002407461566
0.002095096156
0.001796137069
0.001511630083
0.00124268479
0.0009906911002
0.0007573418962
0.0005448015589
0.0003560575717
0.0001943488404
6.874449958e-05
9.645144295e-06
5.298827413e-07
5.646406295e-09
0
0
0
0
0
0
0
0
0
0
0
0
0
0
0.003860575395
0.003513558638
0.003173443691
0.002841617115
0.002520015989
0.00220969628
0.001911665812
0.00162697364
0.001356615009
0.001101869149
0.0008642726295
0.0006457696039
0.0004489819657
0.0002776741495
0.0001346542163
3.720496652e-05
4.17049346e-06
2.38428241e-07
0
0
0
0
0
0
0
0
0
0
0
0
0
0
0.003944966442
0.003605133669
0.003271247915
0.002944292004
0.002626413943
0.002318763114
0.002022335394
0.001738156773
0.001467169377
0.001210556594
0.0009697118534
0.0007463529653
0.0005427069618
0.0003618229033
0.0002078374967
8.636956975e-05
1.845010221e-05
1.872355028e-06
1.14675823e-07
0
0
0
0
0
0
0
0
0
0
0
0
0
0.00402336832
0.003690772366
0.003363356141
0.003042084065
0.002728163166
0.002423546915
0.002129151026
0.001845954503
0.001574922755
0.001317082989
0.001073707311
0.0008463237472
0.0006368604749
0.000447906521
0.0002832896545
0.0001464472881
4.854617972e-05
7.776992647e-06
6.991849956e-07
3.067070285e-08
0
0
0
0
0
0
0
0
0
0
0
0
0.004094171614
0.003769074315
0.003448388426
0.003132943556
0.002823630894
0.00252252023
0.002230704973
0.001949126003
0.00167875314
0.001420487409
0.001175483843
0.0009451050811
0.0007310285573
0.0005354206103
0.0003612078016
0.0002123405545
9.408394889e-05
2.349279526e-05
2.899861039e-06
2.149181758e-07
8.377363244e-10
0
0
0
0
0
0
0
0
0
0
0
0.004159763252
0.003841979322
0.003527879426
0.003218368698
0.002914372302
0.002617051421
0.002328168512
0.002048568458
0.001779197556
0.001520898653
0.001274732963
0.001041929048
0.0008239695242
0.0006227226001
0.0004406749144
0.0002814379951
0.0001481072588
5.068499635e-05
8.442554579e-06
7.798518789e-07
3.266427808e-08
0
0
0
0
0
0
0
0
0
0
0
0.004217038465
0.003906776753
0.003599678271
0.003296493914
0.002997956747
0.002705017239
0.002419581057
0.002142593773
0.001874939419
0.001617410135
0.001370963673
0.001136710998
0.0009159747868
0.0007103818533
0.0005220128914
0.0003536339247
0.0002088535044
9.223371627e-05
2.205009836e-05
2.478155037e-06
1.587234231e-07
0
0
0
0
0
0
0
0
0
0
0
0.004267987541
0.003964784279
0.003664113126
0.003366779442
0.003073620932
0.002785430948
0.002503841265
0.002229832566
0.001964238313
0.001707970567
0.001461846515
0.001226901657
0.001004325728
0.0007955324125
0.0006022583242
0.0004266994354
0.0002716424736
0.0001394193294
4.350974807e-05
6.083815442e-06
4.615977274e-07
7.330530882e-09
0
0
0
0
0
0
0
0
0
0
0.004302875492
0.004006061248
0.00371141668
0.003419687974
0.00313156672
0.002847795558
0.002569891895
0.002298916796
0.002035817133
0.001781457206
0.001536601316
0.001302220421
0.001079413767
0.0008694552146
0.0006738544584
0.0004944636472
0.0003337227018
0.0001942849109
8.09337007e-05
1.607161638e-05
1.330374721e-06
5.033055244e-08
0
0
0
0
0
0
0
0
0
0
)
;

boundaryField
{
    inletCH4
    {
        type            fixedValue;
        value           nonuniform List<scalar> 0();
    }
    wallOutside
    {
        type            zeroGradient;
    }
    wallTube
    {
        type            zeroGradient;
    }
    inletPilot
    {
        type            fixedValue;
        value           nonuniform List<scalar> 0();
    }
    inletAir
    {
        type            fixedValue;
        value           nonuniform List<scalar> 0();
    }
    outlet
    {
        type            zeroGradient;
    }
    axis
    {
        type            empty;
    }
    frontAndBack_pos
    {
        type            wedge;
    }
    frontAndBack_neg
    {
        type            wedge;
    }
    procBoundary0to2
    {
        type            processor;
        value           nonuniform List<scalar> 
32
(
0.0006487922381
0.0003591830137
0.0001409124821
3.555879515e-05
9.986041545e-06
4.028821877e-06
2.007142301e-06
1.069769358e-06
5.629135439e-07
2.798918226e-07
1.253865695e-07
4.59939155e-08
1.057842803e-08
0
0
0
0
0
0
0
0
0
0
0
0
0
0
0
0
0
0
0
)
;
    }
    procBoundary0to4
    {
        type            processor;
        value           nonuniform List<scalar> 
27
(
0.001213387343
0.00143326151
0.001650333575
0.001863089237
0.002070500071
0.00227122054
0.002464690179
0.002650352317
0.002827934796
0.002997110804
0.00315765846
0.003309613885
0.003452602077
0.003587260257
0.003713070724
0.003830004816
0.003938045598
0.004037824933
0.004129195011
0.004213426708
0.004289779897
0.004360165898
0.004422821494
0.004480384186
0.00452962715
0.004572916919
0.004601062432
)
;
    }
}


// ************************************************************************* //
)

// Processor1

4703
(dimensions      [0 0 0 0 0 0 0];

internalField   nonuniform List<scalar> 
860
(
0
0
0
0
0
0
0
0
0
0
0
0
0
0
0
0
0
0
0
0
0
0
0
0
0
0
0
0
0
0
0
0
0
0
0
0
0
0
0
0
0
0
0
0
0
0
0
0
0
0
0
0
0
0
0
0
0
0
0
0
0
0
0
0
0
0
0
0
0
0
0
0
0
0
0
0
0
0
0
0
0
0
0
0
0
0
0
0
0
0
0
0
0
0
0
0
0
0
0
0
0
0
0
0
0
0
0
0
0
0
0
0
0
0
0
0
0
0
0
0
0
0
0
0
0
0
0
0
0
0
0
0
0
0
0
0
0
0
0
0
0
0
0
0
0
0
0
0
0
0
0
0
0
0
0
0
0
0
0
0
0
0
0
0
0
0
0
0
0
0
0
0
0
0
0
0
0
0
0
0
0
0
0
0
0
0
0
0
0
0
0
0
0
0
0
0
0
0
0
0
0
0
0
0
0
0
0
0
0
0
0
0
0
0
0
0
0
0
0
0
0
0
0
0
0
0
0
0
0
0
0
0
0
0
0
0
0
0
0
0
0
0
0
0
0
0
0
0
0
0
0
0
0
0
0
0
0
0
0
0
0
0
0
0
0
0
0
0
0
0
0
0
0
0
0
0
0
0
0
0
0
0
0
0
0
0
0
0
0
0
0
0
0
0
0
0
0
0
0
0
0
0
0
0
0
0
0
0
1.784616551e-09
0
0
0
0
0
0
0
0
0
0
0
0
0
0
0
0
0
0
0
0
0
0
0
0
0
0
0
0
0
0
0
0
0
0
0
0
0
0
0
0
0
0
0
9.649798877e-09
2.00108701e-09
0
0
0
0
0
0
0
0
0
0
0
0
0
0
0
0
0
0
0
0
0
0
0
0
0
0
0
0
0
0
0
0
0
0
0
0
0
0
0
0
0
0
2.71265526e-08
9.678609958e-09
1.943340601e-09
0
0
0
0
0
0
0
0
0
0
0
0
0
0
0
0
0
0
0
0
0
0
0
0
0
0
0
0
0
0
0
0
0
0
0
0
0
0
0
0
0
5.833834213e-08
2.600387808e-08
9.01785209e-09
1.63745502e-09
0
0
0
0
0
0
0
0
0
0
0
0
0
0
0
0
0
0
0
0
0
0
0
0
0
0
0
0
0
0
0
0
0
0
0
0
0
0
0
0
1.07003968e-07
5.389551486e-08
2.347322507e-08
7.708269147e-09
1.114070623e-09
0
0
0
0
0
0
0
0
0
0
0
0
0
0
0
0
0
0
0
0
0
0
0
0
0
0
0
0
0
0
0
0
0
0
0
0
0
0
0
1.752281183e-07
9.526250651e-08
4.698737611e-08
1.964695983e-08
5.853455985e-09
4.584765137e-10
0
0
0
0
0
0
0
0
0
0
0
0
0
0
0
0
0
0
0
0
0
0
0
0
0
0
0
0
0
0
0
0
0
0
0
0
0
0
2.642099656e-07
1.510146443e-07
8.038545219e-08
3.822001596e-08
1.492123348e-08
3.764731789e-09
5.759218741e-12
0
0
0
0
0
0
0
0
0
0
0
0
0
0
0
0
0
0
0
0
0
0
0
0
0
0
0
0
0
0
0
0
0
0
0
0
0
3.751829162e-07
2.216249945e-07
1.239643643e-07
6.37244617e-08
2.858137884e-08
9.932262186e-09
1.782621624e-09
0
0
0
0
0
0
0
0
0
0
0
0
0
0
0
0
0
0
0
0
0
0
0
0
0
0
0
0
0
0
0
0
0
0
0
0
0
5.13554459e-07
3.098737642e-07
1.791669785e-07
9.699836937e-08
4.73690748e-08
1.941989468e-08
5.527368352e-09
2.89918542e-10
0
0
0
0
0
0
0
0
0
0
0
0
0
0
0
0
0
0
0
0
0
0
0
0
0
0
0
0
0
0
0
0
0
0
0
0
6.965492121e-07
4.258447363e-07
2.517902254e-07
1.411453189e-07
7.295928067e-08
3.313525857e-08
1.189566995e-08
2.412198992e-09
0
0
0
0
0
0
0
0
0
0
0
0
0
0
0
0
0
0
0
0
0
0
0
0
0
0
0
0
0
0
0
0
0
0
0
0
9.638002747e-07
5.917953315e-07
3.55038045e-07
2.042200928e-07
1.101469332e-07
5.382537726e-08
2.23051561e-08
6.617804577e-09
5.659512078e-10
0
0
0
0
0
0
0
0
0
0
0
0
0
0
0
0
0
0
0
0
0
0
0
0
0
0
0
0
0
0
0
0
0
0
0
1.39248852e-06
8.51107842e-07
5.15436243e-07
3.027969095e-07
1.691972398e-07
8.767828928e-08
4.038370669e-08
1.51271536e-08
3.559685236e-09
0
0
0
0
0
0
0
0
0
0
0
0
0
0
0
0
0
0
0
0
0
0
0
0
0
0
0
0
0
0
0
0
0
0
0
2.148966575e-06
1.285044288e-06
7.802281177e-07
4.664908533e-07
2.69014051e-07
1.46592314e-07
7.335956603e-08
3.204029096e-08
1.089435726e-08
1.978992952e-09
3.669641583e-06
2.055035781e-06
1.230199382e-06
7.436402432e-07
4.406578456e-07
2.508107717e-07
1.342418917e-07
7.513073269e-06
3.565600224e-06
2.016790076e-06
1.211318877e-06
7.310972641e-07
4.311395615e-07
2.435404225e-07
)
;

boundaryField
{
    inletCH4
    {
        type            fixedValue;
        value           nonuniform List<scalar> 0();
    }
    wallOutside
    {
        type            zeroGradient;
    }
    wallTube
    {
        type            zeroGradient;
    }
    inletPilot
    {
        type            fixedValue;
        value           nonuniform List<scalar> 0();
    }
    inletAir
    {
        type            fixedValue;
        value           uniform 0;
    }
    outlet
    {
        type            zeroGradient;
    }
    axis
    {
        type            empty;
    }
    frontAndBack_pos
    {
        type            wedge;
    }
    frontAndBack_neg
    {
        type            wedge;
    }
    procBoundary1to2
    {
        type            processor;
        value           nonuniform List<scalar> 
40
(
0
0
0
0
0
0
0
0
0
0
0
0
0
0
0
0
0
0
0
0
0
0
0
0
0
0
0
0
0
0
0
0
0
0
6.549325238e-08
2.74605603e-08
0
8.601612756e-09
6.549325238e-08
1.289305893e-07
)
;
    }
    procBoundary1to3
    {
        type            processor;
        value           nonuniform List<scalar> 
22
(
0
0
0
0
0
0
1.274248317e-09
8.899138588e-09
2.683398827e-08
6.02607895e-08
1.148421546e-07
1.952324757e-07
3.038392943e-07
4.42894412e-07
6.155553459e-07
8.325151825e-07
1.125143423e-06
1.569431516e-06
2.330833383e-06
3.864556824e-06
7.853926963e-06
2.213014012e-05
)
;
    }
    procBoundary1to5
    {
        type            processor;
        value           nonuniform List<scalar> 7(2.059256864e-05 7.200689804e-06 3.501089187e-06 2.005276408e-06 1.210162057e-06 7.306888597e-07 4.30052161e-07);
    }
}
)

// Processor2

7400
(dimensions      [0 0 0 0 0 0 0];

internalField   nonuniform List<scalar> 
861
(
0
0
0
0
0
0
0
0
0
0
0
0
0
0
0
0
0
0
0
0
0
0
0
0
0
0
0
0
0
0
0
0
0
0
6.549325238e-08
2.74605603e-08
8.601612756e-09
1.144107619e-09
0
0
0
0
0
0
0
0
0
0
0
0
0
0
0
0
0
0
0
0
0
0
0
0
0
0
0
0
0
0
0
0
0
1.289305893e-07
6.184172399e-08
2.522475314e-08
7.43206949e-09
6.982602507e-10
0
0
0
0
0
0
0
0
0
0
0
0
0
0
0
0
0
0
0
0
0
0
0
0
0
0
0
0
0
0
0
0
2.418965054e-07
1.270880268e-07
6.029948924e-08
2.412376918e-08
6.782013618e-09
4.23771753e-10
0
0
0
0
0
0
0
0
0
0
0
0
0
0
0
0
0
0
0
0
0
0
0
0
0
0
0
0
0
0
0
4.305696999e-07
2.412422173e-07
1.260861395e-07
5.927937623e-08
2.32999492e-08
6.260341198e-09
1.998434805e-10
0
0
0
0
0
0
0
0
0
0
0
0
0
0
0
0
0
0
0
0
0
0
0
0
0
0
0
0
0
0
7.282947959e-07
4.271195871e-07
2.385676331e-07
1.239690089e-07
5.765631968e-08
2.217568411e-08
5.643058183e-09
1.605652462e-11
0
0
0
0
0
0
0
0
0
0
0
0
0
0
0
0
0
0
0
0
0
0
0
0
0
0
0
0
0
1.176933947e-06
7.118562011e-07
4.168055461e-07
2.318372402e-07
1.194908305e-07
5.470952008e-08
2.038492631e-08
4.808398616e-09
0
0
0
0
0
0
0
0
0
0
0
0
0
0
0
0
0
0
0
0
0
0
0
0
0
0
0
0
0
1.838960289e-06
1.128910277e-06
6.826619859e-07
3.9840863e-07
2.20068842e-07
1.119722784e-07
5.003845822e-08
1.773702419e-08
3.674278516e-09
0
0
0
0
0
0
0
0
0
0
0
0
0
0
0
0
0
0
0
0
0
0
0
0
0
0
0
0
2.839419352e-06
1.727118195e-06
1.062190805e-06
6.406573617e-07
3.714969396e-07
2.028706443e-07
1.011959694e-07
4.359644671e-08
1.428009617e-08
2.284597792e-09
0
0
0
0
0
0
0
0
0
0
0
0
0
0
0
0
0
0
0
0
0
0
0
0
0
0
0
4.527210511e-06
2.607093743e-06
1.594747459e-06
9.789458782e-07
5.86704952e-07
3.365460561e-07
1.806270684e-07
8.754113484e-08
3.576305095e-08
1.035205573e-08
8.500166909e-10
0
0
0
0
0
0
0
0
0
0
0
0
0
0
0
0
0
0
0
0
0
0
0
0
0
0
7.982968512e-06
4.020005807e-06
2.35682956e-06
1.445136007e-06
8.823482291e-07
5.231561915e-07
2.952103583e-07
1.545247618e-07
7.188653033e-08
2.72260115e-08
6.570014105e-09
3.355387833e-13
0
0
0
0
0
0
0
0
0
0
0
0
0
0
0
0
0
0
0
0
0
0
0
0
0
1.667763098e-05
6.645845824e-06
3.510537936e-06
2.090547138e-06
1.281173591e-06
7.75285414e-07
4.526644811e-07
2.496677727e-07
1.261971781e-07
5.535351692e-08
1.86644025e-08
3.248879349e-09
0
0
0
0
0
0
0
0
0
0
0
0
0
0
0
0
0
0
0
0
0
0
0
0
0
4.472052647e-05
1.281740777e-05
5.526749114e-06
3.028628198e-06
1.819834126e-06
1.110180196e-06
6.63242838e-07
3.794099126e-07
2.029858965e-07
9.783338499e-08
3.946725115e-08
1.103614436e-08
6.804869886e-10
0
0
0
0
0
0
0
0
0
0
0
0
0
0
0
0
0
0
0
0
0
0
0
0
0.0001335468733
3.126042829e-05
9.914194395e-06
4.589760012e-06
2.58691549e-06
1.55885887e-06
9.416514376e-07
5.524337432e-07
3.076091848e-07
1.581085484e-07
7.146427271e-08
2.559038607e-08
5.322814665e-09
0
0
0
0
0
0
0
0
0
0
0
0
0
0
0
0
0
0
0
0
0
0
0
0
0.0003243920204
9.080752511e-05
2.212234799e-05
7.774384546e-06
3.813906007e-06
2.189296761e-06
1.31389448e-06
7.812646726e-07
4.473512276e-07
2.406317133e-07
1.174015204e-07
4.856420333e-08
1.441012665e-08
1.406173389e-09
0
0
0
0
0
0
0
0
0
0
0
0
0
0
0
0
0
0
0
0
0
0
0
0.000580741994
0.0002404761755
6.174303064e-05
1.603269364e-05
6.172460892e-06
3.166130347e-06
1.834341721e-06
1.089417456e-06
6.340769103e-07
3.52135247e-07
1.813481183e-07
8.265278455e-08
3.019537797e-08
6.643719527e-09
0
0
0
0
0
0
0
0
0
0
0
0
0
0
0
0
0
0
0
0
0
0
0
0.0008586439263
0.0004625187381
0.0001713793208
4.114703783e-05
1.162020192e-05
4.897830509e-06
2.61249093e-06
1.518510246e-06
8.881063049e-07
5.034916111e-07
2.694494384e-07
1.314036171e-07
5.464673812e-08
1.648413986e-08
1.777709318e-09
0
0
0
0
0
0
0
0
0
0
0
0
0
0
0
0
0
0
0
0
0
0
0.001146472242
0.0007140798794
0.0003579271982
0.0001171794448
2.767692963e-05
8.672542853e-06
3.931643781e-06
2.148514835e-06
1.242389631e-06
7.120906457e-07
3.914467181e-07
2.004364987e-07
9.124283222e-08
3.34735053e-08
7.483646787e-09
0
0
0
0
0
0
0
0
0
0
0
0
0
0
0
0
0
0
0
0
0
0
0.001439946356
0.0009779017036
0.0005854823063
0.0002683374262
7.637618378e-05
1.877331765e-05
6.591996697e-06
3.173133199e-06
1.759113541e-06
1.006051151e-06
5.62615394e-07
2.982922497e-07
1.44718787e-07
6.015671613e-08
1.826814711e-08
2.071960574e-09
0
0
0
0
0
0
0
0
0
0
0
0
0
0
0
0
0
0
0
0
0
0.0001943932037
5.019601747e-05
1.326632888e-05
5.130488495e-06
2.576966695e-06
1.434117297e-06
8.061073969e-07
4.376405032e-07
2.222604539e-07
1.008077517e-07
3.706399215e-08
8.407317391e-09
0
0
0
0
0
0
0
0
0
0
0
0
0
0
0
0
0
0
0
0
0
0.0001345421452
3.249859649e-05
9.453392249e-06
4.007952044e-06
2.086296828e-06
1.158615175e-06
6.372417588e-07
3.341739242e-07
1.611012021e-07
6.689784893e-08
2.046818527e-08
2.453644053e-09
0
0
0
0
0
0
0
0
0
0
0
0
0
0
0
0
0
0
0
0
0.0002784603283
8.83674557e-05
2.134184164e-05
6.969368162e-06
3.171877561e-06
1.683710365e-06
9.251480949e-07
4.955190542e-07
2.494841103e-07
1.127094459e-07
4.152854405e-08
9.558887124e-09
0
0
0
0
0
0
0
0
0
0
0
0
0
0
0
0
0
0
0
0
0.000457624215
0.0002025099422
5.566592531e-05
1.431191925e-05
5.253139658e-06
2.523645878e-06
1.349909295e-06
7.287804542e-07
3.777898863e-07
1.808412399e-07
7.493661032e-08
2.306099885e-08
2.893533079e-09
0
0
0
0
0
0
0
0
0
0
0
0
0
0
0
0
0
0
0
0.0006487922381
0.0003591830137
0.0001409124821
3.555879515e-05
9.986041545e-06
4.028821877e-06
2.007142301e-06
1.069769358e-06
5.629135439e-07
2.798918226e-07
1.253865695e-07
4.59939155e-08
1.057842803e-08
0
0
0
0
0
0
0
0
0
0
0
0
0
0
0
0
0
0
0
)
;

boundaryField
{
    inletCH4
    {
        type            fixedValue;
        value           nonuniform List<scalar> 0();
    }
    wallOutside
    {
        type            zeroGradient;
    }
    wallTube
    {
        type            zeroGradient;
    }
    inletPilot
    {
        type            fixedValue;
        value           nonuniform List<scalar> 0();
    }
    inletAir
    {
        type            fixedValue;
        value           nonuniform List<scalar> 0();
    }
    outlet
    {
        type            zeroGradient;
    }
    axis
    {
        type            empty;
    }
    frontAndBack_pos
    {
        type            wedge;
    }
    frontAndBack_neg
    {
        type            wedge;
    }
    procBoundary2to0
    {
        type            processor;
        value           nonuniform List<scalar> 
32
(
0.0008484753116
0.0005332835012
0.0002727220554
9.297077664e-05
2.259459316e-05
7.088561105e-06
3.096085418e-06
1.577663486e-06
8.293440806e-07
4.215504663e-07
1.983958864e-07
8.090351329e-08
2.432210552e-08
2.745163145e-09
0
0
0
0
0
0
0
0
0
0
0
0
0
0
0
0
0
0
)
;
    }
    procBoundary2to1
    {
        type            processor;
        value           nonuniform List<scalar> 
40
(
0
0
0
0
0
0
0
0
0
0
0
0
0
0
0
0
0
0
0
0
0
0
0
0
0
0
0
0
0
0
0
0
0
0
3.204029096e-08
1.089435726e-08
1.978992952e-09
1.978992952e-09
1.342418917e-07
2.435404225e-07
)
;
    }
    procBoundary2to4
    {
        type            processor;
        value           nonuniform List<scalar> 10(0.00173275823 0.001248043281 0.0008257265141 0.0004700021325 0.0004700021325 0.0003682836424 0.0003682836424 0.0005672374523 0.0007769473454 0.0009933687165);
    }
    procBoundary2to5
    {
        type            processor;
        value           nonuniform List<scalar> 
16
(
4.30052161e-07
7.325116518e-07
1.203818121e-06
1.922203488e-06
3.051590904e-06
5.034356979e-06
9.418327875e-06
2.188875246e-05
6.318568399e-05
0.0001908178165
0.0004241057503
0.0007147493472
0.001019721108
0.001333542122
0.001651308218
0.001966657701
)
;
    }
}
)

// Processor3

12725
(dimensions      [0 0 0 0 0 0 0];

internalField   nonuniform List<scalar> 
861
(
0.1560999978
0.1560999978
0.1560999978
0.156099998
0.1560999998
0.1560999956
0.1560999956
0.1560999956
0.1560999959
0.1560999975
0.1560999933
0.1560999934
0.1560999934
0.1560999938
0.1560999951
0.1560999911
0.1560999912
0.1560999913
0.1560999916
0.1560999927
0.156099989
0.156099989
0.1560999891
0.1560999895
0.1560999902
0.1560999868
0.1560999868
0.156099987
0.1560999873
0.1560999878
0.1560999847
0.1560999847
0.1560999848
0.1560999851
0.1560999854
0.1560999826
0.1560999826
0.1560999827
0.1560999829
0.1560999829
0.1560999805
0.1560999805
0.1560999806
0.1560999807
0.1560999805
0.1560999784
0.1560999784
0.1560999785
0.1560999785
0.156099978
0.1560999763
0.1560999764
0.1560999764
0.1560999763
0.1560999755
0.1560999743
0.1560999743
0.1560999743
0.156099974
0.156099973
0.1560999722
0.1560999722
0.1560999722
0.1560999718
0.1560999705
0.1560999702
0.1560999702
0.1560999701
0.1560999695
0.156099968
0.1560999682
0.1560999682
0.156099968
0.1560999672
0.1560999656
0.1560999662
0.1560999661
0.1560999659
0.1560999649
0.1560999631
0.1560999642
0.1560999641
0.1560999638
0.1560999626
0.1560999606
0.1560999622
0.1560999621
0.1560999617
0.1560999603
0.1560999581
0.1560999602
0.1560999599
0.1560999586
0.1560999512
0.1560999283
0.156099948
0.1560999013
0.156099503
0.1560967366
0.1560843219
3.626905509e-19
0
0
0
0
4.67126674e-19
0
0
0
0
1.066728567e-19
4.841973019e-20
0
0
0
0
7.986008314e-20
0
3.002989537e-19
1.112538591e-18
0
0
0
1.022433547e-16
0
0
0
0
4.188658061e-14
1.102797486e-13
0
0
0
0
0
1.405398505e-10
2.027066121e-11
0
0
1.952777993e-10
2.505830385e-10
2.990100023e-13
8.867157502e-13
5.974967206e-12
5.494389805e-12
2.882365012e-11
1.576584921e-11
0
0
0
0
0
0
0
0
0
0
0
0
0
0
0
0
0
0
0
0
0
0
0
0
0
0
0
0
0
0
0
0
0
0
0
0
0
0
0
0
0
0
0
9.529405188e-07
0
0
0
0
0.0002430460893
1.074423064e-05
2.015822938e-06
4.906596295e-08
5.49110668e-10
0.156099572
0.1560969605
0.1560537197
0.1554101855
0.1468552847
0.1560978452
0.1560857032
0.1559258355
0.1542733876
0.1421853867
0.1560929063
0.1560571951
0.1556719801
0.1527078035
0.1387067211
0.1560815387
0.1559987502
0.155247714
0.1507692314
0.135919259
0.1560582188
0.1558912308
0.1545982788
0.148564798
0.1336249933
0.1560124307
0.1556970921
0.1536492253
0.1462390954
0.131577256
0.1559270025
0.1553683433
0.1523788827
0.143872515
0.1295404584
0.1557761917
0.1548527404
0.1508062698
0.1414987341
0.1274865942
0.1555183381
0.1540832237
0.1489621963
0.1391462364
0.125478183
0.1550895028
0.1529953197
0.1468879569
0.1367900416
0.1234829566
0.1543892486
0.1515123211
0.1446076424
0.1344122984
0.1214883497
0.1532212333
0.1495865847
0.1421658561
0.1319814817
0.1194568329
0.1513544064
0.1472223001
0.1395509279
0.1294685099
0.1173471641
0.1488366539
0.144474395
0.1367649008
0.1268717461
0.1151741729
0.1454784764
0.1412375408
0.1337239769
0.1241325194
0.1128909507
0.1415015679
0.1375499324
0.1303688582
0.1211573074
0.1104099258
0.1368109481
0.1332143592
0.1264909756
0.1177781611
0.1076012655
0.1312787381
0.128105748
0.1219580106
0.1138098622
0.1041803856
0.1251512438
0.1223163589
0.11663081
0.1088962128
0.0996252402
0.1178226233
0.11517245
0.1097762559
0.1023563072
0.09342575585
0.1079657932
0.1055363765
0.1005960698
0.09387370642
0.08594247444
0.09489213956
0.09310191472
0.08937449996
0.08420334679
0.07802977741
0.08214137022
0.08094905267
0.07841050973
0.07479927878
0.07038075683
0.0714797405
0.0706840288
0.0689653216
0.06647042229
0.06335125196
0.06289671321
0.06235280742
0.06117256276
0.05945080958
0.05728404934
0.1223163107
0.1214799292
0.1208963915
0.1202117667
0.1194005771
0.1184028244
0.117171539
0.115796406
0.1144084167
0.1129695565
0.1114772038
0.1099014856
0.108204229
0.1064467628
0.1045672835
0.1024930752
0.1001198929
0.09705796635
0.09270842979
0.08680979901
0.0802269106
0.07357120561
0.06711955416
0.06101540866
0.05563706801
0.07294672914
0.005308400189
0.0001511656992
3.789901278e-06
1.230008941e-07
0.08419160169
0.02694566573
0.001567530428
4.717574135e-05
2.499451909e-06
0.08960489141
0.04229682548
0.003877005261
0.0002017533625
1.317989343e-05
0.0928710032
0.05032295116
0.006473886349
0.0005011172388
3.082737005e-05
0.09480133902
0.05540646599
0.012294458
0.001239354159
8.920282036e-05
0.09586264155
0.05930143935
0.01951870799
0.002439691438
0.0002230019538
0.09632470158
0.06241756593
0.02581452071
0.003738124718
0.0004195588335
0.09640792592
0.06502604413
0.03136345421
0.005110117098
0.0006666534318
0.09629709628
0.06710786929
0.03571327451
0.007643273732
0.001126737568
0.09596448039
0.06863161515
0.03909351287
0.01085853581
0.001777569967
0.0954417228
0.06968530457
0.04170523459
0.01411843309
0.002530197849
0.09472179438
0.07036768948
0.04393284122
0.01751879033
0.003390603433
0.09380317671
0.07077942935
0.04599419133
0.02115137261
0.004710858423
0.09279007826
0.07103804982
0.04771641221
0.02411923788
0.006554188364
0.09161704661
0.07103438559
0.04901811667
0.02654730254
0.008530286773
0.09022313148
0.07074198726
0.04995095319
0.02864785316
0.01061264241
0.08856165232
0.07019005545
0.0505430559
0.03024177469
0.01231046362
0.08611232379
0.06849519006
0.04943003514
0.02949385195
0.01181083821
0.08215389205
0.06475810968
0.04565239784
0.02559524065
0.008551583384
0.07690035676
0.06069935222
0.04359719488
0.02596234261
0.008687239916
0.07182794438
0.05851127911
0.04540947818
0.03343298088
0.02367193945
0.06708750449
0.05684415851
0.0469646763
0.038126298
0.03087663217
0.06237603531
0.05466403346
0.04715039406
0.04031151899
0.03439046933
0.05762522616
0.05196912457
0.0462884506
0.04089799482
0.03599391734
0.0532368758
0.04906680334
0.04472332486
0.04044599726
0.03639306992
3.806739769e-08
2.243303532e-09
0
0
0
0
0
0
0
0
0
0
0
0
0
0
8.982927968e-07
2.688799479e-07
7.575101739e-08
1.249867e-08
1.287773095e-09
0
0
0
0
0
0
0
0
0
0
0
5.336931087e-06
3.655075192e-06
6.950196654e-07
1.311857767e-07
3.78768283e-08
1.467653873e-08
5.986715099e-09
1.762615904e-09
0
0
0
0
0
0
0
0
1.477723214e-05
1.52237978e-05
5.372623028e-06
8.974783797e-07
2.488050628e-07
1.085986538e-07
5.797725631e-08
3.195236175e-08
1.649812344e-08
7.288241732e-09
2.112598042e-09
0
0
0
0
0
2.555511467e-05
3.297750829e-05
2.785434792e-05
6.351825015e-06
1.309951996e-06
4.721541484e-07
2.386746894e-07
1.359829434e-07
7.825837154e-08
4.293028265e-08
2.123917084e-08
8.671231144e-09
2.307985685e-09
0
0
0
2.689423458e-05
4.492979297e-05
6.221463644e-05
3.267773554e-05
6.368854818e-06
1.663759478e-06
7.097495191e-07
3.818310901e-07
2.204365687e-07
1.269636949e-07
6.997082515e-08
3.54349794e-08
1.544969282e-08
4.952007825e-09
4.909622172e-10
0
3.245166637e-05
4.323297993e-05
8.812348102e-05
8.868048208e-05
3.02725144e-05
5.922413804e-06
1.901304686e-06
9.047054123e-07
5.033537917e-07
2.914165942e-07
1.671240548e-07
9.197484181e-08
4.693092391e-08
2.09995147e-08
7.271592318e-09
1.274248317e-09
5.233067923e-05
2.925078721e-05
9.730353713e-05
0.0001428048942
0.0001000742501
2.348978991e-05
5.344305659e-06
2.069871556e-06
1.055948915e-06
5.954491644e-07
3.438230482e-07
1.961499693e-07
1.076373443e-07
5.502455474e-08
2.487377684e-08
8.899138588e-09
0.0001033645723
2.112548663e-05
9.489476366e-05
0.000182689559
0.0002015603237
8.894824193e-05
1.708795374e-05
4.851477946e-06
2.13560607e-06
1.133506885e-06
6.432487847e-07
3.710205719e-07
2.113905985e-07
1.159513226e-07
5.929333313e-08
2.683398827e-08
0.0001930474477
2.211604957e-05
7.514030303e-05
0.0002127455841
0.0002923389655
0.0002275107197
5.837866637e-05
1.198857594e-05
4.283432014e-06
2.067295705e-06
1.129020449e-06
6.470724374e-07
3.75418706e-07
2.147859949e-07
1.180317295e-07
6.02607895e-08
0.0003142440747
3.176364397e-05
4.572111278e-05
0.0002272171512
0.0003916541711
0.0004157760702
0.0001659233863
3.204412668e-05
8.926208858e-06
3.741067308e-06
1.909071456e-06
1.065767168e-06
6.193628613e-07
3.630134099e-07
2.088951276e-07
1.148421546e-07
0.0004762599006
5.017893405e-05
3.099199339e-05
0.0002220045494
0.0005042334801
0.0006370754094
0.0003953716598
8.730548866e-05
2.009724626e-05
6.880073487e-06
3.145166282e-06
1.672698989e-06
9.603241703e-07
5.695948426e-07
3.379454693e-07
1.952324757e-07
0.0006954054989
8.30655148e-05
2.702633516e-05
0.0001818334229
0.0006263006655
0.0009178792721
0.0007546555275
0.0002302247939
4.699049788e-05
1.312890353e-05
5.13404198e-06
2.530484209e-06
1.414589063e-06
8.403651336e-07
5.083510717e-07
3.038392943e-07
0.001053514441
0.000139657989
2.98658811e-05
0.000137593005
0.0007560491519
0.00127159687
0.001249026976
0.0005469313635
0.0001114470053
2.672532903e-05
8.609600148e-06
3.794791354e-06
2.02545364e-06
1.189831478e-06
7.254963198e-07
4.42894412e-07
0.001493904722
0.000220461651
4.219467783e-05
0.0001284577861
0.0009355572492
0.001726143394
0.001816451223
0.001098611136
0.0002675303726
5.908481765e-05
1.519669238e-05
5.729484462e-06
2.855596364e-06
1.638903523e-06
9.975043008e-07
6.155553459e-07
0.002029035876
0.0003103779982
6.498382129e-05
0.0001626812703
0.001292414069
0.002376356576
0.002485527653
0.001773252808
0.0006066978384
0.0001418219787
2.967273699e-05
9.073358805e-06
4.070932388e-06
2.241990313e-06
1.346989828e-06
8.325151825e-07
0.002530918476
0.0004440735405
0.0001053546997
0.0002865373229
0.002132452343
0.00334493336
0.003260327607
0.002407991561
0.001189514182
0.000342270555
6.686914838e-05
1.625533569e-05
6.206549534e-06
3.164293306e-06
1.839526301e-06
1.125143423e-06
0.002524170776
0.0004803620036
0.0002640981271
0.001407900252
0.003872270819
0.004622855341
0.004117406734
0.003065861544
0.001851709134
0.0007671164955
0.000183209257
3.8089146e-05
1.129391372e-05
4.898483639e-06
2.642930876e-06
1.569431516e-06
0.001816237741
0.0004480895108
0.0007139672235
0.004498712104
0.006166551615
0.006010857103
0.00503506002
0.003797861931
0.002555563602
0.001418703266
0.0005408747419
0.0001308821723
2.962954128e-05
9.397282887e-06
4.236007178e-06
2.330833383e-06
0.00252351937
0.002733337688
0.00723071349
0.008670721297
0.008466825819
0.007433887278
0.006088062231
0.004692560545
0.003380208265
0.002211937766
0.001199804493
0.0004501864619
0.0001101250057
2.569794647e-05
8.397606717e-06
3.864556824e-06
0.01707610886
0.01461180393
0.01344430342
0.01216795148
0.01064709234
0.009001765888
0.007355890108
0.005796514284
0.004374978909
0.003116084632
0.002025742885
0.001094646863
0.00041055485
0.0001003003828
2.361025561e-05
7.853926963e-06
0.02491581002
0.02065593874
0.01756866023
0.01503053942
0.01277265757
0.01070290653
0.008804018757
0.007078319854
0.005528923779
0.004154731928
0.002952203458
0.001916734622
0.001035809592
0.0003874178724
9.348306482e-05
2.213014012e-05
0.02891365187
0.02426898546
0.02055675217
0.01746987806
0.01480908967
0.01245800314
0.01035788428
0.008477401749
0.006797022427
0.005301884806
0.003979891049
0.002822889562
0.001827876476
0.000984116274
0.0003641509296
8.598309971e-05
0.03114898749
0.02664386485
0.02281654366
0.0195308005
0.01667553108
0.01415635134
0.01191199944
0.009904704376
0.008107789635
0.006500919356
0.005068137404
0.003797879296
0.002684125111
0.00172788687
0.0009220958824
0.0003352496427
0.03221453148
0.02814275175
)
;

boundaryField
{
    inletCH4
    {
        type            fixedValue;
        value           uniform 0.1561;
    }
    wallOutside
    {
        type            zeroGradient;
    }
    wallTube
    {
        type            zeroGradient;
    }
    inletPilot
    {
        type            fixedValue;
        value           uniform 0;
    }
    inletAir
    {
        type            fixedValue;
        value           uniform 0;
    }
    outlet
    {
        type            zeroGradient;
    }
    axis
    {
        type            empty;
    }
    frontAndBack_pos
    {
        type            wedge;
    }
    frontAndBack_neg
    {
        type            wedge;
    }
    procBoundary3to1
    {
        type            processor;
        value           nonuniform List<scalar> 
22
(
0
0
0
0
0
0
0
1.784616551e-09
9.649798877e-09
2.71265526e-08
5.833834213e-08
1.07003968e-07
1.752281183e-07
2.642099656e-07
3.751829162e-07
5.13554459e-07
6.965492121e-07
9.638002747e-07
1.39248852e-06
2.148966575e-06
3.669641583e-06
7.513073269e-06
)
;
    }
    procBoundary3to5
    {
        type            processor;
        value           nonuniform List<scalar> 
30
(
0.05622425625
0.05584817839
0.05502917081
0.05381933463
0.05226939088
0.05106952425
0.04931634201
0.04618241389
0.04282098496
0.03940308129
0.03605397708
2.059256864e-05
0.02450857723
0.02123388023
0.01830779351
0.015704375
0.01337437924
0.01127905319
0.009392612393
0.007694229324
0.00616728817
0.004799481864
0.003583275895
0.002516520655
0.001603672938
7.727154193e-05
0.0008418367868
0.03247996375
0.02450857723
0.0288440454
)
;
    }
}
)

// Processor4

14814
(dimensions      [0 0 0 0 0 0 0];

internalField   nonuniform List<scalar> 
862
(
0.0171760015
0.01716438917
0.01713888116
0.01710023757
0.01704871647
0.01671111015
0.01670036522
0.01667675919
0.01664099068
0.01659329167
0.01626650621
0.01625654973
0.01623467377
0.01620152136
0.01615730153
0.01584088126
0.01583164338
0.01581134419
0.0157805767
0.0157395297
0.01543304329
0.01542446145
0.01540560217
0.01537701305
0.01533886499
0.01504191155
0.01503392972
0.01501638736
0.014989791
0.01495429569
0.01466650877
0.01465907653
0.01464274072
0.01461797049
0.01458490678
0.01430593692
0.01429900874
0.01428377956
0.01426068458
0.0142298522
0.01395937698
0.01395291185
0.01393869951
0.01391714412
0.01388836288
0.01362604885
0.0136200094
0.01360673188
0.01358659219
0.01355969747
0.01330525655
0.01329960926
0.01328719311
0.01326835809
0.01324320235
0.0129962954
0.01299100916
0.01297938609
0.01296175251
0.01293819848
0.01269860606
0.01269365318
0.01268276252
0.01266623866
0.01264416434
0.01241152674
0.01240688117
0.01239666565
0.01238116486
0.01236045502
0.01213467967
0.0121303191
0.0121207299
0.01210617837
0.01208673479
0.01186726855
0.01186317115
0.01185416014
0.01184048498
0.01182221055
0.01160927961
0.01160542786
0.01159695682
0.01158410029
0.01156691827
0.01135987891
0.01135625317
0.01134827871
0.01133617503
0.01131999782
0.01112294451
0.01111952973
0.0111120193
0.01110061944
0.01108538177
0.01091947069
0.01091622732
0.01090909332
0.010898264
0.01088378761
0.01700643828
0.01655413925
0.01612099558
0.0157058208
0.01530752993
0.01492513372
0.01455773741
0.01420451187
0.01386470441
0.01353758629
0.0132225178
0.01291882828
0.01262600865
0.01234341946
0.01207073892
0.01180717488
0.01155278002
0.01130668541
0.01107284128
0.0108718723
0.01694263944
0.01681715132
0.01666644927
0.01649169654
0.0162941674
0.01649505481
0.01637876277
0.01623900804
0.0160768215
0.01589333365
0.01606620531
0.01595829783
0.01582853466
0.0156778312
0.01550719225
0.01565494916
0.01555469976
0.01543407128
0.0152938783
0.01513501551
0.01526024068
0.01516699804
0.01505473506
0.01492417802
0.01477612497
0.01488112422
0.0147943017
0.01468971063
0.01456799976
0.01442988217
0.01451673539
0.01443580482
0.01433826054
0.01422468305
0.01409571046
0.01416627058
0.01409075269
0.01399968732
0.01389359476
0.01377304691
0.01382900163
0.01375846465
0.01367336599
0.01357417271
0.01346139812
0.01350421901
0.01343826757
0.01335866601
0.01326583431
0.01316023381
0.01319130378
0.01312958326
0.01305505711
0.01296810349
0.01286913754
0.01288959824
0.01283177785
0.0127619334
0.01268040585
0.01258756942
0.01259861155
0.01254439758
0.0124788851
0.0124023821
0.01231522622
0.01231771311
0.01226682669
0.01220531373
0.01213345279
0.01205154912
0.01204660126
0.01199880568
0.01194100985
0.01187346593
0.01179644997
0.01178448687
0.01173954642
0.01168518571
0.01162163349
0.01154913999
0.01153144616
0.01148917717
0.01143803202
0.01137821844
0.01130996309
0.01128659948
0.01124678903
0.01119860472
0.01114223591
0.01107788882
0.01105391859
0.01101640887
0.01097099606
0.01091785192
0.01085716295
0.01085389379
0.01081824154
0.01077506774
0.01072453054
0.01066680202
0.00173275823
0.001248043281
0.0008257265141
0.0004700021325
0.002021922565
0.001520381237
0.001074672878
0.0006896215424
0.0003682836424
0.00230509545
0.001791406243
0.001328237986
0.000918652783
0.0005672374523
0.003146192339
0.002579781894
0.002057511415
0.001581210597
0.001153204644
0.0007769473454
0.003412706075
0.002844573098
0.002316736362
0.001830858778
0.001388844002
0.0009933687165
0.003665798044
0.00309837812
0.002567753372
0.002075502648
0.001623331477
0.001213387343
0.004501876345
0.00390518545
0.003340532838
0.002809440457
0.00231340475
0.001854073038
0.00143326151
0.004719777876
0.00413060235
0.003570444439
0.003040824051
0.002543215178
0.002079179704
0.001650333575
0.005523867123
0.004922130368
0.004341837229
0.003787692348
0.003261256618
0.00276402418
0.00229744203
0.001863089237
0.006299433682
0.005695771823
0.005108361242
0.004539325439
0.003992473949
0.003470685775
0.002975451651
0.002508214237
0.002070500071
0.006438207036
0.005851639077
0.0052791264
0.004722678362
0.004184239366
0.003668414063
0.003176677755
0.002710478104
0.00227122054
0.007140627158
0.006561250087
0.005992001419
0.005434765223
0.004891355649
0.00436368865
0.003854844809
0.003367781701
0.002903939069
0.002464690179
0.01604943751
0.01574862757
0.01541395217
0.01504690268
0.0146492636
0.01422307432
0.01377058805
0.01329422874
0.01279654878
0.01228018833
0.0117478385
0.0112022069
0.01064598823
0.01008184008
0.009512359883
0.008940067971
0.008367397327
0.007796680014
0.007230134676
0.006669885427
0.006117936822
0.005576150992
0.005046330042
0.004530217397
0.004029551464
0.003548311525
0.003088128097
0.002650352317
0.01566577793
0.01538569682
0.01507363116
0.01473083992
0.01435885576
0.01395945387
0.01353461705
0.01308649872
0.01261738588
0.01212966255
0.01162577668
0.01110820809
0.01057944116
0.01004194165
0.009498134973
0.008950389285
0.008401003437
0.007852192801
0.007306082604
0.006764706386
0.006230003613
0.005703827216
0.005187854063
0.00468372697
0.004193146891
0.003718577738
0.003263056506
0.002827934796
0.01529537667
0.01503433463
0.01474308384
0.01442268155
0.01407443974
0.01369989981
0.01330080322
0.01287905989
0.01243671566
0.01197592065
0.01149889803
0.01100791597
0.01050526199
0.009993220128
0.009474050387
0.008949971645
0.008423148584
0.007895681626
0.00736959673
0.006846839689
0.006329271357
0.005818661776
0.005316684759
0.004824946997
0.004344999924
0.003878430204
0.003428530682
0.002997110804
0.01493764711
0.01469411598
0.01442205148
0.01412233581
0.0137960877
0.01344464179
0.0130695243
0.01267242615
0.0122551744
0.01181970476
0.01136803313
0.0109022302
0.01042439776
0.009936646725
0.009441078195
0.008939767066
0.008434749146
0.007928010999
0.007421476909
0.006917004071
0.006416378313
0.005921312039
0.005433449627
0.004954292957
0.004485333819
0.004028093773
0.003584518922
0.00315765846
0.01459203648
0.01436463259
0.01411027499
0.01382969408
0.0135238392
0.01319386223
0.01284109749
0.01246703859
0.01207331465
0.01166166477
0.01123391383
0.01079194908
0.01033769846
0.009873109811
0.009400133397
0.008920705825
0.008436737134
0.007950099104
0.007462614312
0.006976050812
0.006492116098
0.006012453314
0.005538637628
0.005072170409
0.004614490833
0.004166995807
0.003731130694
0.003309613885
0.01425801535
0.01404548046
0.01380748015
0.01354461316
0.0132576805
0.01294767253
0.01261575242
0.01226323662
0.01189157456
0.01150232624
0.01109714075
0.01067773542
0.01024587527
0.009803354339
0.00935197886
0.008893552295
0.008429862309
0.007962669705
0.007493699966
0.007024633759
0.006557101568
0.006092680011
0.005632889787
0.005179194488
0.004732939662
0.004295476283
0.003868178014
0.003452602077
0.01393510681
0.01373629848
0.01351342653
0.01326697556
0.01299761674
0.01270619762
0.01239372852
0.01206136721
0.01171040008
0.01134222367
0.01095832546
0.01056026505
0.01014965548
0.009728146113
0.00929740712
0.008859115096
0.008414941426
0.007966540227
0.007515538936
0.007063529009
0.00661206218
0.006162645233
0.005716736897
0.005275743333
0.00484101743
0.004413848452
0.00399549328
0.003587260257
0.01362283136
0.01343670338
0.01322783105
0.01299660017
0.01274356815
0.01246945627
0.01217513946
0.01186163232
0.01153007418
0.01118171278
0.01081788767
0.01044001276
0.01004955989
0.009648043301
0.009237004944
0.008818000732
0.008392589654
0.007962321565
0.007528728516
0.007093318374
0.006657567494
0.006222915095
0.005790760631
0.005362458772
0.004939318886
0.004522554146
0.00411339063
0.003713070724
0.01332077787
0.01314638091
0.01295048157
0.01273338002
0.01249553414
0.01223755404
0.01196019368
0.01166433952
0.01135099798
0.01102128144
0.01067639355
0.0103176136
0.009946282065
0.009563786257
0.009171546814
0.00877100483
0.008363612067
0.007950818927
0.007534066338
0.007114778141
0.006694352998
0.006274160359
0.005855535568
0.005439778757
0.005028149654
0.004621869533
0.004222104246
0.003830004816
0.01302847837
0.01286493433
0.01268105531
0.01247706745
0.01225334196
0.01201039078
0.01174886017
0.01146952188
0.01117326237
0.01086107121
0.01053402744
0.01019328659
0.009840067553
0.009475639581
0.009101309911
0.008718411971
0.008328295434
0.007932315134
0.007531822891
0.007128159629
0.006722649933
0.006316596704
0.005911276448
0.005507936427
0.005107791097
0.004712022038
0.004321735617
0.003938045598
0.01274558801
0.01259210445
0.01241938444
0.01222759045
0.01201701756
0.01178809116
0.011541362
0.01127749901
0.01099728072
0.0107015847
0.01039137619
0.01006769694
0.009731653216
0.009384404058
0.009027149882
0.008661122085
0.008287572576
0.007907764416
0.007522963907
0.007134433161
0.00674342485
0.00635117491
0.005958899195
0.005567789056
0.005179008272
0.004793691256
0.004412942297
0.004037824933
0.0124716083
0.01232743945
0.01216506565
0.01198459434
0.01178625456
0.01157039565
0.01133748368
0.01108809599
0.01082291373
0.01054271296
0.01024835545
0.0099407785
0.009620984492
0.00929003035
0.008949017542
0.008599081699
0.008241383206
0.007877098367
0.00750741201
0.007133510224
0.006756574356
0.006377774949
0.005998269332
0.005619195482
0.005241670561
0.0048667894
0.004495625587
0.004129195011
0.01220630378
0.01207078668
0.01191803564
0.01174811099
0.0115611843
0.01135753809
0.0111375635
0.0109017558
0.01065070829
0.01038510524
0.01010571402
0.00981337614
0.009508998133
0.009193542243
0.008868017311
0.008533469644
0.008190973114
0.007841621448
0.007486521018
0.007126783917
0.006763522448
0.006397844748
0.00603085011
0.005663622949
0.005297230836
0.004932721466
0.004571120324
0.004213426708
0.01194914037
0.01182163765
0.01167781204
0.01151768362
0.01134137425
0.01114910821
0.01094121029
0.01071810267
0.01048030012
0.01022840443
0.009963097391
0.009685133333
0.009395331126
0.009094565956
0.008783761205
0.008463879291
0.008135912443
0.007800875591
0.007459800181
0.00711372791
0.006763705278
0.006410778921
0.006055990085
0.00570037059
0.005344940515
0.004990705947
0.004638658913
0.004289779897
0.0117001072
0.01158007869
0.01144458682
0.01129361729
0.01112724888
0.0109456543
0.01074909934
0.01053794083
0.01031262301
0.01007367274
0.009821693748
0.009557360118
0.009281409234
0.008994634768
0.008697878839
0.008392024637
0.008077988379
0.007756711775
0.007429155776
0.007096295044
0.006759112793
0.006418596707
0.006075732763
0.005731501603
0.00538687577
0.005042816423
0.004700270259
0.004360165898
0.01145841444
0.01134531125
0.01121754992
0.01107508686
0.01091796356
0.01074630792
0.01056033426
0.01036034193
0.01014671253
0.009919906018
0.009680455941
0.009428963814
0.009166093025
0.008892562476
0.008609140129
0.008316635735
0.008015893929
0.007707787027
0.007393208794
0.007073069163
0.006748289067
0.006419796424
0.006088522472
0.005755397534
0.005421349141
0.005087297175
0.004754153054
0.004422821494
0.01122450444
0.01111790562
0.01099741163
0.01086295356
0.01071453993
0.01055225852
0.01037627698
0.01018684203
0.009984277483
0.009768981247
0.009541421518
0.009302132113
0.009051707487
0.008790796652
0.008520097481
0.008240350277
0.007952331607
0.007656847907
0.007354729594
0.007046826299
0.006734002901
0.006417136262
0.006097109552
0.005774806254
0.005451108078
0.005126892718
0.004803031169
0.004480384186
0.01099729189
0.01089669726
0.01078291869
0.01065586554
0.01051551777
0.01036192834
0.0101952242
0.01001560618
0.009823347823
0.009618793063
0.009402353173
0.009174502879
0.008935775847
0.008686759236
0.008428087777
0.008160438001
0.00788452217
0.007601082726
0.007310887385
0.00701472568
0.006713405257
0.006407749273
0.006098590163
0.005786765581
0.005473115909
0.005158483796
0.004843709119
0.00452962715
0.01078111529
0.01068614985
0.01057866844
0.01045856122
0.0103257824
0.01018035286
0.01002236161
0.009851966086
0.009669391447
0.00947492877
0.009268932659
0.009051818476
0.00882405833
0.008586176532
0.008338745169
0.008082379501
0.007817733329
0.007545495148
0.007266384536
0.006981147892
0.006690552718
0.006395382472
0.006096430647
0.005794496486
0.005490381155
0.005184883541
0.004878798634
0.004572916919
0.01059444157
0.01050402814
0.01040164587
0.01028716995
0.01016053468
0.01002173613
0.009870833637
0.00970795036
0.00953327305
0.009347050882
0.0091495941
0.008941270642
0.008722498998
0.008493744156
0.008255528027
0.00800842876
0.007753062317
0.007490077667
0.007220159138
0.006944019897
0.006662394728
0.006376033795
0.006085695774
0.005792144082
0.005496142654
0.005198452921
0.00489983692
0.004601062432
)
;

boundaryField
{
    inletCH4
    {
        type            fixedValue;
        value           nonuniform List<scalar> 0();
    }
    wallOutside
    {
        type            zeroGradient;
    }
    wallTube
    {
        type            zeroGradient;
    }
    inletPilot
    {
        type            fixedValue;
        value           nonuniform List<scalar> 0();
    }
    inletAir
    {
        type            fixedValue;
        value           nonuniform List<scalar> 0();
    }
    outlet
    {
        type            zeroGradient;
    }
    axis
    {
        type            empty;
    }
    frontAndBack_pos
    {
        type            wedge;
    }
    frontAndBack_neg
    {
        type            wedge;
    }
    procBoundary4to0
    {
        type            processor;
        value           nonuniform List<scalar> 
27
(
0.0008484753116
0.001053205302
0.001258499377
0.00146255339
0.001663766976
0.0018603366
0.002051406436
0.002236311497
0.002414429412
0.002585358245
0.002748688151
0.002904288155
0.003051676651
0.003191368782
0.003322784558
0.003446692162
0.003562017089
0.003669352645
0.003768463364
0.003860575395
0.003944966442
0.00402336832
0.004094171614
0.004159763252
0.004217038465
0.004267987541
0.004302875492
)
;
    }
    procBoundary4to2
    {
        type            processor;
        value           nonuniform List<scalar> 10(0.001439946356 0.0009779017036 0.0005854823063 0.0002683374262 0.0001943932037 0.0001943932037 0.0001345421452 0.0002784603283 0.000457624215 0.0006487922381);
    }
    procBoundary4to5
    {
        type            processor;
        value           nonuniform List<scalar> 
46
(
0.01766277489
0.01765020865
0.0176226071
0.01758079895
0.01752507217
0.01747935721
0.01741037728
0.01727478796
0.01711207161
0.01692354453
0.01671064629
0.002275689373
0.00257637781
0.002867101146
0.002867101146
0.003755120456
0.004019577027
0.004268462555
0.004268462555
0.005128910549
0.005335166467
0.005335166467
0.006144414349
0.006144414349
0.00691724906
0.007036742361
0.007036742361
0.01644714841
0.01612373599
0.01576446636
0.01537109869
0.01494570455
0.0144906222
0.01400840748
0.01350178448
0.01297359727
0.01242676491
0.01186424043
0.01128897446
0.01070388423
0.01011182889
0.009515586788
0.008917838634
0.00832115507
0.007727991911
0.007727991911
)
;
    }
}
)

// Processor5

15049
(dimensions      [0 0 0 0 0 0 0];

internalField   nonuniform List<scalar> 
862
(
0.05622425625
0.05584817839
0.05502917081
0.05381933463
0.05226939088
0.05114808085
0.05086963462
0.05026089634
0.04935708496
0.04819102511
0.04707670599
0.04686196619
0.04639207159
0.04569221583
0.04478480362
0.04371134425
0.04354117636
0.04316858902
0.0426122903
0.04188814528
0.04085718333
0.04071974704
0.04041864469
0.03996812895
0.0393797132
0.038379956
0.03826734226
0.03802045782
0.03765033692
0.0371654625
0.03617968171
0.03608620259
0.03588109407
0.03557302665
0.03516834161
0.03418202524
0.03410346479
0.03393092937
0.03367133006
0.03332948793
0.03234192054
0.03227515502
0.03212838298
0.03190720393
0.03161535191
0.03064391499
0.03058660685
0.03046053448
0.0302703062
0.0300188595
0.02909145737
0.0290418029
0.02893252625
0.0287674869
0.02854902705
0.02769079713
0.02764736211
0.02755177889
0.02740733466
0.02721591914
0.02643995835
0.02640160315
0.02631722879
0.0261896818
0.02602050677
0.02532648621
0.0252923173
0.02521719292
0.02510361113
0.02495285124
0.0243311694
0.02430050178
0.02423311054
0.02413121179
0.02399587966
0.02343304227
0.02340535156
0.02334452941
0.02325255596
0.023130344
0.0226131172
0.02258800015
0.02253284692
0.02244943639
0.02233855284
0.02185606823
0.02183320546
0.02178301103
0.02170708833
0.02160611702
0.0211504237
0.02112955579
0.02108374313
0.02101443541
0.02092222594
0.02048792968
0.02046883875
0.02042692675
0.02036350724
0.020279101
0.01986270005
0.01984520013
0.01980677816
0.0197486273
0.01967120693
0.01927046233
0.0192543918
0.01921910505
0.0191656879
0.01909454711
0.01870801169
0.01869322923
0.0186607671
0.01861161571
0.01854613652
0.01817281891
0.0181591997
0.01812928893
0.01808399155
0.01802362972
0.01766277489
0.01765020865
0.0176226071
0.01758079895
0.01752507217
0.05106952425
0.04728051954
0.04407154026
0.04131592006
0.03891266375
0.03677911296
0.03484487258
0.03305560002
0.03138109661
0.02981670207
0.02837305992
0.02706138801
0.02588358796
0.02483052846
0.02388582107
0.02303076046
0.02224805774
0.02152361023
0.02084680715
0.0202100132
0.01960779942
0.01903625375
0.01849245953
0.01797412914
0.01747935721
0.04931634201
0.04618241389
0.04282098496
0.03940308129
0.03605397708
0.04594754323
0.04351422151
0.04084563025
0.0380663008
0.03527442366
0.04302584814
0.04108729808
0.03892567125
0.03663333262
0.03428700699
0.04047581573
0.03890019863
0.0371206185
0.03520681653
0.03321885896
0.03822598216
0.03692623405
0.03544277232
0.03382884569
0.03213157192
0.03621048211
0.03512555642
0.03387578295
0.03250213561
0.03104170202
0.03436879105
0.03345334518
0.03238970335
0.03120974966
0.02994293116
0.03265300709
0.03187266025
0.03095866695
0.02993626204
0.02882915982
0.03103741442
0.03036609912
0.02957413867
0.02868185475
0.02770861581
0.02952048322
0.02893820959
0.02824728363
0.02746423585
0.02660501234
0.02811508837
0.02760600051
0.02699947293
0.02630896596
0.02554761807
0.02683425983
0.02638546499
0.0258495816
0.02523753195
0.02456011391
0.02568151225
0.02528255156
0.02480580815
0.02426012429
0.02365436335
0.02464912696
0.02429169276
0.02386461992
0.02337508387
0.02283038111
0.02372185276
0.02339948786
0.02301448332
0.02257270579
0.0220802049
0.0228818197
0.02258954423
0.0222406007
0.02183983981
0.02139232733
0.02211230615
0.02184624223
0.02152862083
0.02116350379
0.02075517948
0.02139957961
0.02115663346
0.02086654681
0.02053276251
0.02015894768
0.02073327077
0.02051089712
0.02024524886
0.0199392749
0.01959613813
0.02010591247
0.01990195976
0.01965815795
0.01937705411
0.01906139502
0.01951220293
0.01932481344
0.01910064153
0.01884190153
0.01855099134
0.01894833622
0.01877588712
0.0185694227
0.01833087745
0.01806235328
0.01841148612
0.01825254606
0.01806210164
0.0178418495
0.01759363794
0.0178994449
0.01775274502
0.01757682835
0.01737318742
0.01714345168
0.01741037728
0.01727478796
0.01711207161
0.01692354453
0.01671064629
2.059256864e-05
7.200689804e-06
3.501089187e-06
2.005276408e-06
1.210162057e-06
7.306888597e-07
4.30052161e-07
7.727154193e-05
1.884539276e-05
6.879926199e-06
3.441966674e-06
1.997951663e-06
1.211790599e-06
7.325116518e-07
0.02450857723
0.02123388023
0.01830779351
0.015704375
0.01337437924
0.01127905319
0.009392612393
0.007694229324
0.00616728817
0.004799481864
0.003583275895
0.002516520655
0.001603672938
0.0008418367868
0.000297341121
6.694917615e-05
1.690139304e-05
6.493947791e-06
3.353242275e-06
1.974054253e-06
1.203818121e-06
0.03247996375
0.0288440454
0.02548003298
0.02240093657
0.01958343293
0.01700400262
0.014649499
0.0125164709
0.01057887672
0.008819361299
0.007223289724
0.00577972757
0.004481807176
0.003326704871
0.00231587412
0.001455994125
0.0007466229412
0.0002535690141
5.640444555e-05
1.497003977e-05
6.067816336e-06
3.225968733e-06
1.922203488e-06
0.03221980426
0.02901927045
0.02598091039
0.02313147921
0.02047844173
0.0180136208
0.01572254049
0.0136014823
0.01164522136
0.009852526566
0.008211211608
0.006712977328
0.005352974705
0.004129321343
0.003042639545
0.00209633989
0.001296779441
0.0006434107405
0.0002057169874
4.555274177e-05
1.294306209e-05
5.567514833e-06
3.051590904e-06
0.03167071301
0.02886553994
0.02614425671
0.02354052643
0.02107186458
0.01874457196
0.01655670324
0.01450023823
0.01257349862
0.0107739914
0.009108842589
0.007575396971
0.006171755953
0.004897602188
0.00375387401
0.002742480021
0.001866984964
0.001131636115
0.0005364211787
0.000158535947
3.56419677e-05
1.101109557e-05
5.034356979e-06
0.03096839508
0.02850975148
0.02608070225
0.02371588471
0.02143709039
0.01925638782
0.0171791651
0.01520599811
0.01333397795
0.01156532112
0.009902553072
0.008351396607
0.006921296888
0.005613584128
0.004429766646
0.00337131903
0.002439807544
0.00163826158
0.0009690192615
0.0004353335085
0.0001196241657
2.80625727e-05
9.418327875e-06
0.03018536362
0.02802453813
0.02585509007
0.0237097183
0.02161144516
0.01957558548
0.01761191989
0.01572655111
0.01392253346
0.01220098998
0.0105677184
0.009028744574
0.007589102374
0.006264764225
0.00505757792
0.003968704457
0.002998745985
0.002148366985
0.00142014717
0.0008141757672
0.0003429573834
8.852886041e-05
2.188875246e-05
0.02934789918
0.0274400626
0.02549675234
0.02354780498
0.02161607135
0.01971860901
0.01786804809
0.01607396761
0.01434393138
0.01268336372
0.01109614046
0.009589586816
0.00817091929
0.006844935717
0.00562910854
0.004524326944
0.003530627202
0.002647639155
0.001875546424
0.001217115009
0.000670384527
0.0002599378458
6.318568399e-05
0.02845875271
0.02676545375
0.02501858993
0.02324507514
0.02146693919
0.01970193966
0.01796437846
0.01626593267
0.01461641075
0.01302426372
0.01149625098
0.01003758667
0.008655263845
0.007355522611
0.006144195069
0.005036099891
0.004031022849
0.003128145411
0.002326661223
0.001626765414
0.001031002496
0.00053984601
0.0001908178165
0.02752072865
0.02601119818
0.02443696447
0.0228221443
0.02118752139
0.0195507802
0.01792690966
0.01632865599
0.01476694803
0.01325118098
0.01178948288
0.01038845033
0.009053603913
0.007791112376
0.00660551561
0.005504777448
0.004498395317
0.003585609914
0.002765498718
0.00203755441
0.00140256524
0.0008641047913
0.0004241057503
0.02654993011
0.02520044477
0.02378039135
0.02231124043
0.02081221868
0.01930029088
0.01779029364
0.01629513764
0.01482602748
0.0133926837
0.01200347646
0.01066555383
0.009384434661
0.008165081191
0.007012851225
0.005931311218
0.004931608918
0.004016916799
0.003186432737
0.00243963206
0.001776893058
0.001200485184
0.0007147493472
0.02557583753
0.02436764117
0.02308669083
0.02175188208
0.02038062802
0.01898869786
0.01759018887
0.01619758367
0.01482184996
0.01347256546
0.01215802392
0.01088537139
0.009660753977
0.008488953562
0.007374215858
0.006320587652
0.005333549164
0.004422890957
0.00358838477
0.002829853281
0.002147576709
0.001542974598
0.001019721108
0.0246310931
0.02354798757
0.02239233418
0.02118054008
0.01992808636
0.01864929594
0.01735721507
0.01606357983
0.0147788376
0.01351219807
0.01227171518
0.01106435824
0.009896075157
0.008771844913
0.007696016052
0.00667284136
0.005705515301
0.004803447901
0.003970075486
0.003205582114
0.002510407737
0.001885657731
0.001333542122
0.02374124459
0.02276818696
0.02172425658
0.0206235213
0.01947953983
0.01830510111
0.01711205853
0.01591124208
0.01471242871
0.01352435213
0.01235474608
0.01121040686
0.01009727612
0.009020552468
0.007984503517
0.006992891855
0.006049443682
0.005159740333
0.004331608002
0.003565788688
0.002863029666
0.002224332488
0.001651308218
0.02291961418
0.02204249941
0.0210970341
0.02009517062
0.01904866316
0.01796880704
0.01686625379
0.01575089328
0.01463179073
0.01351716342
0.01241439071
0.01133004255
0.01026992344
0.009239116836
0.008242030655
0.007282663531
0.006364901664
0.005491875509
0.004672289905
0.003908917637
0.003202757449
0.002554889787
0.001966657701
0.02216782361
0.02137384786
0.0205144792
0.01959982594
0.01864002228
0.01764498309
0.0166242166
0.01558669106
0.01454075012
0.01349406765
0.01245363497
0.01142577119
0.0104161488
0.009429842884
0.008471400703
0.007544669196
0.006653125857
0.005800313737
0.004991796807
0.004233814388
0.003527653657
0.002874519296
0.002275689373
0.02147971507
0.02075776754
0.0199735573
0.01913562785
0.01825270209
0.01733346021
0.0163863609
0.01541950521
0.01444054202
0.01345660791
0.01247429523
0.01149964118
0.01053812817
0.009594703192
0.008673793518
0.007779323037
0.006914927516
0.00608407489
0.00528974098
0.00453980517
0.003836702685
0.003181779267
0.00257637781
0.02084555892
0.0201863233
0.01946796596
0.0186977243
0.01788311452
0.01703173603
0.01615110624
0.0152485279
0.01433099001
0.01340509676
0.0124770224
0.01155248697
0.010636751
0.009734620848
0.008850468784
0.007988270625
0.007151438019
0.0063431324
0.005566636603
0.004826942483
0.004129440798
0.003475681016
0.002867101146
0.02025536378
0.01965119454
0.01899097248
0.0182808512
0.01752732276
0.01673704789
0.01591670596
0.01507286999
0.01421190824
0.01333990938
0.01246263154
0.01158546918
0.01071343723
0.009851157907
0.009002864042
0.008172405459
0.0073632548
0.006578628139
0.005821546957
0.005094767655
0.004405123545
0.003755120456
0.01970059235
0.01914523388
0.01853677984
0.01788048054
0.01718195695
0.01644705395
0.01568170662
0.01489182566
0.01408320288
0.01326143638
0.01243187584
0.01159958136
0.01076929663
0.009945433925
0.00913207654
0.008332985073
0.007551617958
0.006790982322
0.00605393075
0.00534344635
0.004663679421
0.004019577027
0.0191747284
0.01866301164
0.01810103118
0.01749327939
0.01684463274
0.01616022578
0.01544533341
0.01470526721
0.01394528587
0.01317052235
0.01238592712
0.0115962243
0.01080588201
0.01001909837
0.009239786934
0.008471572382
0.007717792956
0.006981502423
0.006265510963
0.005572438939
0.004904842793
0.004268462555
0.01867315059
0.01820073232
0.01768075576
0.01711707107
0.01651391343
0.01587579502
0.01520740242
0.01451350314
0.01379886273
0.0130681762
0.01232601229
0.01157676989
0.01082464494
0.01007360925
0.009327390598
0.008589469395
0.007863080193
0.007151220685
0.006456523459
0.00578154076
0.005128910549
0.01819268244
0.01775584153
0.01727402261
0.01675052724
0.01618903431
0.01559350882
0.01496811263
0.01431712087
0.01364484657
0.01295557653
0.01225351696
0.01154274931
0.01082719518
0.01011059144
0.009396476402
0.008688175288
0.007988797108
0.007301234669
0.006628167206
0.005972047277
0.005335166467
0.01773117807
0.01732667795
0.0168796582
0.01639294813
0.01586974206
0.01531352204
0.0147279805
0.01411694573
0.01348431427
0.01283399113
0.01216983805
0.01149563121
0.01081502662
0.01013153482
0.009448503659
0.008769098493
0.008096299277
0.007432897783
0.006781497994
0.006144414349
0.01728713258
0.01691211841
0.01649692269
0.01604396644
0.01555601996
0.0150361375
0.01448759053
0.01391380214
0.01331828669
0.01270459491
0.01207626517
0.0114367835
0.01078954884
0.01013784682
0.009484828653
0.008833495385
0.008186691937
0.007547102141
0.00691724906
0.01685942832
0.01651135631
0.01612532276
0.01570339465
0.0152479703
0.0147617248
0.0142475522
0.01370850884
0.01314775906
0.0125685254
0.01197404331
0.01136752302
0.01075211623
0.01013089072
0.009506808577
0.00888271255
0.008261312934
0.007645180842
0.007036742361
0.01644714841
0.01612373599
0.01576446636
0.01537109869
0.01494570455
0.0144906222
0.01400840748
0.01350178448
0.01297359727
0.01242676491
0.01186424043
0.01128897446
0.01070388423
0.01011182889
0.009515586788
0.008917838634
0.00832115507
0.007727991911
)
;

boundaryField
{
    inletCH4
    {
        type            fixedValue;
        value           nonuniform List<scalar> 0();
    }
    wallOutside
    {
        type            zeroGradient;
    }
    wallTube
    {
        type            zeroGradient;
    }
    inletPilot
    {
        type            fixedValue;
        value           nonuniform List<scalar> 0();
    }
    inletAir
    {
        type            fixedValue;
        value           nonuniform List<scalar> 0();
    }
    outlet
    {
        type            zeroGradient;
    }
    axis
    {
        type            empty;
    }
    frontAndBack_pos
    {
        type            wedge;
    }
    frontAndBack_neg
    {
        type            wedge;
    }
    procBoundary5to1
    {
        type            processor;
        value           nonuniform List<scalar> 7(7.513073269e-06 3.565600224e-06 2.016790076e-06 1.211318877e-06 7.310972641e-07 4.311395615e-07 2.435404225e-07);
    }
    procBoundary5to2
    {
        type            processor;
        value           nonuniform List<scalar> 
16
(
2.418965054e-07
4.305696999e-07
7.282947959e-07
1.176933947e-06
1.838960289e-06
2.839419352e-06
4.527210511e-06
7.982968512e-06
1.667763098e-05
4.472052647e-05
0.0001335468733
0.0003243920204
0.000580741994
0.0008586439263
0.001146472242
0.001439946356
)
;
    }
    procBoundary5to3
    {
        type            processor;
        value           nonuniform List<scalar> 
30
(
0.06289671321
0.06235280742
0.06117256276
0.05945080958
0.05728404934
0.05563706801
0.0532368758
0.04906680334
0.04472332486
0.04044599726
0.03639306992
8.598309971e-05
0.02281654366
0.0195308005
0.01667553108
0.01415635134
0.01191199944
0.009904704376
0.008107789635
0.006500919356
0.005068137404
0.003797879296
0.002684125111
0.00172788687
0.0009220958824
0.0003352496427
0.0003352496427
0.03221453148
0.02814275175
0.02814275175
)
;
    }
    procBoundary5to4
    {
        type            processor;
        value           nonuniform List<scalar> 
46
(
0.0171760015
0.01716438917
0.01713888116
0.01710023757
0.01704871647
0.01700643828
0.01694263944
0.01681715132
0.01666644927
0.01649169654
0.0162941674
0.00173275823
0.002021922565
0.00230509545
0.003146192339
0.003146192339
0.003412706075
0.003665798044
0.004501876345
0.004501876345
0.004719777876
0.005523867123
0.005523867123
0.006299433682
0.006299433682
0.006438207036
0.007140627158
0.01604943751
0.01574862757
0.01541395217
0.01504690268
0.0146492636
0.01422307432
0.01377058805
0.01329422874
0.01279654878
0.01228018833
0.0117478385
0.0112022069
0.01064598823
0.01008184008
0.009512359883
0.008940067971
0.008367397327
0.007140627158
0.007796680014
)
;
    }
}
)