/*--------------------------------*- C++ -*----------------------------------*\
  =========                 |
  \\      /  F ield         | OpenFOAM: The Open Source CFD Toolbox
   \\    /   O peration     | Website:  https://openfoam.org
    \\  /    A nd           | Version:  10
     \\/     M anipulation  |
\*---------------------------------------------------------------------------*/
FoamFile
{
    format      binary;
    class       decomposedBlockData;
    location    "/home/zhouyuchen/Desktop/FastChemistrySolver-OpenFOAM-10/EC-CCM/OpenFOAM-10/Sandia/processors6/0.02498436188/p_0";
    object      p_0;
}
// * * * * * * * * * * * * * * * * * * * * * * * * * * * * * * * * * * * * * //


// Processor0

12749
(/*--------------------------------*- C++ -*----------------------------------*\
  =========                 |
  \\      /  F ield         | OpenFOAM: The Open Source CFD Toolbox
   \\    /   O peration     | Website:  https://openfoam.org
    \\  /    A nd           | Version:  10
     \\/     M anipulation  |
\*---------------------------------------------------------------------------*/
FoamFile
{
    format      ascii;
    class       volScalarField;
    location    "0.02498436188";
    object      p_0;
}
// * * * * * * * * * * * * * * * * * * * * * * * * * * * * * * * * * * * * * //

dimensions      [1 -1 -2 0 0 0 0];

internalField   nonuniform List<scalar> 
864
(
100006.0428
100006.0414
100006.0398
100006.0431
100006.0442
100006.0492
100006.0542
100006.0595
100006.0642
100006.0691
100006.0738
100006.079
100006.0838
100006.0892
100006.0941
100006.0999
100006.1048
100006.1108
100006.1153
100006.1216
100006.1254
100006.132
100006.1348
100006.1417
100006.1436
100006.1508
100006.1516
100006.1597
100006.1598
100006.1685
100006.1687
100006.1767
100006.0475
100006.045
100006.0409
100006.0412
100006.0417
100006.0443
100006.0476
100006.052
100006.0556
100006.0598
100006.0637
100006.0683
100006.0728
100006.0781
100006.0831
100006.0891
100006.0944
100006.1011
100006.1064
100006.1137
100006.1186
100006.1267
100006.1312
100006.1397
100006.1434
100006.1524
100006.1552
100006.1646
100006.1662
100006.1754
100006.176
100006.1835
100006.0243
100006.0192
100006.0177
100006.0125
100006.0149
100006.0139
100006.0174
100006.0203
100006.0243
100006.0276
100006.0316
100006.0359
100006.0405
100006.0459
100006.0513
100006.0577
100006.0636
100006.0711
100006.0773
100006.0857
100006.0919
100006.1011
100006.107
100006.1167
100006.122
100006.1321
100006.1365
100006.1465
100006.1496
100006.1592
100006.1613
100006.1702
100005.9709
100005.9664
100005.9627
100005.961
100005.9579
100005.9606
100005.9609
100005.9647
100005.968
100005.9724
100005.9762
100005.981
100005.9858
100005.9916
100005.9974
100006.0044
100006.0109
100006.019
100006.026
100006.0352
100006.0422
100006.0523
100006.0591
100006.0698
100006.076
100006.087
100006.0922
100006.1031
100006.1069
100006.1174
100006.1199
100006.1295
100005.89
100005.8867
100005.8835
100005.8825
100005.8802
100005.8814
100005.8829
100005.8863
100005.8903
100005.8951
100005.8995
100005.9048
100005.91
100005.9163
100005.9224
100005.9297
100005.9366
100005.945
100005.9523
100005.9617
100005.9691
100005.9793
100005.9864
100005.9972
100006.0037
100006.0146
100006.0201
100006.0309
100006.0349
100006.0452
100006.0477
100006.0569
100005.7825
100005.7798
100005.7786
100005.7767
100005.7781
100005.7762
100005.7809
100005.7825
100005.788
100005.7927
100005.798
100005.8034
100005.8092
100005.8156
100005.822
100005.8294
100005.8362
100005.8446
100005.8517
100005.8608
100005.8679
100005.8777
100005.8844
100005.8946
100005.9007
100005.9109
100005.916
100005.9262
100005.9296
100005.9393
100005.9415
100005.9502
100005.6504
100005.6492
100005.6485
100005.6488
100005.6492
100005.6515
100005.6523
100005.6581
100005.6613
100005.6675
100005.6726
100005.6789
100005.6845
100005.6913
100005.6975
100005.7048
100005.7113
100005.7193
100005.7258
100005.7343
100005.7407
100005.7497
100005.7556
100005.7648
100005.7701
100005.7793
100005.7836
100005.7927
100005.7956
100005.8044
100005.8062
100005.814
100005.4897
100005.4897
100005.49
100005.4915
100005.4926
100005.4961
100005.4974
100005.5026
100005.5068
100005.5131
100005.5189
100005.5252
100005.531
100005.5377
100005.5437
100005.5506
100005.5567
100005.5639
100005.5698
100005.5773
100005.5827
100005.5903
100005.5953
100005.6029
100005.6072
100005.6148
100005.6182
100005.6256
100005.628
100005.6352
100005.6365
100005.6431
100005.3072
100005.3081
100005.3097
100005.3115
100005.3146
100005.3167
100005.3218
100005.3234
100005.3307
100005.3348
100005.3416
100005.3473
100005.3535
100005.3595
100005.3653
100005.3716
100005.377
100005.3834
100005.3885
100005.395
100005.3995
100005.4061
100005.4101
100005.4166
100005.4199
100005.4263
100005.4288
100005.4353
100005.4367
100005.4431
100005.4437
100005.4496
100005.0962
100005.0979
100005.1002
100005.1029
100005.1061
100005.1096
100005.1135
100005.1179
100005.1218
100005.1285
100005.1336
100005.1403
100005.1458
100005.1521
100005.1574
100005.1634
100005.1684
100005.1742
100005.1786
100005.1843
100005.1881
100005.1936
100005.1967
100005.202
100005.2044
100005.2095
100005.211
100005.2161
100005.2169
100005.2219
100005.2222
100005.2269
100004.8693
100004.8715
100004.8747
100004.8781
100004.8814
100004.8855
100004.8885
100004.8943
100004.8966
100004.9037
100004.908
100004.9146
100004.9197
100004.9259
100004.9305
100004.9364
100004.9405
100004.946
100004.9496
100004.9546
100004.9577
100004.9624
100004.9649
100004.9693
100004.9713
100004.9756
100004.977
100004.9813
100004.982
100004.9864
100004.9867
100004.9909
100004.6183
100004.6209
100004.6238
100004.6271
100004.6308
100004.6344
100004.6389
100004.6425
100004.6482
100004.6509
100004.6582
100004.6627
100004.6688
100004.6738
100004.6792
100004.6841
100004.6886
100004.6933
100004.697
100004.7014
100004.7043
100004.7085
100004.7106
100004.7146
100004.7161
100004.7199
100004.7207
100004.7247
100004.7248
100004.7289
100004.7288
100004.7326
100004.3625
100004.3651
100004.3681
100004.3713
100004.3749
100004.3784
100004.3826
100004.3862
100004.3912
100004.3944
100004.3996
100004.4042
100004.4094
100004.4146
100004.4194
100004.4241
100004.4283
100004.4327
100004.4361
100004.4402
100004.4428
100004.4466
100004.4487
100004.4522
100004.4537
100004.4571
100004.458
100004.4616
100004.4618
100004.4655
100004.4655
100004.4689
100004.087
100004.0892
100004.0918
100004.0947
100004.0978
100004.1012
100004.1044
100004.1087
100004.1114
100004.1171
100004.1184
100004.1254
100004.1289
100004.135
100004.1386
100004.1441
100004.1474
100004.1523
100004.1552
100004.1595
100004.162
100004.1659
100004.1679
100004.1715
100004.173
100004.1764
100004.1774
100004.1808
100004.1813
100004.1847
100004.1849
100004.188
100003.8184
100003.8203
100003.8225
100003.8249
100003.8275
100003.8304
100003.8333
100003.8365
100003.8396
100003.8433
100003.8464
100003.8501
100003.8538
100003.8583
100003.862
100003.8665
100003.8698
100003.8741
100003.8768
100003.8808
100003.883
100003.8867
100003.8885
100003.8919
100003.8933
100003.8965
100003.8975
100003.9006
100003.9011
100003.9042
100003.9044
100003.9073
100003.5293
100003.5304
100003.532
100003.5335
100003.5354
100003.5379
100003.5395
100003.5415
100003.5443
100003.5462
100003.5501
100003.5512
100003.5557
100003.5594
100003.5634
100003.5675
100003.5709
100003.5748
100003.5779
100003.5817
100003.5843
100003.588
100003.5902
100003.5937
100003.5956
100003.599
100003.6003
100003.6037
100003.6044
100003.6076
100003.6081
100003.6109
100003.2544
100003.2549
100003.2556
100003.2565
100003.2575
100003.2588
100003.2601
100003.2618
100003.2633
100003.2656
100003.267
100003.2701
100003.2711
100003.2749
100003.2769
100003.2808
100003.2832
100003.2869
100003.2892
100003.2927
100003.2948
100003.2981
100003.2999
100003.3031
100003.3047
100003.3075
100003.3087
100003.3114
100003.3122
100003.3149
100003.3152
100003.3173
100002.9509
100002.9502
100002.9497
100002.9494
100002.9494
100002.9496
100002.9499
100002.9506
100002.9512
100002.9524
100002.9532
100002.9553
100002.956
100002.9584
100002.9613
100002.9649
100002.9678
100002.9713
100002.974
100002.9776
100002.9801
100002.9837
100002.986
100002.9895
100002.9915
100002.995
100002.9966
100003
100003.0011
100003.0043
100003.0048
100003.0075
100002.6674
100002.6663
100002.6653
100002.6647
100002.6641
100002.6636
100002.6634
100002.6635
100002.664
100002.6643
100002.6652
100002.6656
100002.6675
100002.6677
100002.6703
100002.6717
100002.6744
100002.6769
100002.6795
100002.6821
100002.6845
100002.6873
100002.6895
100002.6922
100002.6942
100002.6968
100002.6983
100002.7007
100002.7016
100002.7038
100002.7043
100002.7057
100002.3432
100002.3409
100002.339
100002.3372
100002.3357
100002.3344
100002.3335
100002.3329
100002.3324
100002.3325
100002.3325
100002.3334
100002.3337
100002.3355
100002.3356
100002.3394
100002.3416
100002.3452
100002.3478
100002.3516
100002.3541
100002.358
100002.3604
100002.3643
100002.3665
100002.3702
100002.3721
100002.3756
100002.3769
100002.3801
100002.3808
100002.3832
100002.0532
100002.0514
100002.0498
100002.0483
100002.047
100002.046
100002.0452
100002.0447
100002.0443
100002.0445
100002.0445
100002.0455
100002.0456
100002.0478
100002.0477
100002.0508
100002.0513
100002.0548
100002.0564
100002.0598
100002.0617
100002.065
100002.067
100002.0702
100002.072
100002.0749
100002.0763
100002.0789
100002.0798
100002.0817
100002.0823
100002.0831
100001.7107
100001.7079
100001.7053
100001.7031
100001.7011
100001.6996
100001.6982
100001.6972
100001.6968
100001.6967
100001.6969
100001.6972
100001.6983
100001.699
100001.7012
100001.7019
100001.7055
100001.7085
100001.7117
100001.7153
100001.7185
100001.7222
100001.7254
100001.7291
100001.732
100001.7356
100001.7381
100001.7414
100001.7433
100001.746
100001.747
100001.7486
100001.4323
100001.4308
100001.4297
100001.4288
100001.4281
100001.4274
100001.427
100001.4268
100001.427
100001.4271
100001.4276
100001.4281
100001.4293
100001.4302
100001.4323
100001.4335
100001.436
100001.4373
100001.4398
100001.4421
100001.4442
100001.4467
100001.4485
100001.451
100001.4525
100001.4549
100001.456
100001.458
100001.4587
100001.4602
100001.4605
100001.4607
100001.0766
100001.074
100001.0715
100001.0694
100001.0675
100001.066
100001.0648
100001.064
100001.0635
100001.0634
100001.0635
100001.0643
100001.0649
100001.0666
100001.0674
100001.0701
100001.0705
100001.0748
100001.0771
100001.0806
100001.0833
100001.0868
100001.0896
100001.0929
100001.0955
100001.0986
100001.101
100001.1036
100001.1056
100001.1076
100001.1091
100001.1101
100000.8333
100000.8333
100000.8333
100000.8331
100000.8327
100000.8321
100000.8314
100000.8308
100000.8304
100000.8296
100000.8293
100000.8296
100000.83
100000.8309
100000.8314
100000.8328
100000.8332
100000.8345
100000.8343
100000.8358
100000.8357
100000.8366
100000.8365
100000.8371
100000.837
100000.8373
100000.8372
100000.8373
100000.8373
100000.8369
100000.8371
100000.8361
100000.4476
100000.4453
100000.4433
100000.4413
100000.4394
100000.4377
100000.4359
100000.4344
100000.433
100000.4319
100000.4311
100000.4306
100000.4305
100000.4306
100000.4312
100000.4318
100000.4334
100000.4341
100000.437
100000.4389
100000.4411
100000.4433
100000.4453
100000.4476
100000.4495
100000.4516
100000.4533
100000.4551
100000.4566
100000.458
100000.4592
100000.4602
100000.2551
100000.2567
100000.2578
100000.2582
100000.2581
100000.2579
100000.2571
100000.2563
100000.2551
100000.2534
100000.2514
100000.2492
100000.2468
100000.2443
100000.2421
100000.2397
100000.2375
100000.2347
100000.2319
100000.2283
100000.2251
100000.2219
100000.2192
100000.2164
100000.2142
100000.2117
100000.21
100000.2078
100000.2067
100000.2046
100000.2041
100000.2021
)
;

boundaryField
{
    inletCH4
    {
        type            zeroGradient;
    }
    wallOutside
    {
        type            zeroGradient;
    }
    wallTube
    {
        type            zeroGradient;
    }
    inletPilot
    {
        type            zeroGradient;
    }
    inletAir
    {
        type            zeroGradient;
    }
    outlet
    {
        type            totalPressure;
        rho             rho;
        psi             none;
        gamma           1;
        p0              uniform 100000;
        value           uniform 100000;
    }
    axis
    {
        type            empty;
    }
    frontAndBack_pos
    {
        type            wedge;
    }
    frontAndBack_neg
    {
        type            wedge;
    }
    procBoundary0to2
    {
        type            processor;
        value           nonuniform List<scalar> 
32
(
100006.0065
100006.0036
100006.0092
100006.0107
100006.0178
100006.0241
100006.0315
100006.0379
100006.0445
100006.0509
100006.0573
100006.0638
100006.0698
100006.0761
100006.0817
100006.0879
100006.0929
100006.0989
100006.103
100006.1087
100006.1116
100006.1169
100006.1185
100006.1238
100006.1241
100006.1297
100006.1291
100006.1357
100006.1345
100006.1424
100006.1424
100006.1511
)
;
    }
    procBoundary0to4
    {
        type            processor;
        value           nonuniform List<scalar> 
27
(
100006.0453
100006.0524
100006.0286
100005.9753
100005.8944
100005.7856
100005.6524
100005.4905
100005.3067
100005.0949
100004.867
100004.6161
100004.3602
100004.0849
100003.8165
100003.5284
100003.2541
100002.9517
100002.6686
100002.3457
100002.0552
100001.7138
100001.4338
100001.0796
100000.8331
100000.4501
100000.2529
)
;
    }
}


// ************************************************************************* //
)

// Processor1

12269
(dimensions      [1 -1 -2 0 0 0 0];

internalField   nonuniform List<scalar> 
860
(
100002.0944
100002.1178
100002.1375
100002.1531
100002.1644
100002.1704
100002.1706
100002.1646
100002.152
100002.1329
100002.1072
100002.0748
100002.0357
100001.9896
100001.9372
100001.8785
100001.8142
100001.746
100001.6746
100001.5997
100001.523
100001.449
100001.3782
100001.3108
100001.2504
100001.1996
100001.1591
100001.1318
100001.1189
100001.1207
100001.1383
100001.1718
100001.2199
100001.2828
100001.3578
100001.442
100001.5345
100001.6293
100001.7249
100001.8133
100001.8953
100001.9592
100002.0198
100002.0401
100002.0588
100002.0843
100002.1066
100002.1251
100002.1396
100002.1493
100002.1541
100002.1535
100002.1471
100002.1343
100002.1145
100002.0875
100002.0534
100002.0123
100001.9643
100001.91
100001.8498
100001.7847
100001.7155
100001.6435
100001.5704
100001.4976
100001.4269
100001.3603
100001.3
100001.2477
100001.2056
100001.1754
100001.1588
100001.1571
100001.1708
100001.2003
100001.2448
100001.3035
100001.3744
100001.4554
100001.5438
100001.6354
100001.7278
100001.8139
100001.8938
100001.9579
100002.0141
100002.0381
100001.9585
100001.9924
100002.0237
100002.0519
100002.0764
100002.0965
100002.112
100002.1217
100002.1255
100002.123
100002.1139
100002.0977
100002.0743
100002.0436
100002.0057
100001.961
100001.9098
100001.8528
100001.7909
100001.7252
100001.6571
100001.5882
100001.52
100001.4548
100001.3942
100001.3405
100001.2957
100001.2615
100001.2399
100001.232
100001.2387
100001.2604
100001.2968
100001.3471
100001.41
100001.4828
100001.5638
100001.6482
100001.7345
100001.8152
100001.8909
100001.9521
100002.0068
100002.0303
100001.8059
100001.8488
100001.8904
100001.9301
100001.9671
100002.0008
100002.0306
100002.0558
100002.0756
100002.0896
100002.097
100002.0976
100002.0907
100002.0764
100002.0543
100002.0246
100001.9873
100001.943
100001.8925
100001.8367
100001.7769
100001.7143
100001.6507
100001.5879
100001.5278
100001.4726
100001.4241
100001.3847
100001.3558
100001.3393
100001.3361
100001.3471
100001.3721
100001.4108
100001.4619
100001.5235
100001.5934
100001.6679
100001.7449
100001.818
100001.8871
100001.9432
100001.9945
100002.018
100001.6111
100001.6683
100001.7242
100001.7787
100001.8312
100001.8817
100001.9289
100001.9725
100002.0117
100002.0454
100002.0732
100002.094
100002.1075
100002.1131
100002.1104
100002.0993
100002.0798
100002.0522
100002.0167
100001.9742
100001.9256
100001.8721
100001.815
100001.7563
100001.6975
100001.6411
100001.5888
100001.543
100001.5056
100001.4785
100001.463
100001.4605
100001.4711
100001.4949
100001.531
100001.5779
100001.6338
100001.6954
100001.7606
100001.8238
100001.8843
100001.9338
100001.9789
100002.0006
100001.4087
100001.4728
100001.5382
100001.6045
100001.671
100001.7367
100001.8011
100001.8631
100001.9222
100001.9772
100002.027
100002.071
100002.1081
100002.1374
100002.1582
100002.17
100002.1723
100002.1649
100002.148
100002.1219
100002.0874
100002.0454
100001.9972
100001.9444
100001.8885
100001.8319
100001.7764
100001.7245
100001.678
100001.6397
100001.6107
100001.5932
100001.5876
100001.5946
100001.6138
100001.6443
100001.6843
100001.7309
100001.7823
100001.8329
100001.884
100001.9266
100001.9655
100001.9837
100001.1782
100001.2474
100001.3203
100001.3984
100001.4785
100001.5597
100001.6414
100001.7232
100001.8034
100001.8809
100001.9552
100002.0243
100002.0875
100002.1432
100002.1904
100002.2283
100002.2553
100002.272
100002.2773
100002.2711
100002.2543
100002.2271
100002.1907
100002.1463
100002.0955
100002.0404
100001.983
100001.9257
100001.8708
100001.8211
100001.7782
100001.7448
100001.7216
100001.7097
100001.7098
100001.7221
100001.7444
100001.7755
100001.8111
100001.8478
100001.8877
100001.9235
100001.9581
100001.975
100000.9718
100001.0496
100001.1269
100001.2025
100001.289
100001.3805
100001.473
100001.5698
100001.6673
100001.7642
100001.8599
100001.9528
100002.0411
100002.1231
100002.1976
100002.2628
100002.3169
100002.3598
100002.3896
100002.4067
100002.4106
100002.4015
100002.3803
100002.3474
100002.3043
100002.253
100002.1955
100002.1344
100002.072
100002.0119
100001.9558
100001.9074
100001.8671
100001.8334
100001.8139
100001.8071
100001.8118
100001.8257
100001.847
100001.8726
100001.9024
100001.9302
100001.9599
100001.9759
100000.7946
100000.8678
100000.9476
100001.0336
100001.1205
100001.2089
100001.3045
100001.4085
100001.5175
100001.6303
100001.7441
100001.8575
100001.9689
100002.0763
100002.1783
100002.2715
100002.3545
100002.4254
100002.4829
100002.5263
100002.5531
100002.5652
100002.5608
100002.5421
100002.5071
100002.4611
100002.407
100002.3416
100002.2725
100002.2025
100002.1339
100002.0704
100002.0131
100001.9653
100001.9281
100001.9032
100001.8897
100001.8873
100001.8942
100001.9082
100001.9279
100001.948
100001.972
100001.9872
100000.6997
100000.7613
100000.8274
100000.9035
100000.9873
100001.0778
100001.175
100001.2796
100001.3907
100001.5083
100001.6311
100001.758
100001.8871
100002.0154
100002.1413
100002.2604
100002.3715
100002.47
100002.5549
100002.6232
100002.674
100002.706
100002.719
100002.7134
100002.6898
100002.6505
100002.5975
100002.5339
100002.4621
100002.3863
100002.3087
100002.2335
100002.1626
100002.1002
100002.0472
100002.0064
100001.977
100001.96
100001.9533
100001.9559
100001.9658
100001.9787
100001.9977
100002.0121
100000.7262
100000.7564
100000.7956
100000.8465
100000.9101
100000.9882
100001.0777
100001.1772
100001.2869
100001.4072
100001.5363
100001.6728
100001.8144
100001.9588
100002.1024
100002.2424
100002.3748
100002.4966
100002.6042
100002.6953
100002.7675
100002.8193
100002.8498
100002.8591
100002.848
100002.8179
100002.771
100002.7103
100002.6384
100002.5594
100002.4758
100002.3923
100002.3109
100002.2366
100002.1702
100002.1157
100002.0724
100002.0425
100002.0236
100002.016
100002.0171
100002.0236
100002.0382
100002.052
100000.9487
100000.9369
100000.9077
100000.9228
100000.9543
100000.9965
100001.063
100001.1454
100001.2395
100001.3505
100001.4753
100001.6117
100001.7573
100001.9092
100002.0638
100002.2173
100002.3659
100002.5055
100002.6325
100002.7433
100002.8352
100002.9061
100002.9543
100002.9798
100002.9821
100002.9636
100002.9247
100002.8696
100002.7998
100002.7204
100002.6336
100002.5446
100002.4558
100002.3725
100002.2959
100002.2306
100002.1761
100002.1355
100002.1065
100002.0904
100002.084
100002.0852
100002.0961
100002.1095
100001.3529
100001.2867
100001.2303
100001.146
100001.1296
100001.126
100001.1529
100001.2019
100001.2673
100001.3558
100001.4635
100001.5881
100001.7271
100001.877
100002.0339
100002.1937
100002.3519
100002.5041
100002.6457
100002.773
100002.882
100002.9703
100003.0355
100003.0767
100003.0936
100003.0869
100003.0582
100003.01
100002.9452
100002.8677
100002.7806
100002.6892
100002.5959
100002.5068
100002.4228
100002.3498
100002.2868
100002.2382
100002.2012
100002.1784
100002.1661
100002.1631
100002.1711
100002.1842
100001.973
100001.8282
100001.7091
100001.5458
100001.4628
100001.4007
100001.3716
100001.3682
100001.3909
100001.4424
100001.5193
100001.6197
100001.7405
100001.8778
100002.0276
100002.1851
100002.3455
100002.5037
100002.6546
100002.7935
100002.9162
100003.019
100003.0991
100003.155
100003.1854
100003.1912
100003.1728
100003.1334
100003.0747
100003.0016
100002.9167
100002.8256
100002.7309
100002.6389
100002.5509
100002.473
100002.4045
100002.3505
100002.3081
100002.2807
100002.2642
100002.2583
100002.2643
100002.2774
100002.8504
100002.6118
100002.3794
100002.1392
100001.9631
100001.8228
100001.716
100001.6438
100001.6087
100001.6093
100001.6438
100001.7094
100001.8022
100001.9184
100002.0529
100002.201
100002.3567
100002.5149
100002.6695
100002.8153
100002.9471
100003.0609
100003.153
100003.2212
100003.2637
100003.2809
100003.2729
100003.2423
100003.191
100003.1235
100003.0426
100002.9541
100002.8603
100002.7682
100002.6788
100002.5989
100002.5277
100002.471
100002.4255
100002.3956
100002.3765
100002.3691
100002.3739
100002.3871
100003.9324
100003.5615
100003.1888
100002.8706
100002.5906
100002.3488
100002.1565
100002.0087
100001.9062
100001.848
100001.8321
100001.8553
100001.9135
100002.0019
100002.1154
100002.248
100002.3938
100002.5464
100002.6997
100002.8476
100002.9843
100003.1051
100003.2057
100003.2833
100003.3356
100003.3624
100003.3636
100003.3414
100003.2975
100003.2364
100003.1606
100003.0761
100002.9853
100002.8952
100002.8069
100002.7276
100002.6562
100002.5992
100002.5528
100002.5224
100002.5024
100002.4948
100002.4992
100002.5129
100005.1686
100004.626
100004.1306
100003.6862
100003.29
100002.9467
100002.6594
100002.4282
100002.253
100002.1324
100002.0631
100002.0415
100002.0628
100002.1214
100002.2114
100002.3262
100002.4591
100002.6032
100002.7517
100002.898
100003.0358
100003.1597
100003.2651
100003.3487
100003.4078
100003.4418
100003.4502
100003.435
100003.3977
100003.3427
100003.2723
100003.1928
100003.1062
100003.0197
100002.9344
100002.8577
100002.7882
100002.733
100002.6877
100002.6586
100002.6391
100002.6325
100002.6373
100002.6516
100006.3923
100005.6693
100005.0184
100004.4387
100003.9299
100003.4906
100003.121
100002.8196
100002.5842
100002.4119
100002.2986
100002.24
100002.2305
100002.2639
100002.3335
100002.4321
100002.5525
100002.6873
100002.8294
100002.9716
100003.1075
100003.2313
100003.338
100003.4241
100003.4866
100003.5247
100003.5378
100003.5276
100003.4954
100003.4456
100003.3803
100003.3058
100003.2241
100003.1424
100003.0614
100002.989
100002.923
100002.8714
100002.8289
100002.8026
100002.785
100002.7805
100002.7861
100002.8014
100007.1804
100006.3504
100005.6051
100004.9452
100004.3689
100003.8724
100003.4544
100003.1118
100002.8413
100002.6393
100002.5011
100002.4216
100002.3946
100002.4132
100002.4704
100002.5586
100002.6702
100002.7977
100002.9336
100003.0709
100003.2028
100003.3238
100003.4285
100003.5137
100003.5761
100003.6151
100003.6297
100003.622
100003.5929
100003.5468
100003.4857
100003.4159
100003.3391
100003.2627
100003.187
100003.1199
100003.0589
100003.0123
100002.9739
100002.9518
100002.937
100002.9354
100002.9425
100002.9588
100007.2963
100006.4493
100005.6986
100005.0386
100004.4668
100003.9772
100003.5672
100003.2327
100002.9697
100002.7742
100006.6388
100005.9406
100005.3077
100004.7483
100004.258
100003.8384
100003.489
100005.5273
100005.0286
100004.5759
100004.1678
100003.8143
100003.5157
100003.2669
)
;

boundaryField
{
    inletCH4
    {
        type            zeroGradient;
    }
    wallOutside
    {
        type            zeroGradient;
    }
    wallTube
    {
        type            zeroGradient;
    }
    inletPilot
    {
        type            zeroGradient;
    }
    inletAir
    {
        type            zeroGradient;
    }
    outlet
    {
        type            totalPressure;
        rho             rho;
        psi             none;
        gamma           1;
        p0              nonuniform List<scalar> 0();
        value           nonuniform List<scalar> 0();
    }
    axis
    {
        type            empty;
    }
    frontAndBack_pos
    {
        type            wedge;
    }
    frontAndBack_neg
    {
        type            wedge;
    }
    procBoundary1to2
    {
        type            processor;
        value           nonuniform List<scalar> 
40
(
100002.6412
100002.5654
100002.5404
100002.5597
100002.6159
100002.702
100002.8104
100002.9338
100003.0649
100003.1969
100003.3235
100003.4391
100003.5389
100003.6197
100003.6786
100003.715
100003.7281
100003.72
100003.6917
100003.6476
100003.5896
100003.5238
100003.4517
100003.3809
100003.3109
100003.25
100003.195
100003.1544
100003.1213
100003.1042
100003.0932
100003.0952
100003.104
100003.1215
100003.2056
100002.987
100002.6412
100002.829
100003.2056
100003.0716
)
;
    }
    procBoundary1to3
    {
        type            processor;
        value           nonuniform List<scalar> 
22
(
100002.0672
100002.031
100001.9218
100001.7617
100001.5543
100001.3454
100001.1108
100000.8996
100000.7239
100000.6468
100000.6971
100000.9663
100001.4283
100002.1326
100003.1117
100004.3197
100005.7698
100007.1848
100008.1013
100008.2428
100007.4045
100006.085
)
;
    }
    procBoundary1to5
    {
        type            processor;
        value           nonuniform List<scalar> 7(100004.4445 100004.1214 100003.8387 100003.5874 100003.3682 100003.1885 100003.0462);
    }
}
)

// Processor2

12756
(dimensions      [1 -1 -2 0 0 0 0];

internalField   nonuniform List<scalar> 
861
(
100002.6412
100002.5654
100002.5404
100002.5597
100002.6159
100002.702
100002.8104
100002.9338
100003.0649
100003.1969
100003.3235
100003.4391
100003.5389
100003.6197
100003.6786
100003.715
100003.7281
100003.72
100003.6917
100003.6476
100003.5896
100003.5238
100003.4517
100003.3809
100003.3109
100003.25
100003.195
100003.1544
100003.1213
100003.1042
100003.0932
100003.0952
100003.104
100003.1215
100003.2056
100002.987
100002.829
100002.7272
100002.6763
100002.671
100002.7046
100002.7706
100002.8624
100002.9727
100003.095
100003.2225
100003.3489
100003.4685
100003.5764
100003.6684
100003.7415
100003.7935
100003.824
100003.8326
100003.8216
100003.7918
100003.748
100003.6917
100003.6291
100003.5615
100003.4961
100003.4323
100003.3782
100003.3299
100003.2961
100003.269
100003.2578
100003.2512
100003.2572
100003.2681
100003.2867
100003.0716
100002.9294
100002.8339
100002.7851
100002.7758
100002.8026
100002.8607
100002.9436
100003.0453
100003.1604
100003.2825
100003.4059
100003.5254
100003.6358
100003.7333
100003.8142
100003.8765
100003.9184
100003.9401
100003.9416
100003.9252
100003.8922
100003.8471
100003.7915
100003.7316
100003.6681
100003.6084
100003.5509
100003.5041
100003.463
100003.4366
100003.4162
100003.4112
100003.4094
100003.4198
100003.4329
100003.4526
100002.9449
100002.8815
100002.8554
100002.8622
100002.8979
100002.9608
100003.0443
100003.1445
100003.2565
100003.3749
100003.4951
100003.6121
100003.7218
100003.8201
100003.9041
100003.971
100004.0196
100004.0488
100004.0593
100004.0515
100004.0281
100003.9906
100003.9434
100003.888
100003.8304
100003.7711
100003.7171
100003.6664
100003.6272
100003.5938
100003.5753
100003.5619
100003.5635
100003.5667
100003.5816
100003.5969
100003.6177
100002.8974
100002.9092
100002.9433
100003.0002
100003.0757
100003.1665
100003.2703
100003.3826
100003.4989
100003.616
100003.7295
100003.8358
100003.9317
100004.0143
100004.0815
100004.1317
100004.1642
100004.1788
100004.1766
100004.1585
100004.1275
100004.085
100004.0355
100003.9804
100003.9254
100003.8706
100003.8228
100003.7793
100003.7482
100003.7228
100003.7125
100003.7062
100003.7145
100003.7228
100003.742
100003.7593
100003.7809
100002.9674
100003.0352
100003.1173
100003.2111
100003.3132
100003.4233
100003.5367
100003.6525
100003.766
100003.8743
100003.9756
100004.0662
100004.1444
100004.208
100004.2561
100004.2876
100004.3029
100004.3021
100004.2871
100004.2587
100004.2204
100004.1734
100004.1225
100004.0684
100004.0169
100003.9673
100003.9264
100003.8906
100003.868
100003.8509
100003.8487
100003.8497
100003.8645
100003.8776
100003.9009
100003.9201
100003.9423
100003.1693
100003.2728
100003.3808
100003.4937
100003.608
100003.7222
100003.8344
100003.942
100004.0443
100004.1376
100004.2205
100004.2912
100004.3483
100004.3908
100004.4184
100004.431
100004.4292
100004.4138
100004.3868
100004.3496
100004.3054
100004.2556
100004.2046
100004.153
100004.1062
100004.0629
100004.0297
100004.0022
100003.9883
100003.9797
100003.9856
100003.9934
100004.0143
100004.0319
100004.0588
100004.0793
100004.1019
100003.4732
100003.5891
100003.7063
100003.8211
100003.9331
100004.0391
100004.139
100004.2311
100004.314
100004.3867
100004.4478
100004.4959
100004.5309
100004.5522
100004.5601
100004.5549
100004.5379
100004.5101
100004.4738
100004.4303
100004.3828
100004.3325
100004.2836
100004.2363
100004.1956
100004.1599
100004.1351
100004.1165
100004.1113
100004.1109
100004.1244
100004.1387
100004.165
100004.1864
100004.2162
100004.2376
100004.2602
100003.8334
100003.9482
100004.0564
100004.1596
100004.2562
100004.3447
100004.4251
100004.4959
100004.5566
100004.6059
100004.644
100004.6698
100004.6835
100004.6856
100004.6763
100004.6566
100004.6278
100004.5912
100004.549
100004.5025
100004.4549
100004.407
100004.3627
100004.3216
100004.2887
100004.2615
100004.2457
100004.236
100004.2395
100004.2467
100004.2671
100004.2868
100004.3175
100004.3418
100004.3736
100004.3952
100004.4175
100004.1992
100004.2984
100004.3904
100004.4743
100004.5491
100004.6145
100004.6716
100004.7188
100004.7562
100004.7835
100004.7999
100004.8064
100004.8025
100004.789
100004.767
100004.7371
100004.7011
100004.66
100004.6161
100004.5705
100004.5261
100004.4834
100004.446
100004.4131
100004.3891
100004.371
100004.3644
100004.3633
100004.3746
100004.3886
100004.4146
100004.4385
100004.4723
100004.4983
100004.5311
100004.5522
100004.5736
100004.5302
100004.6081
100004.6765
100004.7369
100004.7883
100004.8314
100004.8653
100004.8912
100004.908
100004.9159
100004.9154
100004.9063
100004.8899
100004.8662
100004.8365
100004.8017
100004.7634
100004.7224
100004.6811
100004.6401
100004.6021
100004.5671
100004.5384
100004.5149
100004.5004
100004.4916
100004.4936
100004.5003
100004.5183
100004.5377
100004.5677
100004.5944
100004.6297
100004.6562
100004.6888
100004.7085
100004.7287
100004.8043
100004.8549
100004.9008
100004.9385
100004.9682
100004.9904
100005.0059
100005.0134
100005.0145
100005.0084
100004.9959
100004.9776
100004.954
100004.9256
100004.8937
100004.859
100004.823
100004.7865
100004.7512
100004.7178
100004.6885
100004.6629
100004.6441
100004.6302
100004.625
100004.6248
100004.6345
100004.6475
100004.6705
100004.6935
100004.7258
100004.7534
100004.7887
100004.8143
100004.8454
100004.8631
100004.8815
100005.008
100005.0357
100005.0597
100005.0793
100005.0922
100005.0986
100005.0996
100005.0952
100005.0855
100005.0716
100005.0532
100005.0311
100005.0059
100004.9782
100004.9489
100004.9187
100004.8888
100004.8599
100004.8333
100004.8094
100004.79
100004.7746
100004.7656
100004.761
100004.7642
100004.7713
100004.7869
100004.8044
100004.8304
100004.8551
100004.8877
100004.9145
100004.9482
100004.9715
100005.0002
100005.0153
100005.0318
100005.15
100005.1579
100005.1655
100005.1704
100005.1719
100005.1687
100005.1617
100005.1511
100005.1372
100005.1205
100005.1015
100005.0807
100005.0585
100005.0355
100005.0124
100004.9898
100004.9685
100004.949
100004.9324
100004.9186
100004.9093
100004.9035
100004.9033
100004.9067
100004.9166
100004.929
100004.9485
100004.9684
100004.9954
100005.0196
100005.0507
100005.075
100005.1056
100005.1256
100005.151
100005.163
100005.1773
100005.2417
100005.2372
100005.2342
100005.2309
100005.2265
100005.2194
100005.2097
100005.1979
100005.1845
100005.1699
100005.1544
100005.1385
100005.1225
100005.1069
100005.0922
100005.0786
100005.0669
100005.0572
100005.0504
100005.0462
100005.0458
100005.0481
100005.0552
100005.0645
100005.079
100005.0946
100005.1158
100005.136
100005.1619
100005.1839
100005.2119
100005.2324
100005.259
100005.2748
100005.2965
100005.3051
100005.3176
100005.303
100005.2963
100005.2855
100005.28
100005.2729
100005.2673
100005.2593
100005.2506
100005.2411
100005.2316
100005.2222
100005.2133
100005.2051
100005.1978
100005.1919
100005.1873
100005.1847
100005.1839
100005.1856
100005.1893
100005.196
100005.2044
100005.2164
100005.2294
100005.2462
100005.2628
100005.2836
100005.3022
100005.3254
100005.3438
100005.3674
100005.3833
100005.4051
100005.4165
100005.434
100005.4396
100005.4502
100005.3667
100005.3508
100005.3441
100005.3349
100005.3311
100005.3268
100005.3241
100005.3202
100005.3166
100005.3132
100005.3106
100005.3089
100005.3082
100005.3087
100005.3106
100005.3138
100005.3187
100005.3249
100005.333
100005.3423
100005.3537
100005.3659
100005.3804
100005.3948
100005.412
100005.4276
100005.4465
100005.462
100005.4815
100005.4953
100005.5142
100005.5251
100005.5421
100005.5492
100005.563
100005.5656
100005.5749
100005.434
100005.4219
100005.4124
100005.4087
100005.4051
100005.4061
100005.4074
100005.4099
100005.412
100005.4148
100005.4183
100005.4229
100005.4285
100005.4352
100005.4431
100005.4519
100005.4619
100005.4728
100005.4848
100005.4973
100005.5111
100005.5247
100005.5398
100005.5537
100005.5695
100005.5828
100005.5986
100005.6104
100005.6256
100005.6348
100005.6489
100005.6551
100005.6676
100005.6709
100005.6813
100005.6817
100005.69
100005.5186
100005.5116
100005.5032
100005.5016
100005.5011
100005.5044
100005.51
100005.5172
100005.5243
100005.5319
100005.5399
100005.5489
100005.5587
100005.5693
100005.5807
100005.5928
100005.6056
100005.6187
100005.6324
100005.6459
100005.66
100005.6732
100005.6872
100005.6994
100005.7128
100005.7231
100005.7355
100005.7433
100005.7545
100005.7595
100005.7695
100005.7718
100005.7809
100005.7809
100005.7892
100005.7879
100005.7959
100005.6147
100005.617
100005.6258
100005.6345
100005.6453
100005.6554
100005.6662
100005.6772
100005.689
100005.7012
100005.714
100005.727
100005.7404
100005.7537
100005.7672
100005.7799
100005.793
100005.8046
100005.8166
100005.8263
100005.837
100005.8443
100005.8535
100005.8579
100005.8658
100005.8676
100005.8744
100005.874
100005.8805
100005.8786
100005.8852
100005.8832
100005.891
100005.7371
100005.742
100005.7526
100005.7632
100005.7749
100005.786
100005.7975
100005.8091
100005.8211
100005.8334
100005.8456
100005.858
100005.87
100005.8821
100005.8931
100005.9042
100005.9137
100005.9235
100005.9309
100005.9391
100005.9439
100005.9506
100005.9528
100005.9583
100005.9581
100005.9629
100005.961
100005.9662
100005.9633
100005.9693
100005.9672
100005.9751
100005.8438
100005.8512
100005.8583
100005.8683
100005.879
100005.8896
100005.9
100005.9103
100005.9208
100005.9314
100005.942
100005.9526
100005.9627
100005.9727
100005.9817
100005.9908
100005.9983
100006.0062
100006.0117
100006.0183
100006.0215
100006.0268
100006.0277
100006.0322
100006.0311
100006.0354
100006.033
100006.0381
100006.0351
100006.0414
100006.0397
100006.0482
100005.9351
100005.9409
100005.9448
100005.9529
100005.9608
100005.9703
100005.9786
100005.9873
100005.9955
100006.0042
100006.0126
100006.0211
100006.0291
100006.0372
100006.0444
100006.0518
100006.0577
100006.0643
100006.0687
100006.0744
100006.0769
100006.0818
100006.0826
100006.087
100006.0863
100006.0908
100006.0891
100006.0944
100006.0923
100006.0991
100006.0982
100006.1069
100006.0065
100006.0036
100006.0092
100006.0107
100006.0178
100006.0241
100006.0315
100006.0379
100006.0445
100006.0509
100006.0573
100006.0638
100006.0698
100006.0761
100006.0817
100006.0879
100006.0929
100006.0989
100006.103
100006.1087
100006.1116
100006.1169
100006.1185
100006.1238
100006.1241
100006.1297
100006.1291
100006.1357
100006.1345
100006.1424
100006.1424
100006.1511
)
;

boundaryField
{
    inletCH4
    {
        type            zeroGradient;
    }
    wallOutside
    {
        type            zeroGradient;
    }
    wallTube
    {
        type            zeroGradient;
    }
    inletPilot
    {
        type            zeroGradient;
    }
    inletAir
    {
        type            zeroGradient;
    }
    outlet
    {
        type            totalPressure;
        rho             rho;
        psi             none;
        gamma           1;
        p0              nonuniform List<scalar> 0();
        value           nonuniform List<scalar> 0();
    }
    axis
    {
        type            empty;
    }
    frontAndBack_pos
    {
        type            wedge;
    }
    frontAndBack_neg
    {
        type            wedge;
    }
    procBoundary2to0
    {
        type            processor;
        value           nonuniform List<scalar> 
32
(
100006.0428
100006.0414
100006.0398
100006.0431
100006.0442
100006.0492
100006.0542
100006.0595
100006.0642
100006.0691
100006.0738
100006.079
100006.0838
100006.0892
100006.0941
100006.0999
100006.1048
100006.1108
100006.1153
100006.1216
100006.1254
100006.132
100006.1348
100006.1417
100006.1436
100006.1508
100006.1516
100006.1597
100006.1598
100006.1685
100006.1687
100006.1767
)
;
    }
    procBoundary2to1
    {
        type            processor;
        value           nonuniform List<scalar> 
40
(
100002.5011
100002.4216
100002.3946
100002.4132
100002.4704
100002.5586
100002.6702
100002.7977
100002.9336
100003.0709
100003.2028
100003.3238
100003.4285
100003.5137
100003.5761
100003.6151
100003.6297
100003.622
100003.5929
100003.5468
100003.4857
100003.4159
100003.3391
100003.2627
100003.187
100003.1199
100003.0589
100003.0123
100002.9739
100002.9518
100002.937
100002.9354
100002.9425
100002.9588
100003.2327
100002.9697
100002.7742
100002.7742
100003.489
100003.2669
)
;
    }
    procBoundary2to4
    {
        type            processor;
        value           nonuniform List<scalar> 10(100005.6225 100005.6155 100005.6147 100005.609 100005.609 100005.7288 100005.7288 100005.8407 100005.9365 100006.0054);
    }
    procBoundary2to5
    {
        type            processor;
        value           nonuniform List<scalar> 
16
(
100003.0462
100002.9134
100002.9128
100003.0724
100003.3538
100003.714
100004.0931
100004.45
100004.748
100004.9793
100005.1396
100005.2444
100005.3204
100005.3804
100005.4468
100005.5299
)
;
    }
}
)

// Processor3

11981
(dimensions      [1 -1 -2 0 0 0 0];

internalField   nonuniform List<scalar> 
861
(
100901.4767
100902.1583
100903.774
100905.4239
100909.461
100852.4841
100852.6206
100852.8742
100852.8699
100853.4119
100822.5068
100822.5362
100822.6345
100822.6553
100822.8515
100805.3231
100805.362
100805.4167
100805.4957
100805.3663
100780.4218
100780.447
100780.4831
100780.6098
100780.4461
100753.1651
100753.2187
100753.2025
100753.3134
100753.1082
100725.8763
100725.9296
100725.8979
100726.0244
100725.8109
100699.1499
100699.1938
100699.1708
100699.2676
100699.0698
100671.993
100672.0386
100671.9854
100672.108
100671.9131
100645.122
100645.1843
100645.1075
100645.2811
100645.0317
100619.9435
100619.9946
100619.9591
100620.0459
100619.8244
100594.7818
100594.8425
100594.8201
100594.8284
100594.6435
100569.0222
100569.0637
100569.0377
100569.0779
100568.9155
100543.4438
100543.4941
100543.4434
100543.4834
100543.3269
100518.506
100518.5398
100518.511
100518.5415
100518.3883
100494.2049
100494.2551
100494.2075
100494.2508
100494.1085
100470.2115
100470.2466
100470.2519
100470.2632
100470.1329
100446.5776
100446.6159
100446.5848
100446.8143
100446.8154
100420.7129
100421.3983
100422.0564
100422.3977
100422.3863
100382.7556
100383.2997
100386.3191
100393.0537
100406.4906
100037.576
100035.5911
100037.0047
100036.4346
100038.2654
100025.6463
100025.4912
100025.6802
100025.4576
100025.5026
100023.3878
100023.3839
100023.3505
100023.3198
100023.2972
100021.3051
100021.3096
100021.2826
100021.2645
100021.2547
100018.9892
100018.9896
100018.992
100018.9589
100018.9425
100017.1029
100017.099
100017.1028
100017.0871
100017.0732
100015.2585
100015.2556
100015.261
100015.2463
100015.2308
100013.6369
100013.6326
100013.6427
100013.6326
100013.6153
100012.0032
100012.0037
100012.0098
100012.0081
100011.9971
100010.446
100010.4449
100010.4511
100010.4482
100010.4329
100008.8898
100008.8934
100008.8921
100008.8939
100008.889
100007.382
100007.3809
100007.3837
100007.3818
100007.3778
100005.8735
100005.878
100005.8803
100005.8826
100005.88
100004.3805
100004.3612
100004.3458
100004.3609
100004.3778
100002.8903
100002.9605
100002.8798
100002.9029
100002.8312
100001.1865
100001.019
100000.8653
100001.7113
100001.6425
99999.8385
99999.86433
99999.86989
99999.96136
100000.0044
99998.01511
99998.06277
99998.1061
99998.16148
99998.19609
99996.83005
99997.19699
99997.25093
99997.15592
99997.3987
99989.54603
99990.25192
99991.69975
99992.99475
99991.98698
100055.6569
100053.6658
100048.7088
100036.7591
100030.2203
100006.9453
100006.849
100007.4274
100006.0491
100006.4069
100004.7674
100004.6684
100005.1743
100004.7624
100003.4241
100005.0049
100004.9207
100005.1183
100004.7277
100004.0557
100004.6622
100004.5134
100004.578
100004.4004
100002.9701
100003.9137
100003.9663
100004.013
100003.6327
100002.8812
100004.4708
100004.3414
100004.365
100003.5335
100002.7286
100004.0786
100004.0816
100004.0723
100003.4184
100002.7378
100004.7191
100004.5965
100004.1392
100003.3176
100002.7577
100004.4651
100004.4964
100004.1866
100003.4059
100002.8124
100005.2288
100005.044
100004.4143
100003.5938
100002.9763
100006.2452
100005.9871
100005.2451
100004.4061
100003.7174
100007.5895
100007.1046
100006.461
100005.6914
100004.9749
100009.1019
100008.4116
100007.8128
100007.238
100006.6216
100011.3813
100010.0946
100009.7674
100009.2507
100008.6706
100014.4231
100013.1914
100013.0512
100012.7851
100012.4091
100019.6101
100018.5258
100017.9133
100017.2217
100016.622
100026.6377
100025.142
100024.9109
100024.5242
100024.0496
100030.8035
100030.2504
100030.2026
100030.1074
100030.0746
100041.7782
100040.2632
100040.0024
100039.5897
100039.1651
100029.3165
100028.4341
100027.9517
100027.163
100026.2764
100026.5431
100025.4273
100024.6989
100023.7527
100022.8138
100019.5811
100018.6553
100018.1329
100017.4283
100016.6284
100013.3865
100012.8249
100012.602
100012.2341
100011.7696
100008.8696
100008.5687
100008.5064
100008.3577
100008.1112
99997.41528
100005.6718
100002.7567
100003.3954
100002.4896
100002.2617
100002.2128
100002.2071
100002.2401
100002.4126
100002.6135
100003.3032
100004.5148
100006.2822
100008.3371
100012.1925
100016.2795
100023.9113
100030.1236
100038.7944
100025.6991
100022.159
100016.0892
100011.5031
100007.9906
99995.00516
99999.60293
100000.7749
100000.0796
100001.362
100004.5721
100001.2833
100002.2615
100001.3096
100000.9611
100002.3276
100000.5117
100002.1365
100001.1953
100001.4763
100002.2715
100001.932
100001.9301
100001.4638
100000.7065
100001.9478
100001.4291
100000.4567
100000.9249
100000.7355
100001.4711
100001.151
100000.5612
100000.546
100000.6396
100001.5577
100001.1707
100000.6415
100000.6248
100000.7049
100001.4929
100001.2023
100000.6211
100000.4958
100000.532
100001.512
100001.3148
100000.7589
100000.5578
100000.5175
100001.8364
100001.2842
100000.9636
100000.5898
100000.4732
100002.0967
100001.6818
100001.3785
100001.1504
100000.8535
100002.7075
100002.3043
100002.0611
100001.8896
100001.7865
100003.9359
100003.628
100003.1219
100002.7928
100002.9927
100005.5378
100005.0433
100004.7927
100004.3383
100003.9729
100007.6149
100007.1668
100006.8989
100006.4084
100006.0351
100011.3777
100010.5191
100010.1148
100010.1379
100009.5209
100015.6821
100015.1529
100014.6469
100014.1023
100013.6301
100023.2705
100022.8302
100022.4486
100022.193
100021.8379
100030.1044
100030.2508
100030.317
100030.3127
100030.1536
100038.2478
100037.9794
100038.1024
100038.5386
100038.818
100024.9007
100023.7959
100022.8779
100022.179
100021.7084
100021.2623
100020.1581
100019.2889
100018.6631
100018.2238
100015.317
100014.4007
100013.6183
100013.0128
100012.5864
100010.9449
100010.2647
100009.6682
100009.1972
100008.8389
100007.6472
100007.2757
100006.9478
100006.6566
100006.4059
100001.3509
100001.4706
100001.5325
100001.5887
100001.6207
100001.6741
100001.7144
100001.7642
100001.8067
100001.8478
100001.889
100001.9266
100001.9658
100002.0028
100002.0363
100002.0672
100001.4636
100001.3783
100001.4966
100001.522
100001.5802
100001.6193
100001.6707
100001.7197
100001.7655
100001.8087
100001.85
100001.8905
100001.9288
100001.9654
100001.9995
100002.031
100001.4992
100001.5382
100001.4702
100001.5129
100001.5062
100001.5325
100001.5646
100001.5935
100001.6403
100001.6753
100001.7187
100001.7596
100001.8013
100001.8424
100001.8826
100001.9218
100001.0753
100001.1292
100001.153
100001.2079
100001.2604
100001.3035
100001.3556
100001.4003
100001.446
100001.4899
100001.5367
100001.5802
100001.6261
100001.6717
100001.7171
100001.7617
100000.8846
100000.744
100000.8295
100000.8854
100000.9483
100001.0006
100001.0643
100001.1162
100001.1762
100001.2256
100001.2803
100001.3321
100001.3861
100001.4419
100001.4986
100001.5543
100000.8191
100000.7132
100000.7611
100000.7441
100000.8
100000.8222
100000.8738
100000.9121
100000.9624
100001.0093
100001.062
100001.1139
100001.171
100001.2268
100001.2851
100001.3454
100000.7233
100000.5938
100000.6423
100000.638
100000.6304
100000.634
100000.6596
100000.6863
100000.7263
100000.7667
100000.8145
100000.8643
100000.9199
100000.98
100001.0434
100001.1108
100000.5082
100000.5589
100000.5065
100000.4143
100000.4038
100000.4209
100000.4452
100000.4774
100000.5142
100000.557
100000.6013
100000.6529
100000.7054
100000.7636
100000.8303
100000.8996
100000.7522
100000.3878
100000.4291
100000.4103
100000.2974
100000.3256
100000.343
100000.3637
100000.3981
100000.4289
100000.4684
100000.5008
100000.5556
100000.6043
100000.6591
100000.7239
100000.594
100000.525
100000.5241
100000.4667
100000.4413
100000.3362
100000.3883
100000.4219
100000.4288
100000.4464
100000.4772
100000.503
100000.5223
100000.5624
100000.6031
100000.6468
100000.8342
100000.8714
100000.8176
100000.7421
100000.6716
100000.6744
100000.6921
100000.7228
100000.6889
100000.6957
100000.6716
100000.6849
100000.6836
100000.6813
100000.6765
100000.6971
100001.6093
100001.4232
100001.34
100001.298
100001.3712
100001.2454
100001.2805
100001.2266
100001.1874
100001.1886
100001.1134
100001.0844
100001.0525
100001.0113
100000.9833
100000.9663
100002.5269
100002.7816
100002.2591
100002.2443
100002.1661
100002.2273
100002.2428
100002.0865
100002.1008
100002.0093
100001.8683
100001.7944
100001.6989
100001.5982
100001.5119
100001.4283
100004.0203
100003.7287
100003.7935
100003.7336
100003.7478
100003.7241
100003.3921
100003.4381
100003.325
100003.2462
100003.0048
100002.8088
100002.6336
100002.4727
100002.305
100002.1326
100005.6708
100005.7222
100005.5655
100005.5029
100005.5733
100005.5844
100005.3675
100005.3078
100005.0244
100004.8663
100004.5368
100004.2572
100003.979
100003.6915
100003.392
100003.1117
100009.279
100008.9992
100008.5257
100008.7337
100008.5768
100008.4335
100008.2796
100007.9373
100007.4903
100007.1098
100006.603
100006.1248
100005.6492
100005.1918
100004.7418
100004.3197
100013.4879
100012.9207
100012.5773
100012.3488
100012.2975
100012.1043
100011.6415
100011.0538
100010.3369
100009.6703
100009.0109
100008.3179
100007.6158
100006.9429
100006.3373
100005.7698
100020.9998
100019.9383
100019.2238
100019.0853
100018.7319
100017.891
100016.8717
100015.6617
100014.4254
100013.2001
100012.0682
100011.0057
100009.9593
100008.9694
100008.0447
100007.1848
100029.9196
100028.232
100027.0803
100026.3139
100024.9315
100023.1596
100021.4055
100019.5882
100017.7455
100015.9574
100014.2992
100012.7972
100011.4428
100010.2211
100009.1152
100008.1013
100036.1789
100038.4099
100035.0188
100031.9291
100029.0116
100026.1623
100023.4749
100021.0405
100018.8248
100016.7946
100014.9383
100013.2806
100011.7946
100010.4791
100009.295
100008.2428
100021.7176
100022.5522
100022.4715
100021.6458
100020.4993
100019.1942
100017.8341
100016.4659
100015.1128
100013.8026
100012.5264
100011.3183
100010.2062
100009.1823
100008.2543
100007.4045
100017.9041
100017.6084
100017.0417
100016.3441
100015.4826
100014.5512
100013.5881
100012.6243
100011.6714
100010.7381
100009.8404
100008.9594
100008.1356
100007.3786
100006.6957
100006.085
100012.2384
100011.9413
100011.5811
100011.1602
100010.6531
100010.0995
100009.5247
100008.9443
100008.3704
100007.8023
100007.2401
100006.6972
100006.1645
100005.668
100005.2082
100004.8006
100008.5427
100008.1674
100007.876
100007.5464
100007.1793
100006.7911
100006.4082
100006.0418
100005.6886
100005.3505
100005.0316
100004.7284
100004.4395
100004.1573
100003.9052
100003.6889
100006.1523
100005.9168
)
;

boundaryField
{
    inletCH4
    {
        type            zeroGradient;
    }
    wallOutside
    {
        type            zeroGradient;
    }
    wallTube
    {
        type            zeroGradient;
    }
    inletPilot
    {
        type            zeroGradient;
    }
    inletAir
    {
        type            zeroGradient;
    }
    outlet
    {
        type            totalPressure;
        rho             rho;
        psi             none;
        gamma           1;
        p0              nonuniform List<scalar> 0();
        value           nonuniform List<scalar> 0();
    }
    axis
    {
        type            empty;
    }
    frontAndBack_pos
    {
        type            wedge;
    }
    frontAndBack_neg
    {
        type            wedge;
    }
    procBoundary3to1
    {
        type            processor;
        value           nonuniform List<scalar> 
22
(
100002.0944
100002.0588
100001.9585
100001.8059
100001.6111
100001.4087
100001.1782
100000.9718
100000.7946
100000.6997
100000.7262
100000.9487
100001.3529
100001.973
100002.8504
100003.9324
100005.1686
100006.3923
100007.1804
100007.2963
100006.6388
100005.5273
)
;
    }
    procBoundary3to5
    {
        type            processor;
        value           nonuniform List<scalar> 
30
(
100006.1493
100005.9822
100005.9653
100005.9177
100005.814
100005.7536
100005.6421
100005.4793
100005.3153
100005.1591
100005.0071
100004.4445
100005.6589
100005.3612
100005.0672
100004.7786
100004.4834
100004.2074
100003.9611
100003.7484
100003.5667
100003.4071
100003.2651
100003.1421
100003.0338
100003.4941
100002.941
100004.8337
100005.6589
100004.6599
)
;
    }
}
)

// Processor4

12457
(dimensions      [1 -1 -2 0 0 0 0];

internalField   nonuniform List<scalar> 
862
(
100005.6326
100005.6104
100005.6128
100005.6178
100005.6059
100005.4439
100005.3853
100005.3951
100005.3966
100005.3968
100005.1725
100005.1519
100005.1543
100005.1564
100005.1597
100004.9442
100004.8942
100004.9031
100004.9038
100004.9048
100004.6589
100004.6289
100004.6354
100004.6383
100004.6354
100004.4058
100004.361
100004.3648
100004.3701
100004.3661
100004.1038
100004.0867
100004.0904
100004.0906
100004.0882
100003.8549
100003.8132
100003.8203
100003.8218
100003.8186
100003.5567
100003.5393
100003.5427
100003.5441
100003.5403
100003.3054
100003.2687
100003.2741
100003.2774
100003.2712
100003.0047
100002.9911
100002.9934
100002.994
100002.9957
100002.7445
100002.7084
100002.7138
100002.7154
100002.7176
100002.43
100002.4161
100002.4195
100002.4201
100002.4211
100002.1399
100002.1077
100002.1123
100002.1146
100002.1141
100001.8186
100001.8082
100001.8097
100001.8096
100001.81
100001.4985
100001.4695
100001.4732
100001.4763
100001.4737
100001.2125
100001.2002
100001.2023
100001.2033
100001.2019
100000.8598
100000.8323
100000.8367
100000.8385
100000.8381
100000.6939
100000.679
100000.6809
100000.6827
100000.6836
99999.84819
99999.82448
99999.83515
99999.84864
99999.8642
100005.643
100005.3946
100005.1413
100004.9019
100004.6393
100004.3784
100004.1015
100003.8333
100003.5544
100003.2917
100002.9887
100002.7068
100002.4127
100002.1119
100001.8118
100001.4777
100001.2057
100000.8354
100000.682
99999.88613
100005.611
100005.6127
100005.6104
100005.6102
100005.6074
100005.3959
100005.3945
100005.3934
100005.3929
100005.391
100005.1566
100005.1545
100005.1539
100005.1532
100005.152
100004.9039
100004.9032
100004.9025
100004.9022
100004.9013
100004.6363
100004.6363
100004.6356
100004.6355
100004.635
100004.3677
100004.3683
100004.368
100004.3679
100004.3676
100004.0901
100004.0905
100004.0905
100004.0903
100004.0901
100003.8207
100003.8213
100003.8213
100003.8212
100003.8209
100003.5427
100003.5432
100003.5431
100003.5428
100003.5428
100003.2744
100003.2756
100003.2752
100003.2751
100003.2747
100002.9944
100002.9934
100002.9934
100002.9926
100002.9926
100002.7156
100002.7143
100002.7144
100002.7134
100002.7135
100002.4196
100002.4189
100002.4179
100002.4176
100002.417
100002.1135
100002.113
100002.1125
100002.1121
100002.1114
100001.8093
100001.8087
100001.8083
100001.8075
100001.8066
100001.4746
100001.4744
100001.4741
100001.4736
100001.4731
100001.2017
100001.2012
100001.2005
100001.1993
100001.1981
100000.8379
100000.8373
100000.8368
100000.8361
100000.8354
100000.6827
100000.683
100000.6833
100000.6829
100000.6814
99999.92414
99999.95219
99999.98141
100000.0129
100000.0434
100005.6225
100005.6155
100005.6147
100005.609
100005.7336
100005.7303
100005.728
100005.7293
100005.7288
100005.8439
100005.8409
100005.8392
100005.8398
100005.8407
100005.947
100005.9424
100005.9384
100005.9366
100005.9348
100005.9365
100006.0245
100006.0186
100006.014
100006.0101
100006.0081
100006.0054
100006.0716
100006.0645
100006.0583
100006.053
100006.0487
100006.0453
100006.0939
100006.085
100006.0769
100006.0695
100006.0631
100006.0572
100006.0524
100006.0741
100006.0648
100006.0562
100006.0483
100006.0409
100006.0346
100006.0286
100006.0293
100006.0198
100006.0107
100006.0022
100005.9944
100005.9873
100005.9809
100005.9753
100005.9528
100005.9437
100005.9349
100005.9266
100005.9189
100005.9118
100005.9052
100005.8994
100005.8944
100005.8344
100005.8265
100005.819
100005.8122
100005.8054
100005.7996
100005.7942
100005.7896
100005.7856
100005.6967
100005.69
100005.6835
100005.6775
100005.6719
100005.6669
100005.6623
100005.6584
100005.655
100005.6524
100005.606
100005.6032
100005.6005
100005.5973
100005.5938
100005.59
100005.5859
100005.5814
100005.5767
100005.5717
100005.5665
100005.5611
100005.5556
100005.55
100005.544
100005.5381
100005.5324
100005.5269
100005.5215
100005.5163
100005.5115
100005.5071
100005.503
100005.4994
100005.4964
100005.4938
100005.4918
100005.4905
100005.3897
100005.3876
100005.3854
100005.3829
100005.3802
100005.3772
100005.374
100005.3705
100005.3669
100005.3629
100005.3589
100005.3547
100005.3504
100005.346
100005.3416
100005.3376
100005.3333
100005.3293
100005.3254
100005.3217
100005.3184
100005.3154
100005.3127
100005.3105
100005.3088
100005.3076
100005.3069
100005.3067
100005.1511
100005.1495
100005.1479
100005.146
100005.144
100005.1418
100005.1394
100005.1368
100005.1341
100005.1312
100005.1282
100005.1251
100005.122
100005.1188
100005.1157
100005.1125
100005.1094
100005.1065
100005.1037
100005.1013
100005.0991
100005.0972
100005.0958
100005.0947
100005.0941
100005.0939
100005.0942
100005.0949
100004.9006
100004.8995
100004.8983
100004.897
100004.8955
100004.8939
100004.8922
100004.8903
100004.8884
100004.8863
100004.8842
100004.882
100004.8798
100004.8775
100004.8754
100004.8732
100004.8713
100004.8695
100004.8679
100004.8665
100004.8654
100004.8646
100004.8641
100004.8639
100004.8641
100004.8647
100004.8656
100004.867
100004.6344
100004.6337
100004.6329
100004.632
100004.6309
100004.6298
100004.6286
100004.6273
100004.6259
100004.6245
100004.623
100004.6215
100004.6199
100004.6184
100004.617
100004.6156
100004.6145
100004.6131
100004.6122
100004.6114
100004.6108
100004.6106
100004.6106
100004.611
100004.6117
100004.6128
100004.6142
100004.6161
100004.3672
100004.3667
100004.3661
100004.3655
100004.3648
100004.364
100004.3632
100004.3623
100004.3614
100004.3604
100004.3594
100004.3584
100004.3574
100004.3564
100004.3555
100004.3546
100004.3537
100004.3532
100004.3528
100004.3525
100004.3525
100004.3527
100004.3532
100004.3539
100004.3551
100004.3564
100004.3581
100004.3602
100004.0899
100004.0895
100004.0891
100004.0886
100004.088
100004.0874
100004.0868
100004.0861
100004.0853
100004.0846
100004.0838
100004.0829
100004.0821
100004.0813
100004.0805
100004.0798
100004.0792
100004.079
100004.0785
100004.0783
100004.0783
100004.0785
100004.0789
100004.0795
100004.0804
100004.0816
100004.0831
100004.0849
100003.8208
100003.8205
100003.8201
100003.8198
100003.8193
100003.8188
100003.8183
100003.8177
100003.8171
100003.8165
100003.8158
100003.8151
100003.8144
100003.8138
100003.8132
100003.8126
100003.8122
100003.8116
100003.8113
100003.8111
100003.811
100003.8112
100003.8115
100003.812
100003.8128
100003.8138
100003.8151
100003.8165
100003.5424
100003.542
100003.5416
100003.5411
100003.5406
100003.5399
100003.5393
100003.5386
100003.5377
100003.5369
100003.536
100003.5351
100003.5342
100003.5332
100003.5323
100003.5313
100003.5304
100003.5295
100003.5288
100003.5281
100003.5276
100003.5272
100003.5269
100003.5268
100003.5269
100003.5272
100003.5277
100003.5284
100003.2745
100003.274
100003.2735
100003.2729
100003.2723
100003.2716
100003.2708
100003.27
100003.2691
100003.2682
100003.2672
100003.2661
100003.2651
100003.264
100003.2629
100003.2618
100003.2607
100003.2596
100003.2587
100003.2578
100003.2568
100003.256
100003.2553
100003.2547
100003.2543
100003.254
100003.254
100003.2541
100002.9918
100002.9912
100002.9904
100002.9895
100002.9886
100002.9875
100002.9864
100002.9851
100002.9837
100002.9823
100002.9807
100002.9791
100002.9774
100002.9756
100002.9738
100002.9719
100002.9699
100002.9681
100002.9658
100002.9637
100002.9619
100002.9601
100002.9584
100002.9568
100002.9553
100002.9539
100002.9528
100002.9517
100002.7126
100002.7119
100002.7111
100002.7102
100002.7091
100002.708
100002.7067
100002.7054
100002.7039
100002.7023
100002.7007
100002.6989
100002.6971
100002.6952
100002.6933
100002.6913
100002.6892
100002.6871
100002.685
100002.6834
100002.6814
100002.6792
100002.6772
100002.6752
100002.6734
100002.6716
100002.67
100002.6686
100002.416
100002.415
100002.4137
100002.4124
100002.4108
100002.4092
100002.4074
100002.4054
100002.4032
100002.4009
100002.3985
100002.3959
100002.3931
100002.3903
100002.3876
100002.3847
100002.3814
100002.378
100002.375
100002.3709
100002.3668
100002.3637
100002.3604
100002.3573
100002.3542
100002.3512
100002.3484
100002.3457
100002.1107
100002.1098
100002.1088
100002.1076
100002.1063
100002.1049
100002.1034
100002.1017
100002.0999
100002.0979
100002.0959
100002.0937
100002.0914
100002.0891
100002.0869
100002.0845
100002.0818
100002.0792
100002.0763
100002.0741
100002.0727
100002.0702
100002.0674
100002.0648
100002.0622
100002.0598
100002.0574
100002.0552
100001.8055
100001.8041
100001.8026
100001.8008
100001.7988
100001.7967
100001.7943
100001.7918
100001.789
100001.7861
100001.7829
100001.7793
100001.7753
100001.7715
100001.7683
100001.7648
100001.7606
100001.7561
100001.7521
100001.7476
100001.7416
100001.7362
100001.7324
100001.7283
100001.7244
100001.7207
100001.7171
100001.7138
100001.4725
100001.4718
100001.4708
100001.4698
100001.4687
100001.4675
100001.4662
100001.4649
100001.4634
100001.4619
100001.4603
100001.4586
100001.4569
100001.455
100001.4532
100001.4513
100001.4495
100001.4476
100001.4456
100001.4436
100001.4432
100001.4437
100001.4421
100001.4402
100001.4385
100001.4368
100001.4353
100001.4338
100001.1965
100001.1945
100001.1923
100001.1898
100001.1869
100001.1839
100001.1805
100001.177
100001.1732
100001.1691
100001.1649
100001.1604
100001.1555
100001.1504
100001.1459
100001.1417
100001.1368
100001.1315
100001.1264
100001.1213
100001.1141
100001.1057
100001.0987
100001.094
100001.0902
100001.0863
100001.0828
100001.0796
100000.8346
100000.8334
100000.8322
100000.8309
100000.8297
100000.8286
100000.8277
100000.827
100000.8265
100000.8261
100000.8258
100000.8257
100000.8257
100000.8258
100000.8257
100000.8256
100000.8252
100000.8247
100000.8239
100000.8235
100000.8257
100000.8291
100000.8321
100000.8327
100000.8323
100000.8326
100000.8328
100000.8331
100000.6772
100000.6708
100000.6639
100000.657
100000.6499
100000.6427
100000.6353
100000.6276
100000.6193
100000.6102
100000.6006
100000.591
100000.5815
100000.572
100000.5624
100000.5523
100000.5409
100000.529
100000.5177
100000.5073
100000.4964
100000.4855
100000.4754
100000.467
100000.461
100000.4565
100000.453
100000.4501
100000.0676
100000.0781
100000.0806
100000.0813
100000.0823
100000.0841
100000.0866
100000.0896
100000.0933
100000.0976
100000.1026
100000.1083
100000.1148
100000.1224
100000.1311
100000.141
100000.1524
100000.165
100000.1771
100000.1894
100000.2016
100000.2132
100000.2243
100000.2342
100000.2413
100000.2462
100000.2499
100000.2529
)
;

boundaryField
{
    inletCH4
    {
        type            zeroGradient;
    }
    wallOutside
    {
        type            zeroGradient;
    }
    wallTube
    {
        type            zeroGradient;
    }
    inletPilot
    {
        type            zeroGradient;
    }
    inletAir
    {
        type            zeroGradient;
    }
    outlet
    {
        type            totalPressure;
        rho             rho;
        psi             none;
        gamma           1;
        p0              uniform 100000;
        value           uniform 100000;
    }
    axis
    {
        type            empty;
    }
    frontAndBack_pos
    {
        type            wedge;
    }
    frontAndBack_neg
    {
        type            wedge;
    }
    procBoundary4to0
    {
        type            processor;
        value           nonuniform List<scalar> 
27
(
100006.0428
100006.0475
100006.0243
100005.9709
100005.89
100005.7825
100005.6504
100005.4897
100005.3072
100005.0962
100004.8693
100004.6183
100004.3625
100004.087
100003.8184
100003.5293
100003.2544
100002.9509
100002.6674
100002.3432
100002.0532
100001.7107
100001.4323
100001.0766
100000.8333
100000.4476
100000.2551
)
;
    }
    procBoundary4to2
    {
        type            processor;
        value           nonuniform List<scalar> 10(100005.5186 100005.5116 100005.5032 100005.5016 100005.6147 100005.6147 100005.7371 100005.8438 100005.9351 100006.0065);
    }
    procBoundary4to5
    {
        type            processor;
        value           nonuniform List<scalar> 
46
(
100005.8624
100005.8014
100005.8115
100005.8132
100005.8132
100005.8085
100005.8112
100005.8101
100005.8073
100005.8067
100005.8039
100005.6292
100005.7391
100005.8487
100005.8487
100005.9533
100006.0314
100006.0796
100006.0796
100006.1034
100006.0839
100006.0839
100006.0393
100006.0393
100005.9624
100005.8425
100005.8425
100005.8017
100005.7985
100005.795
100005.7911
100005.7868
100005.7821
100005.777
100005.7715
100005.7656
100005.7595
100005.753
100005.7463
100005.7393
100005.7322
100005.7253
100005.718
100005.7108
100005.7036
100005.7036
)
;
    }
}
)

// Processor5

12780
(dimensions      [1 -1 -2 0 0 0 0];

internalField   nonuniform List<scalar> 
862
(
100006.1493
100005.9822
100005.9653
100005.9177
100005.814
100004.514
100004.4262
100004.4536
100004.4607
100004.4613
100003.9148
100003.6588
100003.7126
100003.7155
100003.7423
100003.7708
100003.6942
100003.7292
100003.7455
100003.7668
100004.1936
100003.9824
100004.0311
100004.0496
100004.0464
100004.5718
100004.4994
100004.5278
100004.5276
100004.5353
100005.2134
100004.9671
100005.0201
100005.0309
100005.0285
100005.5224
100005.4382
100005.4664
100005.4701
100005.4639
100005.9778
100005.754
100005.7827
100005.7845
100005.7992
100006.0147
100005.9557
100005.9745
100005.9763
100005.9733
100006.249
100006.041
100006.0612
100006.0682
100006.0696
100006.1122
100006.0592
100006.0713
100006.0693
100006.0632
100006.2491
100006.0582
100006.0589
100006.0647
100006.0541
100006.1107
100006.0536
100006.0651
100006.0618
100006.07
100006.2011
100006.0791
100006.0911
100006.0935
100006.0952
100006.1831
100006.1383
100006.1443
100006.1499
100006.1438
100006.3126
100006.1936
100006.205
100006.211
100006.2028
100006.3134
100006.2723
100006.2775
100006.2843
100006.2779
100006.4166
100006.3088
100006.3162
100006.3225
100006.3184
100006.3494
100006.3177
100006.3231
100006.3259
100006.3254
100006.37
100006.2818
100006.2911
100006.2934
100006.2911
100006.2533
100006.2174
100006.2226
100006.2251
100006.2275
100006.1811
100006.1091
100006.1184
100006.1233
100006.1167
100006.0004
100005.9758
100005.9804
100005.9829
100005.9768
100005.8624
100005.8014
100005.8115
100005.8132
100005.8132
100005.7536
100004.398
100003.7742
100003.7304
100004.1043
100004.5549
100005.0519
100005.4905
100005.7695
100005.971
100006.0374
100006.0677
100006.0694
100006.0504
100006.0908
100006.1577
100006.2375
100006.2809
100006.3239
100006.3149
100006.2958
100006.2112
100006.1357
100005.9919
100005.8085
100005.6421
100005.4793
100005.3153
100005.1591
100005.0071
100004.4185
100004.3569
100004.2908
100004.219
100004.1398
100003.7761
100003.7744
100003.7626
100003.7498
100003.7228
100003.7839
100003.7809
100003.7782
100003.7733
100003.7574
100004.0724
100004.0689
100004.0712
100004.0611
100004.0551
100004.5472
100004.5423
100004.5349
100004.5304
100004.5187
100005.038
100005.0305
100005.0242
100005.0163
100005.0046
100005.4695
100005.466
100005.4567
100005.4491
100005.4384
100005.791
100005.7816
100005.7754
100005.7646
100005.7527
100005.9685
100005.9631
100005.9518
100005.9424
100005.9298
100006.0504
100006.0415
100006.0344
100006.0243
100006.0115
100006.0588
100006.055
100006.0437
100006.0382
100006.0256
100006.0545
100006.05
100006.0436
100006.0368
100006.0278
100006.0628
100006.0554
100006.0528
100006.0451
100006.0392
100006.0907
100006.0876
100006.0845
100006.0781
100006.0744
100006.1444
100006.142
100006.1398
100006.1348
100006.1313
100006.2083
100006.2075
100006.2049
100006.2011
100006.1962
100006.2769
100006.2748
100006.2698
100006.2667
100006.2615
100006.3149
100006.3119
100006.3094
100006.305
100006.3001
100006.3209
100006.3182
100006.3151
100006.3115
100006.3082
100006.2901
100006.2875
100006.2851
100006.2827
100006.2786
100006.2232
100006.2193
100006.2181
100006.2144
100006.212
100006.1181
100006.1169
100006.1156
100006.1121
100006.1104
100005.9781
100005.9779
100005.9748
100005.9741
100005.9706
100005.8112
100005.8101
100005.8073
100005.8067
100005.8039
100004.4445
100004.1214
100003.8387
100003.5874
100003.3682
100003.1885
100003.0462
100003.4941
100003.3406
100003.2123
100003.1046
100003.0188
100002.9531
100002.9134
100005.6589
100005.3612
100005.0672
100004.7786
100004.4834
100004.2074
100003.9611
100003.7484
100003.5667
100003.4071
100003.2651
100003.1421
100003.0338
100002.941
100002.8814
100002.8412
100002.8257
100002.8294
100002.8448
100002.8744
100002.9128
100004.8337
100004.6599
100004.4681
100004.2281
100003.9802
100003.7593
100003.4648
100003.2801
100003.1054
100002.9563
100002.8366
100002.7491
100002.6901
100002.6549
100002.6372
100002.6346
100002.6466
100002.6862
100002.7385
100002.8073
100002.8906
100002.9785
100003.0724
100004.0341
100003.9091
100003.7599
100003.6061
100003.4421
100003.2625
100003.0985
100002.9534
100002.825
100002.7255
100002.6554
100002.6137
100002.5969
100002.6028
100002.6287
100002.6736
100002.7337
100002.8088
100002.9017
100003.0027
100003.1147
100003.2348
100003.3538
100003.6818
100003.617
100003.5318
100003.4259
100003.3152
100003.2033
100003.0912
100002.994
100002.9209
100002.8394
100002.8084
100002.7986
100002.8103
100002.8424
100002.8931
100002.9591
100003.0413
100003.1318
100003.2368
100003.3489
100003.4674
100003.5901
100003.714
100003.7297
100003.6851
100003.6281
100003.5568
100003.486
100003.4202
100003.3492
100003.2867
100003.2381
100003.2091
100003.1963
100003.2027
100003.227
100003.2682
100003.3247
100003.3953
100003.476
100003.5681
100003.6617
100003.7691
100003.8737
100003.985
100004.0931
100004.0337
100004.0041
100003.9651
100003.921
100003.864
100003.8169
100003.7808
100003.7429
100003.7147
100003.6988
100003.6984
100003.7111
100003.737
100003.7751
100003.825
100003.885
100003.9538
100004.0279
100004.1102
100004.1884
100004.2789
100004.3621
100004.45
100004.5027
100004.4781
100004.4494
100004.4177
100004.3844
100004.343
100004.3069
100004.2805
100004.2596
100004.2456
100004.2413
100004.2481
100004.2644
100004.29
100004.3235
100004.3643
100004.4115
100004.4633
100004.518
100004.576
100004.6314
100004.6929
100004.748
100004.9899
100004.9657
100004.9391
100004.914
100004.8847
100004.8516
100004.8219
100004.7969
100004.7746
100004.7573
100004.7446
100004.7382
100004.7391
100004.7465
100004.7596
100004.7778
100004.8002
100004.8266
100004.855
100004.8863
100004.916
100004.9464
100004.9793
100005.4228
100005.4021
100005.3773
100005.3497
100005.32
100005.2888
100005.2565
100005.2247
100005.1946
100005.1697
100005.1478
100005.129
100005.1143
100005.1046
100005.0989
100005.0965
100005.0973
100005.1008
100005.1066
100005.1137
100005.1231
100005.1302
100005.1396
100005.7369
100005.7158
100005.6912
100005.6639
100005.6332
100005.601
100005.5676
100005.5309
100005.4958
100005.4639
100005.4334
100005.4051
100005.3789
100005.3555
100005.3353
100005.3176
100005.3022
100005.2889
100005.2775
100005.2683
100005.2594
100005.2537
100005.2444
100005.9133
100005.893
100005.8686
100005.8414
100005.8111
100005.7785
100005.7434
100005.7107
100005.6787
100005.6426
100005.6079
100005.5742
100005.5417
100005.5106
100005.4817
100005.4551
100005.4299
100005.4069
100005.3859
100005.3665
100005.3496
100005.3325
100005.3204
100005.9967
100005.9776
100005.9554
100005.9305
100005.9032
100005.8733
100005.8418
100005.8089
100005.7742
100005.739
100005.7039
100005.6692
100005.6353
100005.6024
100005.5705
100005.5405
100005.5121
100005.4853
100005.4605
100005.4376
100005.4166
100005.398
100005.3804
100006.0134
100005.9962
100005.9772
100005.9553
100005.9314
100005.9054
100005.8775
100005.8482
100005.8176
100005.7863
100005.7544
100005.7224
100005.6907
100005.6595
100005.6293
100005.6005
100005.5732
100005.5469
100005.5228
100005.5006
100005.4805
100005.4627
100005.4468
100006.017
100006.003
100005.987
100005.9689
100005.9488
100005.9269
100005.9032
100005.8783
100005.852
100005.8251
100005.7974
100005.7696
100005.7418
100005.7146
100005.688
100005.6623
100005.638
100005.6151
100005.5939
100005.5747
100005.5576
100005.5425
100005.5299
100006.03
100006.0187
100006.0057
100005.991
100005.9746
100005.9566
100005.9373
100005.9166
100005.8951
100005.8722
100005.849
100005.8259
100005.8027
100005.7797
100005.7574
100005.7361
100005.716
100005.6973
100005.6798
100005.6642
100005.6505
100005.6389
100005.6292
100006.0664
100006.0575
100006.0468
100006.0348
100006.0213
100006.0066
100005.9906
100005.9736
100005.9557
100005.9375
100005.919
100005.8996
100005.8804
100005.8615
100005.8432
100005.8256
100005.8089
100005.7935
100005.7793
100005.7666
100005.7557
100005.7465
100005.7391
100006.1249
100006.1176
100006.1086
100006.0987
100006.0875
100006.0753
100006.0621
100006.048
100006.0331
100006.0179
100006.001
100005.984
100005.9681
100005.9522
100005.9367
100005.9218
100005.9078
100005.8947
100005.8828
100005.8721
100005.8628
100005.8549
100005.8487
100006.191
100006.1836
100006.1758
100006.1666
100006.1569
100006.146
100006.1344
100006.1221
100006.1091
100006.0955
100006.0822
100006.0691
100006.055
100006.0413
100006.0278
100006.0148
100006.0023
100005.9904
100005.9797
100005.9699
100005.961
100005.9533
100006.256
100006.2491
100006.2415
100006.2331
100006.2238
100006.2139
100006.2033
100006.1922
100006.1804
100006.1681
100006.1558
100006.1433
100006.13
100006.1172
100006.1043
100006.0919
100006.08
100006.0687
100006.0581
100006.0484
100006.0394
100006.0314
100006.2952
100006.2886
100006.2818
100006.274
100006.2655
100006.2563
100006.2467
100006.2364
100006.2257
100006.2145
100006.2029
100006.1904
100006.178
100006.1658
100006.1537
100006.1418
100006.1301
100006.1188
100006.108
100006.0979
100006.0885
100006.0796
100006.3028
100006.2974
100006.2908
100006.2838
100006.276
100006.2675
100006.2583
100006.2483
100006.2379
100006.2272
100006.216
100006.2049
100006.194
100006.1821
100006.1703
100006.1585
100006.1468
100006.1354
100006.1243
100006.1135
100006.1034
100006.275
100006.2697
100006.2641
100006.2576
100006.2507
100006.2429
100006.2346
100006.2257
100006.2162
100006.2063
100006.1959
100006.1853
100006.1737
100006.162
100006.1505
100006.1389
100006.1274
100006.116
100006.1049
100006.0941
100006.0839
100006.2081
100006.2033
100006.1981
100006.1922
100006.1856
100006.1786
100006.1708
100006.1625
100006.1537
100006.1444
100006.1346
100006.1244
100006.1139
100006.1036
100006.0927
100006.0818
100006.071
100006.0602
100006.0496
100006.0393
100006.1064
100006.1023
100006.0976
100006.0923
100006.0865
100006.0801
100006.0732
100006.0657
100006.0578
100006.0494
100006.0406
100006.0314
100006.022
100006.0123
100006.0021
100005.9921
100005.9821
100005.9722
100005.9624
100005.9682
100005.9642
100005.9602
100005.9555
100005.9504
100005.9448
100005.9387
100005.9322
100005.9253
100005.9179
100005.9102
100005.9022
100005.8939
100005.8852
100005.8767
100005.8681
100005.8594
100005.8509
100005.8425
100005.8017
100005.7985
100005.795
100005.7911
100005.7868
100005.7821
100005.777
100005.7715
100005.7656
100005.7595
100005.753
100005.7463
100005.7393
100005.7322
100005.7253
100005.718
100005.7108
100005.7036
)
;

boundaryField
{
    inletCH4
    {
        type            zeroGradient;
    }
    wallOutside
    {
        type            zeroGradient;
    }
    wallTube
    {
        type            zeroGradient;
    }
    inletPilot
    {
        type            zeroGradient;
    }
    inletAir
    {
        type            zeroGradient;
    }
    outlet
    {
        type            totalPressure;
        rho             rho;
        psi             none;
        gamma           1;
        p0              nonuniform List<scalar> 0();
        value           nonuniform List<scalar> 0();
    }
    axis
    {
        type            empty;
    }
    frontAndBack_pos
    {
        type            wedge;
    }
    frontAndBack_neg
    {
        type            wedge;
    }
    procBoundary5to1
    {
        type            processor;
        value           nonuniform List<scalar> 7(100005.5273 100005.0286 100004.5759 100004.1678 100003.8143 100003.5157 100003.2669);
    }
    procBoundary5to2
    {
        type            processor;
        value           nonuniform List<scalar> 
16
(
100002.9449
100002.8974
100002.9674
100003.1693
100003.4732
100003.8334
100004.1992
100004.5302
100004.8043
100005.008
100005.15
100005.2417
100005.303
100005.3667
100005.434
100005.5186
)
;
    }
    procBoundary5to3
    {
        type            processor;
        value           nonuniform List<scalar> 
30
(
100008.8696
100008.5687
100008.5064
100008.3577
100008.1112
100007.9906
100007.6472
100007.2757
100006.9478
100006.6566
100006.4059
100004.8006
100007.876
100007.5464
100007.1793
100006.7911
100006.4082
100006.0418
100005.6886
100005.3505
100005.0316
100004.7284
100004.4395
100004.1573
100003.9052
100003.6889
100003.6889
100006.1523
100005.9168
100005.9168
)
;
    }
    procBoundary5to4
    {
        type            processor;
        value           nonuniform List<scalar> 
46
(
100005.6326
100005.6104
100005.6128
100005.6178
100005.6059
100005.643
100005.611
100005.6127
100005.6104
100005.6102
100005.6074
100005.6225
100005.7336
100005.8439
100005.947
100005.947
100006.0245
100006.0716
100006.0939
100006.0939
100006.0741
100006.0293
100006.0293
100005.9528
100005.9528
100005.8344
100005.6967
100005.606
100005.6032
100005.6005
100005.5973
100005.5938
100005.59
100005.5859
100005.5814
100005.5767
100005.5717
100005.5665
100005.5611
100005.5556
100005.55
100005.544
100005.5381
100005.5324
100005.6967
100005.5269
)
;
    }
}
)